{
  "settings_list": [
    [
      4.294860034733807,
      5.945553118455353,
      4.802304447796083,
      4.8052875191628335,
      5.470112925108847,
      2.40001018375182,
      0.41575923197505377,
      5.411264794751773,
      4.045433403525865,
      4.349091862773178,
      3.244223947913256,
      4.380477707319045,
      3.7288587678848066,
      1.0897119012797853,
      3.2554437763806865
    ],
    [
      4.33139952107467,
      5.843564755188756,
      4.80508822479768,
      4.807091756586068,
      5.487764832755917,
      2.3992097929319622,
      0.37603651465278337,
      5.334275849281178,
      4.049356133366166,
      4.35456275423198,
      3.2407143517791783,
      4.379477125020241,
      3.730797315505128,
      1.0886115954819178,
      3.259150199074765
    ],
    [
      4.35323780411215,
      5.744323157629812,
      4.801842029206216,
      4.798846411774532,
      5.483955256537349,
      2.3990919696166504,
      0.3271526575987753,
      5.246597427092434,
      4.049285010587294,
      4.358429452305115,
      3.238558036927602,
      4.377566166850321,
      3.730296515511776,
      1.0877458060691658,
      3.2611508915865173
    ],
    [
      4.3648509418669645,
      5.645620238661162,
      4.798773068661346,
      4.794329149941349,
      5.461451339562063,
      2.3966725672307043,
      0.27371314159453974,
      5.159365129992405,
      4.050682965590485,
      4.36405375089674,
      3.229396852352821,
      4.377803577349728,
      3.7341612733704066,
      1.0864185977777494,
      3.2606020987556406
    ],
    [
      4.37683106002226,
      5.541152588575233,
      4.796277770819221,
      4.786012225607594,
      5.41827405692614,
      2.398308866896464,
      0.2171347012896731,
      5.066029244278445,
      4.047508734057306,
      4.369483177813971,
      3.214041119872966,
      4.378417956724089,
      3.7441146901685998,
      1.0845264220645223,
      3.259479989796601
    ],
    [
      4.388989736588185,
      5.435026398322159,
      4.79562707630795,
      4.776558350502781,
      5.349734704015885,
      2.3971523518594107,
      0.16850850453122507,
      4.981645125576744,
      4.044095995147714,
      4.377941380498646,
      3.206991300416944,
      4.379391998149114,
      3.7535245733067515,
      1.0783537875380529,
      3.257468787503651
    ],
    [
      4.39544586851087,
      5.332595479813756,
      4.793317483582209,
      4.773459768118433,
      5.275749275007706,
      2.4039897470957174,
      0.1274769920595748,
      4.900808085442921,
      4.0437022652412615,
      4.394027687724279,
      3.1843378231669175,
      4.380770827026232,
      3.7589878530242573,
      1.0745156495450292,
      3.2603431528657962
    ],
    [
      4.402931705231561,
      5.235291166801717,
      4.790889104290016,
      4.769404472422375,
      5.20230374268044,
      2.405621755572895,
      0.10514433018607558,
      4.840488321622692,
      4.041608550218999,
      4.412203987314485,
      3.1470497958616614,
      4.380683647615842,
      3.777694339502502,
      1.062666552530314,
      3.2613075456243816
    ],
    [
      4.411231467658441,
      5.157643651842286,
      4.790521486862055,
      4.76954239765497,
      5.136523417976223,
      2.4109384990155034,
      0.0862167543109031,
      4.805971730408045,
      4.041809813304324,
      4.432521990321344,
      3.0994450381488834,
      4.384961639414079,
      3.806575028885448,
      1.0416632600950901,
      3.261485081752409
    ],
    [
      4.414855527380393,
      5.0798692376842665,
      4.790052437781085,
      4.769792861033559,
      5.071555929377509,
      2.4072698328428186,
      0.07765156108641026,
      4.776270326578602,
      4.040804796511208,
      4.473035040008071,
      3.0205758072211424,
      4.385162759170283,
      3.8496107532248205,
      1.0158656097818741,
      3.2650810318111736
    ],
    [
      4.426321966272397,
      5.016950380700847,
      4.794772807720346,
      4.774803921009169,
      4.997958081537494,
      2.403984541270456,
      0.0706447479889856,
      4.746152032945603,
      4.037728455938107,
      4.541160967137934,
      2.908599353038708,
      4.38625819476173,
      3.9092703530296427,
      0.9724942085167119,
      3.2598089382642454
    ],
    [
      4.43303806110702,
      4.956449849343492,
      4.797907300526164,
      4.775618845461921,
      4.956990145410304,
      2.404929933821102,
      0.06790698112694651,
      4.737279617987083,
      4.040164858320404,
      4.62596068095525,
      2.7647029100141154,
      4.388090234479061,
      3.9966566802709877,
      0.9075552428842216,
      3.2586694875534987
    ],
    [
      4.433884594978821,
      4.917032166559411,
      4.79327544166157,
      4.7766800531300415,
      4.913895647254994,
      2.3977028661807993,
      0.06650063884571962,
      4.731141011816103,
      4.034360280635974,
      4.737516965791911,
      2.608763897249918,
      4.386282796571701,
      4.1041229179337755,
      0.8282391617309384,
      3.2590843005663146
    ],
    [
      4.435718860203206,
      4.879178753506657,
      4.790432685045258,
      4.775631145163915,
      4.874264498843096,
      2.393965130312308,
      0.06556761259316275,
      4.726263484404861,
      4.033906693788699,
      4.845468559277359,
      2.490842508904337,
      4.392337418223467,
      4.218730042107253,
      0.7611042923166407,
      3.2585110730981497
    ],
    [
      4.436888016005819,
      4.854017112984315,
      4.792871158081417,
      4.7741884587419445,
      4.842375062174063,
      2.396966244807789,
      0.06616375712000525,
      4.721700115764653,
      4.037412109417292,
      4.929735313960073,
      2.43980224984848,
      4.390230315507368,
      4.298751141545485,
      0.7338513471794883,
      3.2665691398743935
    ],
    [
      4.442504360266064,
      4.8253021812586185,
      4.790853787944633,
      4.776913964400022,
      4.823004782326788,
      2.395288174349052,
      0.0705153814108251,
      4.721393948738152,
      4.034922239044411,
      4.98164124423571,
      2.427663470576891,
      4.39316497735971,
      4.340742701829708,
      0.7158886993603626,
      3.2614915599236247
    ],
    [
      4.444839445948947,
      4.801648733625058,
      4.792769743054516,
      4.775630396990707,
      4.801343745077578,
      2.395701642053584,
      0.0730230365063349,
      4.723180528533955,
      4.033043207130635,
      5.008820737247236,
      2.4205432348963107,
      4.3926447372087525,
      4.3610871895964864,
      0.7207057984849955,
      3.2650589805038446
    ],
    [
      4.444875680996074,
      4.785097593261907,
      4.795215955694533,
      4.774726729697414,
      4.775339140872675,
      2.392761165711949,
      0.07149691381418614,
      4.720914798652339,
      4.033455175588729,
      5.02110918202792,
      2.4210021381209463,
      4.3940324597158895,
      4.371661125819605,
      0.7206397598761315,
      3.2694000473009948
    ],
    [
      4.448359320729225,
      4.772663241952742,
      4.795607950200747,
      4.773941179458988,
      4.765967562188206,
      2.39749761727509,
      0.07197915844603704,
      4.715240946269156,
      4.030043358806524,
      5.020342790931846,
      2.421543991209177,
      4.39736337551774,
      4.3743353591513205,
      0.7104645337112073,
      3.273986902548238
    ],
    [
      4.450901009811603,
      4.761466530901404,
      4.793928098237028,
      4.773561905286916,
      4.756281197729607,
      2.3954151040475984,
      0.07883018305297378,
      4.720024468462203,
      4.024621819750815,
      5.023943157199292,
      2.4267091811952417,
      4.395175168574069,
      4.380130367462222,
      0.7123484091980125,
      3.270064431497861
    ],
    [
      4.453643086957264,
      4.759614125556093,
      4.797266926113033,
      4.7697705669484876,
      4.745604499389915,
      2.3951418803761007,
      0.07859816145338594,
      4.717428896191712,
      4.024071443159619,
      5.028509547172739,
      2.431929722654374,
      4.397801096873383,
      4.38877473640924,
      0.7151148192874723,
      3.2736127662277945
    ]
  ],
  "cost_vals": [],
  "step_size": 0.1,
  "opt_step_times": [
    0.1612718105316162,
    0.15555405616760254,
    0.23576712608337402,
    0.1514911651611328,
    0.16027593612670898,
    0.15717029571533203,
    0.18914794921875,
    0.18436503410339355,
    0.1547689437866211,
    0.15495014190673828,
    0.15538811683654785,
    0.1566011905670166,
    0.15271592140197754,
    0.15198183059692383,
    0.15108990669250488,
    0.15183806419372559,
    0.15768074989318848,
    0.23486900329589844,
    0.15531516075134277,
    0.15333199501037598
  ],
  "opt_settings": [
    4.453643086957264,
    4.759614125556093,
    4.797266926113033,
    4.7697705669484876,
    4.745604499389915,
    2.3951418803761007,
    0.07859816145338594,
    4.717428896191712,
    4.024071443159619,
    5.028509547172739,
    2.431929722654374,
    4.397801096873383,
    4.38877473640924,
    0.7151148192874723,
    3.2736127662277945
  ],
  "min_cost": null,
  "datetime": "2023-05-30T16-45-24Z",
  "step_only": true,
  "ibm_device": "default.qubit",
  "shots": 10000,
  "prep_node_name": "W_state_2-qubit_ghz_state",
  "num_qubits": 5,
  "error": false,
  "cov_mats": [
    [
      [
        0.98188284,
        0.55644972,
        0.12210860000000003,
        -0.0010885199999999314,
        -0.004850039999999913
      ],
      [
        0.55644972,
        0.99966876,
        0.24092380000000008,
        0.010730840000000004,
        -0.0012473199999999533
      ],
      [
        0.12210860000000003,
        0.24092380000000008,
        0.963519,
        -0.007525799999999922,
        0.002303400000000088
      ],
      [
        -0.0010885199999999314,
        0.010730840000000004,
        -0.007525799999999922,
        0.99998556,
        0.004390119999999987
      ],
      [
        -0.004850039999999913,
        -0.0012473199999999533,
        0.002303400000000088,
        0.004390119999999987,
        0.99999324
      ]
    ],
    [
      [
        0.98842224,
        0.61029376,
        0.18175024000000004,
        0.0013784799999999532,
        0.0031948800000000215
      ],
      [
        0.61029376,
        0.99969024,
        0.25936575999999995,
        -0.0001964800000000329,
        0.001797119999999962
      ],
      [
        0.18175024000000004,
        0.25936575999999995,
        0.97027824,
        -0.019365519999999966,
        0.0019308799999999335
      ],
      [
        0.0013784799999999532,
        -0.0001964800000000329,
        -0.019365519999999966,
        0.99999996,
        0.012597759999999972
      ],
      [
        0.0031948800000000215,
        0.001797119999999962,
        0.0019308799999999335,
        0.012597759999999972,
        0.99987456
      ]
    ],
    [
      [
        0.992604,
        0.6269888,
        0.27511039999999987,
        -0.001460399999999986,
        0.0012992000000000448
      ],
      [
        0.6269888,
        0.99956736,
        0.3333388799999999,
        0.007621119999999947,
        -0.0009337599999999525
      ],
      [
        0.27511039999999987,
        0.3333388799999999,
        0.97231104,
        -0.006431040000000077,
        0.010529920000000014
      ],
      [
        -0.001460399999999986,
        0.007621119999999947,
        -0.006431040000000077,
        0.99992604,
        0.003510080000000041
      ],
      [
        0.0012992000000000448,
        -0.0009337599999999525,
        0.010529920000000014,
        0.003510080000000041,
        0.99983616
      ]
    ],
    [
      [
        0.9953487599999999,
        0.6609414800000001,
        0.36972072,
        -0.00136811999999993,
        -0.009690880000000011
      ],
      [
        0.6609414800000001,
        0.99901404,
        0.4146165599999999,
        -0.00450675999999999,
        -0.0010502399999999972
      ],
      [
        0.36972072,
        0.4146165599999999,
        0.9805118399999999,
        0.0005253599999999908,
        -0.000623359999999967
      ],
      [
        -0.00136811999999993,
        -0.00450675999999999,
        0.0005253599999999908,
        0.99998844,
        0.03099456000000003
      ],
      [
        -0.009690880000000011,
        -0.0010502399999999972,
        -0.000623359999999967,
        0.03099456000000003,
        0.99999744
      ]
    ],
    [
      [
        0.992079,
        0.6419696000000001,
        0.4150832,
        -0.01174980000000003,
        -0.00448059999999994
      ],
      [
        0.6419696000000001,
        0.99995904,
        0.43970368,
        -0.00947552000000002,
        -0.02456544000000001
      ],
      [
        0.4150832,
        0.43970368,
        0.98816256,
        -0.01708384000000004,
        0.0035875199999999925
      ],
      [
        -0.01174980000000003,
        -0.00947552000000002,
        -0.01708384000000004,
        0.99986076,
        0.06446372000000013
      ],
      [
        -0.00448059999999994,
        -0.02456544000000001,
        0.0035875199999999925,
        0.06446372000000013,
        0.99997084
      ]
    ],
    [
      [
        0.9929103599999999,
        0.65100832,
        0.46489588000000004,
        -0.02125280000000001,
        0.0021326399999999223
      ],
      [
        0.65100832,
        0.99990784,
        0.4829225599999999,
        -0.02215360000000002,
        -0.010792320000000032
      ],
      [
        0.46489588000000004,
        0.4829225599999999,
        0.99164604,
        -0.010062399999999971,
        -0.000526880000000015
      ],
      [
        -0.02125280000000001,
        -0.02215360000000002,
        -0.010062399999999971,
        0.999744,
        0.09521279999999999
      ],
      [
        0.0021326399999999223,
        -0.010792320000000032,
        -0.000526880000000015,
        0.09521279999999999,
        0.99999936
      ]
    ],
    [
      [
        0.99743964,
        0.6472072000000001,
        0.5254866000000001,
        0.009516639999999979,
        -0.005614920000000037
      ],
      [
        0.6472072000000001,
        0.999856,
        0.527468,
        0.00806719999999998,
        -0.010101599999999987
      ],
      [
        0.5254866000000001,
        0.527468,
        0.996279,
        0.0025416000000000037,
        -0.0026997999999999814
      ],
      [
        0.009516639999999979,
        0.00806719999999998,
        0.0025416000000000037,
        0.9999686399999999,
        0.10895408000000004
      ],
      [
        -0.005614920000000037,
        -0.010101599999999987,
        -0.0026997999999999814,
        0.10895408000000004,
        0.99993276
      ]
    ],
    [
      [
        0.99672816,
        0.65844024,
        0.5672363200000001,
        0.0077648799999999974,
        0.008702159999999966
      ],
      [
        0.65844024,
        0.99998236,
        0.5784504800000001,
        -0.0075386799999999955,
        0.001251240000000034
      ],
      [
        0.5672363200000001,
        0.5784504800000001,
        0.99873264,
        -0.006080239999999939,
        0.003034319999999963
      ],
      [
        0.0077648799999999974,
        -0.0075386799999999955,
        -0.006080239999999939,
        0.99978684,
        0.15822188
      ],
      [
        0.008702159999999966,
        0.001251240000000034,
        0.003034319999999963,
        0.15822188,
        0.99985116
      ]
    ],
    [
      [
        0.99672816,
        0.66051992,
        0.600344,
        -0.013462720000000006,
        -0.016697439999999994
      ],
      [
        0.66051992,
        0.99999804,
        0.600628,
        -0.03499664,
        -0.011407279999999966
      ],
      [
        0.600344,
        0.600628,
        0.9996,
        -0.012848000000000031,
        -0.014695999999999954
      ],
      [
        -0.013462720000000006,
        -0.03499664,
        -0.012848000000000031,
        0.99999424,
        0.21121248
      ],
      [
        -0.016697439999999994,
        -0.011407279999999966,
        -0.014695999999999954,
        0.21121248,
        0.9999729600000002
      ]
    ],
    [
      [
        0.99878896,
        0.66506264,
        0.6237549600000002,
        -0.0011963199999999886,
        0.004153120000000036
      ],
      [
        0.66506264,
        0.99999676,
        0.6223816400000001,
        0.0033791200000000137,
        -0.0010079200000000289
      ],
      [
        0.6237549600000002,
        0.6223816400000001,
        0.99989596,
        -0.003918319999999999,
        -0.011444880000000024
      ],
      [
        -0.0011963199999999886,
        0.0033791200000000137,
        -0.003918319999999999,
        0.99986544,
        0.34194896
      ],
      [
        0.004153120000000036,
        -0.0010079200000000289,
        -0.011444880000000024,
        0.34194896,
        0.99998064
      ]
    ],
    [
      [
        0.99979264,
        0.6749728,
        0.65357568,
        -0.0003308799999999552,
        0.0029555199999999394
      ],
      [
        0.6749728,
        0.999856,
        0.6440536000000001,
        0.003142400000000008,
        0.0050703999999999845
      ],
      [
        0.65357568,
        0.6440536000000001,
        0.99985116,
        0.00734143999999999,
        0.014068239999999992
      ],
      [
        -0.0003308799999999552,
        0.003142400000000008,
        0.00734143999999999,
        0.99997696,
        0.49714816000000006
      ],
      [
        0.0029555199999999394,
        0.0050703999999999845,
        0.014068239999999992,
        0.49714816000000006,
        0.9998833599999999
      ]
    ],
    [
      [
        0.99929244,
        0.66202976,
        0.64923724,
        0.01085104000000004,
        0.010136159999999988
      ],
      [
        0.66202976,
        0.99995904,
        0.65220896,
        0.010764159999999948,
        0.013184639999999989
      ],
      [
        0.64923724,
        0.65220896,
        0.99999804,
        0.003407840000000014,
        0.0062033599999999555
      ],
      [
        0.01085104000000004,
        0.010764159999999948,
        0.003407840000000014,
        0.99996864,
        0.6947865599999998
      ],
      [
        0.010136159999999988,
        0.013184639999999989,
        0.0062033599999999555,
        0.6947865599999998,
        0.99999424
      ]
    ],
    [
      [
        0.99985116,
        0.65488304,
        0.63490492,
        0.011626839999999944,
        0.016204880000000022
      ],
      [
        0.65488304,
        0.99946176,
        0.63920048,
        0.01574895999999995,
        0.014790720000000005
      ],
      [
        0.63490492,
        0.63920048,
        0.99992604,
        0.015581080000000002,
        0.015796560000000036
      ],
      [
        0.011626839999999944,
        0.01574895999999995,
        0.015581080000000002,
        0.99999516,
        0.86099912
      ],
      [
        0.016204880000000022,
        0.014790720000000005,
        0.015796560000000036,
        0.86099912,
        0.9999998399999999
      ]
    ],
    [
      [
        0.9999996399999999,
        0.6618110399999999,
        0.66621296,
        0.008202639999999985,
        0.005603239999999911
      ],
      [
        0.6618110399999999,
        0.99966144,
        0.66520256,
        0.013519039999999974,
        0.00850064000000005
      ],
      [
        0.66621296,
        0.66520256,
        0.9995334399999999,
        0.020704960000000015,
        0.016883360000000097
      ],
      [
        0.008202639999999985,
        0.013519039999999974,
        0.020704960000000015,
        0.99998064,
        0.9565762399999999
      ],
      [
        0.005603239999999911,
        0.00850064000000005,
        0.016883360000000097,
        0.9565762399999999,
        0.99997084
      ]
    ],
    [
      [
        0.99994224,
        0.66151792,
        0.665362,
        -0.0071140000000000335,
        -0.008289680000000013
      ],
      [
        0.66151792,
        0.99988336,
        0.663746,
        -0.00716199999999995,
        -0.006727440000000049
      ],
      [
        0.665362,
        0.663746,
        0.999975,
        -0.003674999999999963,
        -0.004459000000000014
      ],
      [
        -0.0071140000000000335,
        -0.00716199999999995,
        -0.003674999999999963,
        0.999775,
        0.986223
      ],
      [
        -0.008289680000000013,
        -0.006727440000000049,
        -0.004459000000000014,
        0.986223,
        0.9998607599999999
      ]
    ],
    [
      [
        0.99961584,
        0.66923928,
        0.6627922399999999,
        0.014125440000000069,
        0.012925439999999977
      ],
      [
        0.66923928,
        0.99993276,
        0.66951308,
        0.002652479999999992,
        0.0014524799999999563
      ],
      [
        0.6627922399999999,
        0.66951308,
        0.9998876399999999,
        0.008667839999999998,
        0.00706783999999995
      ],
      [
        0.014125440000000069,
        0.002652479999999992,
        0.008667839999999998,
        0.9999590399999999,
        0.99795904
      ],
      [
        0.012925439999999977,
        0.0014524799999999563,
        0.00706783999999995,
        0.99795904,
        0.9999590399999998
      ]
    ],
    [
      [
        0.999936,
        0.6648415999999999,
        0.6621983999999999,
        -0.004758400000000026,
        -0.004156800000000038
      ],
      [
        0.6648415999999999,
        0.99997296,
        0.66260104,
        0.0051729599999999825,
        0.005371919999999933
      ],
      [
        0.6621983999999999,
        0.66260104,
        0.99999996,
        -0.0025989599999999913,
        -0.0027989199999999695
      ],
      [
        -0.004758400000000026,
        0.0051729599999999825,
        -0.0025989599999999913,
        0.9999729599999999,
        0.99937192
      ],
      [
        -0.004156800000000038,
        0.005371919999999933,
        -0.0027989199999999695,
        0.99937192,
        0.9999708399999999
      ]
    ],
    [
      [
        0.99992256,
        0.6830651200000001,
        0.6705478399999999,
        0.00885520000000005,
        0.00885520000000005
      ],
      [
        0.6830651200000001,
        0.99994524,
        0.6688756800000001,
        -0.003414599999999953,
        -0.003414599999999953
      ],
      [
        0.6705478399999999,
        0.6688756800000001,
        0.99971776,
        0.0037127999999999827,
        0.0037127999999999827
      ],
      [
        0.00885520000000005,
        -0.003414599999999953,
        0.0037127999999999827,
        0.999159,
        0.999159
      ],
      [
        0.00885520000000005,
        -0.003414599999999953,
        0.0037127999999999827,
        0.999159,
        0.999159
      ]
    ],
    [
      [
        0.99996636,
        0.67692344,
        0.66430604,
        -0.01222551999999996,
        -0.012026679999999982
      ],
      [
        0.67692344,
        0.99982576,
        0.6759861599999999,
        -0.023258079999999997,
        -0.023060719999999993
      ],
      [
        0.66430604,
        0.6759861599999999,
        0.99973756,
        -0.01227127999999996,
        -0.012074519999999955
      ],
      [
        -0.01222551999999996,
        -0.023258079999999997,
        -0.01227127999999996,
        0.99998064,
        0.9993797600000001
      ],
      [
        -0.012026679999999982,
        -0.023060719999999993,
        -0.012074519999999955,
        0.9993797600000001,
        0.99997884
      ]
    ],
    [
      [
        0.99999324,
        0.67880884,
        0.6662052,
        -0.01759116000000006,
        -0.01759116000000006
      ],
      [
        0.67880884,
        0.99998844,
        0.6837932,
        -0.010011560000000008,
        -0.010011560000000008
      ],
      [
        0.6662052,
        0.6837932,
        0.999996,
        -0.017806799999999956,
        -0.017806799999999956
      ],
      [
        -0.01759116000000006,
        -0.010011560000000008,
        -0.017806799999999956,
        0.99998844,
        0.99998844
      ],
      [
        -0.01759116000000006,
        -0.010011560000000008,
        -0.017806799999999956,
        0.99998844,
        0.99998844
      ]
    ],
    [
      [
        0.99980956,
        0.6700951199999999,
        0.6772068,
        0.0005874800000000213,
        0.0005874800000000213
      ],
      [
        0.6700951199999999,
        0.99994224,
        0.6730936000000001,
        0.007282960000000016,
        0.007282960000000016
      ],
      [
        0.6772068,
        0.6730936000000001,
        0.999804,
        0.0003844000000000436,
        0.0003844000000000436
      ],
      [
        0.0005874800000000213,
        0.007282960000000016,
        0.0003844000000000436,
        0.99976284,
        0.99976284
      ],
      [
        0.0005874800000000213,
        0.007282960000000016,
        0.0003844000000000436,
        0.99976284,
        0.99976284
      ]
    ]
  ]
}