{
  "settings_list": [
    [
      1.7955498389718973,
      1.2235234735429446,
      5.696105849459024,
      5.075961567250009,
      2.516198003743864,
      5.08471836484329,
      1.9434896997387148,
      3.979398116707528,
      0.48712462379573834,
      2.4001535453319085,
      1.601866065079699,
      0.25766714589501877,
      3.144659432294118,
      3.2986231831336132,
      1.8596001432423324
    ],
    [
      1.7654185691496334,
      1.1193835926807703,
      5.6940577461720405,
      5.002361136735332,
      2.385683352559963,
      5.082035739244881,
      1.8782563185419194,
      4.032818507287411,
      0.48707613462469673,
      2.40096275823975,
      1.5658592531497166,
      0.2593487095138828,
      3.1446167247317103,
      3.3398951213361427,
      1.8595690695370524
    ],
    [
      1.7283092087022427,
      1.0432656450372553,
      5.693943097865895,
      4.935941070029156,
      2.2907409277625947,
      5.081374281870934,
      1.8145963040467334,
      4.070733375403778,
      0.4813673622635882,
      2.4022051139683693,
      1.5025229279415142,
      0.26707466318261364,
      3.146332142125277,
      3.4240648530924873,
      1.859714627735565
    ],
    [
      1.6906409986536723,
      1.0045340327090408,
      5.695115137621835,
      4.893755982590319,
      2.233364112011212,
      5.081229466980936,
      1.7678804268590393,
      4.091718099598425,
      0.48825153611714533,
      2.408299430067374,
      1.41566672296131,
      0.2684762946896818,
      3.1583561463967302,
      3.5475168368099568,
      1.8589731171628943
    ],
    [
      1.6646832728999597,
      0.9889423426602524,
      5.701017116438869,
      4.855529259282778,
      2.199882522418595,
      5.090764071483004,
      1.7320231962383674,
      4.101556120101895,
      0.4916894543158679,
      2.426981185603011,
      1.287173814856135,
      0.266363794535365,
      3.178901268856317,
      3.7123444896957474,
      1.860328570769581
    ],
    [
      1.6485581543250654,
      0.9786450456032354,
      5.69987933650254,
      4.824339819782845,
      2.1848530362034926,
      5.089178636167929,
      1.7028162537528804,
      4.108600620483481,
      0.4953331530247562,
      2.4696448190277827,
      1.1518895394539528,
      0.2681287982541205,
      3.221342446232759,
      3.911279183108355,
      1.8642027367749232
    ],
    [
      1.6275088609505994,
      0.9836493805728265,
      5.7015348883393475,
      4.801499550717145,
      2.175931114717917,
      5.085055526429738,
      1.6785739754640785,
      4.108291442041925,
      0.49206071345405084,
      2.532429019424389,
      1.064822543737147,
      0.2705921493771829,
      3.273386003522609,
      4.048468996886626,
      1.861729199385178
    ],
    [
      1.6128580673543422,
      0.9822067025045945,
      5.7058889359310445,
      4.788530768767815,
      2.1667486058042833,
      5.083195250845179,
      1.6642894133938357,
      4.107719979110885,
      0.4927839752830303,
      2.5845967861332158,
      1.029382270470553,
      0.27208082773572495,
      3.327647556378227,
      4.122928239499478,
      1.8635071897181683
    ],
    [
      1.5964704498484696,
      0.9806276561713139,
      5.707873683486165,
      4.774503903921588,
      2.169596301587438,
      5.082536375115577,
      1.6516930839290467,
      4.113056150089012,
      0.4926777939333209,
      2.6224904610330877,
      1.023187730695371,
      0.2714198602417966,
      3.3696461912406868,
      4.149895907551968,
      1.863184046078441
    ],
    [
      1.5913405268330534,
      0.9755592253861388,
      5.711157193739889,
      4.756171106088759,
      2.1699796774147275,
      5.079387670766713,
      1.6348733268144253,
      4.115901414733932,
      0.49390032165484404,
      2.65341006043821,
      1.0262184678269883,
      0.2697870992106132,
      3.3994805436160775,
      4.171611916446639,
      1.8652272327369805
    ],
    [
      1.584137377747431,
      0.9695029960108684,
      5.713750896138401,
      4.745037766269172,
      2.1695693965454796,
      5.076009677575366,
      1.6165535996429372,
      4.1192583591303,
      0.4917587407260408,
      2.6765074566073332,
      1.0246158611105276,
      0.2740030654508436,
      3.424718957869658,
      4.174191950412226,
      1.8763850056177869
    ],
    [
      1.58049693726797,
      0.9699393322486342,
      5.713182581449645,
      4.735973515394936,
      2.1649742611082696,
      5.069314396767394,
      1.6049687601372329,
      4.121904900352351,
      0.48925098678362194,
      2.693922319642382,
      1.0384251232364428,
      0.27410046628457635,
      3.443320995382255,
      4.172894973225383,
      1.8769281014754953
    ],
    [
      1.5744664449105055,
      0.9729704227499494,
      5.715105782665419,
      4.7338730077869995,
      2.16147316407194,
      5.067853628566869,
      1.5999005997435696,
      4.121740217203573,
      0.48641996830935413,
      2.7072081977976263,
      1.0405046097466433,
      0.2768131113681399,
      3.4596143821919814,
      4.182991736119529,
      1.8739758261985369
    ],
    [
      1.5709982758737195,
      0.9720329886683277,
      5.718276094463523,
      4.7247531892939145,
      2.1630530312141527,
      5.069121483563599,
      1.6020745811529251,
      4.124915197526952,
      0.49476843640132595,
      2.715680823956059,
      1.0360541617150434,
      0.2790918306610845,
      3.4775516550210073,
      4.189999022285799,
      1.8715616798488126
    ],
    [
      1.5677011041951407,
      0.9809872810273151,
      5.714358339939025,
      4.719284547637373,
      2.165363047113307,
      5.072313148236111,
      1.5952637969766317,
      4.122481453874249,
      0.49689483556276687,
      2.729774538282415,
      1.0427627710440517,
      0.2804875256509402,
      3.486487322933758,
      4.188551615717478,
      1.8742747344826187
    ],
    [
      1.5681695222097656,
      0.9802295720179379,
      5.716057940365248,
      4.7201261265423415,
      2.1682421278470825,
      5.073628543221716,
      1.5907588634584902,
      4.112948170431568,
      0.49471546660329424,
      2.7417878510965124,
      1.0459981911868657,
      0.2809839266385831,
      3.495204697557554,
      4.185319855839798,
      1.8727358251248536
    ],
    [
      1.5676506919208744,
      0.9739058436410276,
      5.718514638821939,
      4.715251661722812,
      2.162258785877943,
      5.069411749577361,
      1.581982582228951,
      4.111961611005422,
      0.502655864477715,
      2.7503671975635076,
      1.045103293637408,
      0.2752420924274455,
      3.5018043539129797,
      4.182594579087057,
      1.871581759658372
    ],
    [
      1.5666357997767688,
      0.981575471190138,
      5.713259123013939,
      4.714532482050115,
      2.1627882724574183,
      5.071048567524756,
      1.5794402892862887,
      4.11798598584476,
      0.5067348794943934,
      2.7530378985605797,
      1.0474539822248672,
      0.2737499999813751,
      3.5018398688379557,
      4.187108800890609,
      1.8737718340184295
    ],
    [
      1.565918593544121,
      0.976027694604396,
      5.712036427015416,
      4.710852075278253,
      2.168071650348951,
      5.0767742134278855,
      1.5848436419895078,
      4.120019181112894,
      0.5063062427511205,
      2.757425556556523,
      1.047041749614242,
      0.2744681148140228,
      3.500240676557472,
      4.190931822126056,
      1.8715747801591847
    ],
    [
      1.5628498265199016,
      0.9800308092808319,
      5.709501107625467,
      4.7094630558365616,
      2.163526945132006,
      5.067542582276634,
      1.58080397365569,
      4.114967221217379,
      0.49917294672898793,
      2.7613588244824814,
      1.0431989560845045,
      0.273980973518632,
      3.5109623558619343,
      4.181964957645719,
      1.8702511020853603
    ],
    [
      1.5686518437321684,
      0.9782873056209589,
      5.707044931406569,
      4.71033517657995,
      2.16489201581739,
      5.064095988130574,
      1.5845486710283796,
      4.121971350381772,
      0.49736025431786796,
      2.766170788356681,
      1.0412900529901847,
      0.27192156687638813,
      3.5194227661003987,
      4.1847278732946815,
      1.8718058679603267
    ]
  ],
  "cost_vals": [],
  "step_size": 0.1,
  "opt_step_times": [
    0.20776700973510742,
    0.22270679473876953,
    0.25173211097717285,
    0.18490314483642578,
    0.18307805061340332,
    0.2028212547302246,
    0.1839299201965332,
    0.17559099197387695,
    0.18003082275390625,
    0.1873478889465332,
    0.1845250129699707,
    0.185621976852417,
    0.18565917015075684,
    0.22243404388427734,
    0.20554804801940918,
    0.18882513046264648,
    0.18623805046081543,
    0.2588777542114258,
    0.1892259120941162,
    0.1902921199798584
  ],
  "opt_settings": [
    1.5686518437321684,
    0.9782873056209589,
    5.707044931406569,
    4.71033517657995,
    2.16489201581739,
    5.064095988130574,
    1.5845486710283796,
    4.121971350381772,
    0.49736025431786796,
    2.766170788356681,
    1.0412900529901847,
    0.27192156687638813,
    3.5194227661003987,
    4.1847278732946815,
    1.8718058679603267
  ],
  "min_cost": null,
  "datetime": "2023-05-30T16-43-20Z",
  "step_only": true,
  "ibm_device": "default.qubit",
  "shots": 10000,
  "prep_node_name": "W_state_2-qubit_ghz_state",
  "num_qubits": 5,
  "error": false,
  "cov_mats": [
    [
      [
        0.99978684,
        0.5213137200000001,
        -0.59122324,
        0.0019576799999999955,
        -0.008824799999999952
      ],
      [
        0.5213137200000001,
        0.98963676,
        -0.5673949200000001,
        -0.0023005600000000175,
        -0.004178399999999988
      ],
      [
        -0.59122324,
        -0.5673949200000001,
        0.99350364,
        -0.016670479999999925,
        0.020032800000000017
      ],
      [
        0.0019576799999999955,
        -0.0023005600000000175,
        -0.016670479999999925,
        0.99988336,
        -0.14772959999999996
      ],
      [
        -0.008824799999999952,
        -0.004178399999999988,
        0.020032800000000017,
        -0.14772959999999996,
        0.999856
      ]
    ],
    [
      [
        0.99969724,
        0.60825856,
        -0.6436116799999999,
        0.005547800000000022,
        0.007113000000000097
      ],
      [
        0.60825856,
        0.99569664,
        -0.61187392,
        -0.0035967999999999586,
        0.01147200000000012
      ],
      [
        -0.6436116799999999,
        -0.61187392,
        0.99677376,
        -0.013629599999999952,
        0.00048399999999991966
      ],
      [
        0.005547800000000022,
        -0.0035967999999999586,
        -0.013629599999999952,
        0.9999909999999999,
        -0.21841500000000003
      ],
      [
        0.007113000000000097,
        0.01147200000000012,
        0.00048399999999991966,
        -0.21841500000000003,
        0.999975
      ]
    ],
    [
      [
        0.9984476399999999,
        0.6378202399999999,
        -0.65115908,
        -0.01608068000000006,
        -0.00992908000000001
      ],
      [
        0.6378202399999999,
        0.99635184,
        -0.64987128,
        -0.005736880000000063,
        -0.015291280000000082
      ],
      [
        -0.65115908,
        -0.64987128,
        0.99731676,
        0.013431960000000007,
        -0.0032932400000000067
      ],
      [
        -0.01608068000000006,
        -0.005736880000000063,
        0.013431960000000007,
        0.99985116,
        -0.31877804
      ],
      [
        -0.00992908000000001,
        -0.015291280000000082,
        -0.0032932400000000067,
        -0.31877804,
        0.9999967599999998
      ]
    ],
    [
      [
        0.999711,
        0.6580900000000001,
        -0.6593239999999999,
        0.0036577999999999923,
        -0.005352999999999953
      ],
      [
        0.6580900000000001,
        0.9991,
        -0.6531600000000002,
        -0.007698000000000001,
        0.00033000000000001886
      ],
      [
        -0.6593239999999999,
        -0.6531600000000002,
        0.999216,
        0.002104799999999979,
        -0.002348000000000048
      ],
      [
        0.0036577999999999923,
        -0.007698000000000001,
        0.002104799999999979,
        0.99998844,
        -0.48116939999999997
      ],
      [
        -0.005352999999999953,
        0.00033000000000001886,
        -0.002348000000000048,
        -0.48116939999999997,
        0.999919
      ]
    ],
    [
      [
        0.99991164,
        0.6517010799999999,
        -0.65230672,
        -0.010603759999999999,
        -0.0025323199999999634
      ],
      [
        0.6517010799999999,
        0.99898876,
        -0.64600784,
        -0.021812719999999983,
        0.0068289600000000505
      ],
      [
        -0.65230672,
        -0.64600784,
        0.99902656,
        0.009612479999999996,
        0.0017753599999999195
      ],
      [
        -0.010603759999999999,
        -0.021812719999999983,
        0.009612479999999996,
        0.99999984,
        -0.7083971199999999
      ],
      [
        -0.0025323199999999634,
        0.0068289600000000505,
        0.0017753599999999195,
        -0.7083971199999999,
        0.99994816
      ]
    ],
    [
      [
        0.9999537599999999,
        0.6694884799999999,
        -0.66594016,
        0.008389119999999991,
        -0.003395920000000014
      ],
      [
        0.6694884799999999,
        0.99973104,
        -0.6646556800000001,
        0.013973759999999986,
        -0.004190159999999954
      ],
      [
        -0.66594016,
        -0.6646556800000001,
        0.99992256,
        -0.024785920000000017,
        0.02099472000000002
      ],
      [
        0.008389119999999991,
        0.013973759999999986,
        -0.024785920000000017,
        0.9999974399999999,
        -0.87459904
      ],
      [
        -0.003395920000000014,
        -0.004190159999999954,
        0.02099472000000002,
        -0.87459904,
        0.9999996400000002
      ]
    ],
    [
      [
        0.99940464,
        0.6602827200000001,
        -0.66006816,
        -0.006780640000000045,
        0.007726959999999988
      ],
      [
        0.6602827200000001,
        0.99955056,
        -0.6577116799999999,
        -0.009530720000000041,
        0.010484080000000012
      ],
      [
        -0.66006816,
        -0.6577116799999999,
        0.9998150399999999,
        0.013412160000000072,
        -0.012382239999999987
      ],
      [
        -0.006780640000000045,
        -0.009530720000000041,
        0.013412160000000072,
        0.99975664,
        -0.9587909600000001
      ],
      [
        0.007726959999999988,
        0.010484080000000012,
        -0.012382239999999987,
        -0.9587909600000001,
        0.99982044
      ]
    ],
    [
      [
        0.99997296,
        0.6544894400000001,
        -0.66260936,
        0.004783359999999999,
        -0.006762559999999973
      ],
      [
        0.6544894400000001,
        0.99970416,
        -0.6705690400000001,
        0.007655039999999995,
        -0.008923839999999973
      ],
      [
        -0.66260936,
        -0.6705690400000001,
        0.99999676,
        -0.005005760000000004,
        0.005412960000000015
      ],
      [
        0.004783359999999999,
        0.007655039999999995,
        -0.005005760000000004,
        0.9999897599999998,
        -0.9811769600000001
      ],
      [
        -0.006762559999999973,
        -0.008923839999999973,
        0.005412960000000015,
        -0.9811769600000001,
        0.9999481599999999
      ]
    ],
    [
      [
        0.99988764,
        0.66933924,
        -0.6702184000000001,
        -0.005424039999999939,
        0.004417679999999938
      ],
      [
        0.66933924,
        0.99939484,
        -0.6593144000000001,
        0.007608360000000011,
        -0.006223120000000029
      ],
      [
        -0.6702184000000001,
        -0.6593144000000001,
        0.998704,
        0.005202399999999916,
        -0.0061808000000000245
      ],
      [
        -0.005424039999999939,
        0.007608360000000011,
        0.005202399999999916,
        0.99972444,
        -0.98751448
      ],
      [
        0.004417679999999938,
        -0.006223120000000029,
        -0.0061808000000000245,
        -0.98751448,
        0.99970416
      ]
    ],
    [
      [
        0.99987004,
        0.66438404,
        -0.6602501599999999,
        0.00623648000000004,
        -0.005809120000000028
      ],
      [
        0.66438404,
        0.99999804,
        -0.6558061599999999,
        -0.004195519999999981,
        0.004598879999999937
      ],
      [
        -0.6602501599999999,
        -0.6558061599999999,
        0.99998064,
        0.0008140799999999677,
        -0.0008035200000000229
      ],
      [
        0.00623648000000004,
        -0.004195519999999981,
        0.0008140799999999677,
        0.99998976,
        -0.9927974399999999
      ],
      [
        -0.005809120000000028,
        0.004598879999999937,
        -0.0008035200000000229,
        -0.9927974399999999,
        0.9999993599999999
      ]
    ],
    [
      [
        0.9999153599999999,
        0.6607153600000001,
        -0.6698859199999999,
        0.00732455999999999,
        -0.008539279999999996
      ],
      [
        0.6607153600000001,
        0.99991536,
        -0.6642859199999999,
        0.006924560000000006,
        -0.007339280000000044
      ],
      [
        -0.6698859199999999,
        -0.6642859199999999,
        0.9998462399999999,
        -0.005698319999999971,
        0.00611816000000001
      ],
      [
        0.00732455999999999,
        0.006924560000000006,
        -0.005698319999999971,
        0.99993276,
        -0.9959458800000001
      ],
      [
        -0.008539279999999996,
        -0.007339280000000044,
        0.00611816000000001,
        -0.9959458800000001,
        0.99995644
      ]
    ],
    [
      [
        0.99998064,
        0.6662396,
        -0.66540968,
        -0.011113759999999988,
        0.011915520000000011
      ],
      [
        0.6662396,
        0.999919,
        -0.6771802,
        -0.01317639999999993,
        0.013972799999999896
      ],
      [
        -0.66540968,
        -0.6771802,
        0.99999516,
        0.008643119999999971,
        -0.009442240000000022
      ],
      [
        -0.011113759999999988,
        -0.01317639999999993,
        0.008643119999999971,
        0.99961584,
        -0.9976236799999999
      ],
      [
        0.011915520000000011,
        0.013972799999999896,
        -0.009442240000000022,
        -0.9976236799999999,
        0.99963136
      ]
    ],
    [
      [
        0.99999324,
        0.66917244,
        -0.66857608,
        0.00020936000000000576,
        -7.800000000055614e-06
      ],
      [
        0.66917244,
        0.99988764,
        -0.6709024800000001,
        -0.015361839999999913,
        0.015968199999999957
      ],
      [
        -0.66857608,
        -0.6709024800000001,
        0.99991536,
        0.021966879999999935,
        -0.022172399999999995
      ],
      [
        0.00020936000000000576,
        -0.015361839999999913,
        0.021966879999999935,
        0.99998704,
        -0.9993892000000001
      ],
      [
        -7.800000000055614e-06,
        0.015968199999999957,
        -0.022172399999999995,
        -0.9993892000000001,
        0.999991
      ]
    ],
    [
      [
        0.99998704,
        0.6635784,
        -0.6659812799999999,
        -0.0010223200000000568,
        0.0006194400000000449
      ],
      [
        0.6635784,
        0.999964,
        -0.6583687999999999,
        0.0009628000000000284,
        -0.001367599999999985
      ],
      [
        -0.6659812799999999,
        -0.6583687999999999,
        0.9999729599999999,
        0.009432239999999963,
        -0.00902807999999998
      ],
      [
        -0.0010223200000000568,
        0.0009628000000000284,
        0.009432239999999963,
        0.99996156,
        -0.9991665199999998
      ],
      [
        0.0006194400000000449,
        -0.001367599999999985,
        -0.00902807999999998,
        -0.9991665199999998,
        0.99997084
      ]
    ],
    [
      [
        0.99978684,
        0.67716788,
        -0.67309344,
        0.0062335599999999896,
        -0.006036480000000011
      ],
      [
        0.67716788,
        0.99999516,
        -0.67181408,
        0.010374919999999965,
        -0.010175359999999986
      ],
      [
        -0.67309344,
        -0.67181408,
        0.99995904,
        -0.0014729599999999843,
        0.0016716799999999623
      ],
      [
        0.0062335599999999896,
        0.010374919999999965,
        -0.0014729599999999843,
        0.99987004,
        -0.9996723200000001
      ],
      [
        -0.006036480000000011,
        -0.010175359999999986,
        0.0016716799999999623,
        -0.9996723200000001,
        0.99987456
      ]
    ],
    [
      [
        0.999991,
        0.6526036000000001,
        -0.667728,
        -0.011218599999999988,
        0.011419199999999966
      ],
      [
        0.6526036000000001,
        0.99999856,
        -0.6656288,
        -0.020592560000000006,
        0.020792319999999986
      ],
      [
        -0.667728,
        -0.6656288,
        0.999424,
        0.006348799999999984,
        -0.0065535999999999615
      ],
      [
        -0.011218599999999988,
        -0.020592560000000006,
        0.006348799999999984,
        0.99996156,
        -0.99976032
      ],
      [
        0.011419199999999966,
        0.020792319999999986,
        -0.0065535999999999615,
        -0.99976032,
        0.99995904
      ]
    ],
    [
      [
        0.999936,
        0.6581983999999999,
        -0.6555008,
        0.002387199999999985,
        -0.002185600000000007
      ],
      [
        0.6581983999999999,
        0.9993649599999999,
        -0.65568752,
        0.004759679999999887,
        -0.004554639999999909
      ],
      [
        -0.6555008,
        -0.65568752,
        0.99984624,
        0.004419840000000099,
        -0.004622320000000076
      ],
      [
        0.002387199999999985,
        0.004759679999999887,
        0.004419840000000099,
        0.99999744,
        -0.99979712
      ],
      [
        -0.002185600000000007,
        -0.004554639999999909,
        -0.004622320000000076,
        -0.99979712,
        0.99999676
      ]
    ],
    [
      [
        0.99998556,
        0.6743505999999999,
        -0.6683779599999999,
        0.00595819999999995,
        -0.005757439999999972
      ],
      [
        0.6743505999999999,
        0.999831,
        -0.6563246,
        0.00265699999999997,
        -0.0024543999999999924
      ],
      [
        -0.6683779599999999,
        -0.6563246,
        0.99996636,
        -0.0023361999999999576,
        0.00213503999999998
      ],
      [
        0.00595819999999995,
        0.00265699999999997,
        -0.0023361999999999576,
        0.999879,
        -0.9992768000000001
      ],
      [
        -0.005757439999999972,
        -0.0024543999999999924,
        0.00213503999999998,
        -0.9992768000000001,
        0.99987456
      ]
    ],
    [
      [
        0.99994816,
        0.6751942400000001,
        -0.6599856000000001,
        -0.013600000000000027,
        0.013600000000000027
      ],
      [
        0.6751942400000001,
        0.99999936,
        -0.6739984,
        -0.01240000000000005,
        0.01240000000000005
      ],
      [
        -0.6599856000000001,
        -0.6739984,
        0.999996,
        0.009200000000000041,
        -0.009200000000000041
      ],
      [
        -0.013600000000000027,
        -0.01240000000000005,
        0.009200000000000041,
        1.0,
        -1.0
      ],
      [
        0.013600000000000027,
        0.01240000000000005,
        -0.009200000000000041,
        -1.0,
        1.0
      ]
    ],
    [
      [
        0.99968316,
        0.6573003199999999,
        -0.6568576,
        0.014893200000000013,
        -0.014893200000000013
      ],
      [
        0.6573003199999999,
        0.99996864,
        -0.6751552000000001,
        -0.0024336000000000136,
        0.0024336000000000136
      ],
      [
        -0.6568576,
        -0.6751552000000001,
        0.9999359999999999,
        -0.008751999999999975,
        0.008751999999999975
      ],
      [
        0.014893200000000013,
        -0.0024336000000000136,
        -0.008751999999999975,
        0.999964,
        -0.999964
      ],
      [
        -0.014893200000000013,
        0.0024336000000000136,
        0.008751999999999975,
        -0.999964,
        0.999964
      ]
    ],
    [
      [
        0.99999936,
        0.6690008000000001,
        -0.66500304,
        -0.012796480000000034,
        0.012796480000000034
      ],
      [
        0.6690008000000001,
        0.999999,
        -0.6651962,
        -0.00140440000000004,
        0.00140440000000004
      ],
      [
        -0.66500304,
        -0.6651962,
        0.99998556,
        0.005816719999999972,
        -0.005816719999999972
      ],
      [
        -0.012796480000000034,
        -0.00140440000000004,
        0.005816719999999972,
        0.99998064,
        -0.99998064
      ],
      [
        0.012796480000000034,
        0.00140440000000004,
        -0.005816719999999972,
        -0.99998064,
        0.99998064
      ]
    ]
  ]
}