{
  "settings_list": [
    [
      6.279867078858583,
      0.7137884138064459,
      0.8807949689848978,
      4.103398926190509,
      2.8343554787864695,
      3.364330486654026,
      5.422907143599357,
      4.065286585203525,
      2.2508342599617124,
      3.152668797627754,
      3.1533112518419926,
      5.647335997852505,
      3.8076524651052353,
      2.2101577269024824,
      1.0251197741095173
    ],
    [
      6.255082798897441,
      0.7748745241454449,
      0.8798966758793193,
      4.1178386520751635,
      2.8811639670547606,
      3.3633651691131763,
      5.39615183735756,
      4.074239251691783,
      2.248242982263172,
      3.08419100474683,
      3.00653477418854,
      5.647304129766826,
      3.7410561046504642,
      2.3226699971054043,
      1.0260934977302258
    ],
    [
      6.223591054473033,
      0.8421603883136506,
      0.8798947463908745,
      4.134007502184137,
      2.942316224943472,
      3.3609429800761186,
      5.365141611565013,
      4.082769812576985,
      2.2495405206936243,
      2.9887994789373624,
      2.8302447373824795,
      5.6477460505485135,
      3.6446003893784833,
      2.465121397959255,
      1.0283373793001356
    ],
    [
      6.186691672983074,
      0.9069964828269281,
      0.8804007461009647,
      4.154287593830049,
      3.0080217741190616,
      3.359533009718383,
      5.331656200123737,
      4.093509904071138,
      2.2464841923344947,
      2.899764908292161,
      2.6978403677984995,
      5.647793542819236,
      3.55466473078697,
      2.5803629969605213,
      1.0280070799874108
    ],
    [
      6.144135506918638,
      0.9751737832388008,
      0.8808698048027622,
      4.172541209176534,
      3.090205721736801,
      3.357053712576797,
      5.290673293955449,
      4.104100336382716,
      2.2463117509053534,
      2.845244142456364,
      2.6501442100645716,
      5.646414556232403,
      3.5063020086677144,
      2.6203315593838976,
      1.0256843444482133
    ],
    [
      6.09187577365724,
      1.0394517474490839,
      0.8806785007398531,
      4.185657740908082,
      3.1966971057677314,
      3.3568861223396023,
      5.255509804764057,
      4.107121936434057,
      2.2487822085420617,
      2.8292150251108996,
      2.645389456855815,
      5.648832745651421,
      3.483505741263307,
      2.628415594687264,
      1.0255869250499179
    ],
    [
      6.039269074677524,
      1.0948682378319932,
      0.8807382308693122,
      4.200473197862747,
      3.322445297096448,
      3.3575320845276546,
      5.212178245358192,
      4.103620925738325,
      2.2523699963112827,
      2.817563716445873,
      2.6383378936671713,
      5.649505466229858,
      3.474608484626819,
      2.6406531890784573,
      1.02539166444542
    ],
    [
      5.982560796289707,
      1.1397597639415789,
      0.880900564215614,
      4.211323628327973,
      3.4654313888367483,
      3.3588597787319747,
      5.169385547969805,
      4.102921935994918,
      2.252176994703706,
      2.819817634625501,
      2.6457417608284493,
      5.648922707928188,
      3.4728893477278335,
      2.6446588487834184,
      1.023710952342253
    ],
    [
      5.91874102827159,
      1.1742365401395705,
      0.8820474316570844,
      4.223630478338774,
      3.623342708051772,
      3.3569602127472615,
      5.131528619391977,
      4.1050514811043675,
      2.2532180387024754,
      2.8190115248444196,
      2.646487587020567,
      5.65010918288327,
      3.4667800740384433,
      2.650203010130941,
      1.0202188228949634
    ],
    [
      5.8585699557038335,
      1.1891431895981304,
      0.8827843737388303,
      4.239252377853211,
      3.7824719057999627,
      3.361815092080689,
      5.100619259694321,
      4.12286591106756,
      2.253681886220376,
      2.8242939058668632,
      2.6472020108994507,
      5.645959163600664,
      3.4688045040452247,
      2.6409791741949715,
      1.0222163118253236
    ],
    [
      5.804892406497122,
      1.1981494505254249,
      0.8759114489026719,
      4.253440083097352,
      3.927817040423067,
      3.365574727858767,
      5.075335769879051,
      4.142864629899749,
      2.2537784093510034,
      2.818928762778956,
      2.6352017446441356,
      5.64414050672673,
      3.455353144577378,
      2.643514015628765,
      1.021713972925218
    ],
    [
      5.746945307794997,
      1.2119550753386508,
      0.8777031311815554,
      4.2619144394264135,
      4.040963681238567,
      3.370650501816804,
      5.047291263334285,
      4.176537043086549,
      2.2563456441383436,
      2.820360536818883,
      2.637318892016913,
      5.63758934636399,
      3.455848374233013,
      2.639779018577136,
      1.0213916337511293
    ],
    [
      5.697105284608339,
      1.2249519539633829,
      0.8802007253625422,
      4.272537029112158,
      4.136163365043633,
      3.3653313434715675,
      5.023069541141086,
      4.219250470216523,
      2.2614173609021044,
      2.815370464328008,
      2.637851304823154,
      5.645209190659266,
      3.4596365676312084,
      2.6410849798622356,
      1.0254387602132706
    ],
    [
      5.655622212474856,
      1.242599615096312,
      0.8798263792282262,
      4.281460056125776,
      4.2070462069252885,
      3.3654602146716637,
      5.005626632953964,
      4.269062050064451,
      2.2605272426574508,
      2.8175006086574212,
      2.635817498799006,
      5.649874403348809,
      3.458315898687193,
      2.6497849056264586,
      1.0307183828443405
    ],
    [
      5.622194892346805,
      1.2589490905655503,
      0.8757225126332725,
      4.288811825256704,
      4.26856304155646,
      3.366531444405939,
      4.992148621355823,
      4.3059885301843135,
      2.2639527470692107,
      2.817063205987162,
      2.639014664737947,
      5.648283119565395,
      3.4652514614283096,
      2.6390219598296683,
      1.0290916465386637
    ],
    [
      5.596199118519635,
      1.2779833144906847,
      0.8773565873460869,
      4.292584673954872,
      4.31383992095419,
      3.367156600183835,
      4.980637242966284,
      4.349387530908178,
      2.262819351240428,
      2.817181889103005,
      2.642492009611665,
      5.647894489051441,
      3.471351772737124,
      2.6353978981816892,
      1.029338865857846
    ],
    [
      5.573395921085818,
      1.296380837914083,
      0.8746733644700388,
      4.294040512318129,
      4.35019435812238,
      3.363424843485201,
      4.961571605715097,
      4.387194456817074,
      2.2608207885314004,
      2.811268694990897,
      2.644357240526,
      5.651134060950522,
      3.4698719442125,
      2.632945809954654,
      1.0252228292496022
    ],
    [
      5.551519551841631,
      1.3102159645961566,
      0.8681564373167918,
      4.301398779564916,
      4.3886831030617905,
      3.368006405398546,
      4.9508088165327875,
      4.41091732444077,
      2.264114442033633,
      2.812215547186721,
      2.642686777227086,
      5.647559816422209,
      3.4765399762802436,
      2.638813416839162,
      1.0234395434283416
    ],
    [
      5.534173700750277,
      1.3315345716004499,
      0.8661307062541717,
      4.30254184722397,
      4.41956025200088,
      3.3668784373394,
      4.943721970227441,
      4.440682875815137,
      2.2649133861077964,
      2.807334791341094,
      2.641723862849824,
      5.653110624606396,
      3.471538184769439,
      2.637838132885575,
      1.0184039594485914
    ],
    [
      5.517581445859034,
      1.3538955025173447,
      0.8633865172222356,
      4.301570772574119,
      4.442169133619553,
      3.362799267439926,
      4.937335988485463,
      4.460682014736353,
      2.2702152355724237,
      2.8097540944631163,
      2.6422817134901053,
      5.6507796562091555,
      3.473825467335655,
      2.648489073108177,
      1.0217097168342069
    ],
    [
      5.507407698439591,
      1.3708580601740903,
      0.8680225459537597,
      4.304233912244958,
      4.464038822327227,
      3.35793551110961,
      4.930318081443651,
      4.490331830531323,
      2.266605294664483,
      2.806039044021582,
      2.6500997486374427,
      5.645260620765209,
      3.4779354613878315,
      2.64661868890681,
      1.027376173827009
    ]
  ],
  "cost_vals": [],
  "step_size": 0.1,
  "opt_step_times": [
    0.19475197792053223,
    0.18692874908447266,
    0.2531111240386963,
    0.19145989418029785,
    0.18308305740356445,
    0.1913771629333496,
    0.18108224868774414,
    0.17699694633483887,
    0.1801280975341797,
    0.17180800437927246,
    0.18060803413391113,
    0.17695832252502441,
    0.1811962127685547,
    0.1787571907043457,
    0.1808779239654541,
    0.18312883377075195,
    0.17938804626464844,
    0.2403569221496582,
    0.1792159080505371,
    0.18333220481872559
  ],
  "opt_settings": [
    5.507407698439591,
    1.3708580601740903,
    0.8680225459537597,
    4.304233912244958,
    4.464038822327227,
    3.35793551110961,
    4.930318081443651,
    4.490331830531323,
    2.266605294664483,
    2.806039044021582,
    2.6500997486374427,
    5.645260620765209,
    3.4779354613878315,
    2.64661868890681,
    1.027376173827009
  ],
  "min_cost": null,
  "datetime": "2023-05-30T16-36-29Z",
  "step_only": true,
  "ibm_device": "default.qubit",
  "shots": 10000,
  "prep_node_name": "W_state_2-qubit_ghz_state",
  "num_qubits": 5,
  "error": false,
  "cov_mats": [
    [
      [
        0.93281536,
        -0.05883359999999997,
        -0.20500063999999998,
        0.002459520000000058,
        -0.0011558400000000058
      ],
      [
        -0.05883359999999997,
        0.966511,
        0.17365139999999998,
        -0.013005199999999953,
        -0.008121599999999975
      ],
      [
        -0.20500063999999998,
        0.17365139999999998,
        0.98155836,
        -0.01200247999999995,
        0.007548160000000037
      ],
      [
        0.002459520000000058,
        -0.013005199999999953,
        -0.01200247999999995,
        0.99998064,
        0.4532211199999999
      ],
      [
        -0.0011558400000000058,
        -0.008121599999999975,
        0.007548160000000037,
        0.4532211199999999,
        0.9999769599999999
      ]
    ],
    [
      [
        0.943356,
        -0.06097360000000003,
        -0.25294439999999996,
        0.005714400000000053,
        -0.01125840000000004
      ],
      [
        -0.06097360000000003,
        0.96860016,
        0.19919063999999997,
        -0.017412639999999917,
        -0.014460960000000049
      ],
      [
        -0.25294439999999996,
        0.19919063999999997,
        0.9864975599999999,
        -0.01366056000000003,
        -0.00693383999999998
      ],
      [
        0.005714400000000053,
        -0.017412639999999917,
        -0.01366056000000003,
        0.99999856,
        0.68161584
      ],
      [
        -0.01125840000000004,
        -0.014460960000000049,
        -0.00693383999999998,
        0.68161584,
        0.99982576
      ]
    ],
    [
      [
        0.94874304,
        -0.09105776,
        -0.3229977599999999,
        0.018762560000000025,
        0.01677392000000001
      ],
      [
        -0.09105776,
        0.96993244,
        0.24421744000000004,
        -0.01399864,
        -0.017049480000000082
      ],
      [
        -0.3229977599999999,
        0.24421744000000004,
        0.9896774399999999,
        -0.004808640000000027,
        -0.00554448000000004
      ],
      [
        0.018762560000000025,
        -0.01399864,
        -0.004808640000000027,
        0.99961584,
        0.8857648800000001
      ],
      [
        0.01677392000000001,
        -0.017049480000000082,
        -0.00554448000000004,
        0.8857648800000001,
        0.9995071599999998
      ]
    ],
    [
      [
        0.95698524,
        -0.1062432,
        -0.34872232,
        -0.006908080000000013,
        -0.008674000000000072
      ],
      [
        -0.1062432,
        0.971776,
        0.2722176,
        0.005254400000000049,
        0.005520000000000038
      ],
      [
        -0.34872232,
        0.2722176,
        0.98718576,
        0.014241440000000022,
        0.015532000000000006
      ],
      [
        -0.006908080000000013,
        0.005254400000000049,
        0.014241440000000022,
        0.99991536,
        0.9795079999999999
      ],
      [
        -0.008674000000000072,
        0.005520000000000038,
        0.015532000000000006,
        0.9795079999999999,
        0.9999
      ]
    ],
    [
      [
        0.9681734399999999,
        -0.13806688000000003,
        -0.40193088,
        -0.006250719999999982,
        -0.006579359999999944
      ],
      [
        -0.13806688000000003,
        0.9626737599999999,
        0.30230176,
        0.00021144000000000718,
        -0.00011127999999998065
      ],
      [
        -0.40193088,
        0.30230176,
        0.99062976,
        -0.004606560000000063,
        -0.005045280000000003
      ],
      [
        -0.006250719999999982,
        0.00021144000000000718,
        -0.004606560000000063,
        0.99998236,
        0.9971806799999998
      ],
      [
        -0.006579359999999944,
        -0.00011127999999998065,
        -0.005045280000000003,
        0.9971806799999998,
        0.9999788399999998
      ]
    ],
    [
      [
        0.97920636,
        -0.19426948,
        -0.44597184000000006,
        -0.008203760000000013,
        -0.008374919999999994
      ],
      [
        -0.19426948,
        0.96781564,
        0.36181312000000004,
        0.014897679999999983,
        0.014733560000000057
      ],
      [
        -0.44597184000000006,
        0.36181312000000004,
        0.99280896,
        0.004637439999999994,
        0.004820480000000002
      ],
      [
        -0.008203760000000013,
        0.014897679999999983,
        0.004637439999999994,
        0.99999216,
        0.99939272
      ],
      [
        -0.008374919999999994,
        0.014733560000000057,
        0.004820480000000002,
        0.99939272,
        0.99999324
      ]
    ],
    [
      [
        0.97497276,
        -0.2552588799999999,
        -0.46141511999999996,
        0.005292599999999961,
        0.005292599999999961
      ],
      [
        -0.2552588799999999,
        0.97490944,
        0.44040255999999994,
        0.005491199999999995,
        0.005491199999999995
      ],
      [
        -0.46141511999999996,
        0.44040255999999994,
        0.99218544,
        0.004818800000000066,
        0.004818800000000066
      ],
      [
        0.005292599999999961,
        0.005491199999999995,
        0.004818800000000066,
        0.999951,
        0.999951
      ],
      [
        0.005292599999999961,
        0.005491199999999995,
        0.004818800000000066,
        0.999951,
        0.999951
      ]
    ],
    [
      [
        0.978096,
        -0.34258,
        -0.48939920000000003,
        -0.009963999999999988,
        -0.009963999999999988
      ],
      [
        -0.34258,
        0.981775,
        0.509571,
        0.0049449999999999685,
        0.0049449999999999685
      ],
      [
        -0.48939920000000003,
        0.509571,
        0.99105084,
        0.027337799999999947,
        0.027337799999999947
      ],
      [
        -0.009963999999999988,
        0.0049449999999999685,
        0.027337799999999947,
        0.999951,
        0.999951
      ],
      [
        -0.009963999999999988,
        0.0049449999999999685,
        0.027337799999999947,
        0.999951,
        0.999951
      ]
    ],
    [
      [
        0.981775,
        -0.429803,
        -0.520806,
        -0.00280699999999999,
        -0.00280699999999999
      ],
      [
        -0.429803,
        0.98101116,
        0.56703032,
        0.006426039999999967,
        0.006426039999999967
      ],
      [
        -0.520806,
        0.56703032,
        0.99287664,
        0.0016040799999999928,
        0.0016040799999999928
      ],
      [
        -0.00280699999999999,
        0.006426039999999967,
        0.0016040799999999928,
        0.99986076,
        0.99986076
      ],
      [
        -0.00280699999999999,
        0.006426039999999967,
        0.0016040799999999928,
        0.99986076,
        0.99986076
      ]
    ],
    [
      [
        0.98545564,
        -0.4875091599999999,
        -0.53426048,
        -0.020654239999999942,
        -0.020654239999999942
      ],
      [
        -0.4875091599999999,
        0.9834620399999999,
        0.6038131200000001,
        0.0032625600000000536,
        0.0032625600000000536
      ],
      [
        -0.53426048,
        0.6038131200000001,
        0.99649536,
        -0.006184320000000003,
        -0.006184320000000003
      ],
      [
        -0.020654239999999942,
        0.0032625600000000536,
        -0.006184320000000003,
        0.99989184,
        0.99989184
      ],
      [
        -0.020654239999999942,
        0.0032625600000000536,
        -0.006184320000000003,
        0.99989184,
        0.99989184
      ]
    ],
    [
      [
        0.98846524,
        -0.5418259200000002,
        -0.5528567200000001,
        0.010381399999999987,
        0.010381399999999987
      ],
      [
        -0.5418259200000002,
        0.98983936,
        0.6317657600000001,
        -0.01189120000000004,
        -0.01189120000000004
      ],
      [
        -0.5528567200000001,
        0.6317657600000001,
        0.99672816,
        0.0063707999999999786,
        0.0063707999999999786
      ],
      [
        0.010381399999999987,
        -0.01189120000000004,
        0.0063707999999999786,
        0.999879,
        0.999879
      ],
      [
        0.010381399999999987,
        -0.01189120000000004,
        0.0063707999999999786,
        0.999879,
        0.999879
      ]
    ],
    [
      [
        0.99007984,
        -0.58944368,
        -0.5660176,
        -0.00497847999999999,
        -0.00497847999999999
      ],
      [
        -0.58944368,
        0.99175536,
        0.6475951999999999,
        0.015454960000000038,
        0.015454960000000038
      ],
      [
        -0.5660176,
        0.6475951999999999,
        0.998064,
        -0.001232799999999958,
        -0.001232799999999958
      ],
      [
        -0.00497847999999999,
        0.015454960000000038,
        -0.001232799999999958,
        0.99998556,
        0.99998556
      ],
      [
        -0.00497847999999999,
        0.015454960000000038,
        -0.001232799999999958,
        0.99998556,
        0.99998556
      ]
    ],
    [
      [
        0.9878999999999999,
        -0.601738,
        -0.584056,
        0.0026219999999999794,
        0.0026219999999999794
      ],
      [
        -0.601738,
        0.99425436,
        0.65122032,
        0.005215160000000021,
        0.005215160000000021
      ],
      [
        -0.584056,
        0.65122032,
        0.99745984,
        0.004989920000000025,
        0.004989920000000025
      ],
      [
        0.0026219999999999794,
        0.005215160000000021,
        0.004989920000000025,
        0.99999996,
        0.99999996
      ],
      [
        0.0026219999999999794,
        0.005215160000000021,
        0.004989920000000025,
        0.99999996,
        0.99999996
      ]
    ],
    [
      [
        0.992079,
        -0.630673,
        -0.6124620000000001,
        0.0031045999999999713,
        0.003286799999999951
      ],
      [
        -0.630673,
        0.996751,
        0.663394,
        -0.012780200000000045,
        -0.012991600000000022
      ],
      [
        -0.6124620000000001,
        0.663394,
        0.998236,
        -0.0026987999999999656,
        -0.0028903999999999445
      ],
      [
        0.0031045999999999713,
        -0.012780200000000045,
        -0.0026987999999999656,
        0.99954204,
        0.99934632
      ],
      [
        0.003286799999999951,
        -0.012991600000000022,
        -0.0028903999999999445,
        0.99934632,
        0.99955056
      ]
    ],
    [
      [
        0.99461244,
        -0.6424003599999999,
        -0.60907328,
        -0.006805520000000001,
        -0.006805520000000001
      ],
      [
        -0.6424003599999999,
        0.99572284,
        0.66076032,
        0.007616879999999996,
        0.007616879999999996
      ],
      [
        -0.60907328,
        0.66076032,
        0.99956736,
        0.00805823999999998,
        0.00805823999999998
      ],
      [
        -0.006805520000000001,
        0.007616879999999996,
        0.00805823999999998,
        0.99999216,
        0.99999216
      ],
      [
        -0.006805520000000001,
        0.007616879999999996,
        0.00805823999999998,
        0.99999216,
        0.99999216
      ]
    ],
    [
      [
        0.994671,
        -0.6528265999999999,
        -0.6344494,
        0.00383659999999994,
        0.00383659999999994
      ],
      [
        -0.6528265999999999,
        0.99804636,
        0.65782324,
        0.007427639999999972,
        0.007427639999999972
      ],
      [
        -0.6344494,
        0.65782324,
        0.99896316,
        -5.72400000000153e-05,
        -5.72400000000153e-05
      ],
      [
        0.00383659999999994,
        0.007427639999999972,
        -5.72400000000153e-05,
        0.99979836,
        0.99979836
      ],
      [
        0.00383659999999994,
        0.007427639999999972,
        -5.72400000000153e-05,
        0.99979836,
        0.99979836
      ]
    ],
    [
      [
        0.99501564,
        -0.6444853199999999,
        -0.6286067599999999,
        -0.001872920000000028,
        -0.001872920000000028
      ],
      [
        -0.6444853199999999,
        0.9972751599999999,
        0.66092588,
        -0.002306039999999984,
        -0.002306039999999984
      ],
      [
        -0.6286067599999999,
        0.66092588,
        0.99935484,
        0.006754280000000055,
        0.006754280000000055
      ],
      [
        -0.001872920000000028,
        -0.002306039999999984,
        0.006754280000000055,
        0.99999676,
        0.99999676
      ],
      [
        -0.001872920000000028,
        -0.002306039999999984,
        0.006754280000000055,
        0.99999676,
        0.99999676
      ]
    ],
    [
      [
        0.99710556,
        -0.66614192,
        -0.6523417600000001,
        -0.0014208399999999012,
        -0.0014208399999999012
      ],
      [
        -0.66614192,
        0.9965894399999999,
        0.66228032,
        -0.006337120000000073,
        -0.006337120000000073
      ],
      [
        -0.6523417600000001,
        0.66228032,
        0.99997696,
        -0.007887360000000029,
        -0.007887360000000029
      ],
      [
        -0.0014208399999999012,
        -0.006337120000000073,
        -0.007887360000000029,
        0.99966876,
        0.99966876
      ],
      [
        -0.0014208399999999012,
        -0.006337120000000073,
        -0.007887360000000029,
        0.99966876,
        0.99966876
      ]
    ],
    [
      [
        0.99608124,
        -0.66292872,
        -0.65142312,
        -0.009111079999999978,
        -0.009111079999999978
      ],
      [
        -0.66292872,
        0.99861616,
        0.6610993600000001,
        0.005928239999999988,
        0.005928239999999988
      ],
      [
        -0.65142312,
        0.6610993600000001,
        0.99964656,
        0.01353303999999995,
        0.01353303999999995
      ],
      [
        -0.009111079999999978,
        0.005928239999999988,
        0.01353303999999995,
        0.99979836,
        0.99979836
      ],
      [
        -0.009111079999999978,
        0.005928239999999988,
        0.01353303999999995,
        0.99979836,
        0.99979836
      ]
    ],
    [
      [
        0.99690864,
        -0.66554616,
        -0.64334376,
        -0.021878159999999952,
        -0.021878159999999952
      ],
      [
        -0.66554616,
        0.99851004,
        0.67419444,
        0.018868040000000048,
        0.018868040000000048
      ],
      [
        -0.64334376,
        0.67419444,
        0.9997628399999999,
        0.026532440000000036,
        0.026532440000000036
      ],
      [
        -0.021878159999999952,
        0.018868040000000048,
        0.026532440000000036,
        0.99992604,
        0.99992604
      ],
      [
        -0.021878159999999952,
        0.018868040000000048,
        0.026532440000000036,
        0.99992604,
        0.99992604
      ]
    ],
    [
      [
        0.99723324,
        -0.65036736,
        -0.64380048,
        0.009421399999999957,
        0.009421399999999957
      ],
      [
        -0.65036736,
        0.9988710399999999,
        0.65811072,
        -0.008169599999999944,
        -0.008169599999999944
      ],
      [
        -0.64380048,
        0.65811072,
        0.99976896,
        -0.010432799999999999,
        -0.010432799999999999
      ],
      [
        0.009421399999999957,
        -0.008169599999999944,
        -0.010432799999999999,
        0.999879,
        0.999879
      ],
      [
        0.009421399999999957,
        -0.008169599999999944,
        -0.010432799999999999,
        0.999879,
        0.999879
      ]
    ]
  ]
}