{
  "settings_list": [
    [
      3.468293811690588,
      3.477169738386325,
      5.094645423241405,
      4.775962649750434,
      5.734967675630108,
      2.691996607701014,
      0.17841459518923966,
      3.9165109978362485,
      5.178394581052038,
      5.755292001682539,
      4.754441887404935,
      3.9774084409807897,
      4.508911793501899,
      2.70555309690588,
      4.149545645620925
    ],
    [
      3.4679431973575654,
      3.5371930865091596,
      5.097038224303322,
      4.819453690370481,
      5.696301025620891,
      2.693380670612059,
      0.20235939748375678,
      3.9443031413538026,
      5.17848562084447,
      5.762527014029423,
      4.658496843511426,
      3.9770331782808928,
      4.51246113596585,
      2.562750036542781,
      4.149373755405143
    ],
    [
      3.4594898486228582,
      3.5989621143988493,
      5.092874847021853,
      4.8623035016693406,
      5.650909193237818,
      2.696271218485513,
      0.23239593880419196,
      3.9753028899620766,
      5.175764499320607,
      5.75499868589363,
      4.539303977500627,
      3.9743542089651296,
      4.50361964225895,
      2.3775554520349873,
      4.149584645999409
    ],
    [
      3.441345211217508,
      3.6697266040720242,
      5.098794422611047,
      4.899932853288782,
      5.600108261563496,
      2.6941144771422425,
      0.2585948215647398,
      4.0091932076158265,
      5.173986295743614,
      5.725802313013344,
      4.429173961727044,
      3.972867450967943,
      4.473580499472126,
      2.179221231843727,
      4.149130419731062
    ],
    [
      3.417316056078671,
      3.7497191103061027,
      5.098900387306654,
      4.931524746412018,
      5.542105188515474,
      2.691636561656693,
      0.2901035614235219,
      4.0491485980898645,
      5.175614452404218,
      5.682627961928737,
      4.371554826090957,
      3.9713817293670948,
      4.43486630794569,
      2.037303522377823,
      4.149218444759166
    ],
    [
      3.3822694950187286,
      3.8433692226755545,
      5.100190661782579,
      4.953018266257006,
      5.474508352935016,
      2.6929454890888196,
      0.3179928030343996,
      4.088732988502401,
      5.175389686997141,
      5.643830538931196,
      4.360156987714061,
      3.9704076451808565,
      4.4003082170847145,
      1.963635861252416,
      4.1501348823371425
    ],
    [
      3.335507682337629,
      3.9597103209385915,
      5.100208178842371,
      4.9598364393144605,
      5.395243946961613,
      2.690346793039061,
      0.34082584766006424,
      4.138717913068154,
      5.178344694136921,
      5.616729868369824,
      4.370421753305566,
      3.973769873600169,
      4.369615865211811,
      1.9257226177498357,
      4.14945905285541
    ],
    [
      3.2846947901294876,
      4.0852890591706075,
      5.094060368089793,
      4.964803791988499,
      5.294101487840543,
      2.688058655058751,
      0.3639600870617708,
      4.198180604964131,
      5.176855617733135,
      5.5893987650332955,
      4.387068536277492,
      3.971289629639052,
      4.346572512260099,
      1.9005795709715931,
      4.150452356406173
    ],
    [
      3.2345274875365506,
      4.212002208452818,
      5.1003779564180896,
      4.96031629365427,
      5.18893719700005,
      2.6846891576588514,
      0.3847437500465753,
      4.257196484631219,
      5.176798475275183,
      5.568045200508789,
      4.395268974247603,
      3.9699866906471666,
      4.32406362032096,
      1.877630551688146,
      4.1514554553056895
    ],
    [
      3.1950940999011905,
      4.323649514782266,
      5.096911400945306,
      4.958787982863447,
      5.087906402701226,
      2.686714733281771,
      0.4046425375308393,
      4.329078618865467,
      5.1749389461396715,
      5.5551422586678605,
      4.410634101401436,
      3.9684387689207585,
      4.308069598929952,
      1.869071229954226,
      4.151973759608049
    ],
    [
      3.1608162938951683,
      4.426423150108675,
      5.0923251845014805,
      4.955852868773502,
      4.995865599586541,
      2.6900575957522888,
      0.41874273186026745,
      4.386189180446378,
      5.1740888411678405,
      5.539423191997002,
      4.427056948212425,
      3.9673366608958913,
      4.297319147493488,
      1.8554393465253272,
      4.155933648576017
    ],
    [
      3.147815398884143,
      4.502232542244478,
      5.090432917423764,
      4.951694758742747,
      4.928342326158702,
      2.693014720091798,
      0.42986857753470686,
      4.446639762594922,
      5.1807380694984495,
      5.524953633752794,
      4.4330234979426795,
      3.9676646784038345,
      4.281166530309848,
      1.8482619917919259,
      4.1527987161539865
    ],
    [
      3.1370629729007558,
      4.557119216245967,
      5.09088597559069,
      4.944237553894884,
      4.876745628552946,
      2.6896418084372673,
      0.44256537675870045,
      4.501404543943978,
      5.18418020487704,
      5.510423635564436,
      4.433433116407246,
      3.9673794057036877,
      4.270510710166238,
      1.8393215464854842,
      4.15311345448542
    ],
    [
      3.129134616286334,
      4.599404365186679,
      5.0839472492110716,
      4.942342146065204,
      4.835134951853301,
      2.694465484432036,
      0.44014356303491037,
      4.549461389168499,
      5.183331237844373,
      5.492713781601385,
      4.44376451704926,
      3.9655137330781938,
      4.25811964930282,
      1.841655848993671,
      4.151630155615623
    ],
    [
      3.12541178648083,
      4.629426077066423,
      5.089003793260799,
      4.941002191401588,
      4.8071830097443735,
      2.692878865604004,
      0.4385822884886064,
      4.582521946116596,
      5.184085598646614,
      5.485487714179305,
      4.4512277726391485,
      3.963596081030898,
      4.244351005545508,
      1.833028194094215,
      4.150640290883976
    ],
    [
      3.122053548530766,
      4.647839299267463,
      5.090617353813919,
      4.94684650691874,
      4.785954695453333,
      2.693235125804068,
      0.4412619229467024,
      4.614183052209891,
      5.184104039910886,
      5.479043625326457,
      4.4542412727127,
      3.9622878997937137,
      4.240176314293636,
      1.820859970889415,
      4.1494781173130955
    ],
    [
      3.118702456379699,
      4.664583642355324,
      5.09351172317864,
      4.949840082253482,
      4.766731210989493,
      2.695581920064207,
      0.4410548904140202,
      4.6412483895015075,
      5.177325003579664,
      5.477738386906801,
      4.459400606688582,
      3.962797876935394,
      4.233748598114412,
      1.8185268481710406,
      4.148548563823674
    ],
    [
      3.1176642132015484,
      4.68252584029152,
      5.093447425448639,
      4.950066799126181,
      4.7510211912866955,
      2.701527950420705,
      0.43948390926169895,
      4.6538518789503085,
      5.177348818070675,
      5.47055212846845,
      4.461380010541529,
      3.965563988696345,
      4.23374134296721,
      1.818350533570535,
      4.143184099117484
    ],
    [
      3.116699289137479,
      4.679610325366723,
      5.096023038692738,
      4.954064862772645,
      4.738747574544465,
      2.702748152697041,
      0.4411789516473534,
      4.672516125860593,
      5.1759560714931006,
      5.462237765867549,
      4.469702618701299,
      3.9688178553661917,
      4.227758565268967,
      1.823863183656343,
      4.140012993999604
    ],
    [
      3.113899492527124,
      4.675693010085382,
      5.095094718050994,
      4.954989537868837,
      4.7281738803072555,
      2.7029979426987767,
      0.44244414421261924,
      4.679805032933259,
      5.171201362450059,
      5.455191627823752,
      4.473320813374407,
      3.9690217352012023,
      4.2231608193428185,
      1.8211252011708698,
      4.139284576071796
    ],
    [
      3.111210455395608,
      4.69063248020668,
      5.098122117008626,
      4.9506580397530575,
      4.720494700014047,
      2.699467961114461,
      0.43802218031243806,
      4.688984541439666,
      5.167439857954016,
      5.446296851059609,
      4.465731369951342,
      3.9710823096662793,
      4.218235836554373,
      1.8152088531876942,
      4.137983307384671
    ]
  ],
  "cost_vals": [],
  "step_size": 0.1,
  "opt_step_times": [
    0.2440052032470703,
    0.27202510833740234,
    0.3486950397491455,
    0.22223901748657227,
    0.29489994049072266,
    0.23830103874206543,
    0.2214069366455078,
    0.20641827583312988,
    0.2446599006652832,
    0.24869298934936523,
    0.20394611358642578,
    0.21904373168945312,
    0.20383310317993164,
    0.20369315147399902,
    0.2028489112854004,
    0.21614408493041992,
    0.19966602325439453,
    0.256990909576416,
    0.19316315650939941,
    0.21042895317077637
  ],
  "opt_settings": [
    3.111210455395608,
    4.69063248020668,
    5.098122117008626,
    4.9506580397530575,
    4.720494700014047,
    2.699467961114461,
    0.43802218031243806,
    4.688984541439666,
    5.167439857954016,
    5.446296851059609,
    4.465731369951342,
    3.9710823096662793,
    4.218235836554373,
    1.8152088531876942,
    4.137983307384671
  ],
  "min_cost": null,
  "datetime": "2023-05-30T16-41-01Z",
  "step_only": true,
  "ibm_device": "default.qubit",
  "shots": 10000,
  "prep_node_name": "W_state_2-qubit_ghz_state",
  "num_qubits": 5,
  "error": false,
  "cov_mats": [
    [
      [
        0.91321084,
        -0.07395584000000004,
        0.4063148,
        -0.008674640000000023,
        -0.0070631600000000076
      ],
      [
        -0.07395584000000004,
        0.99907584,
        0.3380352,
        0.008544640000000006,
        -0.011331840000000088
      ],
      [
        0.4063148,
        0.3380352,
        0.943356,
        0.006399199999999952,
        -0.01626520000000005
      ],
      [
        -0.008674640000000023,
        0.008544640000000006,
        0.006399199999999952,
        0.99992944,
        -0.39407064
      ],
      [
        -0.0070631600000000076,
        -0.011331840000000088,
        -0.01626520000000005,
        -0.39407064,
        0.99976284
      ]
    ],
    [
      [
        0.9200241600000001,
        -0.05538311999999999,
        0.41862184,
        0.012014000000000087,
        -0.0009959200000000483
      ],
      [
        -0.05538311999999999,
        0.99935484,
        0.36378612,
        0.004127000000000034,
        -0.006035560000000006
      ],
      [
        0.41862184,
        0.36378612,
        0.94810716,
        0.00046099999999993564,
        0.00791892
      ],
      [
        0.012014000000000087,
        0.004127000000000034,
        0.00046099999999993564,
        0.999975,
        -0.569193
      ],
      [
        -0.0009959200000000483,
        -0.006035560000000006,
        0.00791892,
        -0.569193,
        0.99999804
      ]
    ],
    [
      [
        0.91682544,
        -0.012688319999999986,
        0.44379535999999997,
        0.012084000000000024,
        -0.005114720000000074
      ],
      [
        -0.012688319999999986,
        0.99580096,
        0.41218592000000004,
        0.004247999999999954,
        -0.009099839999999982
      ],
      [
        0.44379535999999997,
        0.41218592000000004,
        0.95983984,
        0.00799600000000004,
        0.0005643199999999836
      ],
      [
        0.012084000000000024,
        0.004247999999999954,
        0.00799600000000004,
        0.9999,
        -0.7542920000000001
      ],
      [
        -0.005114720000000074,
        -0.009099839999999982,
        0.0005643199999999836,
        -0.7542920000000001,
        0.9998833599999998
      ]
    ],
    [
      [
        0.92742364,
        0.024192960000000017,
        0.44782056000000003,
        0.008864719999999996,
        -0.010725919999999977
      ],
      [
        0.024192960000000017,
        0.99826944,
        0.45403584,
        -0.003617920000000014,
        0.000901119999999911
      ],
      [
        0.44782056000000003,
        0.45403584,
        0.95488624,
        -0.008793119999999995,
        0.003568319999999972
      ],
      [
        0.008864719999999996,
        -0.003617920000000014,
        -0.008793119999999995,
        0.99964656,
        -0.90888416
      ],
      [
        -0.010725919999999977,
        0.000901119999999911,
        0.003568319999999972,
        -0.90888416,
        0.9997177599999998
      ]
    ],
    [
      [
        0.9184326399999999,
        0.08794879999999995,
        0.47006416,
        -0.009571040000000017,
        0.011828480000000037
      ],
      [
        0.08794879999999995,
        0.997296,
        0.4800072000000001,
        0.01322320000000002,
        -0.01075839999999997
      ],
      [
        0.47006416,
        0.4800072000000001,
        0.96443004,
        0.008241240000000037,
        -0.006350879999999953
      ],
      [
        -0.009571040000000017,
        0.01322320000000002,
        0.008241240000000037,
        0.99998844,
        -0.9569972800000001
      ],
      [
        0.011828480000000037,
        -0.01075839999999997,
        -0.006350879999999953,
        -0.9569972800000001,
        0.99999936
      ]
    ],
    [
      [
        0.9332294400000001,
        0.16692704,
        0.4991544,
        0.013702880000000006,
        -0.011774719999999957
      ],
      [
        0.16692704,
        0.99802864,
        0.5214804,
        -0.008591920000000048,
        0.009076480000000088
      ],
      [
        0.4991544,
        0.5214804,
        0.963519,
        0.0025238000000000066,
        -0.00022719999999993527
      ],
      [
        0.013702880000000006,
        -0.008591920000000048,
        0.0025238000000000066,
        0.99966876,
        -0.97622144
      ],
      [
        -0.011774719999999957,
        0.009076480000000088,
        -0.00022719999999993527,
        -0.97622144,
        0.99956736
      ]
    ],
    [
      [
        0.9446809599999999,
        0.27855936,
        0.5493139200000001,
        -0.01782272000000002,
        0.019175680000000025
      ],
      [
        0.27855936,
        0.9953487599999999,
        0.55722572,
        -0.0037865200000000046,
        0.00757287999999998
      ],
      [
        0.5493139200000001,
        0.55722572,
        0.9729068399999999,
        -0.014584439999999968,
        0.01721736000000003
      ],
      [
        -0.01782272000000002,
        -0.0037865200000000046,
        -0.014584439999999968,
        0.99992604,
        -0.9845277600000001
      ],
      [
        0.019175680000000025,
        0.00757287999999998,
        0.01721736000000003,
        -0.9845277600000001,
        0.99992944
      ]
    ],
    [
      [
        0.96305916,
        0.38359612,
        0.5880149600000001,
        -0.017906959999999972,
        0.01799163999999996
      ],
      [
        0.38359612,
        0.99874684,
        0.5713967200000001,
        0.0011592800000000138,
        -0.003380520000000019
      ],
      [
        0.5880149600000001,
        0.5713967200000001,
        0.9784497600000001,
        -0.009001760000000013,
        0.008489840000000014
      ],
      [
        -0.017906959999999972,
        0.0011592800000000138,
        -0.009001760000000013,
        0.99995376,
        -0.98615784
      ],
      [
        0.01799163999999996,
        -0.003380520000000019,
        0.008489840000000014,
        -0.98615784,
        0.99996156
      ]
    ],
    [
      [
        0.97989276,
        0.47480716,
        0.60592672,
        -0.0031090000000000137,
        0.000592599999999938
      ],
      [
        0.47480716,
        0.99885756,
        0.5940835200000001,
        0.015031000000000018,
        -0.016563399999999985
      ],
      [
        0.60592672,
        0.5940835200000001,
        0.97737984,
        0.009351999999999997,
        -0.010452800000000022
      ],
      [
        -0.0031090000000000137,
        0.015031000000000018,
        0.009351999999999997,
        0.999975,
        -0.991565
      ],
      [
        0.000592599999999938,
        -0.016563399999999985,
        -0.010452800000000022,
        -0.991565,
        0.9999509999999998
      ]
    ],
    [
      [
        0.98023164,
        0.5611573599999999,
        0.62231624,
        -0.00539368,
        0.004421799999999957
      ],
      [
        0.5611573599999999,
        0.9980286399999998,
        0.62725776,
        -0.0009243199999999938,
        -0.00046680000000004235
      ],
      [
        0.62231624,
        0.62725776,
        0.98991984,
        -0.009318879999999972,
        0.00909879999999993
      ],
      [
        -0.00539368,
        -0.0009243199999999938,
        -0.009318879999999972,
        0.99999216,
        -0.9925915999999999
      ],
      [
        0.004421799999999957,
        -0.00046680000000004235,
        0.00909879999999993,
        -0.9925915999999999,
        0.9999909999999997
      ]
    ],
    [
      [
        0.9897585600000001,
        0.5980343200000001,
        0.64257352,
        0.010845280000000004,
        -0.010786959999999934
      ],
      [
        0.5980343200000001,
        0.99954204,
        0.62762444,
        0.007494159999999959,
        -0.007324120000000012
      ],
      [
        0.64257352,
        0.62762444,
        0.99105084,
        0.014183759999999988,
        -0.01345132000000001
      ],
      [
        0.010845280000000004,
        0.007494159999999959,
        0.014183759999999988,
        0.99998064,
        -0.99377448
      ],
      [
        -0.010786959999999934,
        -0.007324120000000012,
        -0.01345132000000001,
        -0.99377448,
        0.99996636
      ]
    ],
    [
      [
        0.99464176,
        0.6206044800000001,
        0.6456510399999998,
        0.0007315200000000099,
        -0.00017544000000003926
      ],
      [
        0.6206044800000001,
        0.99981504,
        0.64064992,
        -0.016887039999999926,
        0.01867887999999995
      ],
      [
        0.6456510399999998,
        0.64064992,
        0.99404016,
        -0.0011059199999999933,
        0.001352239999999962
      ],
      [
        0.0007315200000000099,
        -0.016887039999999926,
        -0.0011059199999999933,
        0.99995904,
        -0.9945628800000001
      ],
      [
        -0.00017544000000003926,
        0.01867887999999995,
        0.001352239999999962,
        -0.9945628800000001,
        0.9999663600000003
      ]
    ],
    [
      [
        0.99600576,
        0.6435672,
        0.6530231999999999,
        -0.008081760000000025,
        0.00829440000000006
      ],
      [
        0.6435672,
        0.999159,
        0.654279,
        0.00263780000000004,
        -0.002031999999999994
      ],
      [
        0.6530231999999999,
        0.654279,
        0.997399,
        -0.0048182000000000415,
        0.005008000000000073
      ],
      [
        -0.008081760000000025,
        0.00263780000000004,
        -0.0048182000000000415,
        0.99993276,
        -0.9965343999999999
      ],
      [
        0.00829440000000006,
        -0.002031999999999994,
        0.005008000000000073,
        -0.9965343999999999,
        0.999936
      ]
    ],
    [
      [
        0.99793884,
        0.6525092000000001,
        0.6462967599999999,
        -0.016036559999999988,
        0.015409319999999999
      ],
      [
        0.6525092000000001,
        0.999996,
        0.6583187999999999,
        -0.018792800000000012,
        0.01699159999999996
      ],
      [
        0.6462967599999999,
        0.6583187999999999,
        0.99647164,
        -0.023613839999999983,
        0.023049479999999966
      ],
      [
        -0.016036559999999988,
        -0.018792800000000012,
        -0.023613839999999983,
        0.99998704,
        -0.9965848799999999
      ],
      [
        0.015409319999999999,
        0.01699159999999996,
        0.023049479999999966,
        -0.9965848799999999,
        0.9999823599999998
      ]
    ],
    [
      [
        0.999159,
        0.668255,
        0.6774180000000001,
        0.009588599999999987,
        -0.009394400000000032
      ],
      [
        0.668255,
        0.9999749999999998,
        0.67001,
        0.003267000000000009,
        -0.0014680000000000118
      ],
      [
        0.6774180000000001,
        0.67001,
        0.998236,
        0.010037200000000022,
        -0.00982880000000008
      ],
      [
        0.009588599999999987,
        0.003267000000000009,
        0.010037200000000022,
        0.99982044,
        -0.99561776
      ],
      [
        -0.009394400000000032,
        -0.0014680000000000118,
        -0.00982880000000008,
        -0.99561776,
        0.99981504
      ]
    ],
    [
      [
        0.999471,
        0.6649632000000001,
        0.6631888,
        -0.006328800000000013,
        0.0067471999999999385
      ],
      [
        0.6649632000000001,
        0.99999744,
        0.6728409599999999,
        0.007991040000000007,
        -0.007589760000000051
      ],
      [
        0.6631888,
        0.6728409599999999,
        0.99934464,
        0.005343359999999983,
        -0.005363840000000036
      ],
      [
        -0.006328800000000013,
        0.007991040000000007,
        0.005343359999999983,
        0.99996864,
        -0.9971641600000002
      ],
      [
        0.0067471999999999385,
        -0.007589760000000051,
        -0.005363840000000036,
        -0.9971641600000002,
        0.99995904
      ]
    ],
    [
      [
        0.999919,
        0.6668126000000001,
        0.6746573999999999,
        0.002261399999999986,
        -0.0020667999999999533
      ],
      [
        0.6668126000000001,
        0.99999804,
        0.6619599599999999,
        0.0012215600000000354,
        -0.0010207200000000019
      ],
      [
        0.6746573999999999,
        0.6619599599999999,
        0.99918204,
        -0.001959559999999929,
        0.001776719999999954
      ],
      [
        0.002261399999999986,
        0.0012215600000000354,
        -0.001959559999999929,
        0.99976284,
        -0.9979720799999999
      ],
      [
        -0.0020667999999999533,
        -0.0010207200000000019,
        0.001776719999999954,
        -0.9979720799999999,
        0.99978096
      ]
    ],
    [
      [
        0.99929244,
        0.6654914399999999,
        0.65665004,
        0.004822280000000008,
        -0.0054169599999999984
      ],
      [
        0.6654914399999999,
        0.99986544,
        0.64910904,
        0.010035280000000013,
        -0.011032959999999986
      ],
      [
        0.65665004,
        0.64910904,
        0.99991164,
        0.009733479999999968,
        -0.010735360000000025
      ],
      [
        0.004822280000000008,
        0.010035280000000013,
        0.009733479999999968,
        0.9997983599999999,
        -0.9975955200000001
      ],
      [
        -0.0054169599999999984,
        -0.011032959999999986,
        -0.010735360000000025,
        -0.9975955200000001,
        0.9997926399999999
      ]
    ],
    [
      [
        0.99964656,
        0.6590879199999999,
        0.6634188,
        0.0008240000000000044,
        -0.0012089599999999885
      ],
      [
        0.6590879199999999,
        0.99972444,
        0.6692165999999999,
        -0.00333200000000003,
        0.004545280000000036
      ],
      [
        0.6634188,
        0.6692165999999999,
        0.9999989999999999,
        0.002219999999999952,
        -0.00222079999999998
      ],
      [
        0.0008240000000000044,
        -0.00333200000000003,
        0.002219999999999952,
        0.9996,
        -0.9967840000000001
      ],
      [
        -0.0012089599999999885,
        0.004545280000000036,
        -0.00222079999999998,
        -0.9967840000000001,
        0.99956736
      ]
    ],
    [
      [
        0.99968316,
        0.6689857600000001,
        0.6722925599999999,
        -0.008824919999999977,
        0.008846279999999948
      ],
      [
        0.6689857600000001,
        0.99999936,
        0.67120416,
        -0.0022011200000000074,
        0.0018020799999999403
      ],
      [
        0.6722925599999999,
        0.67120416,
        0.99997296,
        0.0054072800000000715,
        -0.006213520000000039
      ],
      [
        -0.008824919999999977,
        -0.0022011200000000074,
        0.0054072800000000715,
        0.99999804,
        -0.99799636
      ],
      [
        0.008846279999999948,
        0.0018020799999999403,
        -0.006213520000000039,
        -0.99799636,
        0.9999932399999999
      ]
    ],
    [
      [
        0.99999804,
        0.6574112,
        0.6650027999999999,
        0.014809800000000036,
        -0.015808959999999952
      ],
      [
        0.6574112,
        0.999936,
        0.669184,
        0.012544000000000027,
        -0.012748800000000034
      ],
      [
        0.6650027999999999,
        0.669184,
        0.999996,
        0.007786000000000001,
        -0.007587199999999995
      ],
      [
        0.014809800000000036,
        0.012544000000000027,
        0.007786000000000001,
        0.999951,
        -0.9981552
      ],
      [
        -0.015808959999999952,
        -0.012748800000000034,
        -0.007587199999999995,
        -0.9981552,
        0.99995904
      ]
    ]
  ]
}