{
  "settings_list": [
    [
      0.3411140281974974,
      3.589928240921071,
      4.97041908518135,
      1.9899894091866794,
      1.2254971270136696,
      0.5302643014743663,
      5.967254989401107,
      5.822430629504086,
      5.2705480847656,
      4.521946665124332,
      4.889164650469119,
      5.859160582540512,
      3.9135686113643557,
      3.053345287788262,
      2.6730138832993555
    ],
    [
      0.38684421362625393,
      3.7026224355496793,
      4.972190728504572,
      1.9896221747398084,
      1.2007481985396824,
      0.5301347313180853,
      5.923987986037688,
      5.727963146969828,
      5.266887062801197,
      4.522523281670713,
      4.893365999604485,
      5.858251573436301,
      3.91135476148161,
      3.0578478149258888,
      2.675324835074338
    ],
    [
      0.43281133954770357,
      3.819760081210732,
      4.972791270744172,
      1.9850070370973092,
      1.180711896621612,
      0.5257823476056181,
      5.874314344142799,
      5.619255325586324,
      5.267153890726211,
      4.524753513677183,
      4.900348445275246,
      5.853544868036388,
      3.911720785277597,
      3.07147035630538,
      2.675657297679743
    ],
    [
      0.48061883094246266,
      3.936840648446456,
      4.968983052304833,
      1.9760409282969367,
      1.1692598203665825,
      0.5251205174734571,
      5.819312909659711,
      5.507426052763941,
      5.267319441176377,
      4.5271179514402595,
      4.909555869775579,
      5.851167381467041,
      3.916947589701883,
      3.092820157063675,
      2.6827419041461864
    ],
    [
      0.5255097959657926,
      4.0472393216711735,
      4.963425265880058,
      1.969928317994952,
      1.172626417730304,
      0.5181779335129454,
      5.765416749181527,
      5.395662609023143,
      5.26543752449625,
      4.5323223447934025,
      4.923808823845573,
      5.854481185791772,
      3.923014438013046,
      3.1204908884232627,
      2.678666691343015
    ],
    [
      0.5691825975948182,
      4.137199829082817,
      4.96665144419131,
      1.9599525944770229,
      1.1863132899641755,
      0.5216091059624874,
      5.712056243635643,
      5.287734334462199,
      5.2669314014249045,
      4.537180487229768,
      4.946114689291217,
      5.856850913702748,
      3.930758373414145,
      3.1572695996650118,
      2.678958746118126
    ],
    [
      0.6040901045670838,
      4.213476822847574,
      4.966709209974843,
      1.9461176667891111,
      1.2088171698635342,
      0.5157149382316989,
      5.668501297398825,
      5.200555168171073,
      5.259828884351053,
      4.547145597364044,
      4.9801902640212905,
      5.854729440135838,
      3.9462259544521845,
      3.21555127346858,
      2.6756827119945807
    ],
    [
      0.6317519566278819,
      4.28283161671516,
      4.966574848072169,
      1.9378103777343072,
      1.2308782145484691,
      0.5207149886456535,
      5.641264520512026,
      5.12497769019704,
      5.257352337611376,
      4.561808706847697,
      5.028654109640585,
      5.8568697196000645,
      3.9628499772779655,
      3.2991674401656206,
      2.674578063066963
    ],
    [
      0.6540347572440681,
      4.337773732528233,
      4.9688680600590605,
      1.9288959752121777,
      1.2568405488315517,
      0.5238466197552183,
      5.613641460220827,
      5.063572700012607,
      5.263232720779877,
      4.594389547647625,
      5.097235585348128,
      5.863709626502191,
      3.99516552265745,
      3.4144810186632384,
      2.675302256410619
    ],
    [
      0.6754785119755676,
      4.382538311896624,
      4.957948011206099,
      1.921399276478236,
      1.290191318944453,
      0.5218358703806212,
      5.592474027083957,
      5.00511119317604,
      5.259397967392992,
      4.642708383316744,
      5.1968470488548775,
      5.86143349871977,
      4.039940103995664,
      3.57846871368537,
      2.6740198582612327
    ],
    [
      0.6906906921311741,
      4.422579699283608,
      4.954518683893982,
      1.9110491253756798,
      1.3209219839532902,
      0.522492693912947,
      5.574822563523866,
      4.96616933787002,
      5.2645692389404966,
      4.71824895083843,
      5.300406846068158,
      5.864701924764541,
      4.116721504145586,
      3.752459272692699,
      2.6768380931824276
    ],
    [
      0.7018479910542128,
      4.463973390098261,
      4.9556656307193725,
      1.9072235562139614,
      1.3523815585584231,
      0.520645643388017,
      5.562354194001917,
      4.93873728320315,
      5.267807656846471,
      4.807683949805385,
      5.387070577296919,
      5.86942837128069,
      4.205204073575331,
      3.898799899906911,
      2.6819883062314798
    ],
    [
      0.7075107110856684,
      4.498206129573527,
      4.95204544304839,
      1.9064127831321234,
      1.3777164031621765,
      0.5201788175647754,
      5.552547214082513,
      4.906011333251553,
      5.265970662079859,
      4.875528124206342,
      5.4238680906957,
      5.873823158594481,
      4.2730863949285585,
      3.9607624467764957,
      2.689816595886635
    ],
    [
      0.7156458439087852,
      4.521932646442288,
      4.954350513316123,
      1.9050481125820526,
      1.399881490905275,
      0.5197763997826244,
      5.546359846935708,
      4.880060364810385,
      5.258905637301432,
      4.924011434074589,
      5.428244384207118,
      5.880077021987552,
      4.3225415767544,
      3.9863948838755143,
      2.6935156047706714
    ],
    [
      0.7225693486158085,
      4.546041105515816,
      4.954822256167213,
      1.8983240897235207,
      1.4179169789541506,
      0.5246604597199581,
      5.540212108658911,
      4.8639008654541325,
      5.2576734684366535,
      4.957678712376026,
      5.427946159707017,
      5.880377280936521,
      4.348603082607336,
      3.9894436025517077,
      2.6845203780408715
    ],
    [
      0.7264298431363921,
      4.561813601248543,
      4.958151115357922,
      1.8863780746071586,
      1.4357258877346473,
      0.5249243680829891,
      5.5316319440807336,
      4.845649475764878,
      5.258557847175119,
      4.976265331888864,
      5.428521427120646,
      5.882032327184137,
      4.366904053502079,
      3.995648586943632,
      2.680329349537203
    ],
    [
      0.7326041612504767,
      4.58064888870773,
      4.95763279423537,
      1.883846083175805,
      1.4455811964136176,
      0.5187668675590013,
      5.529340356780478,
      4.8302092979846565,
      5.249556855778175,
      4.999370157003748,
      5.432806169759403,
      5.883481175270468,
      4.373057672145367,
      3.992444545334137,
      2.6856520622944413
    ],
    [
      0.736734228904611,
      4.607744468895442,
      4.9528938591773475,
      1.884888355438021,
      1.452916274019712,
      0.5129645540318412,
      5.523932141175958,
      4.81654395935054,
      5.250281895300928,
      5.007421155909722,
      5.432089489752667,
      5.883729379547737,
      4.374542632429012,
      3.994293681418127,
      2.682365660727849
    ],
    [
      0.7435955315246358,
      4.60673391861,
      4.954851638099641,
      1.8852898266158478,
      1.471970296107957,
      0.505901341789692,
      5.521156075461371,
      4.798468815183417,
      5.2525171254114245,
      5.0121882699016105,
      5.430627698775596,
      5.886639253901033,
      4.379450624793698,
      3.9997228042756383,
      2.6834519495849842
    ],
    [
      0.7474939792655567,
      4.630828608450255,
      4.953982527460823,
      1.8822405572293457,
      1.4922814921111478,
      0.5028125781929282,
      5.519829883233045,
      4.791331419794314,
      5.250004192214114,
      5.020731102213596,
      5.432886179331126,
      5.885661584914722,
      4.397687306669591,
      3.990662885563997,
      2.6896381800133677
    ],
    [
      0.7473745346004681,
      4.640579560952714,
      4.95308731166752,
      1.878654975902004,
      1.501944648941927,
      0.5032108862029772,
      5.524790440221132,
      4.774852993956658,
      5.248239776593812,
      5.018156516483049,
      5.427633991219128,
      5.880938010852208,
      4.394098741964776,
      3.992946998259741,
      2.6926168002227415
    ]
  ],
  "cost_vals": [],
  "step_size": 0.1,
  "opt_step_times": [
    0.2125382423400879,
    0.22932887077331543,
    0.3606247901916504,
    0.22225308418273926,
    0.25354480743408203,
    0.24184393882751465,
    0.2660701274871826,
    0.21908903121948242,
    0.2558298110961914,
    0.26323890686035156,
    0.2611401081085205,
    0.2178969383239746,
    0.2138350009918213,
    0.2105240821838379,
    0.21608996391296387,
    0.23897480964660645,
    0.21343278884887695,
    0.25796985626220703,
    0.21012306213378906,
    0.22098994255065918
  ],
  "opt_settings": [
    0.7473745346004681,
    4.640579560952714,
    4.95308731166752,
    1.878654975902004,
    1.501944648941927,
    0.5032108862029772,
    5.524790440221132,
    4.774852993956658,
    5.248239776593812,
    5.018156516483049,
    5.427633991219128,
    5.880938010852208,
    4.394098741964776,
    3.992946998259741,
    2.6926168002227415
  ],
  "min_cost": null,
  "datetime": "2023-05-30T16-38-41Z",
  "step_only": true,
  "ibm_device": "default.qubit",
  "shots": 10000,
  "prep_node_name": "W_state_2-qubit_ghz_state",
  "num_qubits": 5,
  "error": false,
  "cov_mats": [
    [
      [
        0.92070144,
        -0.39589024000000006,
        0.5007398399999999,
        0.019126399999999932,
        0.0058758399999999395
      ],
      [
        -0.39589024000000006,
        0.99623004,
        -0.27904664,
        -0.0027544000000000023,
        -0.0048526399999999584
      ],
      [
        0.5007398399999999,
        -0.27904664,
        0.91450224,
        0.00803040000000004,
        0.012098239999999967
      ],
      [
        0.019126399999999932,
        -0.0027544000000000023,
        0.00803040000000004,
        0.999984,
        0.0135904
      ],
      [
        0.0058758399999999395,
        -0.0048526399999999584,
        0.012098239999999967,
        0.0135904,
        0.9999942399999999
      ]
    ],
    [
      [
        0.93146076,
        -0.4498102,
        0.52275724,
        -0.005808560000000037,
        0.0010840799999999717
      ],
      [
        -0.4498102,
        0.9984789999999999,
        -0.3385998,
        0.004241200000000026,
        0.002008400000000013
      ],
      [
        0.52275724,
        -0.3385998,
        0.9261247599999999,
        -0.0008994400000000209,
        0.009959920000000018
      ],
      [
        -0.005808560000000037,
        0.004241200000000026,
        -0.0008994400000000209,
        0.99991536,
        0.005343520000000063
      ],
      [
        0.0010840799999999717,
        0.002008400000000013,
        0.009959920000000018,
        0.005343520000000063,
        0.99975664
      ]
    ],
    [
      [
        0.94297456,
        -0.5068146399999999,
        0.54834776,
        -0.011940320000000022,
        -0.008304480000000045
      ],
      [
        -0.5068146399999999,
        0.99771516,
        -0.3980404400000001,
        0.009572079999999965,
        0.009419120000000053
      ],
      [
        0.54834776,
        -0.3980404400000001,
        0.93739996,
        -0.018300719999999982,
        0.004499919999999962
      ],
      [
        -0.011940320000000022,
        0.009572079999999965,
        -0.018300719999999982,
        0.99998704,
        0.03839856000000002
      ],
      [
        -0.008304480000000045,
        0.009419120000000053,
        0.004499919999999962,
        0.03839856000000002,
        0.99999984
      ]
    ],
    [
      [
        0.95822064,
        -0.5545224800000002,
        0.5725504,
        -0.005257199999999939,
        0.005944640000000014
      ],
      [
        -0.5545224800000002,
        0.99587836,
        -0.4591327999999999,
        0.0023653999999999516,
        -0.0006404800000000047
      ],
      [
        0.5725504,
        -0.4591327999999999,
        0.9533439999999997,
        -0.012592000000000023,
        -0.004409600000000022
      ],
      [
        -0.005257199999999939,
        0.0023653999999999516,
        -0.012592000000000023,
        0.999831,
        0.0514728
      ],
      [
        0.005944640000000014,
        -0.0006404800000000047,
        -0.004409600000000022,
        0.0514728,
        0.9999686399999999
      ]
    ],
    [
      [
        0.96405184,
        -0.60210144,
        0.59874208,
        0.005403679999999959,
        0.0027718399999999217
      ],
      [
        -0.60210144,
        0.99867504,
        -0.51723728,
        -0.004752879999999937,
        0.010778559999999989
      ],
      [
        0.59874208,
        -0.51723728,
        0.96944496,
        0.000934159999999974,
        0.0049820799999998515
      ],
      [
        0.005403679999999959,
        -0.004752879999999937,
        0.000934159999999974,
        0.99998236,
        0.10744367999999994
      ],
      [
        0.0027718399999999217,
        0.010778559999999989,
        0.0049820799999998515,
        0.10744367999999994,
        0.99989184
      ]
    ],
    [
      [
        0.97695676,
        -0.6242970399999999,
        0.6344592,
        -0.0030125199999999626,
        0.007584039999999994
      ],
      [
        -0.6242970399999999,
        0.99816816,
        -0.5690367999999999,
        -0.00785992,
        -0.005066160000000015
      ],
      [
        0.6344592,
        -0.5690367999999999,
        0.9792639999999999,
        0.005201600000000026,
        0.0010767999999999477
      ],
      [
        -0.0030125199999999626,
        -0.00785992,
        0.005201600000000026,
        0.9999980399999999,
        0.15321091999999997
      ],
      [
        0.007584039999999994,
        -0.005066160000000015,
        0.0010767999999999477,
        0.15321091999999997,
        0.99993916
      ]
    ],
    [
      [
        0.9767132399999999,
        -0.6303098,
        0.6296840399999999,
        -0.01451815999999995,
        0.00889087999999998
      ],
      [
        -0.6303098,
        0.999471,
        -0.5899758,
        -0.00880679999999998,
        -0.003257600000000002
      ],
      [
        0.6296840399999999,
        -0.5899758,
        0.98889084,
        0.0041146400000000305,
        0.009780480000000017
      ],
      [
        -0.01451815999999995,
        -0.00880679999999998,
        0.0041146400000000305,
        0.99992944,
        0.24729407999999992
      ],
      [
        0.00889087999999998,
        -0.003257600000000002,
        0.009780480000000017,
        0.24729407999999992,
        0.99987456
      ]
    ],
    [
      [
        0.98472304,
        -0.63296192,
        0.65038696,
        -0.005964000000000045,
        -0.008489919999999904
      ],
      [
        -0.63296192,
        0.99926016,
        -0.6067180799999999,
        0.0034720000000000345,
        0.009004160000000072
      ],
      [
        0.65038696,
        -0.6067180799999999,
        0.99027804,
        0.0020139999999999516,
        -0.002290080000000037
      ],
      [
        -0.005964000000000045,
        0.0034720000000000345,
        0.0020139999999999516,
        0.9999,
        0.32247200000000004
      ],
      [
        -0.008489919999999904,
        0.009004160000000072,
        -0.002290080000000037,
        0.32247200000000004,
        0.99994816
      ]
    ],
    [
      [
        0.99120156,
        -0.6405834800000001,
        0.6476862000000001,
        0.004898879999999984,
        0.007543080000000029
      ],
      [
        -0.6405834800000001,
        0.99801084,
        -0.6299846000000001,
        -0.007599039999999965,
        0.0006023599999999782
      ],
      [
        0.6476862000000001,
        -0.6299846000000001,
        0.990199,
        0.004417600000000032,
        -0.0026734000000000016
      ],
      [
        0.004898879999999984,
        -0.007599039999999965,
        0.004417600000000032,
        0.99949824,
        0.49589984000000015
      ],
      [
        0.007543080000000029,
        0.0006023599999999782,
        -0.0026734000000000016,
        0.49589984000000015,
        0.99982044
      ]
    ],
    [
      [
        0.99425436,
        -0.6532593999999999,
        0.6558669199999999,
        0.024526559999999958,
        0.023290400000000003
      ],
      [
        -0.6532593999999999,
        0.998151,
        -0.6514718,
        -0.028522399999999993,
        -0.030316000000000072
      ],
      [
        0.6558669199999999,
        -0.6514718,
        0.99400924,
        0.018700319999999944,
        0.018728799999999896
      ],
      [
        0.024526559999999958,
        -0.028522399999999993,
        0.018700319999999944,
        0.99971776,
        0.6849984
      ],
      [
        0.023290400000000003,
        -0.030316000000000072,
        0.018728799999999896,
        0.6849984,
        0.999856
      ]
    ],
    [
      [
        0.99297756,
        -0.6555922000000001,
        0.65115872,
        0.010664800000000042,
        0.006345240000000045
      ],
      [
        -0.6555922000000001,
        0.9996389999999998,
        -0.6447664000000001,
        -0.008676000000000024,
        -0.012593800000000049
      ],
      [
        0.65115872,
        -0.6447664000000001,
        0.99704064,
        0.006217600000000003,
        -4.511999999996536e-05
      ],
      [
        0.010664800000000042,
        -0.008676000000000024,
        0.006217600000000003,
        0.999984,
        0.8541592
      ],
      [
        0.006345240000000045,
        -0.012593800000000049,
        -4.511999999996536e-05,
        0.8541592,
        0.9998959599999998
      ]
    ],
    [
      [
        0.99561756,
        -0.6614933199999999,
        0.65574552,
        -0.0019616799999999488,
        -0.002467600000000109
      ],
      [
        -0.6614933199999999,
        0.99918204,
        -0.64609544,
        0.0035029600000000155,
        0.0026571999999999325
      ],
      [
        0.65574552,
        -0.64609544,
        0.99644784,
        -0.00981456,
        -0.012919199999999971
      ],
      [
        -0.0019616799999999488,
        0.0035029600000000155,
        -0.00981456,
        0.99998704,
        0.9535928
      ],
      [
        -0.002467600000000109,
        0.0026571999999999325,
        -0.012919199999999971,
        0.9535928,
        0.999996
      ]
    ],
    [
      [
        0.99721216,
        -0.6687392,
        0.6668697600000001,
        -0.007852160000000032,
        -0.007726079999999973
      ],
      [
        -0.6687392,
        0.999804,
        -0.6530512,
        0.008839200000000004,
        0.011019599999999954
      ],
      [
        0.6668697600000001,
        -0.6530512,
        0.99846336,
        -0.008909759999999977,
        -0.008654879999999997
      ],
      [
        -0.007852160000000032,
        0.008839200000000004,
        -0.008909759999999977,
        0.99999216,
        0.9805960799999999
      ],
      [
        -0.007726079999999973,
        0.011019599999999954,
        -0.008654879999999997,
        0.9805960799999999,
        0.99999804
      ]
    ],
    [
      [
        0.99771516,
        -0.6576515999999999,
        0.66104356,
        0.006788919999999981,
        0.0071506800000000195
      ],
      [
        -0.6576515999999999,
        0.9995159999999998,
        -0.6607356,
        -0.012389199999999989,
        -0.012406800000000016
      ],
      [
        0.66104356,
        -0.6607356,
        0.99908796,
        0.007059719999999975,
        0.007483879999999987
      ],
      [
        0.006788919999999981,
        -0.012389199999999989,
        0.007059719999999975,
        0.99992604,
        0.9927191600000002
      ],
      [
        0.0071506800000000195,
        -0.012406800000000016,
        0.007483879999999987,
        0.9927191600000002,
        0.99991164
      ]
    ],
    [
      [
        0.99874684,
        -0.6610726,
        0.6633487600000001,
        -0.018169960000000023,
        -0.01816996000000002
      ],
      [
        -0.6610726,
        0.9996389999999999,
        -0.6690614,
        0.009079400000000024,
        0.008679399999999931
      ],
      [
        0.6633487600000001,
        -0.6690614,
        0.99755964,
        -0.004646440000000003,
        -0.0038464400000000386
      ],
      [
        -0.018169960000000023,
        0.009079400000000024,
        -0.004646440000000003,
        0.99924924,
        0.99484924
      ],
      [
        -0.01816996000000002,
        0.008679399999999931,
        -0.0038464400000000386,
        0.99484924,
        0.9992492399999999
      ]
    ],
    [
      [
        0.99843184,
        -0.6654336000000001,
        0.67013456,
        0.006108879999999945,
        0.007116800000000033
      ],
      [
        -0.6654336000000001,
        0.999744,
        -0.6692224,
        -0.003275200000000069,
        -0.003472000000000046
      ],
      [
        0.67013456,
        -0.6692224,
        0.99944304,
        0.0036159200000000524,
        0.004611199999999968
      ],
      [
        0.006108879999999945,
        -0.003275200000000069,
        0.0036159200000000524,
        0.99993916,
        0.9985375999999999
      ],
      [
        0.007116800000000033,
        -0.003472000000000046,
        0.004611199999999968,
        0.9985375999999999,
        0.9999359999999999
      ]
    ],
    [
      [
        0.99917056,
        -0.6606352000000001,
        0.66437504,
        0.003083200000000014,
        0.003288959999999991
      ],
      [
        -0.6606352000000001,
        0.999159,
        -0.6682167999999999,
        0.007681000000000007,
        0.007486800000000029
      ],
      [
        0.66437504,
        -0.6682167999999999,
        0.99833536,
        -0.0037512000000000387,
        -0.00355936000000006
      ],
      [
        0.003083200000000014,
        0.007681000000000007,
        -0.0037512000000000387,
        0.999879,
        0.9996812
      ],
      [
        0.003288959999999991,
        0.007486800000000029,
        -0.00355936000000006,
        0.9996812,
        0.99988336
      ]
    ],
    [
      [
        0.999856,
        -0.6751416,
        0.6659792,
        -0.0003432000000000457,
        -0.000540800000000024
      ],
      [
        -0.6751416,
        0.99986076,
        -0.65742712,
        0.02385251999999998,
        0.02405487999999996
      ],
      [
        0.6659792,
        -0.65742712,
        0.99900144,
        -0.004476239999999997,
        -0.0046825599999999745
      ],
      [
        -0.0003432000000000457,
        0.02385251999999998,
        -0.004476239999999997,
        0.99954204,
        0.9993377600000001
      ],
      [
        -0.000540800000000024,
        0.02405487999999996,
        -0.0046825599999999745,
        0.9993377600000001,
        0.99953344
      ]
    ],
    [
      [
        0.999271,
        -0.668578,
        0.6616482,
        -0.015249000000000056,
        -0.015454400000000033
      ],
      [
        -0.668578,
        0.999804,
        -0.6683676,
        0.012782000000000028,
        0.012979200000000007
      ],
      [
        0.6616482,
        -0.6683676,
        0.99972444,
        -0.020615800000000028,
        -0.020812480000000008
      ],
      [
        -0.015249000000000056,
        0.012782000000000028,
        -0.020615800000000028,
        0.9998309999999999,
        0.9996335999999999
      ],
      [
        -0.015454400000000033,
        0.012979200000000007,
        -0.020812480000000008,
        0.9996335999999999,
        0.9998361599999999
      ]
    ],
    [
      [
        0.99836784,
        -0.6706404000000001,
        0.67446664,
        -0.0040787999999999216,
        -0.0040787999999999216
      ],
      [
        -0.6706404000000001,
        0.999999,
        -0.6767934000000001,
        0.00040299999999995624,
        0.00040299999999995624
      ],
      [
        0.67446664,
        -0.6767934000000001,
        0.99995644,
        -0.0012197999999999797,
        -0.0012197999999999797
      ],
      [
        -0.0040787999999999216,
        0.00040299999999995624,
        -0.0012197999999999797,
        0.999991,
        0.999991
      ],
      [
        -0.0040787999999999216,
        0.00040299999999995624,
        -0.0012197999999999797,
        0.999991,
        0.999991
      ]
    ],
    [
      [
        0.999984,
        -0.654024,
        0.65812,
        -0.0031048000000000026,
        -0.0031048000000000026
      ],
      [
        -0.654024,
        0.999964,
        -0.65902,
        -0.02355720000000006,
        -0.02355720000000006
      ],
      [
        0.65812,
        -0.65902,
        0.9991,
        -0.005013999999999945,
        -0.005013999999999945
      ],
      [
        -0.0031048000000000026,
        -0.02355720000000006,
        -0.005013999999999945,
        0.99931356,
        0.99931356
      ],
      [
        -0.0031048000000000026,
        -0.02355720000000006,
        -0.005013999999999945,
        0.99931356,
        0.99931356
      ]
    ]
  ]
}