{
  "settings_list": [
    [
      6.021955835026955,
      6.174148107677142,
      5.248830148266454,
      2.759439957055597,
      2.9745897553020963,
      4.558303064788509,
      1.3416999866634538,
      0.6109376723767443,
      1.7209283120437295,
      4.042517159928593,
      2.944182739836567,
      3.2458065788291512,
      6.0762135828726995,
      4.456311115208061,
      1.456871414008134
    ],
    [
      6.011921578028099,
      6.123974292539596,
      5.251690114704495,
      2.7547695792074416,
      3.00268596229989,
      4.561190644598235,
      1.29611738090991,
      0.5808580968485466,
      1.7239080865072731,
      4.016998619277496,
      2.80302977838917,
      3.246662090763454,
      6.052263799271569,
      4.3500428497845185,
      1.4578325776519951
    ],
    [
      5.991118388468989,
      6.074950807315305,
      5.251336035534562,
      2.7385555002169455,
      3.026211914948786,
      4.561981756898494,
      1.2421073719819997,
      0.5498557700676345,
      1.722408279324678,
      3.9719647200740975,
      2.622257901240584,
      3.2460854934511785,
      6.009787302419601,
      4.216202868831725,
      1.4611914490671791
    ],
    [
      5.966633832243203,
      6.028351370170475,
      5.250687104411015,
      2.719671201640389,
      3.0481357715329422,
      4.5649650609747425,
      1.1874793254916765,
      0.5177689233103008,
      1.728347222007457,
      3.9057094405651527,
      2.4449760638470264,
      3.246018356558404,
      5.940995009244379,
      4.089434872416814,
      1.46399342079239
    ],
    [
      5.933666099749805,
      5.984311204056452,
      5.251701862715011,
      2.6965754310792343,
      3.0692450931410447,
      4.568509192362368,
      1.1306690378611894,
      0.4849086777500575,
      1.7294803683545736,
      3.8367399619252716,
      2.336021896553444,
      3.245074367567355,
      5.871299845106218,
      4.015516810977033,
      1.4640250050334562
    ],
    [
      5.892316475912207,
      5.944080831218716,
      5.2517735395253595,
      2.661687423337411,
      3.0946088127434437,
      4.569274330093045,
      1.0754541868126375,
      0.4531130835917401,
      1.7299304720112316,
      3.7895079669871428,
      2.3045700257377737,
      3.24529264753678,
      5.8236029565640175,
      3.9953240222955757,
      1.4641331225228862
    ],
    [
      5.846968293506203,
      5.90937926502151,
      5.251575956028315,
      2.621489844987005,
      3.1224132113578875,
      4.569716069209741,
      1.0217927299581098,
      0.42391727858413525,
      1.7305716794315216,
      3.7560145602219146,
      2.2936540330751534,
      3.2455790513174816,
      5.78845668318241,
      3.994530397990467,
      1.4633600950422216
    ],
    [
      5.801125259369806,
      5.882696470454052,
      5.251331877287536,
      2.5779898431078263,
      3.153222630212085,
      4.569917733446248,
      0.9798104507329417,
      0.3984655117199298,
      1.7300716915256618,
      3.73654551327755,
      2.289552362109412,
      3.2482001115600836,
      5.764064876516762,
      3.9945591550572725,
      1.4636861248922952
    ],
    [
      5.7477811040664175,
      5.8642104063958245,
      5.25305050684425,
      2.527620807984903,
      3.1872394703684406,
      4.569508105575879,
      0.9476593328447624,
      0.38272450644837136,
      1.7290461283704106,
      3.7230809986505915,
      2.2878818265588423,
      3.247657339945117,
      5.749881697174127,
      3.9935228992780005,
      1.4632699392780295
    ],
    [
      5.690240311704808,
      5.8460018739956325,
      5.2514162223500485,
      2.471318182675105,
      3.220207909150725,
      4.569338483156467,
      0.929164186793108,
      0.37112616422847694,
      1.7289576789485417,
      3.7146873392782105,
      2.293129429097412,
      3.246295415768669,
      5.743527123022958,
      3.994122089666007,
      1.4635114364065127
    ],
    [
      5.620200279041499,
      5.83195045624986,
      5.252224930318803,
      2.4013221696733513,
      3.262000412655717,
      4.570045075247526,
      0.929506870019636,
      0.37035595583277137,
      1.7282566980353578,
      3.707104778812905,
      2.2874089718120296,
      3.2467951126134116,
      5.737550942801179,
      3.994582711277015,
      1.4645726417878246
    ],
    [
      5.550428355913379,
      5.82349495963762,
      5.253831544330364,
      2.333892071609111,
      3.306217578214397,
      4.570528316081726,
      0.9435821222546359,
      0.3675416329084914,
      1.7285323416456377,
      3.702710896873145,
      2.2881961962751496,
      3.2476445857408516,
      5.736335797431539,
      3.998555944667295,
      1.4640276109462647
    ],
    [
      5.462991598316144,
      5.813219084502937,
      5.254394787987853,
      2.248487612868503,
      3.35858653331089,
      4.567315879959969,
      0.9653320084633008,
      0.3732483720434594,
      1.728526174907903,
      3.7004836207011635,
      2.28044998671293,
      3.2466090222515023,
      5.738670298369981,
      3.999883557940964,
      1.4638838727338521
    ],
    [
      5.368050100773565,
      5.807796264638172,
      5.256659707061609,
      2.1574318720658865,
      3.416461283906356,
      4.564955698263789,
      1.0015832824046103,
      0.3827405707365589,
      1.7287131410643088,
      3.7009549679085105,
      2.2867881327763,
      3.2441125651341647,
      5.735435674937426,
      3.9956554268567888,
      1.46581218759286
    ],
    [
      5.2644453688607,
      5.803734923255914,
      5.256279461019812,
      2.0504300043944457,
      3.466235554259162,
      4.566659125444649,
      1.0451748210418859,
      0.3966233513850921,
      1.726294006893023,
      3.7024024536927,
      2.286584132408586,
      3.247874968646711,
      5.733277384819247,
      3.989259054281071,
      1.4690169571992875
    ],
    [
      5.157461592764651,
      5.806103814372042,
      5.25967917183746,
      1.9564203547991177,
      3.51538902939001,
      4.567619038294857,
      1.10463424698635,
      0.41283333792067606,
      1.729960977856527,
      3.700521628322428,
      2.2961156944545698,
      3.2505270709336553,
      5.727425924544287,
      3.988924781352111,
      1.4683760812153035
    ],
    [
      5.05569565653797,
      5.8084481402330645,
      5.259143683817237,
      1.8686263380805241,
      3.5547258054504915,
      4.560811558238277,
      1.1717522716969146,
      0.4260485539533161,
      1.7275473269623254,
      3.704530694289388,
      2.298851450103584,
      3.254346014355881,
      5.728214444194972,
      3.9875780287092244,
      1.4685113077820764
    ],
    [
      4.975432416651383,
      5.809285154887445,
      5.265917399358262,
      1.7939186527166553,
      3.5761941173571916,
      4.56304787769328,
      1.228346649362994,
      0.43838395745440856,
      1.7292410721000073,
      3.7019175466798373,
      2.293772660030273,
      3.2522522625993906,
      5.728024579498026,
      3.9866399066633083,
      1.4726267694614292
    ],
    [
      4.9152129735310925,
      5.81194406593204,
      5.271230007579608,
      1.7389523277098944,
      3.58963071441343,
      4.556068973467424,
      1.2845051483299303,
      0.44882508829773754,
      1.7256335711953423,
      3.7001829909158115,
      2.2846530924015145,
      3.256371116638548,
      5.725520193531709,
      3.988840777296792,
      1.476117050332709
    ],
    [
      4.865387114277537,
      5.819618411465692,
      5.270676286068453,
      1.7009049131279552,
      3.6035980583645646,
      4.551923228469172,
      1.3402222011978164,
      0.45437152573122486,
      1.7247958140969384,
      3.699751154600696,
      2.292001839608506,
      3.255842846904104,
      5.72716848604609,
      4.000389195184541,
      1.476987019535612
    ],
    [
      4.831071995134246,
      5.8172367647489684,
      5.2703743564677925,
      1.6634702512692416,
      3.5988051055831707,
      4.556600198143985,
      1.3836861413913013,
      0.45838382811463096,
      1.7239264622349377,
      3.6961303204825775,
      2.287271316747532,
      3.2557922340233363,
      5.727512162398213,
      4.000085028594128,
      1.476808080134826
    ]
  ],
  "cost_vals": [],
  "step_size": 0.1,
  "opt_step_times": [
    0.19516301155090332,
    0.20743608474731445,
    0.2902867794036865,
    0.19194984436035156,
    0.20162582397460938,
    0.1925649642944336,
    0.19525885581970215,
    0.1916818618774414,
    0.19351506233215332,
    0.19443202018737793,
    0.21880602836608887,
    0.19976210594177246,
    0.20483994483947754,
    0.21472406387329102,
    0.2055070400238037,
    0.20229887962341309,
    0.198197603225708,
    0.2479102611541748,
    0.18283319473266602,
    0.2278449535369873
  ],
  "opt_settings": [
    4.831071995134246,
    5.8172367647489684,
    5.2703743564677925,
    1.6634702512692416,
    3.5988051055831707,
    4.556600198143985,
    1.3836861413913013,
    0.45838382811463096,
    1.7239264622349377,
    3.6961303204825775,
    2.287271316747532,
    3.2557922340233363,
    5.727512162398213,
    4.000085028594128,
    1.476808080134826
  ],
  "min_cost": null,
  "datetime": "2023-05-30T16-39-52Z",
  "step_only": true,
  "ibm_device": "default.qubit",
  "shots": 10000,
  "prep_node_name": "W_state_2-qubit_ghz_state",
  "num_qubits": 5,
  "error": false,
  "cov_mats": [
    [
      [
        0.88964316,
        -0.32918676,
        -0.25613608,
        -0.003267799999999955,
        -0.0020732399999999753
      ],
      [
        -0.32918676,
        0.9064863599999999,
        -0.20664712000000007,
        -0.007294200000000012,
        0.016973639999999995
      ],
      [
        -0.25613608,
        -0.20664712000000007,
        0.99681904,
        -0.005743600000000058,
        0.017327120000000012
      ],
      [
        -0.003267799999999955,
        -0.007294200000000012,
        -0.005743600000000058,
        0.999999,
        -0.3672058000000001
      ],
      [
        -0.0020732399999999753,
        0.016973639999999995,
        0.017327120000000012,
        -0.3672058000000001,
        0.9999663599999999
      ]
    ],
    [
      [
        0.892416,
        -0.32717759999999996,
        -0.2983712,
        0.003468799999999979,
        0.004502399999999981
      ],
      [
        -0.32717759999999996,
        0.90746236,
        -0.24865768,
        -0.010321679999999974,
        -0.010635639999999924
      ],
      [
        -0.2983712,
        -0.24865768,
        0.9935358400000001,
        -0.005632160000000046,
        0.008666319999999941
      ],
      [
        0.003468799999999979,
        -0.010321679999999974,
        -0.005632160000000046,
        0.99999984,
        -0.56419768
      ],
      [
        0.004502399999999981,
        -0.010635639999999924,
        0.008666319999999941,
        -0.56419768,
        0.9999663599999998
      ]
    ],
    [
      [
        0.902031,
        -0.3267716,
        -0.32774400000000004,
        0.003494400000000017,
        0.0004536000000000336
      ],
      [
        -0.3267716,
        0.9140337599999999,
        -0.2850015999999999,
        -0.0004838400000000509,
        -0.003888959999999949
      ],
      [
        -0.32774400000000004,
        -0.2850015999999999,
        0.9922559999999999,
        -0.001785599999999984,
        -0.002566399999999917
      ],
      [
        0.003494400000000017,
        -0.0004838400000000509,
        -0.001785599999999984,
        0.99987456,
        -0.77871936
      ],
      [
        0.0004536000000000336,
        -0.003888959999999949,
        -0.002566399999999917,
        -0.77871936,
        0.99994816
      ]
    ],
    [
      [
        0.90278076,
        -0.30458272,
        -0.37200807999999996,
        -0.00447528000000001,
        0.0005657200000000597
      ],
      [
        -0.30458272,
        0.90365184,
        -0.31807423999999995,
        0.002124160000000012,
        -0.005627839999999924
      ],
      [
        -0.37200807999999996,
        -0.31807423999999995,
        0.99086064,
        -0.006361759999999978,
        0.008560240000000037
      ],
      [
        -0.00447528000000001,
        0.002124160000000012,
        -0.006361759999999978,
        0.99999984,
        -0.9321981599999999
      ],
      [
        0.0005657200000000597,
        -0.005627839999999924,
        0.008560240000000037,
        -0.9321981599999999,
        0.99997884
      ]
    ],
    [
      [
        0.9057510000000001,
        -0.28990000000000005,
        -0.41298179999999995,
        0.006477199999999953,
        -0.006247400000000017
      ],
      [
        -0.28990000000000005,
        0.9099999999999999,
        -0.36782,
        0.012279999999999897,
        -0.014459999999999917
      ],
      [
        -0.41298179999999995,
        -0.36782,
        0.9811212399999999,
        -0.014654959999999969,
        0.015847320000000067
      ],
      [
        0.006477199999999953,
        0.012279999999999897,
        -0.014654959999999969,
        0.99999984,
        -0.97939928
      ],
      [
        -0.006247400000000017,
        -0.014459999999999917,
        0.015847320000000067,
        -0.97939928,
        0.99999676
      ]
    ],
    [
      [
        0.91273884,
        -0.23621515999999995,
        -0.46972500000000006,
        0.022917679999999975,
        -0.022354000000000058
      ],
      [
        -0.23621515999999995,
        0.90673084,
        -0.3793749999999999,
        -0.007790320000000019,
        0.008345999999999935
      ],
      [
        -0.46972500000000006,
        -0.3793749999999999,
        0.984375,
        -0.009850000000000046,
        0.010550000000000004
      ],
      [
        0.022917679999999975,
        -0.007790320000000019,
        -0.009850000000000046,
        0.99991536,
        -0.991908
      ],
      [
        -0.022354000000000058,
        0.008345999999999935,
        0.010550000000000004,
        -0.991908,
        0.9999
      ]
    ],
    [
      [
        0.914736,
        -0.19975999999999994,
        -0.47451840000000006,
        -0.0007544000000000331,
        0.0008960000000000404
      ],
      [
        -0.19975999999999994,
        0.9216,
        -0.4434559999999999,
        -0.01809599999999997,
        0.017840000000000023
      ],
      [
        -0.47451840000000006,
        -0.4434559999999999,
        0.9759129599999999,
        0.006831359999999991,
        -0.006662400000000027
      ],
      [
        -0.0007544000000000331,
        -0.01809599999999997,
        0.006831359999999991,
        0.9998607599999999,
        -0.9972584
      ],
      [
        0.0008960000000000404,
        0.017840000000000023,
        -0.006662400000000027,
        -0.9972584,
        0.999856
      ]
    ],
    [
      [
        0.92204736,
        -0.1593150399999999,
        -0.49779903999999997,
        0.026164639999999982,
        -0.025876320000000015
      ],
      [
        -0.1593150399999999,
        0.92371356,
        -0.4638854399999999,
        -0.007277959999999947,
        0.008367479999999993
      ],
      [
        -0.49779903999999997,
        -0.4638854399999999,
        0.9706905600000001,
        -0.026568960000000048,
        0.025700480000000032
      ],
      [
        0.026164639999999982,
        -0.007277959999999947,
        -0.026568960000000048,
        0.99979836,
        -0.99819268
      ],
      [
        -0.025876320000000015,
        0.008367479999999993,
        0.025700480000000032,
        -0.99819268,
        0.99978684
      ]
    ],
    [
      [
        0.93353916,
        -0.08599976000000006,
        -0.5231977600000001,
        0.007321839999999973,
        -0.007173400000000003
      ],
      [
        -0.08599976000000006,
        0.9275313599999999,
        -0.49624064000000007,
        -0.004046239999999967,
        0.0033923999999999678
      ],
      [
        -0.5231977600000001,
        -0.49624064000000007,
        0.96788736,
        0.0053017599999999835,
        -0.0047376000000000276
      ],
      [
        0.007321839999999973,
        -0.004046239999999967,
        0.0053017599999999835,
        0.99999216,
        -0.9993916
      ],
      [
        -0.007173400000000003,
        0.0033923999999999678,
        -0.0047376000000000276,
        -0.9993916,
        0.999991
      ]
    ],
    [
      [
        0.92666736,
        -0.03831600000000006,
        -0.53199,
        0.004211759999999906,
        -0.004065919999999922
      ],
      [
        -0.03831600000000006,
        0.9271,
        -0.52545,
        -0.003805999999999988,
        0.003951999999999972
      ],
      [
        -0.53199,
        -0.52545,
        0.969375,
        -0.006914999999999994,
        0.006680000000000019
      ],
      [
        0.004211759999999906,
        -0.003805999999999988,
        -0.006914999999999994,
        0.99950716,
        -0.99930272
      ],
      [
        -0.004065919999999922,
        0.003951999999999972,
        0.006680000000000019,
        -0.99930272,
        0.99949824
      ]
    ],
    [
      [
        0.94153276,
        0.045119640000000044,
        -0.54721904,
        -0.003491840000000028,
        0.0036434800000000114
      ],
      [
        0.045119640000000044,
        0.94230396,
        -0.54291056,
        -0.004309759999999996,
        0.004461720000000035
      ],
      [
        -0.54721904,
        -0.54291056,
        0.9628281599999999,
        0.006559359999999997,
        -0.00679791999999997
      ],
      [
        -0.003491840000000028,
        -0.004309759999999996,
        0.006559359999999997,
        0.99987456,
        -0.9996723200000001
      ],
      [
        0.0036434800000000114,
        0.004461720000000035,
        -0.00679791999999997,
        -0.9996723200000001,
        0.99987004
      ]
    ],
    [
      [
        0.94973436,
        0.14457847999999995,
        -0.58084212,
        0.013041280000000013,
        -0.013041280000000013
      ],
      [
        0.14457847999999995,
        0.94449264,
        -0.5686781599999999,
        -0.0027769599999999685,
        0.0027769599999999685
      ],
      [
        -0.58084212,
        -0.5686781599999999,
        0.96810204,
        0.0015142399999999879,
        -0.0015142399999999879
      ],
      [
        0.013041280000000013,
        -0.0027769599999999685,
        0.0015142399999999879,
        0.99999744,
        -0.99999744
      ],
      [
        -0.013041280000000013,
        0.0027769599999999685,
        -0.0015142399999999879,
        -0.99999744,
        0.99999744
      ]
    ],
    [
      [
        0.9652550400000001,
        0.22551952000000006,
        -0.5722699200000001,
        0.0026513600000000605,
        -0.0028886400000000343
      ],
      [
        0.22551952000000006,
        0.96458076,
        -0.5708259600000001,
        0.011628680000000013,
        -0.011866320000000014
      ],
      [
        -0.5722699200000001,
        -0.5708259600000001,
        0.9608751600000001,
        -0.014892279999999994,
        0.015052720000000032
      ],
      [
        0.0026513600000000605,
        0.011628680000000013,
        -0.014892279999999994,
        0.9998412400000002,
        -0.9996437600000002
      ],
      [
        -0.0028886400000000343,
        -0.011866320000000014,
        0.015052720000000032,
        -0.9996437600000002,
        0.9998462400000002
      ]
    ],
    [
      [
        0.96435456,
        0.3216832,
        -0.59416608,
        0.006880960000000036,
        -0.006718720000000053
      ],
      [
        0.3216832,
        0.965404,
        -0.5985276,
        0.0008412000000000567,
        -0.0006784000000000746
      ],
      [
        -0.59416608,
        -0.5985276,
        0.97547644,
        -0.000576279999999998,
        0.0003449600000000235
      ],
      [
        0.006880960000000036,
        0.0008412000000000567,
        -0.000576279999999998,
        0.99979836,
        -0.9995955200000001
      ],
      [
        -0.006718720000000053,
        -0.0006784000000000746,
        0.0003449600000000235,
        -0.9995955200000001,
        0.99979264
      ]
    ],
    [
      [
        0.975975,
        0.41004299999999994,
        -0.60549,
        -0.003748999999999971,
        0.003748999999999971
      ],
      [
        0.41004299999999994,
        0.97767964,
        -0.6090051999999999,
        0.005827480000000055,
        -0.005827480000000055
      ],
      [
        -0.60549,
        -0.6090051999999999,
        0.975036,
        0.0012635999999999498,
        -0.0012635999999999498
      ],
      [
        -0.003748999999999971,
        0.005827480000000055,
        0.0012635999999999498,
        0.99998236,
        -0.99998236
      ],
      [
        0.003748999999999971,
        -0.005827480000000055,
        -0.0012635999999999498,
        -0.99998236,
        0.99998236
      ]
    ],
    [
      [
        0.97701744,
        0.48586752,
        -0.61912552,
        0.0019037600000000891,
        -0.0019037600000000891
      ],
      [
        0.48586752,
        0.98236416,
        -0.62522816,
        0.003342080000000022,
        -0.003342080000000022
      ],
      [
        -0.61912552,
        -0.62522816,
        0.98506716,
        -0.002149079999999996,
        0.002149079999999996
      ],
      [
        0.0019037600000000891,
        0.003342080000000022,
        -0.002149079999999996,
        0.99992604,
        -0.99992604
      ],
      [
        -0.0019037600000000891,
        -0.003342080000000022,
        0.002149079999999996,
        -0.99992604,
        0.99992604
      ]
    ],
    [
      [
        0.99007984,
        0.5697180799999999,
        -0.63289224,
        -0.01471391999999997,
        0.014493999999999969
      ],
      [
        0.5697180799999999,
        0.99093696,
        -0.6255668799999999,
        -0.007047039999999976,
        0.006827999999999972
      ],
      [
        -0.63289224,
        -0.6255668799999999,
        0.98574364,
        0.00918511999999997,
        -0.009008999999999934
      ],
      [
        -0.01471391999999997,
        -0.007047039999999976,
        0.00918511999999997,
        0.99976896,
        -0.999572
      ],
      [
        0.014493999999999969,
        0.006827999999999972,
        -0.009008999999999934,
        -0.999572,
        0.999775
      ]
    ],
    [
      [
        0.9939782399999999,
        0.617956,
        -0.64578928,
        0.008208480000000032,
        -0.008208480000000032
      ],
      [
        0.617956,
        0.995775,
        -0.644757,
        0.0025369999999999785,
        -0.0025369999999999785
      ],
      [
        -0.64578928,
        -0.644757,
        0.99043516,
        -0.0033975599999999896,
        0.0033975599999999896
      ],
      [
        0.008208480000000032,
        0.0025369999999999785,
        -0.0033975599999999896,
        0.9998959600000003,
        -0.9998959600000003
      ],
      [
        -0.008208480000000032,
        -0.0025369999999999785,
        0.0033975599999999896,
        -0.9998959600000003,
        0.9998959600000003
      ]
    ],
    [
      [
        0.996031,
        0.6363398,
        -0.6417078,
        0.00719520000000005,
        -0.00719520000000005
      ],
      [
        0.6363398,
        0.99793884,
        -0.6569132400000001,
        0.0033641599999999923,
        -0.0033641599999999923
      ],
      [
        -0.6417078,
        -0.6569132400000001,
        0.99179164,
        -0.014269759999999949,
        0.014269759999999949
      ],
      [
        0.00719520000000005,
        0.0033641599999999923,
        -0.014269759999999949,
        0.99990784,
        -0.99990784
      ],
      [
        -0.00719520000000005,
        -0.0033641599999999923,
        0.014269759999999949,
        -0.99990784,
        0.99990784
      ]
    ],
    [
      [
        0.99881664,
        0.66008592,
        -0.6660625600000001,
        0.00033215999999996565,
        -0.00012527999999996066
      ],
      [
        0.66008592,
        0.99854076,
        -0.66535668,
        -0.0035195199999999774,
        0.0033271599999999983
      ],
      [
        -0.6660625600000001,
        -0.66535668,
        0.99400924,
        0.006747359999999997,
        -0.006531879999999993
      ],
      [
        0.00033215999999996565,
        -0.0035195199999999774,
        0.006747359999999997,
        0.99981504,
        -0.99961232
      ],
      [
        -0.00012527999999996066,
        0.0033271599999999983,
        -0.006531879999999993,
        -0.99961232,
        0.99980956
      ]
    ],
    [
      [
        0.9988710399999999,
        0.6708172800000001,
        -0.67302784,
        -0.008799999999999948,
        0.008799999999999948
      ],
      [
        0.6708172800000001,
        0.99876096,
        -0.66511488,
        -0.011599999999999973,
        0.011599999999999973
      ],
      [
        -0.67302784,
        -0.66511488,
        0.99704064,
        0.021199999999999965,
        -0.021199999999999965
      ],
      [
        -0.008799999999999948,
        -0.011599999999999973,
        0.021199999999999965,
        1.0,
        -1.0
      ],
      [
        0.008799999999999948,
        0.011599999999999973,
        -0.021199999999999965,
        -1.0,
        1.0
      ]
    ]
  ]
}