{
  "settings_list": [
    [
      1.3201384633289273,
      2.3766260093929388,
      0.6193358177982057,
      1.367808738244098,
      0.8180483095201406,
      4.03911470933274,
      1.773919454943787,
      3.1660997322591578,
      0.4604609402694789,
      3.24112039219294,
      0.5623352420615676,
      5.7846991021662895,
      1.103655832058641,
      4.063211954220547,
      0.671263031320988
    ],
    [
      1.3321377652122424,
      2.453385608086983,
      0.6201313436833513,
      1.376417533887408,
      0.7406153501171838,
      4.039895686273806,
      1.7546811858914402,
      3.163690884561801,
      0.4588373890194719,
      3.2891045050727326,
      0.6425343746390704,
      5.782152827998366,
      1.1516618715304898,
      4.117771693128651,
      0.6718484885312663
    ],
    [
      1.353609938770509,
      2.5531587154450763,
      0.621979002183855,
      1.3916295447606435,
      0.6414329241624311,
      4.038274001941008,
      1.7391910863586766,
      3.1652940632572357,
      0.45805560608057655,
      3.3517642349274026,
      0.7530099827559494,
      5.77893701815496,
      1.2171590005883273,
      4.195638282585626,
      0.6721192844306763
    ],
    [
      1.382052974703904,
      2.681963814363201,
      0.6232366503344039,
      1.4173518781207302,
      0.5107066121930768,
      4.038005881744438,
      1.7277555633692865,
      3.167800075720437,
      0.461024079196358,
      3.425474060200124,
      0.8952802755128862,
      5.7794603025536135,
      1.289983992668284,
      4.290235667773196,
      0.6724137687391505
    ],
    [
      1.4181028308179149,
      2.832096644708697,
      0.6150315206256365,
      1.4434583229466948,
      0.36385309992280157,
      4.039087980942143,
      1.704735415964053,
      3.1695099772623334,
      0.464885610901053,
      3.4928811165404485,
      1.0573839258410507,
      5.773562129517888,
      1.3736197788186302,
      4.37925560021296,
      0.672680796230826
    ],
    [
      1.4616271126618516,
      2.9656834332570217,
      0.6164518682259088,
      1.4800366283987825,
      0.22374860693293916,
      4.039231264064615,
      1.690553887856185,
      3.167032028637559,
      0.45856996524262966,
      3.547603504173678,
      1.1970376087695132,
      5.769520210252634,
      1.4255524148845604,
      4.4492503780232155,
      0.6817548282347821
    ],
    [
      1.4936376533230122,
      3.065057125958415,
      0.6152727115624688,
      1.5119974177420517,
      0.134115916732278,
      4.044935759551714,
      1.670449495031867,
      3.1598577934549663,
      0.4569714201023749,
      3.580345045743508,
      1.3030913309242838,
      5.768717004124079,
      1.4580949734559248,
      4.500738242302173,
      0.6785175243823814
    ],
    [
      1.5175338116945476,
      3.117601967799474,
      0.615867884880541,
      1.5288668655336293,
      0.07824339130423316,
      4.0410252330089325,
      1.6449297719644351,
      3.1675243233664734,
      0.449914349030302,
      3.6019215716639903,
      1.375547097030301,
      5.772934426723314,
      1.475680658759177,
      4.543556184123803,
      0.6811628005524576
    ],
    [
      1.5334112660469674,
      3.1422290288251182,
      0.6157264736357563,
      1.535934105181768,
      0.05049646084075028,
      4.047121225852686,
      1.6222701200316947,
      3.172817872221656,
      0.45130866178343604,
      3.618043417474517,
      1.4257422138780367,
      5.772190346582722,
      1.4861442295158862,
      4.5796872756394045,
      0.6761240367762316
    ],
    [
      1.5434632281347835,
      3.1543418832320222,
      0.6162654893734603,
      1.5443060942781761,
      0.0397980142014303,
      4.049643574416254,
      1.6128774629055507,
      3.169873296067808,
      0.4504864628285561,
      3.623951405289645,
      1.4614750617162766,
      5.7717336958159615,
      1.4945769942449743,
      4.602908733132237,
      0.6745181122276875
    ],
    [
      1.5578529502497658,
      3.163665492753968,
      0.6197090458543818,
      1.5666600817267264,
      0.039012546704419136,
      4.046735640613937,
      1.6060264526953363,
      3.1639465814825662,
      0.4553507055992569,
      3.6270616404363842,
      1.4891046609895182,
      5.775394844487091,
      1.4999192976303055,
      4.627296017981722,
      0.6775949999790347
    ],
    [
      1.5565926647018513,
      3.167622495326302,
      0.6245539260269923,
      1.5635977309934042,
      0.03764088756129724,
      4.046161466980058,
      1.590481444570321,
      3.1707783573995045,
      0.4575898938058899,
      3.632020326025704,
      1.5009387586229928,
      5.7800643673520895,
      1.4965384686954806,
      4.640315443682228,
      0.6757696017942181
    ],
    [
      1.5615068042930353,
      3.1697760194394378,
      0.6232635238452899,
      1.564947396704969,
      0.028589320632004464,
      4.047661460136314,
      1.5850673163600137,
      3.170170772678692,
      0.46542440018317627,
      3.6336718855976047,
      1.5225364905388488,
      5.777775353505446,
      1.5053037629284054,
      4.644650907896241,
      0.6789525752649733
    ],
    [
      1.5688080279508716,
      3.168268303147016,
      0.6217208387356137,
      1.5638810316332492,
      0.03189745325752226,
      4.050786577634929,
      1.5732818035396465,
      3.1728748892731815,
      0.464551795639576,
      3.637706190910321,
      1.5404197869307608,
      5.777168315333794,
      1.5096374492972504,
      4.656577635192992,
      0.6797551852021253
    ],
    [
      1.5706534956900444,
      3.17199930433103,
      0.619504377860412,
      1.5708923784524076,
      0.029991944141483914,
      4.055358797584655,
      1.5724564059952288,
      3.1705977194291624,
      0.4643453059568079,
      3.632598295465268,
      1.5460639364227111,
      5.77782325848506,
      1.507001715821348,
      4.67389606878692,
      0.6808056421292693
    ],
    [
      1.5721332852179177,
      3.1677798781071447,
      0.6215412116632983,
      1.5738601863450354,
      0.03282639126457515,
      4.049694870445507,
      1.5679099936651775,
      3.1703574416307405,
      0.46104168593548117,
      3.628457093611268,
      1.5529306623096921,
      5.776264198995347,
      1.5050838154663655,
      4.68698889465881,
      0.6817905201722247
    ],
    [
      1.5744311124072474,
      3.1725806467577145,
      0.6203169634262792,
      1.5797430924098195,
      0.027648738593391196,
      4.050367685922957,
      1.5767740316152925,
      3.167582646586939,
      0.46067352867904277,
      3.6290726523699672,
      1.5493939180940313,
      5.777466011465462,
      1.5043018687051095,
      4.681327900172925,
      0.6782523974132455
    ],
    [
      1.5641858316840436,
      3.1712128074714583,
      0.6202550789192612,
      1.5671667281629986,
      0.02562125403401044,
      4.049124882804713,
      1.5695498420692398,
      3.1670517459621124,
      0.4644529224858853,
      3.6239968710663097,
      1.558451881446431,
      5.769564494924585,
      1.4979498613939044,
      4.692642114050831,
      0.6819791106428925
    ],
    [
      1.5683778611135115,
      3.1711296796889603,
      0.6132502099529633,
      1.5736906063435077,
      0.021187059206151278,
      4.050687213642074,
      1.5744111621261174,
      3.1661766679495855,
      0.45964185943360725,
      3.6270647635392472,
      1.5582342214832008,
      5.770949571589186,
      1.5027931814263193,
      4.702662042351926,
      0.6818525530209981
    ],
    [
      1.5716376480807353,
      3.1667773793573226,
      0.6085222248515937,
      1.576781474146078,
      0.028228141925263628,
      4.051793208901054,
      1.5722276903088201,
      3.1646264226792913,
      0.46342066438858004,
      3.6319329378336396,
      1.5598268025377071,
      5.775550461483628,
      1.5048628450721708,
      4.712722474243582,
      0.6845871915066724
    ],
    [
      1.5746119158019154,
      3.1622151326644636,
      0.604189080812564,
      1.5710113049094188,
      0.0235977050990595,
      4.045747360382147,
      1.5744679631519458,
      3.16608325405993,
      0.4589975427143247,
      3.630625754091631,
      1.5744425687896264,
      5.7767716224528805,
      1.5070201301999788,
      4.702874911245371,
      0.6853384169501541
    ]
  ],
  "cost_vals": [],
  "step_size": 0.1,
  "opt_step_times": [
    0.20476984977722168,
    0.21288490295410156,
    0.2354588508605957,
    0.22509384155273438,
    0.1884169578552246,
    0.17827415466308594,
    0.20554900169372559,
    0.29033613204956055,
    0.31659436225891113,
    0.37109804153442383,
    0.17287111282348633,
    0.18068814277648926,
    0.18434715270996094,
    0.1825101375579834,
    0.21088624000549316,
    0.21112775802612305,
    0.24259114265441895,
    0.24127912521362305,
    0.23259973526000977,
    0.21061396598815918
  ],
  "opt_settings": [
    1.5746119158019154,
    3.1622151326644636,
    0.604189080812564,
    1.5710113049094188,
    0.0235977050990595,
    4.045747360382147,
    1.5744679631519458,
    3.16608325405993,
    0.4589975427143247,
    3.630625754091631,
    1.5744425687896264,
    5.7767716224528805,
    1.5070201301999788,
    4.702874911245371,
    0.6853384169501541
  ],
  "min_cost": null,
  "datetime": "2023-04-19T20-40-55Z",
  "step_only": true,
  "ibm_device": "default.qubit",
  "shots": 10000,
  "prep_node_name": "W_state_2-qubit_ghz_state",
  "num_qubits": 5,
  "cov_mats": [
    [
      [
        0.99598044,
        -0.04296947999999996,
        0.47223800000000005,
        0.0034899199999999467,
        0.008828239999999985
      ],
      [
        -0.04296947999999996,
        0.99771516,
        -0.504746,
        -0.011664640000000068,
        0.009227920000000028
      ],
      [
        0.47223800000000005,
        -0.504746,
        0.9951,
        -0.0072159999999999724,
        -0.00025200000000001556
      ],
      [
        0.0034899199999999467,
        -0.011664640000000068,
        -0.0072159999999999724,
        0.99987456,
        -0.3671596800000001
      ],
      [
        0.008828239999999985,
        0.009227920000000028,
        -0.00025200000000001556,
        -0.3671596800000001,
        0.99998704
      ]
    ],
    [
      [
        0.995239,
        -0.18208800000000003,
        0.53645,
        0.0026622000000000425,
        0.002351199999999984
      ],
      [
        -0.18208800000000003,
        0.997696,
        -0.528,
        -0.015982400000000067,
        0.009129599999999993
      ],
      [
        0.53645,
        -0.528,
        0.9974999999999999,
        -0.0011900000000000027,
        0.000360000000000021
      ],
      [
        0.0026622000000000425,
        -0.015982400000000067,
        -0.0011900000000000027,
        0.99998556,
        -0.5613422400000001
      ],
      [
        0.002351199999999984,
        0.009129599999999993,
        0.000360000000000021,
        -0.5613422400000001,
        0.99976896
      ]
    ],
    [
      [
        0.99582684,
        -0.36605424000000003,
        0.5977193999999999,
        -0.009882680000000029,
        0.012720920000000042
      ],
      [
        -0.36605424000000003,
        0.99792064,
        -0.5947783999999999,
        -0.010047519999999966,
        0.007902880000000006
      ],
      [
        0.5977193999999999,
        -0.5947783999999999,
        0.998479,
        -0.004153800000000021,
        0.006372199999999964
      ],
      [
        -0.009882680000000029,
        -0.010047519999999966,
        -0.004153800000000021,
        0.99979836,
        -0.72891884
      ],
      [
        0.012720920000000042,
        0.007902880000000006,
        0.006372199999999964,
        -0.72891884,
        0.99960796
      ]
    ],
    [
      [
        0.99804636,
        -0.50250604,
        0.6209194,
        -0.004108280000000018,
        0.009411039999999997
      ],
      [
        -0.50250604,
        0.99885756,
        -0.6275266,
        -0.011823080000000024,
        0.00809743999999995
      ],
      [
        0.6209194,
        -0.6275266,
        0.996751,
        2.3800000000015324e-05,
        -9.839999999992639e-05
      ],
      [
        -0.004108280000000018,
        -0.011823080000000024,
        2.3800000000015324e-05,
        0.99995644,
        -0.84494192
      ],
      [
        0.009411039999999997,
        0.00809743999999995,
        -9.839999999992639e-05,
        -0.84494192,
        0.99992256
      ]
    ],
    [
      [
        0.9987889600000001,
        -0.58642048,
        0.6381502399999998,
        -0.007076559999999922,
        0.005960079999999999
      ],
      [
        -0.58642048,
        0.99949824,
        -0.6496691199999999,
        0.010649280000000025,
        -0.010303040000000041
      ],
      [
        0.6381502399999998,
        -0.6496691199999999,
        0.99849456,
        -0.012114640000000045,
        0.010821520000000038
      ],
      [
        -0.007076559999999922,
        0.010649280000000025,
        -0.012114640000000045,
        0.99999516,
        -0.9179898799999999
      ],
      [
        0.005960079999999999,
        -0.010303040000000041,
        0.010821520000000038,
        -0.9179898799999999,
        0.99997884
      ]
    ],
    [
      [
        0.999879,
        -0.6452635999999999,
        0.6601651999999999,
        -0.012468200000000021,
        0.005092400000000032
      ],
      [
        -0.6452635999999999,
        0.99984624,
        -0.6604116800000001,
        0.009076880000000008,
        -0.007304159999999984
      ],
      [
        0.6601651999999999,
        -0.6604116800000001,
        0.99889776,
        -0.02039416000000001,
        0.014921119999999993
      ],
      [
        -0.012468200000000021,
        0.009076880000000008,
        -0.02039416000000001,
        0.99996156,
        -0.9581479199999999
      ],
      [
        0.005092400000000032,
        -0.007304159999999984,
        0.014921119999999993,
        -0.9581479199999999,
        0.99992944
      ]
    ],
    [
      [
        0.99999804,
        -0.65219608,
        0.66925852,
        0.009596919999999997,
        -0.010595520000000027
      ],
      [
        -0.65219608,
        0.99999216,
        -0.66991704,
        0.0014061599999999571,
        0.0007910400000000504
      ],
      [
        0.66925852,
        -0.66991704,
        0.99825276,
        0.011691960000000001,
        -0.011533759999999966
      ],
      [
        0.009596919999999997,
        0.0014061599999999571,
        0.011691960000000001,
        0.99999516,
        -0.9769929600000001
      ],
      [
        -0.010595520000000027,
        0.0007910400000000504,
        -0.011533759999999966,
        -0.9769929600000001,
        0.99998976
      ]
    ],
    [
      [
        0.99968316,
        -0.65186116,
        0.6687239600000001,
        -0.00032816000000003445,
        0.00015308000000000127
      ],
      [
        -0.65186116,
        0.9999391599999999,
        -0.6749419600000001,
        0.0018561600000000513,
        0.0007329199999999677
      ],
      [
        0.6687239600000001,
        -0.6749419600000001,
        0.99966876,
        -0.000868960000000028,
        -0.0005565199999999569
      ],
      [
        -0.00032816000000003445,
        0.0018561600000000513,
        -0.000868960000000028,
        0.99994816,
        -0.9869380799999999
      ],
      [
        0.00015308000000000127,
        0.0007329199999999677,
        -0.0005565199999999569,
        -0.9869380799999999,
        0.9999260399999998
      ]
    ],
    [
      [
        0.99966144,
        -0.67480256,
        0.6625742400000001,
        0.01628464000000002,
        -0.01587727999999998
      ],
      [
        -0.67480256,
        0.99953344,
        -0.6861697600000001,
        -0.00949936000000002,
        0.007890719999999973
      ],
      [
        0.6625742400000001,
        -0.6861697600000001,
        0.99999804,
        0.01240644000000005,
        -0.013605880000000029
      ],
      [
        0.01628464000000002,
        -0.00949936000000002,
        0.01240644000000005,
        0.99997884,
        -0.9923806799999999
      ],
      [
        -0.01587727999999998,
        0.007890719999999973,
        -0.013605880000000029,
        -0.9923806799999999,
        0.99998236
      ]
    ],
    [
      [
        0.99994816,
        -0.6548777600000001,
        0.66290064,
        -0.008247519999999986,
        0.00825328000000007
      ],
      [
        -0.6548777600000001,
        0.99988336,
        -0.66354904,
        -0.0006712800000000463,
        0.0010799200000000562
      ],
      [
        0.66290064,
        -0.66354904,
        0.99980956,
        -9.108000000002944e-05,
        0.00010211999999997198
      ],
      [
        -0.008247519999999986,
        -0.0006712800000000463,
        -9.108000000002944e-05,
        0.99995644,
        -0.9963511599999999
      ],
      [
        0.00825328000000007,
        0.0010799200000000562,
        0.00010211999999997198,
        -0.9963511599999999,
        0.9999452399999998
      ]
    ],
    [
      [
        0.99999804,
        -0.6690039200000001,
        0.6802078399999999,
        -0.006381799999999963,
        0.0061820800000000125
      ],
      [
        -0.6690039200000001,
        0.99999216,
        -0.6831843200000001,
        0.010636400000000028,
        -0.011235839999999962
      ],
      [
        0.6802078399999999,
        -0.6831843200000001,
        0.9999686399999999,
        -0.010272799999999959,
        0.009671679999999941
      ],
      [
        -0.006381799999999963,
        0.010636400000000028,
        -0.010272799999999959,
        0.999831,
        -0.9972335999999999
      ],
      [
        0.0061820800000000125,
        -0.011235839999999962,
        0.009671679999999941,
        -0.9972335999999999,
        0.9998361599999998
      ]
    ],
    [
      [
        0.99999804,
        -0.66280532,
        0.66418936,
        -0.003217639999999953,
        0.0026167999999999634
      ],
      [
        -0.66280532,
        0.99998556,
        -0.66502888,
        0.010352120000000048,
        -0.009754399999999948
      ],
      [
        0.66418936,
        -0.66502888,
        0.99994224,
        0.0013042399999999843,
        -0.001908799999999974
      ],
      [
        -0.003217639999999953,
        0.010352120000000048,
        0.0013042399999999843,
        0.99984124,
        -0.9976488
      ],
      [
        0.0026167999999999634,
        -0.009754399999999948,
        -0.001908799999999974,
        -0.9976488,
        0.999856
      ]
    ],
    [
      [
        0.99986544,
        -0.66342552,
        0.6628631199999999,
        0.00859024000000002,
        -0.009197199999999926
      ],
      [
        -0.66342552,
        0.99999516,
        -0.66322596,
        0.005036079999999949,
        -0.004037399999999976
      ],
      [
        0.6628631199999999,
        -0.66322596,
        0.99986076,
        0.0011935200000000859,
        -0.0018006000000000482
      ],
      [
        0.00859024000000002,
        0.005036079999999949,
        0.0011935200000000859,
        0.99973104,
        -0.9979212
      ],
      [
        -0.009197199999999926,
        -0.004037399999999976,
        -0.0018006000000000482,
        -0.9979212,
        0.9997109999999998
      ]
    ],
    [
      [
        0.99978684,
        -0.65972992,
        0.65880728,
        -0.01340000000000005,
        0.013602920000000027
      ],
      [
        -0.65972992,
        0.99997696,
        -0.65233664,
        0.008800000000000002,
        -0.00900095999999998
      ],
      [
        0.65880728,
        -0.65233664,
        0.99982576,
        0.00039999999999995595,
        -0.00019735999999997901
      ],
      [
        -0.01340000000000005,
        0.008800000000000002,
        0.00039999999999995595,
        1.0,
        -0.9994000000000001
      ],
      [
        0.013602920000000027,
        -0.00900095999999998,
        -0.00019735999999997901,
        -0.9994000000000001,
        0.99999996
      ]
    ],
    [
      [
        0.999984,
        -0.665648,
        0.6620048,
        -0.005471199999999989,
        0.005469599999999989
      ],
      [
        -0.665648,
        0.9998559999999999,
        -0.6679856,
        0.009986400000000045,
        -0.009991200000000044
      ],
      [
        0.6620048,
        -0.6679856,
        0.99999856,
        -0.002978640000000032,
        0.0029791200000000317
      ],
      [
        -0.005471199999999989,
        0.009986400000000045,
        -0.002978640000000032,
        0.9996831599999999,
        -0.99929028
      ],
      [
        0.005469599999999989,
        -0.009991200000000044,
        0.0029791200000000317,
        -0.99929028,
        0.9996972399999999
      ]
    ],
    [
      [
        0.99999984,
        -0.6651992,
        0.67159952,
        -0.020206800000000025,
        0.020406720000000003
      ],
      [
        -0.6651992,
        0.999996,
        -0.6671976000000001,
        0.015834000000000088,
        -0.016033600000000068
      ],
      [
        0.67159952,
        -0.6671976000000001,
        0.99999856,
        -0.020220400000000024,
        0.020420160000000055
      ],
      [
        -0.020206800000000025,
        0.015834000000000088,
        -0.020220400000000024,
        0.999711,
        -0.9995144
      ],
      [
        0.020406720000000003,
        -0.016033600000000068,
        0.020420160000000055,
        -0.9995144,
        0.99971776
      ]
    ],
    [
      [
        0.99992944,
        -0.6669277600000001,
        0.65702856,
        0.000907599999999973,
        -0.0009075999999999452
      ],
      [
        -0.6669277600000001,
        0.99992604,
        -0.6588292400000001,
        0.004894600000000027,
        -0.004894600000000027
      ],
      [
        0.65702856,
        -0.6588292400000001,
        0.99998844,
        0.00843739999999999,
        -0.00843739999999999
      ],
      [
        0.000907599999999973,
        0.004894600000000027,
        0.00843739999999999,
        0.999879,
        -0.999479
      ],
      [
        -0.0009075999999999452,
        -0.004894600000000027,
        -0.00843739999999999,
        -0.999479,
        0.999879
      ]
    ],
    [
      [
        0.99999216,
        -0.68258712,
        0.67836192,
        0.015018479999999957,
        -0.015018479999999957
      ],
      [
        -0.68258712,
        0.99997884,
        -0.67333744,
        0.003969639999999948,
        -0.003969639999999948
      ],
      [
        0.67836192,
        -0.67333744,
        0.99981504,
        0.008689760000000026,
        -0.008689760000000026
      ],
      [
        0.015018479999999957,
        0.003969639999999948,
        0.008689760000000026,
        0.9999564399999998,
        -0.9999564399999998
      ],
      [
        -0.015018479999999957,
        -0.003969639999999948,
        -0.008689760000000026,
        -0.9999564399999998,
        0.9999564399999998
      ]
    ],
    [
      [
        0.99999804,
        -0.6737910400000001,
        0.6745764799999999,
        0.019812879999999984,
        -0.019812879999999984
      ],
      [
        -0.6737910400000001,
        0.99995904,
        -0.6674924799999999,
        -0.0048588800000000255,
        0.0048588800000000255
      ],
      [
        0.6745764799999999,
        -0.6674924799999999,
        0.99971776,
        0.0029545599999999117,
        -0.0029545599999999117
      ],
      [
        0.019812879999999984,
        -0.0048588800000000255,
        0.0029545599999999117,
        0.99991536,
        -0.99991536
      ],
      [
        -0.019812879999999984,
        0.0048588800000000255,
        -0.0029545599999999117,
        -0.99991536,
        0.99991536
      ]
    ],
    [
      [
        0.99998236,
        -0.66815968,
        0.66921428,
        0.0022487199999999797,
        -0.0022487199999999797
      ],
      [
        -0.66815968,
        0.99990784,
        -0.66503264,
        -0.012911360000000033,
        0.012911360000000033
      ],
      [
        0.66921428,
        -0.66503264,
        0.99998844,
        0.006960559999999978,
        -0.006960559999999978
      ],
      [
        0.0022487199999999797,
        -0.012911360000000033,
        0.006960559999999978,
        0.99986544,
        -0.99986544
      ],
      [
        -0.0022487199999999797,
        0.012911360000000033,
        -0.006960559999999978,
        -0.99986544,
        0.99986544
      ]
    ]
  ]
}