{
  "settings_list": [
    [
      5.50696787024071,
      3.180315194256821,
      3.773264493086953,
      5.058260325761207,
      4.613597766073952,
      0.24420634366370242,
      4.809860840493681,
      4.95543381793488,
      2.7114954791717674,
      2.861584135218818,
      4.069393006001707,
      4.61794971475897,
      0.18171491645432805,
      3.3566706503812007,
      2.7788521784941156
    ],
    [
      5.4804478164847,
      3.1835060639880526,
      3.7727755177242157,
      5.057707410026607,
      4.655644761817227,
      0.2421659771401613,
      4.810488477649113,
      4.912281667670467,
      2.711772394839052,
      2.871200191628521,
      3.9214643865137533,
      4.621823493019264,
      0.19275126760577446,
      3.2089701780685362,
      2.7804285624005503
    ],
    [
      5.453041151188439,
      3.1733311511530227,
      3.7762758347955687,
      5.0595707270759105,
      4.690970124527115,
      0.24299997658973446,
      4.805359472085764,
      4.881272810362042,
      2.7118745555509234,
      2.884025002607361,
      3.7255855066400043,
      4.618634711088226,
      0.209692125258009,
      3.013395127492164,
      2.7820662890157677
    ],
    [
      5.429392840233188,
      3.1580899766322017,
      3.7776447407985305,
      5.05745875820464,
      4.718816831393653,
      0.24305772806691364,
      4.801582030800269,
      4.859920164815178,
      2.7111724188659716,
      2.9000826352713722,
      3.5680195281170555,
      4.6177854022912195,
      0.21967000026989061,
      2.8521370256711673,
      2.7845175983469534
    ],
    [
      5.405240062905949,
      3.1549464134125538,
      3.776101124886744,
      5.0555940144609055,
      4.7364706812797985,
      0.2413402415490775,
      4.800040267861751,
      4.848246396352285,
      2.7103013767614716,
      2.9108131807675286,
      3.5165457725608724,
      4.61622746283553,
      0.23111574476494468,
      2.7929304978235283,
      2.7836852122547286
    ],
    [
      5.385343427274862,
      3.139558017581981,
      3.7764214590142444,
      5.054895264565658,
      4.751157897407121,
      0.24107338255492902,
      4.801182553180904,
      4.838794918607809,
      2.711958685406951,
      2.9072504939761186,
      3.50757227013727,
      4.615425884719445,
      0.23343321354991362,
      2.7883393627102975,
      2.782988083751461
    ],
    [
      5.365294381182261,
      3.1226979987861134,
      3.7763357362842958,
      5.055225856898678,
      4.766519152700777,
      0.2388131426397041,
      4.7979189063611605,
      4.8332398086546275,
      2.7113621511140233,
      2.906172617688827,
      3.4997970132734353,
      4.61284614852793,
      0.23120134606085568,
      2.783542200263496,
      2.7844662711038097
    ],
    [
      5.340060952431143,
      3.093850068763821,
      3.775476472838518,
      5.056102115549573,
      4.780665021758802,
      0.24054952374623847,
      4.797455122651116,
      4.829619995334785,
      2.710262848472368,
      2.9056302868291137,
      3.496860216079482,
      4.611948892703391,
      0.23292377691446847,
      2.789471130403628,
      2.782952318403523
    ],
    [
      5.318397662479798,
      3.059197844695981,
      3.775718649158477,
      5.055316198801371,
      4.795981247362099,
      0.241365219301546,
      4.794928431249106,
      4.8350915793255895,
      2.7085322806481122,
      2.9064666110890816,
      3.490757339522687,
      4.610565768131441,
      0.2336947980939219,
      2.7884913319776494,
      2.7825120882244767
    ],
    [
      5.294053386293651,
      2.9948246138474164,
      3.776381190140823,
      5.052625971636715,
      4.820536059777699,
      0.2409162080199268,
      4.79385854493956,
      4.854723635127396,
      2.7101276859748658,
      2.905125207531989,
      3.489194659374785,
      4.60936417475235,
      0.2297708077223875,
      2.7893255024505375,
      2.782512435257531
    ],
    [
      5.269504092583976,
      2.9189976110905,
      3.7761393809744406,
      5.049907714676469,
      4.8431457305748244,
      0.23951541043195876,
      4.790346423152426,
      4.884720285627426,
      2.710187619597028,
      2.9071017227109612,
      3.4918603414987937,
      4.611081102064378,
      0.22831267810314143,
      2.7895048111380305,
      2.783711332563204
    ],
    [
      5.2386241378974505,
      2.802810573023194,
      3.774279180302684,
      5.044701140497807,
      4.886031495283805,
      0.2369616365948029,
      4.783387788735116,
      4.924086134320597,
      2.7079274037949093,
      2.9170069531193747,
      3.496089999887888,
      4.6107753790989765,
      0.2273901916787843,
      2.791438549727623,
      2.78870160862298
    ],
    [
      5.2039280393453335,
      2.6566081083411985,
      3.7734985302217368,
      5.032254165189935,
      4.9356162297135855,
      0.23828617262323812,
      4.771332439915969,
      4.971407478232638,
      2.7087196157255797,
      2.913940796549154,
      3.4938943277952386,
      4.612827828930437,
      0.2289762886506227,
      2.786581080562527,
      2.7892059432831995
    ],
    [
      5.161165010562369,
      2.480032616559013,
      3.7683733414713223,
      5.015807297308673,
      5.000699568734069,
      0.23869427113590178,
      4.760816863878036,
      5.035698814904239,
      2.7065682464180045,
      2.912171197137325,
      3.4898116997322073,
      4.6096525336163445,
      0.22852250339574556,
      2.787227688383112,
      2.7917768806490475
    ],
    [
      5.115239847605077,
      2.309703113641768,
      3.7723083116116136,
      4.990487974738951,
      5.052789530237294,
      0.24008322211789346,
      4.745211156701664,
      5.090387243525625,
      2.70823332144829,
      2.9050970038524238,
      3.4871447430365055,
      4.609386464939894,
      0.2284327440294166,
      2.7849377346296253,
      2.790602036454033
    ],
    [
      5.067138302696025,
      2.169467506055399,
      3.7710151255482893,
      4.962403019912019,
      5.101243815054189,
      0.2470256515895255,
      4.725968276104838,
      5.133362210434547,
      2.703339155597683,
      2.9034760388923666,
      3.4928392557668184,
      4.6141685983331495,
      0.22111844140467932,
      2.7964329177686347,
      2.798842451124756
    ],
    [
      5.028561949846484,
      2.0900114075046066,
      3.7679473639582937,
      4.931561915639123,
      5.123844193461455,
      0.2420742003263562,
      4.7138316847687145,
      5.150883333525625,
      2.7045904179526628,
      2.8997590510609803,
      3.492019377141672,
      4.612285056596533,
      0.22812013231107223,
      2.8021341990061677,
      2.796846326882282
    ],
    [
      5.001766028065715,
      2.045400949295864,
      3.775108244644106,
      4.916028147824974,
      5.139895585495398,
      0.23861958962582822,
      4.7016812758076485,
      5.152589982096917,
      2.7014597915054215,
      2.9027187557317817,
      3.4880239293374964,
      4.612748139416082,
      0.23500537319239959,
      2.797060481993034,
      2.7954022745114853
    ],
    [
      4.972631011830476,
      2.019434344213944,
      3.7782384200031935,
      4.890882595470543,
      5.1389244211170935,
      0.23642482177201443,
      4.683669078640403,
      5.149622492620743,
      2.706843359118445,
      2.907716463226278,
      3.4848387465321378,
      4.61953796079668,
      0.2375721938422716,
      2.800208068676076,
      2.7970027377111744
    ],
    [
      4.953846216988275,
      2.006990369112145,
      3.7824641535705585,
      4.875065787376381,
      5.135330282826323,
      0.23836306405918944,
      4.676944355016228,
      5.145195419716248,
      2.7111634874041677,
      2.9061114533546992,
      3.4901735857872143,
      4.619959915241976,
      0.2352199653262489,
      2.8040883170223414,
      2.794585034080503
    ],
    [
      4.927799336266049,
      1.996432472468733,
      3.782937371131681,
      4.863241922888985,
      5.126762975627689,
      0.23657707613738463,
      4.671559599048246,
      5.142976495237012,
      2.7114397361172564,
      2.9025709781707087,
      3.492186478201695,
      4.620043081530455,
      0.22732674837289657,
      2.7918366371229033,
      2.79791005496206
    ]
  ],
  "cost_vals": [],
  "step_size": 0.1,
  "opt_step_times": [
    0.17377805709838867,
    0.19067597389221191,
    0.3059380054473877,
    0.16645479202270508,
    0.16228103637695312,
    0.1613309383392334,
    0.15648889541625977,
    0.16838812828063965,
    0.18163585662841797,
    0.16777324676513672,
    0.16656494140625,
    0.1650831699371338,
    0.17104601860046387,
    0.17277812957763672,
    0.16521406173706055,
    0.16344809532165527,
    0.16497468948364258,
    0.2444312572479248,
    0.17443585395812988,
    0.17975711822509766
  ],
  "opt_settings": [
    4.927799336266049,
    1.996432472468733,
    3.782937371131681,
    4.863241922888985,
    5.126762975627689,
    0.23657707613738463,
    4.671559599048246,
    5.142976495237012,
    2.7114397361172564,
    2.9025709781707087,
    3.492186478201695,
    4.620043081530455,
    0.22732674837289657,
    2.7918366371229033,
    2.79791005496206
  ],
  "min_cost": null,
  "datetime": "2023-05-30T16-35-26Z",
  "step_only": true,
  "ibm_device": "default.qubit",
  "shots": 10000,
  "prep_node_name": "W_state_2-qubit_ghz_state",
  "num_qubits": 5,
  "error": false,
  "cov_mats": [
    [
      [
        0.94026864,
        0.054000799999999974,
        -0.06703215999999998,
        -0.01423992,
        0.009422000000000014
      ],
      [
        0.054000799999999974,
        0.999676,
        0.6340248,
        -0.015032400000000069,
        0.01908999999999996
      ],
      [
        -0.06703215999999998,
        0.6340248,
        0.9994430400000001,
        -0.01735752,
        0.0044820000000000216
      ],
      [
        -0.01423992,
        -0.015032400000000069,
        -0.01735752,
        0.99999676,
        -0.41399100000000005
      ],
      [
        0.009422000000000014,
        0.01908999999999996,
        0.0044820000000000216,
        -0.41399100000000005,
        0.9999749999999998
      ]
    ],
    [
      [
        0.94865244,
        0.04340491999999995,
        -0.05578032,
        0.0023694399999999805,
        -0.0008019600000000234
      ],
      [
        0.04340491999999995,
        0.99996156,
        0.63844624,
        0.006885919999999923,
        -0.009134279999999958
      ],
      [
        -0.05578032,
        0.63844624,
        0.99938496,
        0.005943679999999989,
        -0.007137119999999936
      ],
      [
        0.0023694399999999805,
        0.006885919999999923,
        0.005943679999999989,
        0.9996614400000002,
        -0.6636049599999999
      ],
      [
        -0.0008019600000000234,
        -0.009134279999999958,
        -0.007137119999999936,
        -0.6636049599999999,
        0.99988764
      ]
    ],
    [
      [
        0.95256316,
        0.031037480000000027,
        -0.05221591999999992,
        0.014546600000000035,
        -0.021170480000000057
      ],
      [
        0.031037480000000027,
        0.99995644,
        0.6621762399999999,
        0.001619799999999991,
        0.0009445599999999175
      ],
      [
        -0.05221591999999992,
        0.6621762399999999,
        0.9999870399999999,
        0.010610800000000026,
        -0.0036302400000000194
      ],
      [
        0.014546600000000035,
        0.001619799999999991,
        0.010610800000000026,
        0.999991,
        -0.8913748
      ],
      [
        -0.021170480000000057,
        0.0009445599999999175,
        -0.0036302400000000194,
        -0.8913748,
        0.99992944
      ]
    ],
    [
      [
        0.949824,
        0.011398400000000001,
        -0.060863999999999974,
        0.006172800000000063,
        -0.00519360000000005
      ],
      [
        0.011398400000000001,
        0.99986544,
        0.6594376,
        0.014832479999999896,
        -0.012841759999999923
      ],
      [
        -0.060863999999999974,
        0.6594376,
        0.999804,
        0.010839199999999948,
        -0.009250399999999987
      ],
      [
        0.006172800000000063,
        0.014832479999999896,
        0.010839199999999948,
        0.99999216,
        -0.99078992
      ],
      [
        -0.00519360000000005,
        -0.012841759999999923,
        -0.009250399999999987,
        -0.99078992,
        0.99998704
      ]
    ],
    [
      [
        0.9530844399999999,
        -0.010909719999999989,
        -0.06557328,
        0.007379760000000076,
        -0.007223080000000038
      ],
      [
        -0.010909719999999989,
        0.99998236,
        0.65259664,
        -0.004584879999999993,
        0.004784039999999971
      ],
      [
        -0.06557328,
        0.65259664,
        0.99999936,
        -0.019197119999999967,
        0.01899695999999999
      ],
      [
        0.007379760000000076,
        -0.004584879999999993,
        -0.019197119999999967,
        0.99998704,
        -0.99978632
      ],
      [
        -0.007223080000000038,
        0.004784039999999971,
        0.01899695999999999,
        -0.99978632,
        0.99998556
      ]
    ],
    [
      [
        0.95690224,
        -0.017200000000000076,
        -0.0734643200000001,
        0.00248952000000001,
        -0.0023310400000000273
      ],
      [
        -0.017200000000000076,
        1.0,
        0.6580000000000001,
        0.015399999999999997,
        -0.015200000000000019
      ],
      [
        -0.0734643200000001,
        0.6580000000000001,
        0.99998976,
        0.004536640000000021,
        -0.004337280000000042
      ],
      [
        0.00248952000000001,
        0.015399999999999997,
        0.004536640000000021,
        0.99960796,
        -0.9994119200000001
      ],
      [
        -0.0023310400000000273,
        -0.015200000000000019,
        -0.004337280000000042,
        -0.9994119200000001,
        0.99961584
      ]
    ],
    [
      [
        0.95975964,
        -0.024602399999999934,
        -0.06787904000000006,
        0.006124560000000048,
        -0.006124560000000048
      ],
      [
        -0.024602399999999934,
        0.999984,
        0.6544063999999999,
        0.009230399999999875,
        -0.009230399999999875
      ],
      [
        -0.06787904000000006,
        0.6544063999999999,
        0.99999744,
        0.0023878399999999866,
        -0.0023878399999999866
      ],
      [
        0.006124560000000048,
        0.009230399999999875,
        0.0023878399999999866,
        0.99994224,
        -0.99994224
      ],
      [
        -0.006124560000000048,
        -0.009230399999999875,
        -0.0023878399999999866,
        -0.99994224,
        0.99994224
      ]
    ],
    [
      [
        0.95764636,
        -0.05933731999999999,
        -0.09274835999999995,
        -0.0009524800000000925,
        0.0009524800000000925
      ],
      [
        -0.05933731999999999,
        0.99939484,
        0.66841132,
        0.006337759999999954,
        -0.006337759999999954
      ],
      [
        -0.09274835999999995,
        0.66841132,
        0.99975036,
        0.0018884799999999953,
        -0.0018884799999999953
      ],
      [
        -0.0009524800000000925,
        0.006337759999999954,
        0.0018884799999999953,
        0.9999686399999999,
        -0.9999686399999999
      ],
      [
        0.0009524800000000925,
        -0.006337759999999954,
        -0.0018884799999999953,
        -0.9999686399999999,
        0.9999686399999999
      ]
    ],
    [
      [
        0.96745584,
        -0.07253095999999998,
        -0.11127303999999996,
        0.007022719999999979,
        -0.007022719999999979
      ],
      [
        -0.07253095999999998,
        0.99999324,
        0.6680327599999999,
        -0.008591680000000023,
        0.008591680000000023
      ],
      [
        -0.11127303999999996,
        0.6680327599999999,
        0.99984124,
        -0.010640320000000055,
        0.010640320000000055
      ],
      [
        0.007022719999999979,
        -0.008591680000000023,
        -0.010640320000000055,
        0.99998976,
        -0.99998976
      ],
      [
        -0.007022719999999979,
        0.008591680000000023,
        0.010640320000000055,
        -0.99998976,
        0.99998976
      ]
    ],
    [
      [
        0.96636444,
        -0.15408219999999997,
        -0.17536252,
        0.01418607999999991,
        -0.01418607999999991
      ],
      [
        -0.15408219999999997,
        0.999711,
        0.6797926000000001,
        0.010349599999999987,
        -0.010349599999999987
      ],
      [
        -0.17536252,
        0.6797926000000001,
        0.99985116,
        -0.0020926400000000067,
        0.0020926400000000067
      ],
      [
        0.01418607999999991,
        0.010349599999999987,
        -0.0020926400000000067,
        0.99992256,
        -0.99992256
      ],
      [
        -0.01418607999999991,
        -0.010349599999999987,
        0.0020926400000000067,
        -0.99992256,
        0.99992256
      ]
    ],
    [
      [
        0.97224444,
        -0.19283316,
        -0.22799912,
        0.007699639999999966,
        -0.007699639999999966
      ],
      [
        -0.19283316,
        0.99999324,
        0.6581656799999999,
        -0.014785960000000035,
        0.014785960000000035
      ],
      [
        -0.22799912,
        0.6581656799999999,
        0.99982576,
        0.0018712799999999958,
        -0.0018712799999999958
      ],
      [
        0.007699639999999966,
        -0.014785960000000035,
        0.0018712799999999958,
        0.99997084,
        -0.99997084
      ],
      [
        -0.007699639999999966,
        0.014785960000000035,
        -0.0018712799999999958,
        -0.99997084,
        0.99997084
      ]
    ],
    [
      [
        0.97761984,
        -0.29951184000000003,
        -0.3180251200000001,
        -0.0065511999999999975,
        0.0065511999999999975
      ],
      [
        -0.29951184000000003,
        0.9999788399999999,
        0.67525612,
        -1.3799999999944902e-05,
        1.3799999999944902e-05
      ],
      [
        -0.3180251200000001,
        0.67525612,
        0.99985116,
        0.0008366000000000235,
        -0.0008366000000000235
      ],
      [
        -0.0065511999999999975,
        -1.3799999999944902e-05,
        0.0008366000000000235,
        0.999991,
        -0.999991
      ],
      [
        0.0065511999999999975,
        1.3799999999944902e-05,
        -0.0008366000000000235,
        -0.999991,
        0.999991
      ]
    ],
    [
      [
        0.98289136,
        -0.41099072,
        -0.41429704,
        0.0018632799999999654,
        -0.0018632799999999654
      ],
      [
        -0.41099072,
        0.9999974399999999,
        0.6646060799999999,
        0.008589439999999941,
        -0.008589439999999941
      ],
      [
        -0.41429704,
        0.6646060799999999,
        0.99998556,
        0.012825079999999978,
        -0.012825079999999978
      ],
      [
        0.0018632799999999654,
        0.008589439999999941,
        0.012825079999999978,
        0.99995644,
        -0.99995644
      ],
      [
        -0.0018632799999999654,
        -0.008589439999999941,
        -0.012825079999999978,
        -0.99995644,
        0.99995644
      ]
    ],
    [
      [
        0.98427484,
        -0.5103351200000001,
        -0.53179872,
        0.011149199999999993,
        -0.011149199999999993
      ],
      [
        -0.5103351200000001,
        0.99861616,
        0.6666809600000001,
        -0.0071256000000000114,
        0.0071256000000000114
      ],
      [
        -0.53179872,
        0.6666809600000001,
        0.99998976,
        -0.0007936000000000506,
        0.0007936000000000506
      ],
      [
        0.011149199999999993,
        -0.0071256000000000114,
        -0.0007936000000000506,
        0.999996,
        -0.999996
      ],
      [
        -0.011149199999999993,
        0.0071256000000000114,
        0.0007936000000000506,
        -0.999996,
        0.999996
      ]
    ],
    [
      [
        0.99270684,
        -0.5866627999999999,
        -0.5958440799999999,
        -0.00287108,
        0.00287108
      ],
      [
        -0.5866627999999999,
        0.999676,
        0.6548936,
        -0.000816400000000001,
        0.000816400000000001
      ],
      [
        -0.5958440799999999,
        0.6548936,
        0.99997296,
        -0.007053040000000007,
        0.007053040000000007
      ],
      [
        -0.00287108,
        -0.000816400000000001,
        -0.007053040000000007,
        0.99989596,
        -0.99989596
      ],
      [
        0.00287108,
        0.000816400000000001,
        0.007053040000000007,
        -0.99989596,
        0.99989596
      ]
    ],
    [
      [
        0.99548416,
        -0.64529152,
        -0.6554656,
        0.012056959999999943,
        -0.012083839999999998
      ],
      [
        -0.64529152,
        0.99919344,
        0.6639432,
        -0.00659311999999996,
        0.006204479999999949
      ],
      [
        -0.6554656,
        0.6639432,
        0.9999959999999999,
        0.00798639999999998,
        -0.008385599999999936
      ],
      [
        0.012056959999999943,
        -0.00659311999999996,
        0.00798639999999998,
        0.99995376,
        -0.99955104
      ],
      [
        -0.012083839999999998,
        0.006204479999999949,
        -0.008385599999999936,
        -0.99955104,
        0.9999481599999999
      ]
    ],
    [
      [
        0.996519,
        -0.642171,
        -0.6552348,
        -0.008859600000000053,
        0.008859600000000053
      ],
      [
        -0.642171,
        0.9990389999999999,
        0.6733132,
        0.0015364000000000128,
        -0.0015364000000000128
      ],
      [
        -0.6552348,
        0.6733132,
        0.99999216,
        0.008812319999999974,
        -0.008812319999999974
      ],
      [
        -0.008859600000000053,
        0.0015364000000000128,
        0.008812319999999974,
        0.99998064,
        -0.99998064
      ],
      [
        0.008859600000000053,
        -0.0015364000000000128,
        -0.008812319999999974,
        -0.99998064,
        0.99998064
      ]
    ],
    [
      [
        0.99818524,
        -0.65328388,
        -0.66048968,
        -0.01804664000000002,
        0.01804664000000002
      ],
      [
        -0.65328388,
        0.99931356,
        0.6723781600000001,
        0.0033056800000000686,
        -0.0033056800000000686
      ],
      [
        -0.66048968,
        0.6723781600000001,
        0.99995376,
        0.016024480000000015,
        -0.016024480000000015
      ],
      [
        -0.01804664000000002,
        0.0033056800000000686,
        0.016024480000000015,
        0.99998704,
        -0.99998704
      ],
      [
        0.01804664000000002,
        -0.0033056800000000686,
        -0.016024480000000015,
        -0.99998704,
        0.99998704
      ]
    ],
    [
      [
        0.99905136,
        -0.6592977600000001,
        -0.6609971200000001,
        0.00507431999999999,
        -0.00507431999999999
      ],
      [
        -0.6592977600000001,
        0.99948016,
        0.65774592,
        0.001448880000000027,
        -0.001448880000000027
      ],
      [
        -0.6609971200000001,
        0.65774592,
        0.99995904,
        -0.006101439999999983,
        0.006101439999999983
      ],
      [
        0.00507431999999999,
        0.001448880000000027,
        -0.006101439999999983,
        0.99976284,
        -0.99976284
      ],
      [
        -0.00507431999999999,
        -0.001448880000000027,
        0.006101439999999983,
        -0.99976284,
        0.99976284
      ]
    ],
    [
      [
        0.99849456,
        -0.6543118400000001,
        -0.6761241600000001,
        0.019943920000000025,
        -0.019943920000000025
      ],
      [
        -0.6543118400000001,
        0.99889776,
        0.65970624,
        -0.004780880000000006,
        0.004780880000000006
      ],
      [
        -0.6761241600000001,
        0.65970624,
        0.99998976,
        -0.008621119999999996,
        0.008621119999999996
      ],
      [
        0.019943920000000025,
        -0.004780880000000006,
        -0.008621119999999996,
        0.99995644,
        -0.99995644
      ],
      [
        -0.019943920000000025,
        0.004780880000000006,
        0.008621119999999996,
        -0.99995644,
        0.99995644
      ]
    ],
    [
      [
        0.99895024,
        -0.6783732,
        -0.67096848,
        0.0014963199999999356,
        -0.0013027999999999569
      ],
      [
        -0.6783732,
        0.999951,
        0.6706364000000001,
        0.005022400000000115,
        -0.005221000000000094
      ],
      [
        -0.67096848,
        0.6706364000000001,
        0.99997296,
        0.0031833600000000643,
        -0.002984400000000086
      ],
      [
        0.0014963199999999356,
        0.005022400000000115,
        0.0031833600000000643,
        0.99998976,
        -0.9997904000000001
      ],
      [
        -0.0013027999999999569,
        -0.005221000000000094,
        -0.002984400000000086,
        -0.9997904000000001,
        0.999991
      ]
    ]
  ]
}