{
  "settings_list": [
    [
      2.509085205807305,
      2.697968351401074,
      5.314843647620985,
      1.3066665341179668,
      2.0684570116367333,
      0.7168422626633592,
      0.2368390285286243,
      1.9512271985995624,
      0.747695545026192,
      1.64648372952588,
      5.52390131110554,
      0.8592139376791665,
      5.6749495838530635,
      5.192133924441085,
      1.5892585325939612
    ],
    [
      2.461936654317043,
      2.5244594971225314,
      5.315849725132595,
      1.310976838259698,
      2.0489188744781526,
      0.7170971679593208,
      0.28167805693734116,
      1.9342992109640935,
      0.7498012770475919,
      1.5558319021369216,
      5.371345492939823,
      0.8582709453346273,
      5.584285900412644,
      5.194125859323923,
      1.5915753584161851
    ],
    [
      2.4183178074112193,
      2.3570364016863423,
      5.320946739889661,
      1.3127823329303236,
      2.0228348245076933,
      0.7209911250598535,
      0.32408761269252495,
      1.921318617711765,
      0.7511590905159535,
      1.4795890539062369,
      5.263150033138752,
      0.8600615427668202,
      5.502290841289848,
      5.196839045719876,
      1.5923661169956174
    ],
    [
      2.383479028154528,
      2.2089156031398463,
      5.317263172121239,
      1.309712004310663,
      1.9933157199355716,
      0.7233655426238215,
      0.3624868888476866,
      1.9052146687654736,
      0.7501336735904367,
      1.4174536542269025,
      5.207605820072716,
      0.8564018619447402,
      5.444349769789752,
      5.178006224997751,
      1.591665464787374
    ],
    [
      2.3636176922664123,
      2.0986597857292066,
      5.3186470943529445,
      1.3104463669237003,
      1.9561476768819581,
      0.7230262076612493,
      0.4035332774507612,
      1.876485928535023,
      0.7531432960971598,
      1.3726192245977389,
      5.17589544508671,
      0.8617894762074768,
      5.396147295917671,
      5.161331630536266,
      1.5944990019366687
    ],
    [
      2.3439855816574053,
      2.0058061580127613,
      5.319363274760541,
      1.3120123171995215,
      1.9127780579260987,
      0.7189298586161631,
      0.43183847047316404,
      1.846536051489018,
      0.7527556596214858,
      1.3400058247689286,
      5.150055518208983,
      0.8590217494216258,
      5.36138925376878,
      5.145621767407391,
      1.5917080450183259
    ],
    [
      2.328090765342247,
      1.92496476290335,
      5.318542033721917,
      1.3195344913729488,
      1.8690802470337466,
      0.719357744117555,
      0.45633351605771444,
      1.8218098708441124,
      0.7557786158845929,
      1.309925293632538,
      5.133736503028238,
      0.8538646085981537,
      5.333729579991097,
      5.128606030992601,
      1.590014282191801
    ],
    [
      2.3191474599838453,
      1.8698566218366395,
      5.3130887187272995,
      1.3278168886710768,
      1.831390751550694,
      0.720882215284819,
      0.47785618871209523,
      1.7876879269478116,
      0.7579561119573529,
      1.285803979612282,
      5.12961064543606,
      0.8512661772719649,
      5.305456817902001,
      5.122881510755382,
      1.5931304899372012
    ],
    [
      2.3095530081898312,
      1.8211361563419195,
      5.31767108579517,
      1.3265424110572412,
      1.7965829781559286,
      0.7155345194699818,
      0.4928517021794904,
      1.7615774353030782,
      0.7573900196473248,
      1.2654591733755427,
      5.115238361858744,
      0.850071015370437,
      5.283326504327414,
      5.118435508003349,
      1.5934558473261171
    ],
    [
      2.3043360658077683,
      1.7892392850429413,
      5.31946182263966,
      1.3276582224296067,
      1.7552294979676581,
      0.7152802245177722,
      0.5035696040443173,
      1.7408694483513656,
      0.7558425727630355,
      1.2496338354909549,
      5.105492722342137,
      0.855381731842893,
      5.269520530999185,
      5.1193999595047766,
      1.5925004550290025
    ],
    [
      2.303778704943684,
      1.7556350531437221,
      5.324981373917694,
      1.3276836227049702,
      1.7364751610416165,
      0.7111511077733245,
      0.5058879588994232,
      1.720559903825667,
      0.7552356388698219,
      1.2381777879670661,
      5.112113008891378,
      0.8527335881571007,
      5.254067852604746,
      5.111309944352915,
      1.596644779389397
    ],
    [
      2.301791622890896,
      1.7219577394334853,
      5.325527308139896,
      1.3298326827720095,
      1.7164794298701553,
      0.7076160502880415,
      0.5097966678985435,
      1.7121751819920146,
      0.7487583136893669,
      1.2269310024031979,
      5.107130811545527,
      0.8575464487720731,
      5.237598288706107,
      5.111219348730292,
      1.6027960641742847
    ],
    [
      2.3023958556188857,
      1.7041330727958328,
      5.324496284229293,
      1.3330075981414904,
      1.6927941354402827,
      0.7094949534300434,
      0.514593676186235,
      1.687135275539125,
      0.7469557717214231,
      1.2152416727855593,
      5.112354931745835,
      0.8597228186679835,
      5.235675987513208,
      5.111397900479081,
      1.5994502158878334
    ],
    [
      2.3023290537360315,
      1.6891221973445554,
      5.3282193397994115,
      1.3279263927550173,
      1.6700933640836528,
      0.7152881884018099,
      0.5165114692479642,
      1.6673327695583837,
      0.7473488168997009,
      1.2045217197815405,
      5.116816931370245,
      0.8604990317917659,
      5.224713212455779,
      5.112019169027888,
      1.6008158352782558
    ],
    [
      2.2996071794054207,
      1.669229065896121,
      5.323580370567569,
      1.3233777380661111,
      1.6540719531202797,
      0.714709640086718,
      0.5242338635572743,
      1.6538787318926371,
      0.7479194985855213,
      1.2004847267607817,
      5.109251514028182,
      0.861710740784987,
      5.218023580217751,
      5.119803264303874,
      1.5991189210614927
    ],
    [
      2.297843216532377,
      1.6556931844315592,
      5.321096450672335,
      1.3234561796467947,
      1.6444777996659872,
      0.7158663411906208,
      0.5243059752661958,
      1.6432626983339158,
      0.7504151162230253,
      1.1869216242874057,
      5.12097336077166,
      0.8595928350358568,
      5.212142612766346,
      5.111716626316798,
      1.5973230715866613
    ],
    [
      2.297012043302041,
      1.643887871839257,
      5.325127618534381,
      1.3228021051778693,
      1.631347691072835,
      0.715629710072725,
      0.5298492507870355,
      1.6293518121498773,
      0.7513118502833952,
      1.1802417117860142,
      5.110697430228351,
      0.8594198810760028,
      5.199647155345505,
      5.106189608343458,
      1.5916695354067343
    ],
    [
      2.2945360543584505,
      1.6278012156698012,
      5.329561568430215,
      1.3292511026494853,
      1.6249954064897183,
      0.7144866605212019,
      0.5370632821555411,
      1.6184619606157364,
      0.7449901246883104,
      1.174482858544171,
      5.107423714850559,
      0.8623416536599868,
      5.196896115846433,
      5.107054370152831,
      1.588743736572731
    ],
    [
      2.2926397421048024,
      1.6228534003365487,
      5.328033098015453,
      1.3298813828163474,
      1.6187162730107152,
      0.7152160016271494,
      0.5405000585269885,
      1.602928537659867,
      0.7432888836358237,
      1.1652441627763495,
      5.102464746558424,
      0.8633547469712307,
      5.191789355806669,
      5.11653744258102,
      1.5889065195441543
    ],
    [
      2.2880128423916415,
      1.6166006294984312,
      5.326629227815835,
      1.3261723243717352,
      1.617892470697649,
      0.717319080401023,
      0.5464031150405539,
      1.5959135210002642,
      0.740560945302457,
      1.1584877272020648,
      5.102924193085054,
      0.8618981658215603,
      5.18796913943951,
      5.114355820420172,
      1.6002131949620237
    ],
    [
      2.2904918745855296,
      1.6119336939662776,
      5.320838124007528,
      1.3242358610448488,
      1.606845542862084,
      0.720411479238367,
      0.5413879052603171,
      1.6008979253637265,
      0.7461193329070203,
      1.1540306704180137,
      5.100742940635544,
      0.8591771829814002,
      5.1832007947607455,
      5.112623635100415,
      1.6010821042240846
    ]
  ],
  "cost_vals": [],
  "step_size": 0.1,
  "opt_step_times": [
    0.157240629196167,
    0.1563711166381836,
    0.2541661262512207,
    0.15432310104370117,
    0.15276098251342773,
    0.16176223754882812,
    0.15709996223449707,
    0.16016697883605957,
    0.16501903533935547,
    0.15427780151367188,
    0.15660715103149414,
    0.15770888328552246,
    0.15863513946533203,
    0.15278196334838867,
    0.1504840850830078,
    0.15538311004638672,
    0.15849900245666504,
    0.2348332405090332,
    0.15149903297424316,
    0.15563488006591797
  ],
  "opt_settings": [
    2.2904918745855296,
    1.6119336939662776,
    5.320838124007528,
    1.3242358610448488,
    1.606845542862084,
    0.720411479238367,
    0.5413879052603171,
    1.6008979253637265,
    0.7461193329070203,
    1.1540306704180137,
    5.100742940635544,
    0.8591771829814002,
    5.1832007947607455,
    5.112623635100415,
    1.6010821042240846
  ],
  "min_cost": null,
  "datetime": "2023-05-30T16-44-24Z",
  "step_only": true,
  "ibm_device": "default.qubit",
  "shots": 10000,
  "prep_node_name": "W_state_2-qubit_ghz_state",
  "num_qubits": 5,
  "error": false,
  "cov_mats": [
    [
      [
        0.94728384,
        0.45728192,
        0.42717247999999997,
        -0.001422399999999938,
        -0.015354080000000032
      ],
      [
        0.45728192,
        0.99876096,
        0.5478662400000001,
        0.001388800000000078,
        -0.002207040000000011
      ],
      [
        0.42717247999999997,
        0.5478662400000001,
        0.98341056,
        -0.0031727999999999444,
        -0.01262576000000004
      ],
      [
        -0.001422399999999938,
        0.001388800000000078,
        -0.0031727999999999444,
        0.9999639999999999,
        0.7801988
      ],
      [
        -0.015354080000000032,
        -0.002207040000000011,
        -0.01262576000000004,
        0.7801988,
        0.9999999599999999
      ]
    ],
    [
      [
        0.95935744,
        0.5336544000000001,
        0.50152928,
        -0.0002531199999999574,
        -0.0006499199999999189
      ],
      [
        0.5336544000000001,
        0.998844,
        0.5666028000000001,
        -0.007921199999999986,
        -0.014789200000000039
      ],
      [
        0.50152928,
        0.5666028000000001,
        0.98880636,
        0.0012675600000000647,
        0.0002559599999999979
      ],
      [
        -0.0002531199999999574,
        -0.007921199999999986,
        0.0012675600000000647,
        0.99993276,
        0.8923491599999999
      ],
      [
        -0.0006499199999999189,
        -0.014789200000000039,
        0.0002559599999999979,
        0.8923491599999999,
        0.9999615599999999
      ]
    ],
    [
      [
        0.9717759999999999,
        0.5809279999999999,
        0.5562496,
        0.009126400000000003,
        0.013030399999999916
      ],
      [
        0.5809279999999999,
        0.997884,
        0.5822388000000001,
        0.002239199999999996,
        0.005101199999999976
      ],
      [
        0.5562496,
        0.5822388000000001,
        0.98741116,
        -0.00521656000000007,
        -0.0033531599999999944
      ],
      [
        0.009126400000000003,
        0.002239199999999996,
        -0.00521656000000007,
        0.99997296,
        0.9381885600000001
      ],
      [
        0.013030399999999916,
        0.005101199999999976,
        -0.0033531599999999944,
        0.9381885600000001,
        0.99999516
      ]
    ],
    [
      [
        0.97909084,
        0.6183718,
        0.5811805600000001,
        0.0026798000000000364,
        0.005260640000000015
      ],
      [
        0.6183718,
        0.998911,
        0.5847812,
        0.011571000000000014,
        0.015992799999999977
      ],
      [
        0.5811805600000001,
        0.5847812,
        0.98926704,
        0.014053200000000063,
        0.015293759999999995
      ],
      [
        0.0026798000000000364,
        0.011571000000000014,
        0.014053200000000063,
        0.999831,
        0.9671608
      ],
      [
        0.005260640000000015,
        0.015992799999999977,
        0.015293759999999995,
        0.9671608,
        0.99966144
      ]
    ],
    [
      [
        0.9870950399999999,
        0.6301350399999999,
        0.6240467199999999,
        0.01810815999999996,
        0.013876480000000002
      ],
      [
        0.6301350399999999,
        0.99867504,
        0.5941167199999999,
        0.015868159999999982,
        0.015406479999999998
      ],
      [
        0.6240467199999999,
        0.5941167199999999,
        0.9918639599999999,
        0.009090880000000027,
        0.006833639999999964
      ],
      [
        0.01810815999999996,
        0.015868159999999982,
        0.009090880000000027,
        0.9993446399999999,
        0.9824419200000001
      ],
      [
        0.013876480000000002,
        0.015406479999999998,
        0.006833639999999964,
        0.9824419200000001,
        0.99952476
      ]
    ],
    [
      [
        0.9896774399999999,
        0.65701168,
        0.63158896,
        -0.0013732799999999145,
        -7.48799999999635e-05
      ],
      [
        0.65701168,
        0.99960796,
        0.6088041200000001,
        0.0003168399999999839,
        0.004936640000000006
      ],
      [
        0.63158896,
        0.6088041200000001,
        0.99350364,
        0.010861480000000045,
        0.008742080000000041
      ],
      [
        -0.0013732799999999145,
        0.0003168399999999839,
        0.010861480000000045,
        0.99998236,
        0.98338656
      ],
      [
        -7.48799999999635e-05,
        0.004936640000000006,
        0.008742080000000041,
        0.98338656,
        0.99998976
      ]
    ],
    [
      [
        0.99425436,
        0.65571016,
        0.6546395199999999,
        0.006138239999999982,
        0.0037049999999999622
      ],
      [
        0.65571016,
        0.99936496,
        0.6277251199999999,
        0.00908543999999996,
        0.00802999999999996
      ],
      [
        0.6546395199999999,
        0.6277251199999999,
        0.99446464,
        0.012023679999999953,
        0.009659999999999948
      ],
      [
        0.006138239999999982,
        0.00908543999999996,
        0.012023679999999953,
        0.99926016,
        0.9895199999999998
      ],
      [
        0.0037049999999999622,
        0.00802999999999996,
        0.009659999999999948,
        0.9895199999999998,
        0.9993749999999999
      ]
    ],
    [
      [
        0.9951,
        0.658916,
        0.662478,
        -0.0027640000000000325,
        -0.0025040000000000288
      ],
      [
        0.658916,
        0.99964656,
        0.64155848,
        -0.003102240000000067,
        -0.0022646400000000417
      ],
      [
        0.662478,
        0.64155848,
        0.99693084,
        0.00048807999999997057,
        0.000598879999999949
      ],
      [
        -0.0027640000000000325,
        -0.003102240000000067,
        0.00048807999999997057,
        0.99997296,
        0.99156256
      ],
      [
        -0.0025040000000000288,
        -0.0022646400000000417,
        0.000598879999999949,
        0.99156256,
        0.9999481599999999
      ]
    ],
    [
      [
        0.99743964,
        0.6445970800000002,
        0.6496562400000001,
        -0.01775368000000003,
        -0.017563800000000022
      ],
      [
        0.6445970800000002,
        0.99986076,
        0.6490872799999999,
        -0.017130960000000025,
        -0.0177286000000001
      ],
      [
        0.6496562400000001,
        0.6490872799999999,
        0.99635184,
        -0.009022880000000021,
        -0.00881080000000005
      ],
      [
        -0.01775368000000003,
        -0.017130960000000025,
        -0.009022880000000021,
        0.99948016,
        0.9932756
      ],
      [
        -0.017563800000000022,
        -0.0177286000000001,
        -0.00881080000000005,
        0.9932756,
        0.999471
      ]
    ],
    [
      [
        0.998151,
        0.656002,
        0.6549114,
        -0.0015397999999999898,
        -0.0015053999999999586
      ],
      [
        0.656002,
        0.999804,
        0.6488427999999999,
        -0.006219599999999955,
        -0.005430799999999989
      ],
      [
        0.6549114,
        0.6488427999999999,
        0.99841596,
        -0.004055720000000032,
        -0.003687559999999968
      ],
      [
        -0.0015397999999999898,
        -0.006219599999999955,
        -0.004055720000000032,
        0.99999804,
        0.99439692
      ],
      [
        -0.0015053999999999586,
        -0.005430799999999989,
        -0.003687559999999968,
        0.99439692,
        0.99999516
      ]
    ],
    [
      [
        0.99936496,
        0.65967376,
        0.6480836,
        0.0026153600000000097,
        0.002820399999999962
      ],
      [
        0.65967376,
        0.99964656,
        0.6625916,
        0.004436160000000004,
        0.004632399999999953
      ],
      [
        0.6480836,
        0.6625916,
        0.998151,
        -0.014002399999999984,
        -0.01461100000000009
      ],
      [
        0.0026153600000000097,
        0.004436160000000004,
        -0.014002399999999984,
        0.99946176,
        0.9956664
      ],
      [
        0.002820399999999962,
        0.004632399999999953,
        -0.01461100000000009,
        0.9956664,
        0.999471
      ]
    ],
    [
      [
        0.9991,
        0.6622980000000002,
        0.6612340000000001,
        -0.0015420000000000236,
        -0.0017480000000000566
      ],
      [
        0.6622980000000002,
        0.99972444,
        0.6456065200000001,
        0.002657240000000025,
        0.002460560000000019
      ],
      [
        0.6612340000000001,
        0.6456065200000001,
        0.99771516,
        -0.0012110800000000228,
        -0.0014015200000000018
      ],
      [
        -0.0015420000000000236,
        0.002657240000000025,
        -0.0012110800000000228,
        0.99992604,
        0.9981277600000001
      ],
      [
        -0.0017480000000000566,
        0.002460560000000019,
        -0.0014015200000000018,
        0.9981277600000001,
        0.99992944
      ]
    ],
    [
      [
        0.99784704,
        0.6588659200000001,
        0.6572908800000001,
        0.002695039999999988,
        0.0016671999999999347
      ],
      [
        0.6588659200000001,
        0.99994816,
        0.66213824,
        0.002969920000000024,
        0.0023655999999999794
      ],
      [
        0.6572908800000001,
        0.66213824,
        0.99963136,
        0.0007468799999999798,
        -0.0006416000000000616
      ],
      [
        0.002695039999999988,
        0.002969920000000024,
        0.0007468799999999798,
        0.99944304,
        0.9968572000000002
      ],
      [
        0.0016671999999999347,
        0.0023655999999999794,
        -0.0006416000000000616,
        0.9968572000000002,
        0.999471
      ]
    ],
    [
      [
        0.99973756,
        0.6703401999999999,
        0.67438968,
        0.0030606799999999797,
        0.003250959999999959
      ],
      [
        0.6703401999999999,
        0.999559,
        0.6686356,
        -0.00941940000000008,
        -0.009206800000000048
      ],
      [
        0.67438968,
        0.6686356,
        0.99867504,
        -0.005886960000000093,
        -0.005265120000000078
      ],
      [
        0.0030606799999999797,
        -0.00941940000000008,
        -0.005886960000000093,
        0.9999260399999998,
        0.9989208799999999
      ],
      [
        0.003250959999999959,
        -0.009206800000000048,
        -0.005265120000000078,
        0.9989208799999999,
        0.9999153599999999
      ]
    ],
    [
      [
        0.99851004,
        0.67300844,
        0.67203304,
        0.0020147199999999556,
        0.0027838400000000565
      ],
      [
        0.67300844,
        0.99997084,
        0.6757114399999999,
        -0.004974079999999977,
        -0.004569759999999964
      ],
      [
        0.67203304,
        0.6757114399999999,
        0.99973104,
        -0.0003212799999999852,
        0.0004918400000000676
      ],
      [
        0.0020147199999999556,
        -0.004974079999999977,
        -0.0003212799999999852,
        0.99997696,
        0.99837312
      ],
      [
        0.0027838400000000565,
        -0.004569759999999964,
        0.0004918400000000676,
        0.99837312,
        0.99996864
      ]
    ],
    [
      [
        0.99980956,
        0.6644193200000001,
        0.6616704800000001,
        0.00030891999999995654,
        0.0007144400000000491
      ],
      [
        0.6644193200000001,
        0.99999804,
        0.66537256,
        0.012009240000000011,
        0.012408680000000078
      ],
      [
        0.6616704800000001,
        0.66537256,
        0.99961584,
        0.00792936,
        0.00832152000000007
      ],
      [
        0.00030891999999995654,
        0.012009240000000011,
        0.00792936,
        0.99995644,
        0.9983590800000002
      ],
      [
        0.0007144400000000491,
        0.012408680000000078,
        0.00832152000000007,
        0.9983590800000002,
        0.99996156
      ]
    ],
    [
      [
        0.99979264,
        0.67572672,
        0.67227648,
        -0.0006457600000000284,
        -0.0006457600000000284
      ],
      [
        0.67572672,
        0.99992256,
        0.66663104,
        0.00078352000000003,
        0.00038352000000004634
      ],
      [
        0.67227648,
        0.66663104,
        0.99963136,
        0.010127679999999943,
        0.01012767999999997
      ],
      [
        -0.0006457600000000284,
        0.00078352000000003,
        0.010127679999999943,
        0.9993948399999999,
        0.99859484
      ],
      [
        -0.0006457600000000284,
        0.00038352000000004634,
        0.01012767999999997,
        0.99859484,
        0.9993948399999999
      ]
    ],
    [
      [
        0.9997749999999999,
        0.6647069999999999,
        0.6735669999999999,
        -0.005102999999999999,
        -0.004893999999999938
      ],
      [
        0.6647069999999999,
        0.9999615599999999,
        0.6687863599999999,
        -0.0041252400000000335,
        -0.004321519999999984
      ],
      [
        0.6735669999999999,
        0.6687863599999999,
        0.9999951599999999,
        -0.0024444399999999874,
        -0.003043119999999977
      ],
      [
        -0.005102999999999999,
        -0.0041252400000000335,
        -0.0024444399999999874,
        0.99959196,
        0.9986040800000001
      ],
      [
        -0.004893999999999938,
        -0.004321519999999984,
        -0.003043119999999977,
        0.9986040800000001,
        0.99961584
      ]
    ],
    [
      [
        0.99999964,
        0.67660168,
        0.6644106800000001,
        -0.005606839999999993,
        -0.005806959999999971
      ],
      [
        0.67660168,
        0.99999216,
        0.66335016,
        -0.01216807999999996,
        -0.012367519999999965
      ],
      [
        0.6644106800000001,
        0.66335016,
        0.99968316,
        -0.004997080000000039,
        -0.0047935200000000615
      ],
      [
        -0.005606839999999993,
        -0.01216807999999996,
        -0.004997080000000039,
        0.9998700399999999,
        0.9996677599999999
      ],
      [
        -0.005806959999999971,
        -0.012367519999999965,
        -0.0047935200000000615,
        0.9996677599999999,
        0.9998654399999999
      ]
    ],
    [
      [
        0.99978684,
        0.66484964,
        0.66793284,
        -0.015811679999999925,
        -0.015214599999999991
      ],
      [
        0.66484964,
        0.99998844,
        0.66681564,
        -0.007397279999999934,
        -0.006396600000000045
      ],
      [
        0.66793284,
        0.66681564,
        0.99997884,
        -0.011403679999999939,
        -0.01120459999999996
      ],
      [
        -0.015811679999999925,
        -0.007397279999999934,
        -0.011403679999999939,
        0.9999993599999999,
        0.9989991999999999
      ],
      [
        -0.015214599999999991,
        -0.006396600000000045,
        -0.01120459999999996,
        0.9989991999999999,
        0.9999989999999999
      ]
    ],
    [
      [
        0.9999189999999999,
        0.6576198,
        0.6588845999999999,
        -0.003648599999999992,
        -0.0036521999999999913
      ],
      [
        0.6576198,
        0.99999516,
        0.6559793199999999,
        0.002411880000000069,
        0.002412760000000069
      ],
      [
        0.6588845999999999,
        0.6559793199999999,
        0.9999116399999999,
        -0.007549239999999941,
        -0.007545479999999941
      ],
      [
        -0.003648599999999992,
        0.002411880000000069,
        -0.007549239999999941,
        0.9999708399999999,
        0.99956868
      ],
      [
        -0.0036521999999999913,
        0.002412760000000069,
        -0.007545479999999941,
        0.99956868,
        0.9999663599999999
      ]
    ]
  ]
}