{
  "settings_list": [
    [
      4.644660408476067,
      4.195597031537651,
      5.314538214496629,
      4.105883161635236,
      4.948905221646766,
      3.4773979458474256,
      1.897230601355917,
      0.42981256789140654,
      0.4143410966407178,
      5.53617662193553,
      6.229204277788624,
      4.5845386949812195,
      3.6970503755073647,
      5.634046842990266,
      2.310770092079416
    ],
    [
      4.635990077415453,
      4.26672954616543,
      5.313718440359273,
      4.105211617234426,
      4.942244641790331,
      3.475449645087597,
      1.8868509574203478,
      0.5062556290146561,
      0.4131341546626138,
      5.5836008273502875,
      6.423647384977531,
      4.584764118996265,
      3.7455013196832376,
      5.825205398992984,
      2.3133074957642075
    ],
    [
      4.630652475546736,
      4.363733986833892,
      5.314875265981906,
      4.105089275292752,
      4.937390870406645,
      3.475727934713276,
      1.8844128870783532,
      0.6098068426711656,
      0.41310113152513633,
      5.613876471109188,
      6.543584577791772,
      4.583560700981046,
      3.7790639917325826,
      5.94851311993718,
      2.312242789074007
    ],
    [
      4.627724883355401,
      4.48539805998406,
      5.313984251230068,
      4.102030562717281,
      4.942829433372844,
      3.479638765325779,
      1.880884124112778,
      0.7446413289161082,
      0.4122500466615856,
      5.616994067336665,
      6.574565492109829,
      4.585385609340927,
      3.78827280436037,
      5.977018868213822,
      2.3092293820513037
    ],
    [
      4.627913397733302,
      4.624560729641333,
      5.310886114501223,
      4.107370311288395,
      4.948383231551121,
      3.4837147875141925,
      1.8828240469357393,
      0.9107371672410701,
      0.410753574011112,
      5.619841639482758,
      6.57974507396438,
      4.58753850103438,
      3.803623282773464,
      5.9784207310447055,
      2.307730877551058
    ],
    [
      4.625726140748882,
      4.7579293426224085,
      5.305525271583053,
      4.110533389201012,
      4.951491126304871,
      3.4836616560327363,
      1.8792585027997362,
      1.0685435694516079,
      0.41179355744902557,
      5.612096018262099,
      6.588941539043629,
      4.585781421791529,
      3.803235586383237,
      5.98174445763891,
      2.303894299694888
    ],
    [
      4.6276605183434105,
      4.8528960065223865,
      5.302742169160708,
      4.130276464635147,
      4.943925393631582,
      3.477779800077484,
      1.8803468589959829,
      1.1956153842335897,
      0.4016034261665008,
      5.619044813576311,
      6.587784824997922,
      4.589260573452731,
      3.8072326940904415,
      5.975636466224928,
      2.3017479762825097
    ],
    [
      4.624979292558028,
      4.897073988699403,
      5.302506819975538,
      4.143927879579034,
      4.9367453132649946,
      3.4795603174939913,
      1.8809191969877526,
      1.269744389491241,
      0.4026760776091606,
      5.62013020611836,
      6.581327726922186,
      4.58923950394719,
      3.813573484715768,
      5.974318801676469,
      2.3039290500446934
    ],
    [
      4.630318333213478,
      4.915257214008172,
      5.307986376351145,
      4.155665914120445,
      4.93492690308721,
      3.4789569055172196,
      1.8802428880420374,
      1.3114642522624205,
      0.40135363241355676,
      5.61232577379075,
      6.592808186588976,
      4.586562532245184,
      3.8054053298178006,
      5.976176424541033,
      2.3086971397524776
    ],
    [
      4.63478782680259,
      4.913306048248205,
      5.306674561494781,
      4.164319980252751,
      4.923946057670765,
      3.4820084592130534,
      1.8773314575579951,
      1.336187796324014,
      0.401685604674687,
      5.617669561380149,
      6.590756845654069,
      4.578563215939537,
      3.8038235076231843,
      5.9803310014481585,
      2.3087012491354026
    ],
    [
      4.638796179017694,
      4.912520826644615,
      5.305502493267612,
      4.169921490706467,
      4.910471440410102,
      3.4839150128160417,
      1.8730074433370736,
      1.3523255535076089,
      0.4016400786029987,
      5.614090473770458,
      6.59163839622327,
      4.581334213654141,
      3.8069545420496773,
      5.974962791674104,
      2.3051892807021317
    ],
    [
      4.640044721223389,
      4.903773946945407,
      5.304834842547434,
      4.174770544834157,
      4.908555419874523,
      3.4797072743106483,
      1.8701971299448266,
      1.3671958500965202,
      0.4001281690513693,
      5.619617383432113,
      6.591834640901763,
      4.5803539521608885,
      3.813958255946744,
      5.967231313717325,
      2.310180447353044
    ],
    [
      4.648244547205349,
      4.89811245653226,
      5.303345727729579,
      4.181474106574768,
      4.895551337387728,
      3.482594034630148,
      1.8679446944335165,
      1.373069276497836,
      0.4020521610623274,
      5.610427782252565,
      6.599717107789614,
      4.579889838418319,
      3.808549511298027,
      5.969811003885601,
      2.311289271816336
    ],
    [
      4.649869213838422,
      4.898890977292743,
      5.300691366922418,
      4.187567411175839,
      4.891462151007554,
      3.4787918188437597,
      1.8645436127519075,
      1.3830174877212187,
      0.3981387466695148,
      5.610431724129161,
      6.603778448251639,
      4.5803448393338835,
      3.8204699098139385,
      5.972936731440977,
      2.314858908017391
    ],
    [
      4.650117962111328,
      4.894214945452999,
      5.298258526027749,
      4.192291152948331,
      4.88683175951212,
      3.4762878923453124,
      1.8649630527583383,
      1.3861187657412328,
      0.40051074078759735,
      5.605802786455105,
      6.595183277197722,
      4.577990090308521,
      3.8180749565557086,
      5.973253791891445,
      2.3195313898901233
    ],
    [
      4.655844823948358,
      4.888362607177038,
      5.29241489355873,
      4.205975046196034,
      4.8799426065287275,
      3.477996887014287,
      1.868656468443628,
      1.3948312409412162,
      0.40511992924911866,
      5.608350684147884,
      6.593142763253557,
      4.576759962194995,
      3.8149699673834756,
      5.973457266960997,
      2.3218870368763596
    ],
    [
      4.659997318590642,
      4.879528928541873,
      5.298119316082319,
      4.205970285680531,
      4.874423453672718,
      3.4829218776536504,
      1.8718877015081608,
      1.3969338688223698,
      0.40129612643646556,
      5.607301925336339,
      6.5929742345672695,
      4.575521967550978,
      3.8129926145365363,
      5.974379738386295,
      2.320154190680312
    ],
    [
      4.657550898008034,
      4.879229995951091,
      5.307917080152579,
      4.218807113476038,
      4.867410833822548,
      3.4821039707619192,
      1.8705821421519508,
      1.4011838555715679,
      0.40153037716259166,
      5.6018315416960895,
      6.587140993414722,
      4.576423422320152,
      3.8153872762114904,
      5.9674374124271194,
      2.3281175996993557
    ],
    [
      4.6561541538974,
      4.875377342161458,
      5.310579408513276,
      4.219690620545362,
      4.866514108877371,
      3.4884555228915897,
      1.8723592300659053,
      1.408134835802165,
      0.39936098370963813,
      5.6120386274847345,
      6.594901654172401,
      4.577352470672828,
      3.825141678645751,
      5.975540973694714,
      2.325827696932889
    ],
    [
      4.658002452791875,
      4.867716358861581,
      5.313661123421707,
      4.221357563839031,
      4.858980064520026,
      3.4918677871607535,
      1.8726802359825956,
      1.4131853711335707,
      0.3986257755669722,
      5.605405636296442,
      6.592928544479053,
      4.578795251471632,
      3.8273005683734738,
      5.968029052705128,
      2.324313964936128
    ],
    [
      4.660627446010283,
      4.861018828999069,
      5.31182325048198,
      4.223491337533911,
      4.846768169823186,
      3.4881356010376576,
      1.8692044363708116,
      1.4189073721361547,
      0.39747703264841217,
      5.6042623225429145,
      6.5862076003297165,
      4.581591326629864,
      3.818712119555602,
      5.973928327671848,
      2.324138459067112
    ]
  ],
  "cost_vals": [],
  "step_size": 0.1,
  "opt_step_times": [
    0.19881129264831543,
    0.20747900009155273,
    0.27702999114990234,
    0.20324993133544922,
    0.20408391952514648,
    0.20364713668823242,
    0.2045900821685791,
    0.1986980438232422,
    0.19609904289245605,
    0.20692682266235352,
    0.2081470489501953,
    0.20830297470092773,
    0.20119905471801758,
    0.2089390754699707,
    0.21202611923217773,
    0.21144795417785645,
    0.2041490077972412,
    0.2629892826080322,
    0.19705605506896973,
    0.19954299926757812
  ],
  "opt_settings": [
    4.660627446010283,
    4.861018828999069,
    5.31182325048198,
    4.223491337533911,
    4.846768169823186,
    3.4881356010376576,
    1.8692044363708116,
    1.4189073721361547,
    0.39747703264841217,
    5.6042623225429145,
    6.5862076003297165,
    4.581591326629864,
    3.818712119555602,
    5.973928327671848,
    2.324138459067112
  ],
  "min_cost": null,
  "datetime": "2023-05-30T16-37-34Z",
  "step_only": true,
  "ibm_device": "default.qubit",
  "shots": 10000,
  "prep_node_name": "W_state_2-qubit_ghz_state",
  "num_qubits": 5,
  "error": false,
  "cov_mats": [
    [
      [
        0.99944304,
        0.50968736,
        0.046542320000000005,
        0.007464320000000065,
        0.003965760000000043
      ],
      [
        0.50968736,
        0.99858624,
        -0.39896912000000007,
        -0.0044211200000000275,
        0.010291840000000054
      ],
      [
        0.046542320000000005,
        -0.39896912000000007,
        0.98649756,
        0.008098560000000034,
        -0.002461919999999996
      ],
      [
        0.007464320000000065,
        -0.0044211200000000275,
        0.008098560000000034,
        0.99987456,
        -0.74979392
      ],
      [
        0.003965760000000043,
        0.010291840000000054,
        -0.002461919999999996,
        -0.74979392,
        0.99966144
      ]
    ],
    [
      [
        0.99963136,
        0.52282176,
        -0.03564511999999993,
        -0.01108832000000001,
        0.01124607999999996
      ],
      [
        0.52282176,
        0.99816816,
        -0.43651191999999994,
        -0.009203119999999995,
        0.011897279999999955
      ],
      [
        -0.03564511999999993,
        -0.43651191999999994,
        0.99164604,
        -0.00517956,
        0.003580640000000052
      ],
      [
        -0.01108832000000001,
        -0.009203119999999995,
        -0.00517956,
        0.99997884,
        -0.94378896
      ],
      [
        0.01124607999999996,
        0.011897279999999955,
        0.003580640000000052,
        -0.94378896,
        0.99999424
      ]
    ],
    [
      [
        0.99929244,
        0.57797888,
        -0.1689496400000001,
        -0.005580880000000014,
        0.005559599999999988
      ],
      [
        0.57797888,
        0.99864576,
        -0.47331328000000017,
        0.004650239999999928,
        -0.0042207999999999204
      ],
      [
        -0.1689496400000001,
        -0.47331328000000017,
        0.99284284,
        0.011975279999999986,
        -0.01150760000000001
      ],
      [
        -0.005580880000000014,
        0.004650239999999928,
        0.011975279999999986,
        0.99995376,
        -0.9975592000000001
      ],
      [
        0.005559599999999988,
        -0.0042207999999999204,
        -0.01150760000000001,
        -0.9975592000000001,
        0.999964
      ]
    ],
    [
      [
        0.9999509999999999,
        0.607213,
        -0.33531279999999997,
        -0.006323000000000017,
        0.0065243999999999944
      ],
      [
        0.607213,
        0.996519,
        -0.5447063999999999,
        -0.013449000000000006,
        0.013637199999999985
      ],
      [
        -0.33531279999999997,
        -0.5447063999999999,
        0.9951558399999999,
        -0.0037655999999999202,
        0.0035516799999999434
      ],
      [
        -0.006323000000000017,
        -0.013449000000000006,
        -0.0037655999999999202,
        0.9998789999999999,
        -0.9996811999999999
      ],
      [
        0.0065243999999999944,
        0.013637199999999985,
        0.0035516799999999434,
        -0.9996811999999999,
        0.9998833599999999
      ]
    ],
    [
      [
        0.99995644,
        0.6298917199999999,
        -0.48417496000000004,
        0.007985480000000062,
        -0.008186800000000041
      ],
      [
        0.6298917199999999,
        0.99804636,
        -0.59784648,
        0.008097240000000033,
        -0.008288400000000013
      ],
      [
        -0.48417496000000004,
        -0.59784648,
        0.99585264,
        0.005541679999999987,
        -0.0053287999999999825
      ],
      [
        0.007985480000000062,
        0.008097240000000033,
        0.005541679999999987,
        0.99999516,
        -0.9997956
      ],
      [
        -0.008186800000000041,
        -0.008288400000000013,
        -0.0053287999999999825,
        -0.9997956,
        0.999996
      ]
    ],
    [
      [
        0.999996,
        0.6585027999999999,
        -0.600884,
        0.013795599999999951,
        -0.013595199999999974
      ],
      [
        0.6585027999999999,
        0.99763804,
        -0.6398411999999999,
        0.016293079999999995,
        -0.01608336000000002
      ],
      [
        -0.600884,
        -0.6398411999999999,
        0.9982359999999999,
        -0.02189239999999999,
        0.02170080000000001
      ],
      [
        0.013795599999999951,
        0.016293079999999995,
        -0.02189239999999999,
        0.99999516,
        -0.99979472
      ],
      [
        -0.013595199999999974,
        -0.01608336000000002,
        0.02170080000000001,
        -0.99979472,
        0.99999424
      ]
    ],
    [
      [
        0.99997296,
        0.65335184,
        -0.64233688,
        -0.003585440000000048,
        0.003585440000000048
      ],
      [
        0.65335184,
        0.99914736,
        -0.65767752,
        -0.010081760000000006,
        0.010081760000000006
      ],
      [
        -0.64233688,
        -0.65767752,
        0.99743964,
        0.001658320000000056,
        -0.001658320000000056
      ],
      [
        -0.003585440000000048,
        -0.010081760000000006,
        0.001658320000000056,
        0.99999216,
        -0.99999216
      ],
      [
        0.003585440000000048,
        0.010081760000000006,
        -0.001658320000000056,
        -0.99999216,
        0.99999216
      ]
    ],
    [
      [
        0.99996156,
        0.6710528,
        -0.6553054,
        -0.006644639999999995,
        0.006644639999999995
      ],
      [
        0.6710528,
        0.996864,
        -0.671152,
        0.004396800000000024,
        -0.004396800000000024
      ],
      [
        -0.6553054,
        -0.671152,
        0.999711,
        0.0004775999999999617,
        -0.0004775999999999617
      ],
      [
        -0.006644639999999995,
        0.004396800000000024,
        0.0004775999999999617,
        0.99994816,
        -0.99994816
      ],
      [
        0.006644639999999995,
        -0.004396800000000024,
        -0.0004775999999999617,
        -0.99994816,
        0.99994816
      ]
    ],
    [
      [
        0.9999,
        0.662368,
        -0.66054,
        -0.004392000000000071,
        0.004392000000000071
      ],
      [
        0.662368,
        0.99813376,
        -0.6538048,
        -0.007165440000000013,
        0.007165440000000013
      ],
      [
        -0.66054,
        -0.6538048,
        0.9998039999999999,
        0.00041120000000006643,
        -0.00041120000000006643
      ],
      [
        -0.004392000000000071,
        -0.007165440000000013,
        0.00041120000000006643,
        0.99999936,
        -0.99999936
      ],
      [
        0.004392000000000071,
        0.007165440000000013,
        -0.00041120000000006643,
        -0.99999936,
        0.99999936
      ]
    ],
    [
      [
        0.99973756,
        0.6512709999999999,
        -0.6664916,
        0.008863920000000006,
        -0.008863920000000006
      ],
      [
        0.6512709999999999,
        0.9979750000000001,
        -0.6586099999999999,
        -0.004977999999999971,
        0.004977999999999971
      ],
      [
        -0.6664916,
        -0.6586099999999999,
        0.999676,
        -0.0013511999999999812,
        0.0013511999999999812
      ],
      [
        0.008863920000000006,
        -0.004977999999999971,
        -0.0013511999999999812,
        0.99992944,
        -0.99992944
      ],
      [
        -0.008863920000000006,
        0.004977999999999971,
        0.0013511999999999812,
        -0.99992944,
        0.99992944
      ]
    ],
    [
      [
        0.999964,
        0.6595812,
        -0.6610007999999999,
        -0.010775999999999921,
        0.010775999999999921
      ],
      [
        0.6595812,
        0.99908796,
        -0.65720264,
        -0.00872079999999994,
        0.00872079999999994
      ],
      [
        -0.6610007999999999,
        -0.65720264,
        0.99889776,
        0.013467199999999947,
        -0.013467199999999947
      ],
      [
        -0.010775999999999921,
        -0.00872079999999994,
        0.013467199999999947,
        0.999984,
        -0.999984
      ],
      [
        0.010775999999999921,
        0.00872079999999994,
        -0.013467199999999947,
        -0.999984,
        0.999984
      ]
    ],
    [
      [
        0.99992256,
        0.66908144,
        -0.6653971200000001,
        0.02292080000000002,
        -0.02292080000000002
      ],
      [
        0.66908144,
        0.99868956,
        -0.66941088,
        0.007674200000000032,
        -0.007674200000000032
      ],
      [
        -0.6653971200000001,
        -0.66941088,
        0.99949824,
        -0.022001600000000014,
        0.022001600000000014
      ],
      [
        0.02292080000000002,
        0.007674200000000032,
        -0.022001600000000014,
        0.999919,
        -0.999919
      ],
      [
        -0.02292080000000002,
        -0.007674200000000032,
        0.022001600000000014,
        -0.999919,
        0.999919
      ]
    ],
    [
      [
        0.999951,
        0.6611899999999999,
        -0.667126,
        -0.011844800000000062,
        0.011844800000000062
      ],
      [
        0.6611899999999999,
        0.9991,
        -0.66374,
        -0.009392000000000013,
        0.009392000000000013
      ],
      [
        -0.667126,
        -0.66374,
        0.999676,
        0.0014848000000000187,
        -0.0014848000000000187
      ],
      [
        -0.011844800000000062,
        -0.009392000000000013,
        0.0014848000000000187,
        0.99995904,
        -0.99995904
      ],
      [
        0.011844800000000062,
        0.009392000000000013,
        -0.0014848000000000187,
        -0.99995904,
        0.99995904
      ]
    ],
    [
      [
        0.99999216,
        0.64732104,
        -0.6456257599999999,
        0.0013949599999999846,
        -0.0013949599999999846
      ],
      [
        0.64732104,
        0.99920476,
        -0.64525944,
        -0.011650760000000055,
        0.011650760000000055
      ],
      [
        -0.6456257599999999,
        -0.64525944,
        0.99991536,
        -0.0058165599999999715,
        0.0058165599999999715
      ],
      [
        0.0013949599999999846,
        -0.011650760000000055,
        -0.0058165599999999715,
        0.99999676,
        -0.99999676
      ],
      [
        -0.0013949599999999846,
        0.011650760000000055,
        0.0058165599999999715,
        -0.99999676,
        0.99999676
      ]
    ],
    [
      [
        0.99986076,
        0.6617474799999999,
        -0.670836,
        0.0015598799999999894,
        -0.0015598799999999894
      ],
      [
        0.6617474799999999,
        0.99954204,
        -0.667428,
        0.0011272400000000332,
        -0.0011272400000000332
      ],
      [
        -0.670836,
        -0.667428,
        0.9996,
        0.0001320000000000043,
        -0.0001320000000000043
      ],
      [
        0.0015598799999999894,
        0.0011272400000000332,
        0.0001320000000000043,
        0.99998844,
        -0.99998844
      ],
      [
        -0.0015598799999999894,
        -0.0011272400000000332,
        -0.0001320000000000043,
        -0.99998844,
        0.99998844
      ]
    ],
    [
      [
        0.99997296,
        0.66165128,
        -0.6621372799999999,
        -0.0012623999999999793,
        0.0012623999999999793
      ],
      [
        0.66165128,
        0.99918204,
        -0.66135504,
        -0.013343200000000012,
        0.013343200000000012
      ],
      [
        -0.6621372799999999,
        -0.66135504,
        0.99930304,
        0.005283199999999966,
        -0.005283199999999966
      ],
      [
        -0.0012623999999999793,
        -0.013343200000000012,
        0.005283199999999966,
        0.999856,
        -0.999856
      ],
      [
        0.0012623999999999793,
        0.013343200000000012,
        -0.005283199999999966,
        -0.999856,
        0.999856
      ]
    ],
    [
      [
        0.99981504,
        0.67334688,
        -0.66571312,
        0.0013864000000000385,
        -0.0013864000000000385
      ],
      [
        0.67334688,
        0.99988336,
        -0.65378664,
        -0.010189199999999957,
        0.010189199999999957
      ],
      [
        -0.66571312,
        -0.65378664,
        0.99871836,
        -0.009564199999999965,
        0.009564199999999965
      ],
      [
        0.0013864000000000385,
        -0.010189199999999957,
        -0.009564199999999965,
        0.999999,
        -0.999999
      ],
      [
        -0.0013864000000000385,
        0.010189199999999957,
        0.009564199999999965,
        -0.999999,
        0.999999
      ]
    ],
    [
      [
        0.99997296,
        0.6548832,
        -0.6632804,
        -0.01935944000000003,
        0.01935944000000003
      ],
      [
        0.6548832,
        0.999744,
        -0.660968,
        -0.015524800000000078,
        0.015524800000000078
      ],
      [
        -0.6632804,
        -0.660968,
        0.999471,
        0.005020599999999958,
        -0.005020599999999958
      ],
      [
        -0.01935944000000003,
        -0.015524800000000078,
        0.005020599999999958,
        0.99993916,
        -0.99993916
      ],
      [
        0.01935944000000003,
        0.015524800000000078,
        -0.005020599999999958,
        -0.99993916,
        0.99993916
      ]
    ],
    [
      [
        0.99994224,
        0.65133552,
        -0.6562410400000002,
        0.005936160000000033,
        -0.005936160000000033
      ],
      [
        0.65133552,
        0.9987889600000001,
        -0.66758792,
        -0.005892319999999992,
        0.005892319999999992
      ],
      [
        -0.6562410400000002,
        -0.66758792,
        0.99997084,
        -0.002245360000000008,
        0.002245360000000008
      ],
      [
        0.005936160000000033,
        -0.005892319999999992,
        -0.002245360000000008,
        0.99992944,
        -0.99992944
      ],
      [
        -0.005936160000000033,
        0.005892319999999992,
        0.002245360000000008,
        -0.99992944,
        0.99992944
      ]
    ],
    [
      [
        0.999856,
        0.6610984000000001,
        -0.658228,
        -0.0024728000000000193,
        0.0024728000000000193
      ],
      [
        0.6610984000000001,
        0.99993276,
        -0.6670542,
        0.0007130799999999947,
        -0.0007130799999999947
      ],
      [
        -0.658228,
        -0.6670542,
        0.999039,
        -0.011128599999999949,
        0.011128599999999949
      ],
      [
        -0.0024728000000000193,
        0.0007130799999999947,
        -0.011128599999999949,
        0.99988764,
        -0.99988764
      ],
      [
        0.0024728000000000193,
        -0.0007130799999999947,
        0.011128599999999949,
        -0.99988764,
        0.99988764
      ]
    ],
    [
      [
        0.99999996,
        0.66759948,
        -0.6728069200000001,
        -0.0032032400000000082,
        0.0032032400000000082
      ],
      [
        0.66759948,
        0.99999324,
        -0.6844899600000002,
        -0.007642119999999996,
        0.007642119999999996
      ],
      [
        -0.6728069200000001,
        -0.6844899600000002,
        0.99880284,
        -0.004960519999999988,
        0.004960519999999988
      ],
      [
        -0.0032032400000000082,
        -0.007642119999999996,
        -0.004960519999999988,
        0.99973756,
        -0.99973756
      ],
      [
        0.0032032400000000082,
        0.007642119999999996,
        0.004960519999999988,
        -0.99973756,
        0.99973756
      ]
    ]
  ]
}