{
  "settings_list": [
    [
      0.4035347395592856,
      0.5539209666959045,
      5.5479222045122105,
      5.60704859661025,
      5.679856085262726,
      6.153071065496914,
      4.859606446356209,
      6.256628150046607,
      2.25360866292176,
      5.683945138020748,
      0.5746831019613308,
      2.997346933261758,
      5.4975931587242775,
      3.1616563810375173,
      1.6155523594685384
    ],
    [
      0.5052576412843045,
      0.5754313577068223,
      5.544005613074944,
      5.544844074725835,
      5.6804608842280775,
      6.152271960815279,
      4.844601392904815,
      6.1708041265920155,
      2.2546179419048666,
      5.736878372019673,
      0.570731945362182,
      2.995294828797479,
      5.551490201107478,
      3.1994557888054977,
      1.618526675123355
    ],
    [
      0.6155210841965093,
      0.5915892594711742,
      5.543205180511998,
      5.4731819178750545,
      5.676807012548482,
      6.155636934943179,
      4.827916809497007,
      6.079980115568164,
      2.2533381807931994,
      5.824611605182341,
      0.5630213915875771,
      2.9965872667654967,
      5.636387493010968,
      3.2542541666115854,
      1.6222167431150707
    ],
    [
      0.7368966969656485,
      0.6053536463773215,
      5.5401569728496325,
      5.391799060802754,
      5.679892631489849,
      6.155924620228152,
      4.8230082837791866,
      5.975774689685652,
      2.2541949784141755,
      5.949889611155775,
      0.5354350190415131,
      2.9976994228059737,
      5.770402971598312,
      3.333165712722411,
      1.6212941900681364
    ],
    [
      0.8560504887049192,
      0.6069847623117512,
      5.535313833249191,
      5.301329818761449,
      5.6755712185674785,
      6.160550004745639,
      4.809515981240169,
      5.884166499425483,
      2.2548247134453865,
      6.114504419376704,
      0.4876071768246677,
      2.9975638685324513,
      5.933168284075637,
      3.4402154447214572,
      1.6249251410421341
    ],
    [
      0.9663488067624424,
      0.6099190433478057,
      5.535173167706538,
      5.221847396786319,
      5.67495445880168,
      6.162466907413418,
      4.800524566559401,
      5.805943197982667,
      2.2608091013990887,
      6.261850185463155,
      0.4452887498434357,
      2.9907408495540224,
      6.0737179833448725,
      3.517847315072014,
      1.6218428309940254
    ],
    [
      1.0624146608465077,
      0.6114513468743951,
      5.535239489691423,
      5.145015204618649,
      5.672211242657127,
      6.161141129214045,
      4.791326145229189,
      5.746763799615276,
      2.2619551587171047,
      6.332498561775111,
      0.42293219086576145,
      2.9879093949983386,
      6.153092668116753,
      3.543707270376462,
      1.6198814340305232
    ],
    [
      1.1581823043399304,
      0.6193725981329167,
      5.535971388345758,
      5.065584047578377,
      5.666939525364083,
      6.161905124466148,
      4.78412127356234,
      5.702704061725354,
      2.2636042661233633,
      6.355525241292037,
      0.42147609177891787,
      2.9885901490019022,
      6.183542916366258,
      3.551909457953429,
      1.6209049028655804
    ],
    [
      1.2352350090510664,
      0.6233344416978112,
      5.541033901748423,
      5.004372302854448,
      5.66324750238074,
      6.162258833857164,
      4.775680535752617,
      5.674969306986811,
      2.263019380277836,
      6.362949191591619,
      0.42162194399215974,
      2.9855367626879583,
      6.188060084653125,
      3.5541714674405283,
      1.6248380595916114
    ],
    [
      1.2885841841872456,
      0.6320895425826238,
      5.54569742685167,
      4.951656089362424,
      5.6553976748433525,
      6.158697744258695,
      4.768738831608233,
      5.660712897546345,
      2.2691995751724687,
      6.371488184727348,
      0.4172673572015805,
      2.985668233838617,
      6.1913748976637715,
      3.5549487405843054,
      1.6180207555903416
    ],
    [
      1.3355955267242619,
      0.6311936669565323,
      5.544223628700624,
      4.906049011475606,
      5.645236506446175,
      6.163128548750557,
      4.758198788714826,
      5.651481521456213,
      2.2687947199837994,
      6.3697125313514915,
      0.40972118948704217,
      2.9855988359857504,
      6.183814801754792,
      3.5519304674719367,
      1.6213126774748767
    ],
    [
      1.3849795376894378,
      0.6442010146587276,
      5.543174948002651,
      4.875434292151966,
      5.637135095914249,
      6.16134076493246,
      4.749575356272674,
      5.641764464956533,
      2.2750485874239708,
      6.366089292400233,
      0.4196084901976966,
      2.9807870614532432,
      6.183536082380822,
      3.5509443914206216,
      1.6184542312812575
    ],
    [
      1.4151136277294123,
      0.6409654236440971,
      5.54783627341971,
      4.841833936860421,
      5.632088484778044,
      6.163879420997947,
      4.737619303812667,
      5.6338471642854415,
      2.277161670079571,
      6.376074108334777,
      0.41672769247710134,
      2.978604669978597,
      6.18399447224,
      3.556658318665684,
      1.6165517574334816
    ],
    [
      1.4466937926698795,
      0.6417853248606809,
      5.5481845557724885,
      4.822201234176251,
      5.6340408038998255,
      6.1647508572206675,
      4.731897457450647,
      5.639458918465364,
      2.2780930427011286,
      6.381029586391946,
      0.4215025917695788,
      2.981779414206396,
      6.188952739226624,
      3.5569149214774347,
      1.61856389421869
    ],
    [
      1.4659720832014047,
      0.6480465767511129,
      5.544499432830805,
      4.810644376964258,
      5.639876854953628,
      6.17108706231398,
      4.726693314345466,
      5.630948046133293,
      2.2803667210699246,
      6.385920891822249,
      0.41805084658478675,
      2.9773537078936387,
      6.185417871017385,
      3.5540002472149634,
      1.6152263444627715
    ],
    [
      1.4778993284003341,
      0.6504805710776511,
      5.543762047166901,
      4.794217871052537,
      5.63143838163985,
      6.174264189119082,
      4.730200980170962,
      5.62703839554249,
      2.2784149720157547,
      6.388790412931936,
      0.41622125591342674,
      2.979244823324241,
      6.195156409344351,
      3.5513074506948694,
      1.6115580289442153
    ],
    [
      1.4912756944803884,
      0.6515793782398496,
      5.540789389902648,
      4.785460399559619,
      5.6308614884906945,
      6.171862213951165,
      4.730863612656015,
      5.622803560001246,
      2.2761407824566633,
      6.379963402543495,
      0.4147064957139803,
      2.9822753670740774,
      6.189541626481471,
      3.564046387491148,
      1.6140462495239625
    ],
    [
      1.5042023732859708,
      0.6511134392687248,
      5.5359696137878,
      4.7757782735520955,
      5.63039650578447,
      6.171763311481982,
      4.731902287131344,
      5.620298223405177,
      2.2726045394305636,
      6.38613654525087,
      0.4189958918743032,
      2.9781558164048545,
      6.184544494554603,
      3.5621315869915495,
      1.6090883848268491
    ],
    [
      1.520173928125697,
      0.6557785401665411,
      5.539008394168069,
      4.767867543041496,
      5.632033681658318,
      6.1716970623964444,
      4.728586806472622,
      5.627661353182955,
      2.2753132974327883,
      6.385610041132659,
      0.4155628286712491,
      2.9789393822043504,
      6.182442383781824,
      3.570221874067977,
      1.6036174474346738
    ],
    [
      1.5288083112812707,
      0.6556095067708778,
      5.536803762637339,
      4.757569900441967,
      5.6284401016469925,
      6.168919874243884,
      4.721267565840322,
      5.6315266775794806,
      2.2745578999130105,
      6.385128283312802,
      0.41776054773558513,
      2.9778475194179888,
      6.183359375142187,
      3.5602722273159984,
      1.6037664206930904
    ],
    [
      1.5373660876086304,
      0.6534971189217402,
      5.538220609715964,
      4.742900235271349,
      5.629139570069578,
      6.167027311081284,
      4.714000102955317,
      5.628311276275,
      2.2779958310703763,
      6.38569120544426,
      0.4138882205632766,
      2.9784504609401288,
      6.17838875693201,
      3.5635399911697387,
      1.6015371600849306
    ]
  ],
  "cost_vals": [],
  "step_size": 0.1,
  "opt_step_times": [
    0.22926998138427734,
    0.2367548942565918,
    0.28865981101989746,
    0.2114417552947998,
    0.2060379981994629,
    0.2289738655090332,
    0.21566414833068848,
    0.314896821975708,
    0.24956178665161133,
    0.2527158260345459,
    0.2862410545349121,
    0.2663109302520752,
    0.23171305656433105,
    0.24376511573791504,
    0.254500150680542,
    0.24331903457641602,
    0.2289900779724121,
    0.2916259765625,
    0.24042296409606934,
    0.25209808349609375
  ],
  "opt_settings": [
    1.5373660876086304,
    0.6534971189217402,
    5.538220609715964,
    4.742900235271349,
    5.629139570069578,
    6.167027311081284,
    4.714000102955317,
    5.628311276275,
    2.2779958310703763,
    6.38569120544426,
    0.4138882205632766,
    2.9784504609401288,
    6.17838875693201,
    3.5635399911697387,
    1.6015371600849306
  ],
  "min_cost": null,
  "datetime": "2023-05-30T16-42-11Z",
  "step_only": true,
  "ibm_device": "default.qubit",
  "shots": 10000,
  "prep_node_name": "W_state_2-qubit_ghz_state",
  "num_qubits": 5,
  "error": false,
  "cov_mats": [
    [
      [
        0.9329189999999998,
        -0.5340102,
        -0.28335580000000005,
        -0.012939600000000037,
        -0.0014431999999999705
      ],
      [
        -0.5340102,
        0.9525631600000001,
        0.30895964000000004,
        -0.0015583199999999924,
        0.017154559999999916
      ],
      [
        -0.28335580000000005,
        0.30895964000000004,
        0.99684156,
        0.0019527199999999233,
        -0.003269760000000029
      ],
      [
        -0.012939600000000037,
        -0.0015583199999999924,
        0.0019527199999999233,
        0.99998064,
        -0.16162112000000003
      ],
      [
        -0.0014431999999999705,
        0.017154559999999916,
        -0.003269760000000029,
        -0.16162112000000003,
        0.99997696
      ]
    ],
    [
      [
        0.9380985599999999,
        -0.5584174400000002,
        -0.35684,
        0.005814399999999944,
        -0.00719616000000004
      ],
      [
        -0.5584174400000002,
        0.96244156,
        0.38450999999999996,
        0.008674400000000035,
        -0.0008201600000000234
      ],
      [
        -0.35684,
        0.38450999999999996,
        0.9974999999999999,
        0.014600000000000017,
        0.0022400000000000085
      ],
      [
        0.005814399999999944,
        0.008674400000000035,
        0.014600000000000017,
        0.999856,
        -0.26283839999999997
      ],
      [
        -0.00719616000000004,
        -0.0008201600000000234,
        0.0022400000000000085,
        -0.26283839999999997,
        0.99998976
      ]
    ],
    [
      [
        0.9500924399999999,
        -0.5691055199999999,
        -0.41449776000000005,
        0.005614840000000038,
        -0.004410600000000028
      ],
      [
        -0.5691055199999999,
        0.9588721600000001,
        0.43744608,
        -0.004444719999999968,
        0.0027747999999999254
      ],
      [
        -0.41449776000000005,
        0.43744608,
        0.99930304,
        0.008132639999999974,
        0.011162399999999992
      ],
      [
        0.005614840000000038,
        -0.004444719999999968,
        0.008132639999999974,
        0.99984124,
        -0.43428659999999997
      ],
      [
        -0.004410600000000028,
        0.0027747999999999254,
        0.011162399999999992,
        -0.43428659999999997,
        0.999919
      ]
    ],
    [
      [
        0.9589532399999999,
        -0.5842732,
        -0.49307799999999996,
        0.009276920000000015,
        -0.006675840000000031
      ],
      [
        -0.5842732,
        0.966876,
        0.48454,
        0.003984400000000011,
        -0.0021088000000000075
      ],
      [
        -0.49307799999999996,
        0.48454,
        0.9991,
        -0.0033740000000000558,
        -0.0015519999999999941
      ],
      [
        0.009276920000000015,
        0.003984400000000011,
        -0.0033740000000000558,
        0.99979836,
        -0.65182272
      ],
      [
        -0.006675840000000031,
        -0.0021088000000000075,
        -0.0015519999999999941,
        -0.65182272,
        0.99999744
      ]
    ],
    [
      [
        0.96788736,
        -0.6036268800000001,
        -0.5456512,
        -0.01869824,
        0.01817344000000002
      ],
      [
        -0.6036268800000001,
        0.97553904,
        0.5459696,
        0.014837919999999935,
        -0.007499520000000021
      ],
      [
        -0.5456512,
        0.5459696,
        0.998704,
        0.01610079999999993,
        -0.016284799999999967
      ],
      [
        -0.01869824,
        0.014837919999999935,
        0.01610079999999993,
        0.99999216,
        -0.8772089599999999
      ],
      [
        0.01817344000000002,
        -0.007499520000000021,
        -0.016284799999999967,
        -0.8772089599999999,
        0.99998976
      ]
    ],
    [
      [
        0.97585084,
        -0.62621552,
        -0.5943187200000001,
        -0.007779640000000074,
        0.011948560000000098
      ],
      [
        -0.62621552,
        0.98341056,
        0.5856601600000001,
        -0.003138080000000009,
        -0.0018876800000000625
      ],
      [
        -0.5943187200000001,
        0.5856601600000001,
        0.9986457599999999,
        -0.006010880000000047,
        0.0034035199999999976
      ],
      [
        -0.007779640000000074,
        -0.003138080000000009,
        -0.006010880000000047,
        0.99972444,
        -0.97472776
      ],
      [
        0.011948560000000098,
        -0.0018876800000000625,
        0.0034035199999999976,
        -0.97472776,
        0.99973104
      ]
    ],
    [
      [
        0.98521344,
        -0.65459776,
        -0.6322591999999999,
        -0.006280959999999966,
        0.006778240000000014
      ],
      [
        -0.65459776,
        0.98926704,
        0.6295567999999999,
        0.0022198399999999972,
        -0.002536960000000028
      ],
      [
        -0.6322591999999999,
        0.6295567999999999,
        0.999856,
        -0.0020671999999999744,
        0.0016767999999999915
      ],
      [
        -0.006280959999999966,
        0.0022198399999999972,
        -0.0020671999999999744,
        0.9999686399999997,
        -0.9987641599999999
      ],
      [
        0.006778240000000014,
        -0.002536960000000028,
        0.0016767999999999915,
        -0.9987641599999999,
        0.9999590399999999
      ]
    ],
    [
      [
        0.98736624,
        -0.6415408,
        -0.6306526400000001,
        -0.0015457600000000353,
        0.0011907200000000314
      ],
      [
        -0.6415408,
        0.991536,
        0.6322288,
        0.0006992000000000053,
        -0.0002624000000000155
      ],
      [
        -0.6306526400000001,
        0.6322288,
        0.99944304,
        0.012979360000000007,
        -0.012569919999999965
      ],
      [
        -0.0015457600000000353,
        0.0006992000000000053,
        0.012979360000000007,
        0.99994224,
        -0.99954528
      ],
      [
        0.0011907200000000314,
        -0.0002624000000000155,
        -0.012569919999999965,
        -0.99954528,
        0.9999481599999999
      ]
    ],
    [
      [
        0.99431484,
        -0.6514685599999999,
        -0.638862,
        0.01550875999999998,
        -0.01532384
      ],
      [
        -0.6514685599999999,
        0.99070704,
        0.636308,
        0.008706160000000088,
        -0.008925440000000064
      ],
      [
        -0.638862,
        0.636308,
        0.9991,
        0.0004820000000000343,
        -0.0006880000000000116
      ],
      [
        0.01550875999999998,
        0.008706160000000088,
        0.0004820000000000343,
        0.99991164,
        -0.99970976
      ],
      [
        -0.01532384,
        -0.008925440000000064,
        -0.0006880000000000116,
        -0.99970976,
        0.99990784
      ]
    ],
    [
      [
        0.99553776,
        -0.6563314400000001,
        -0.65589872,
        0.01341455999999998,
        -0.01341455999999998
      ],
      [
        -0.6563314400000001,
        0.99263836,
        0.66193368,
        0.0009893599999999249,
        -0.0009893599999999249
      ],
      [
        -0.65589872,
        0.66193368,
        0.99836784,
        -0.004428320000000025,
        0.004428320000000025
      ],
      [
        0.01341455999999998,
        0.0009893599999999249,
        -0.004428320000000025,
        0.99991536,
        -0.99991536
      ],
      [
        -0.01341455999999998,
        -0.0009893599999999249,
        0.004428320000000025,
        -0.99991536,
        0.99991536
      ]
    ],
    [
      [
        0.9979750000000001,
        -0.659628,
        -0.6499680000000001,
        -0.014177999999999979,
        0.014177999999999979
      ],
      [
        -0.659628,
        0.99658944,
        0.63982464,
        0.0023094399999999964,
        -0.0023094399999999964
      ],
      [
        -0.6499680000000001,
        0.63982464,
        0.99907584,
        0.009744639999999954,
        -0.009744639999999954
      ],
      [
        -0.014177999999999979,
        0.0023094399999999964,
        0.009744639999999954,
        0.99992944,
        -0.99992944
      ],
      [
        0.014177999999999979,
        -0.0023094399999999964,
        -0.009744639999999954,
        -0.99992944,
        0.99992944
      ]
    ],
    [
      [
        0.99866044,
        -0.65756672,
        -0.6555686000000001,
        -0.0012805200000000614,
        0.0012805200000000614
      ],
      [
        -0.65756672,
        0.9964953599999999,
        0.6633568000000001,
        -0.0031302400000000016,
        0.0031302400000000016
      ],
      [
        -0.6555686000000001,
        0.6633568000000001,
        0.999559,
        0.0015537999999999628,
        -0.0015537999999999628
      ],
      [
        -0.0012805200000000614,
        -0.0031302400000000016,
        0.0015537999999999628,
        0.99999516,
        -0.99959516
      ],
      [
        0.0012805200000000614,
        0.0031302400000000016,
        -0.0015537999999999628,
        -0.99959516,
        0.99999516
      ]
    ],
    [
      [
        0.999324,
        -0.6715724,
        -0.6565172,
        0.006069999999999901,
        -0.006069999999999901
      ],
      [
        -0.6715724,
        0.9986012400000001,
        0.66554372,
        0.006212999999999991,
        -0.006212999999999991
      ],
      [
        -0.6565172,
        0.66554372,
        0.99985116,
        0.0011390000000000072,
        -0.0011390000000000072
      ],
      [
        0.006069999999999901,
        0.006212999999999991,
        0.0011390000000000072,
        0.999975,
        -0.999975
      ],
      [
        -0.006069999999999901,
        -0.006212999999999991,
        -0.0011390000000000072,
        -0.999975,
        0.999975
      ]
    ],
    [
      [
        0.999324,
        -0.6565596,
        -0.6772264000000001,
        -0.01177880000000007,
        0.01177880000000007
      ],
      [
        -0.6565596,
        0.99801084,
        0.6610685599999999,
        0.018322520000000033,
        -0.018322520000000033
      ],
      [
        -0.6772264000000001,
        0.6610685599999999,
        0.99973104,
        0.019265680000000045,
        -0.019265680000000045
      ],
      [
        -0.01177880000000007,
        0.018322520000000033,
        0.019265680000000045,
        0.99973756,
        -0.99973756
      ],
      [
        0.01177880000000007,
        -0.018322520000000033,
        -0.019265680000000045,
        -0.99973756,
        0.99973756
      ]
    ],
    [
      [
        0.99958384,
        -0.66943648,
        -0.6563591199999999,
        -0.007787760000000003,
        0.007787760000000003
      ],
      [
        -0.66943648,
        0.99902656,
        0.6663566399999998,
        -0.0001812800000000356,
        0.0001812800000000356
      ],
      [
        -0.6563591199999999,
        0.6663566399999998,
        0.99993916,
        0.00320467999999998,
        -0.00320467999999998
      ],
      [
        -0.007787760000000003,
        -0.0001812800000000356,
        0.00320467999999998,
        0.99999964,
        -0.99999964
      ],
      [
        0.007787760000000003,
        0.0001812800000000356,
        -0.00320467999999998,
        -0.99999964,
        0.99999964
      ]
    ],
    [
      [
        0.999324,
        -0.6561332,
        -0.6674496,
        -0.00016559999999999373,
        0.0003707999999999712
      ],
      [
        -0.6561332,
        0.99920476,
        0.6623292799999999,
        -0.010311919999999954,
        0.010117559999999975
      ],
      [
        -0.6674496,
        0.6623292799999999,
        0.99990784,
        0.0022342399999999993,
        -0.0024323199999999774
      ],
      [
        -0.00016559999999999373,
        -0.010311919999999954,
        0.0022342399999999993,
        0.9994046400000002,
        -0.9992095200000003
      ],
      [
        0.0003707999999999712,
        0.010117559999999975,
        -0.0024323199999999774,
        -0.9992095200000003,
        0.9994143600000002
      ]
    ],
    [
      [
        0.99836784,
        -0.66978176,
        -0.6654363999999999,
        -0.0042707200000000455,
        0.0042707200000000455
      ],
      [
        -0.66978176,
        0.99979264,
        0.6587296,
        -0.003153919999999981,
        0.003153919999999981
      ],
      [
        -0.6654363999999999,
        0.6587296,
        0.999919,
        0.012571199999999918,
        -0.012571199999999918
      ],
      [
        -0.0042707200000000455,
        -0.003153919999999981,
        0.012571199999999918,
        0.99998976,
        -0.99998976
      ],
      [
        0.0042707200000000455,
        0.003153919999999981,
        -0.012571199999999918,
        -0.99998976,
        0.99998976
      ]
    ],
    [
      [
        0.99961584,
        -0.67652536,
        -0.66363904,
        -0.014196080000000019,
        0.014196080000000019
      ],
      [
        -0.67652536,
        0.99972444,
        0.66502816,
        0.006003320000000005,
        -0.006003320000000005
      ],
      [
        -0.66363904,
        0.66502816,
        0.99949824,
        0.010204479999999986,
        -0.010204479999999986
      ],
      [
        -0.014196080000000019,
        0.006003320000000005,
        0.010204479999999986,
        0.99999996,
        -0.99999996
      ],
      [
        0.014196080000000019,
        -0.006003320000000005,
        -0.010204479999999986,
        -0.99999996,
        0.99999996
      ]
    ],
    [
      [
        0.999711,
        -0.6612578,
        -0.6679626000000001,
        0.008165999999999958,
        -0.008165999999999958
      ],
      [
        -0.6612578,
        0.99998844,
        0.65520748,
        -0.017406800000000028,
        0.017406800000000028
      ],
      [
        -0.6679626000000001,
        0.65520748,
        0.99999516,
        -0.01739559999999997,
        0.01739559999999997
      ],
      [
        0.008165999999999958,
        -0.017406800000000028,
        -0.01739559999999997,
        0.999996,
        -0.999996
      ],
      [
        -0.008165999999999958,
        0.017406800000000028,
        0.01739559999999997,
        -0.999996,
        0.999996
      ]
    ],
    [
      [
        0.998775,
        -0.6656259999999999,
        -0.669595,
        0.019568000000000082,
        -0.019568000000000082
      ],
      [
        -0.6656259999999999,
        0.99973104,
        0.6718227999999999,
        -0.016078720000000067,
        0.016078720000000067
      ],
      [
        -0.669595,
        0.6718227999999999,
        0.999471,
        -0.015110400000000012,
        0.015110400000000012
      ],
      [
        0.019568000000000082,
        -0.016078720000000067,
        -0.015110400000000012,
        0.99997696,
        -0.99997696
      ],
      [
        -0.019568000000000082,
        0.016078720000000067,
        0.015110400000000012,
        -0.99997696,
        0.99997696
      ]
    ],
    [
      [
        0.999936,
        -0.6614783999999999,
        -0.6589056,
        0.004975999999999971,
        -0.004975999999999971
      ],
      [
        -0.6614783999999999,
        0.99976896,
        0.6628206400000001,
        -0.011934399999999946,
        0.011934399999999946
      ],
      [
        -0.6589056,
        0.6628206400000001,
        0.99986076,
        -0.012059600000000035,
        0.012059600000000035
      ],
      [
        0.004975999999999971,
        -0.011934399999999946,
        -0.012059600000000035,
        0.999516,
        -0.999516
      ],
      [
        -0.004975999999999971,
        0.011934399999999946,
        0.012059600000000035,
        -0.999516,
        0.999516
      ]
    ]
  ]
}