{
  "settings_list": [
    [
      2.7631187134458846,
      0.9307559212004298,
      0.2974731679020318,
      5.826627248852815,
      5.60128039329375,
      5.026705693924074,
      6.083878405503312,
      1.9620270383181078,
      2.1847835558682465,
      3.775598251745876,
      2.1792385173368825,
      3.8466165577935088,
      3.397304288803192,
      5.366565409666624,
      2.612814930473974
    ],
    [
      2.7349595662855117,
      1.059059132912201,
      0.30085481358291827,
      5.790867230222838,
      5.481194962081426,
      5.026074765955697,
      6.0586987997677,
      1.8370397979085173,
      2.1843284833946814,
      3.6823960890340746,
      2.129242490180737,
      3.8491637413286175,
      3.301391567418866,
      5.289541875623335,
      2.6120957422509963
    ],
    [
      2.7006820118554278,
      1.209459481272817,
      0.2998079786463509,
      5.752778869024412,
      5.312109729475681,
      5.027166113527235,
      6.041969241622404,
      1.7068189744453106,
      2.181631940293634,
      3.6089647324002057,
      2.0976135258929816,
      3.8531414360005063,
      3.231229244303421,
      5.2395012470519715,
      2.6127941165716377
    ],
    [
      2.678928195645894,
      1.3455954629769802,
      0.3022807477761691,
      5.725013395137487,
      5.133905024895365,
      5.031788572205446,
      6.032665482501059,
      1.6082091341470712,
      2.1817500261902207,
      3.560118253363222,
      2.0696287289520114,
      3.8529209212892472,
      3.1776700356615364,
      5.214140312172871,
      2.6129013880801146
    ],
    [
      2.6682670665753467,
      1.4402932589272266,
      0.3022172218580139,
      5.7193977864746195,
      4.981171082414186,
      5.032445490000062,
      6.027715751449177,
      1.5449846144547625,
      2.178633529806235,
      3.5222838349651213,
      2.053611975410946,
      3.8538612157975622,
      3.1430303628442564,
      5.191922935380279,
      2.612247255036807
    ],
    [
      2.6612261695687804,
      1.492229916043192,
      0.2998415267794961,
      5.715122761425844,
      4.878636585258751,
      5.033460580227894,
      6.0282508125565535,
      1.5262437576086518,
      2.180518561936961,
      3.4884071326009716,
      2.0408702732287276,
      3.8551454190988155,
      3.1109321086003012,
      5.183887292389241,
      2.617633670511042
    ],
    [
      2.653042150630962,
      1.5228281098001004,
      0.300202695064449,
      5.716033196714635,
      4.813155161952943,
      5.033702992202422,
      6.032001303669246,
      1.5218505635956001,
      2.181936131769808,
      3.459523764461114,
      2.0293941564821676,
      3.849512184062863,
      3.084119774755591,
      5.162263933953098,
      2.619585675275093
    ],
    [
      2.653975218180855,
      1.5336745090171142,
      0.2970746490981309,
      5.718494151723587,
      4.7762002239712515,
      5.03007602743857,
      6.031213414495993,
      1.5274828271424852,
      2.178914473904099,
      3.4388016822719325,
      2.020219902512268,
      3.845521505574387,
      3.067561173112755,
      5.157130202338335,
      2.6232182017709484
    ],
    [
      2.654894507240855,
      1.5491954143489142,
      0.30157657978053093,
      5.717866545557187,
      4.760661113406652,
      5.02882457323957,
      6.026854634882193,
      1.5459407986712852,
      2.177291923178299,
      3.4160497083245325,
      2.016659127782468,
      3.851974191383587,
      3.047761677193155,
      5.153406733415535,
      2.6264358164113486
    ],
    [
      2.659117759200905,
      1.5584002197573124,
      0.301382426840536,
      5.72229807637403,
      4.741607596860906,
      5.02831281996285,
      6.027704389630396,
      1.5518345181378632,
      2.1790214782586435,
      3.402539149384974,
      2.0140850663497654,
      3.850769912903404,
      3.0387633222173176,
      5.1555129049816255,
      2.6309182729457934
    ],
    [
      2.655754790420975,
      1.5623074691375178,
      0.3033283142043958,
      5.7237085359003,
      4.738322074890134,
      5.024485390916132,
      6.028607380448519,
      1.562131050774797,
      2.179005555877441,
      3.391913769475778,
      2.0159486900691843,
      3.8531755635135583,
      3.0297167598553107,
      5.146660249598513,
      2.6322335368783425
    ],
    [
      2.6541676357857225,
      1.5631452268532426,
      0.29852354097969497,
      5.724695056307178,
      4.727614104226287,
      5.0221530705664135,
      6.033788947043192,
      1.5597607590364981,
      2.1795430076109437,
      3.3796171142633487,
      2.0083956718779037,
      3.8562385830755095,
      3.0166150223324686,
      5.149838829714532,
      2.6291154480153223
    ],
    [
      2.6552433848326644,
      1.5687011663403065,
      0.2977014671878803,
      5.725509122800571,
      4.718996062247962,
      5.0176217339958304,
      6.0368873964103,
      1.5580942287048176,
      2.180396339389992,
      3.3763532976648554,
      2.0164331664547177,
      3.859457581045772,
      3.0072891949722607,
      5.143685061027939,
      2.6313338034172764
    ],
    [
      2.6578557962706593,
      1.573929141017387,
      0.2957692051083687,
      5.7219464992519935,
      4.720357565399424,
      5.01563789151894,
      6.035314680744279,
      1.5635635145662692,
      2.1812756991510467,
      3.370115054364684,
      2.0094806666028164,
      3.8583670294957386,
      2.993486249495437,
      5.144248548882414,
      2.6300384260583445
    ],
    [
      2.6606231707152754,
      1.567215425519707,
      0.30072559932830467,
      5.723245263778609,
      4.711827315994056,
      5.0149939885340205,
      6.034542584166343,
      1.5678328300031412,
      2.183124468340319,
      3.363238372435204,
      2.0052513949160646,
      3.8612164362020667,
      2.982789982808061,
      5.1467153191475585,
      2.6349057333332406
    ],
    [
      2.656285560475008,
      1.565543235511992,
      0.30630281104921825,
      5.719805143799889,
      4.71249480149986,
      5.011923549826901,
      6.039351666209043,
      1.5692046013862884,
      2.1837128540377075,
      3.3617012784320393,
      2.0037911482903654,
      3.8623377147342426,
      2.9783653652045445,
      5.150492194270926,
      2.6379826472951624
    ],
    [
      2.6567838725387105,
      1.568126739083818,
      0.30449420612170053,
      5.72241100766424,
      4.711678696786899,
      5.006688811822132,
      6.040816915697731,
      1.5671801737166173,
      2.1865129376132906,
      3.3572071196928013,
      2.000809107941523,
      3.8597418657387617,
      2.9717848891673184,
      5.1496010024536325,
      2.638675285037337
    ],
    [
      2.650626759525644,
      1.566898827785916,
      0.297053193164322,
      5.721033617543331,
      4.718798319947353,
      5.004829987640503,
      6.040982544484765,
      1.571037887345036,
      2.185467611060433,
      3.354473651165518,
      2.003888237156133,
      3.863007729023856,
      2.9624729031423587,
      5.148415049853469,
      2.6432712628632338
    ],
    [
      2.6491468147413655,
      1.5645515496351838,
      0.2948554241610469,
      5.71755313558887,
      4.71578116718071,
      5.00993022731845,
      6.0416316282675355,
      1.574889445856318,
      2.1883264209822344,
      3.3454276133273675,
      2.0097435737909244,
      3.8591656649672186,
      2.954901593422657,
      5.146227048068231,
      2.6448620866335433
    ],
    [
      2.649425659392439,
      1.5678694163386837,
      0.2895402050306763,
      5.718004521300578,
      4.721622884053687,
      5.010942541050521,
      6.040171936991807,
      1.5729277806258612,
      2.182876519676397,
      3.3404761605514657,
      2.006938711849256,
      3.8539916626659783,
      2.95323389940282,
      5.1519618496595925,
      2.645304534229397
    ],
    [
      2.6487202972388677,
      1.564138048083562,
      0.2863008238649659,
      5.7197570228893575,
      4.718412483982343,
      5.008757086809164,
      6.039253369440602,
      1.5691086363763829,
      2.18010737612868,
      3.3354264696696148,
      2.0117262440209775,
      3.8458762971993368,
      2.9537858730402284,
      5.148378587221339,
      2.647806738262445
    ]
  ],
  "cost_vals": [],
  "step_size": 0.1,
  "opt_step_times": [
    67.22206044197083,
    71.00894212722778,
    45.04431867599487,
    45.57026028633118,
    37.23266077041626,
    40.129353046417236,
    43.13092303276062,
    37.09879541397095,
    43.10420370101929,
    55.76061034202576,
    50.95918011665344,
    36.33022212982178,
    51.47278666496277,
    71.83872413635254,
    51.45330095291138,
    51.286417722702026,
    45.03497076034546,
    60.330283641815186,
    35.079527139663696,
    50.482685804367065
  ],
  "opt_settings": [
    2.6487202972388677,
    1.564138048083562,
    0.2863008238649659,
    5.7197570228893575,
    4.718412483982343,
    5.008757086809164,
    6.039253369440602,
    1.5691086363763829,
    2.18010737612868,
    3.3354264696696148,
    2.0117262440209775,
    3.8458762971993368,
    2.9537858730402284,
    5.148378587221339,
    2.647806738262445
  ],
  "min_cost": null,
  "datetime": "2023-05-22T17-14-36Z",
  "step_only": true,
  "ibm_device": "ibmq_qasm_simulator",
  "shots": 10000,
  "prep_node_name": "W_state_2-qubit_ghz_state",
  "num_qubits": 5,
  "error": false,
  "cov_mats": [
    [
      [
        0.96909436,
        -0.22192856000000002,
        0.40809532000000004,
        0.0012086799999999824,
        -0.0042196399999999855
      ],
      [
        -0.22192856000000002,
        0.94856176,
        -0.28634072,
        0.0011567200000000366,
        0.009515439999999991
      ],
      [
        0.40809532000000004,
        -0.28634072,
        0.9844748399999999,
        0.02217315999999998,
        -0.027122679999999955
      ],
      [
        0.0012086799999999824,
        0.0011567200000000366,
        0.02217315999999998,
        0.99997884,
        -0.8643733200000001
      ],
      [
        -0.0042196399999999855,
        0.009515439999999991,
        -0.027122679999999955,
        -0.8643733200000001,
        0.99996636
      ]
    ],
    [
      [
        0.977199,
        -0.32811619999999997,
        0.525875,
        -0.005739600000000034,
        0.004479199999999951
      ],
      [
        -0.32811619999999997,
        0.95428956,
        -0.40676500000000004,
        0.006514479999999976,
        -0.002828960000000077
      ],
      [
        0.525875,
        -0.40676500000000004,
        0.994375,
        0.0054300000000000685,
        0.0009400000000000076
      ],
      [
        -0.005739600000000034,
        0.006514479999999976,
        0.0054300000000000685,
        0.99999984,
        -0.93439968
      ],
      [
        0.004479199999999951,
        -0.002828960000000077,
        0.0009400000000000076,
        -0.93439968,
        0.99999936
      ]
    ],
    [
      [
        0.988975,
        -0.464803,
        0.612663,
        -0.00739100000000001,
        0.004927000000000011
      ],
      [
        -0.464803,
        0.97062204,
        -0.52444684,
        0.013005880000000017,
        -0.012754360000000046
      ],
      [
        0.612663,
        -0.52444684,
        0.99844764,
        -0.004971480000000011,
        0.006697560000000084
      ],
      [
        -0.00739100000000001,
        0.013005880000000017,
        -0.004971480000000011,
        0.99996636,
        -0.96518492
      ],
      [
        0.004927000000000011,
        -0.012754360000000046,
        0.006697560000000084,
        -0.96518492,
        0.99999324
      ]
    ],
    [
      [
        0.995644,
        -0.5793208000000001,
        0.6354983999999999,
        0.005250799999999978,
        -0.006318799999999974
      ],
      [
        -0.5793208000000001,
        0.9897585600000001,
        -0.61963088,
        0.007015439999999987,
        -0.007217839999999977
      ],
      [
        0.6354983999999999,
        -0.61963088,
        0.99994224,
        -0.0009711199999999172,
        -0.0006136799999999607
      ],
      [
        0.005250799999999978,
        0.007015439999999987,
        -0.0009711199999999172,
        0.99998556,
        -0.97839316
      ],
      [
        -0.006318799999999974,
        -0.007217839999999977,
        -0.0006136799999999607,
        -0.97839316,
        0.99999676
      ]
    ],
    [
      [
        0.999271,
        -0.6285264,
        0.6536375999999999,
        0.00307579999999995,
        -0.0014650000000000227
      ],
      [
        -0.6285264,
        0.9941017600000001,
        -0.6330758400000001,
        -0.0010467200000000322,
        -0.0001839999999999817
      ],
      [
        0.6536375999999999,
        -0.6330758400000001,
        0.99992256,
        -0.0005595200000000164,
        0.0029559999999999487
      ],
      [
        0.00307579999999995,
        -0.0010467200000000322,
        -0.0005595200000000164,
        0.99997884,
        -0.983977
      ],
      [
        -0.0014650000000000227,
        -0.0001839999999999817,
        0.0029559999999999487,
        -0.983977,
        0.999975
      ]
    ],
    [
      [
        0.99895024,
        -0.65477736,
        0.6596916,
        -0.0015231200000000132,
        0.0011879200000000016
      ],
      [
        -0.65477736,
        0.99529404,
        -0.6690174000000001,
        -0.01093932000000007,
        0.010002119999999936
      ],
      [
        0.6596916,
        -0.6690174000000001,
        0.999919,
        0.009234199999999986,
        -0.006052200000000034
      ],
      [
        -0.0015231200000000132,
        -0.01093932000000007,
        0.009234199999999986,
        0.99998556,
        -0.98997796
      ],
      [
        0.0011879200000000016,
        0.010002119999999936,
        -0.006052200000000034,
        -0.98997796,
        0.99996636
      ]
    ],
    [
      [
        0.999856,
        -0.666088,
        0.6651848,
        0.0072488000000000465,
        -0.007634400000000029
      ],
      [
        -0.666088,
        0.999324,
        -0.6578004,
        -0.011872399999999991,
        0.013441200000000006
      ],
      [
        0.6651848,
        -0.6578004,
        0.99976284,
        0.005394040000000007,
        -0.006212520000000032
      ],
      [
        0.0072488000000000465,
        -0.011872399999999991,
        0.005394040000000007,
        0.99984124,
        -0.99382612
      ],
      [
        -0.007634400000000029,
        0.013441200000000006,
        -0.006212520000000032,
        -0.99382612,
        0.99980956
      ]
    ],
    [
      [
        0.99926016,
        -0.65658112,
        0.66275648,
        -0.010023040000000004,
        0.010844800000000028
      ],
      [
        -0.65658112,
        0.99976284,
        -0.6661753599999999,
        0.006126279999999978,
        -0.007338599999999929
      ],
      [
        0.66275648,
        -0.6661753599999999,
        0.9999974399999999,
        -0.016213119999999935,
        0.01781439999999998
      ],
      [
        -0.010023040000000004,
        0.006126279999999978,
        -0.016213119999999935,
        0.99993276,
        -0.9959262
      ],
      [
        0.010844800000000028,
        -0.007338599999999929,
        0.01781439999999998,
        -0.9959262,
        0.9999189999999999
      ]
    ],
    [
      [
        0.99978684,
        -0.6682408800000001,
        0.6703722400000001,
        0.016219000000000015,
        -0.01583652000000003
      ],
      [
        -0.6682408800000001,
        0.99999216,
        -0.67444368,
        -0.008158000000000012,
        0.008154639999999928
      ],
      [
        0.6703722400000001,
        -0.67444368,
        0.99975664,
        0.015234000000000041,
        -0.01565272
      ],
      [
        0.016219000000000015,
        -0.008158000000000012,
        0.015234000000000041,
        0.999775,
        -0.9973569999999999
      ],
      [
        -0.01583652000000003,
        0.008154639999999928,
        -0.01565272,
        -0.9973569999999999,
        0.99973756
      ]
    ],
    [
      [
        0.99997296,
        -0.6638835200000001,
        0.6632520000000001,
        0.02334072000000003,
        -0.023141760000000025
      ],
      [
        -0.6638835200000001,
        0.99949824,
        -0.663824,
        -0.02394463999999997,
        0.023349120000000008
      ],
      [
        0.6632520000000001,
        -0.663824,
        0.9998999999999999,
        0.009514000000000019,
        -0.00931200000000004
      ],
      [
        0.02334072000000003,
        -0.02394463999999997,
        0.009514000000000019,
        0.99987004,
        -0.99687232
      ],
      [
        -0.023141760000000025,
        0.023349120000000008,
        -0.00931200000000004,
        -0.99687232,
        0.99987456
      ]
    ],
    [
      [
        0.99994524,
        -0.6619333999999999,
        0.6722828799999999,
        -0.00019703999999997826,
        0.00019704000000003377
      ],
      [
        -0.6619333999999999,
        0.9999189999999999,
        -0.6643008,
        0.007396400000000018,
        -0.0069964000000000345
      ],
      [
        0.6722828799999999,
        -0.6643008,
        0.99987456,
        0.00199552000000003,
        -0.002395519999999986
      ],
      [
        -0.00019703999999997826,
        0.007396400000000018,
        0.00199552000000003,
        0.99999984,
        -0.9983998399999999
      ],
      [
        0.00019704000000003377,
        -0.0069964000000000345,
        -0.002395519999999986,
        -0.9983998399999999,
        0.99999984
      ]
    ],
    [
      [
        0.99997296,
        -0.6644416,
        0.6793844,
        0.00569360000000002,
        -0.00569152000000002
      ],
      [
        -0.6644416,
        0.999936,
        -0.6650240000000001,
        0.009743999999999942,
        -0.009340799999999986
      ],
      [
        0.6793844,
        -0.6650240000000001,
        0.999991,
        0.0030540000000000038,
        -0.003452800000000015
      ],
      [
        0.00569360000000002,
        0.009743999999999942,
        0.0030540000000000038,
        0.999676,
        -0.9988832000000001
      ],
      [
        -0.00569152000000002,
        -0.009340799999999986,
        -0.003452800000000015,
        -0.9988832000000001,
        0.99969024
      ]
    ],
    [
      [
        0.99999804,
        -0.677207,
        0.6605972,
        0.00879523999999992,
        -0.008595519999999942
      ],
      [
        -0.677207,
        0.999975,
        -0.67221,
        -0.016017000000000014,
        0.015816000000000035
      ],
      [
        0.6605972,
        -0.67221,
        0.999996,
        0.012193199999999989,
        -0.01199360000000001
      ],
      [
        0.00879523999999992,
        -0.016017000000000014,
        0.012193199999999989,
        0.99998844,
        -0.99978912
      ],
      [
        -0.008595519999999942,
        0.015816000000000035,
        -0.01199360000000001,
        -0.99978912,
        0.99998976
      ]
    ],
    [
      [
        0.99998236,
        -0.65643444,
        0.66460672,
        8.400000000276593e-07,
        0.0001983199999999504
      ],
      [
        -0.65643444,
        0.99993276,
        -0.67858688,
        -0.003998360000000004,
        0.0037967199999999705
      ],
      [
        0.66460672,
        -0.67858688,
        0.99999744,
        0.0013996800000000123,
        -0.001199359999999979
      ],
      [
        8.400000000276593e-07,
        -0.003998360000000004,
        0.0013996800000000123,
        0.99999996,
        -0.9993999200000001
      ],
      [
        0.0001983199999999504,
        0.0037967199999999705,
        -0.001199359999999979,
        -0.9993999200000001,
        0.99999984
      ]
    ],
    [
      [
        0.999975,
        -0.663157,
        0.663358,
        0.0006060000000000454,
        -0.0004070000000000674
      ],
      [
        -0.663157,
        0.99992604,
        -0.6649277600000001,
        -0.02021031999999997,
        0.02001203999999999
      ],
      [
        0.663358,
        -0.6649277600000001,
        0.99992944,
        0.012810080000000007,
        -0.012611760000000029
      ],
      [
        0.0006060000000000454,
        -0.02021031999999997,
        0.012810080000000007,
        0.99999856,
        -0.99979832
      ],
      [
        -0.0004070000000000674,
        0.02001203999999999,
        -0.012611760000000029,
        -0.99979832,
        0.99999804
      ]
    ],
    [
      [
        0.99996156,
        -0.6610272799999999,
        0.6549727200000001,
        0.0011491599999999792,
        -0.0009503999999999455
      ],
      [
        -0.6610272799999999,
        0.99998064,
        -0.65841936,
        -0.006236079999999983,
        0.006435199999999961
      ],
      [
        0.6549727200000001,
        -0.65841936,
        0.99998064,
        0.002963919999999975,
        -0.0027647999999999414
      ],
      [
        0.0011491599999999792,
        -0.006236079999999983,
        0.002963919999999975,
        0.99993276,
        -0.9997344
      ],
      [
        -0.0009503999999999455,
        0.006435199999999961,
        -0.0027647999999999414,
        -0.9997344,
        0.999936
      ]
    ],
    [
      [
        0.999936,
        -0.668928,
        0.6706624000000001,
        -0.015462400000000058,
        0.015664000000000036
      ],
      [
        -0.668928,
        0.999919,
        -0.6560452,
        0.017645200000000038,
        -0.017847000000000016
      ],
      [
        0.6706624000000001,
        -0.6560452,
        0.99970416,
        -0.007304159999999994,
        0.007507599999999972
      ],
      [
        -0.015462400000000058,
        0.017645200000000038,
        -0.007304159999999994,
        0.99970416,
        -0.9995076
      ],
      [
        0.015664000000000036,
        -0.017847000000000016,
        0.007507599999999972,
        -0.9995076,
        0.999711
      ]
    ],
    [
      [
        0.99999936,
        -0.6690049600000001,
        0.66758944,
        -0.003809119999999942,
        0.003809119999999942
      ],
      [
        -0.6690049600000001,
        0.99996156,
        -0.65828184,
        0.0023293199999999854,
        -0.0023293199999999854
      ],
      [
        0.66758944,
        -0.65828184,
        0.99982576,
        -0.011150479999999982,
        0.011150479999999982
      ],
      [
        -0.003809119999999942,
        0.0023293199999999854,
        -0.011150479999999982,
        0.99987004,
        -0.99987004
      ],
      [
        0.003809119999999942,
        -0.0023293199999999854,
        0.011150479999999982,
        -0.99987004,
        0.99987004
      ]
    ],
    [
      [
        0.99969024,
        -0.6572409600000001,
        0.66244864,
        -0.000735999999999971,
        0.000735999999999971
      ],
      [
        -0.6572409600000001,
        0.99958384,
        -0.65682456,
        0.013493999999999978,
        -0.013493999999999978
      ],
      [
        0.66244864,
        -0.65682456,
        0.99992604,
        -0.01187100000000001,
        0.01187100000000001
      ],
      [
        -0.000735999999999971,
        0.013493999999999978,
        -0.01187100000000001,
        0.999775,
        -0.999775
      ],
      [
        0.000735999999999971,
        -0.013493999999999978,
        0.01187100000000001,
        -0.999775,
        0.999775
      ]
    ],
    [
      [
        0.99997296,
        -0.6619584,
        0.66741768,
        -0.01216567999999996,
        0.01216567999999996
      ],
      [
        -0.6619584,
        0.999936,
        -0.6646272000000001,
        0.0017471999999999401,
        -0.0017471999999999401
      ],
      [
        0.66741768,
        -0.6646272000000001,
        0.9999884399999999,
        -0.010422439999999993,
        0.010422439999999993
      ],
      [
        -0.01216567999999996,
        0.0017471999999999401,
        -0.010422439999999993,
        0.99995644,
        -0.99995644
      ],
      [
        0.01216567999999996,
        -0.0017471999999999401,
        0.010422439999999993,
        -0.99995644,
        0.99995644
      ]
    ],
    [
      [
        0.99991536,
        -0.6549098400000001,
        0.6572435999999999,
        -0.000704319999999995,
        0.000704319999999995
      ],
      [
        -0.6549098400000001,
        0.99990396,
        -0.6502334,
        0.00889807999999998,
        -0.00889807999999998
      ],
      [
        0.6572435999999999,
        -0.6502334,
        0.999711,
        -0.011623200000000005,
        0.011623200000000005
      ],
      [
        -0.000704319999999995,
        0.00889807999999998,
        -0.011623200000000005,
        0.99989184,
        -0.99989184
      ],
      [
        0.000704319999999995,
        -0.00889807999999998,
        0.011623200000000005,
        -0.99989184,
        0.99989184
      ]
    ]
  ]
}