{
  "settings_list": [
    [
      2.362839862882541,
      3.086068811834231,
      4.772171045109766,
      4.0016676852348265,
      6.107401932340326,
      3.0911815361410953,
      6.011957726344483,
      0.6112521578892677,
      0.04667553441798094,
      1.257247736968394,
      4.276736227920512,
      4.062563411461955,
      3.7766090204471845,
      1.223182224428891,
      6.259467635242568
    ],
    [
      2.328341680336838,
      3.1387479522762245,
      4.774223761343351,
      4.02009610851686,
      6.175306228706006,
      3.0891880182932945,
      5.993043929519939,
      0.5882798913774795,
      0.04794196467078158,
      1.304921078017297,
      4.384847880108339,
      4.063451298746995,
      3.826488636841658,
      1.2879924733869983,
      6.259939302443494
    ],
    [
      2.29296534205554,
      3.1763702012293686,
      4.776135828659115,
      4.036548223571652,
      6.242386656607784,
      3.0883964557975148,
      5.969677254922113,
      0.5666756711137124,
      0.04670904212551695,
      1.3352199239513054,
      4.460967385614602,
      4.063298083587397,
      3.857506049475519,
      1.3345106479664337,
      6.2626653498443465
    ],
    [
      2.2596000959237275,
      3.1932042506696896,
      4.778092055016904,
      4.052032824811919,
      6.291702090269992,
      3.087916679674915,
      5.938099494195236,
      0.5450583182964728,
      0.04661273786984336,
      1.355175388323654,
      4.511378878797884,
      4.065532415612913,
      3.877790231900289,
      1.3776927093908242,
      6.261706959586583
    ],
    [
      2.225143859258061,
      3.198579853098885,
      4.7768408917191385,
      4.066410426835919,
      6.336889854876578,
      3.088463852707848,
      5.8938297106514375,
      0.528543906603107,
      0.04867892104497294,
      1.3663863791669795,
      4.550785830810167,
      4.065539094446478,
      3.891256592891507,
      1.4130395585066027,
      6.261754473040761
    ],
    [
      2.1869201413706048,
      3.194102559610261,
      4.777910952315234,
      4.087462679455199,
      6.376675888980738,
      3.089647164111736,
      5.841553442286029,
      0.515241792941315,
      0.04766011992649295,
      1.3736704345782276,
      4.580914762671079,
      4.06492253754451,
      3.8982577335614748,
      1.4407557710216268,
      6.260170359984377
    ],
    [
      2.1466397167037927,
      3.173893582960232,
      4.777173791411348,
      4.107819716303304,
      6.405089887304372,
      3.0886888387671787,
      5.774918751657937,
      0.49742688181533673,
      0.047717055717188595,
      1.3814324765290502,
      4.604819447983227,
      4.062505213910013,
      3.9043603414939927,
      1.466147881663399,
      6.2607472340391865
    ],
    [
      2.1026859671534925,
      3.1473117186373445,
      4.775529728475766,
      4.134662363031593,
      6.437158339209452,
      3.087019583199629,
      5.699508199739893,
      0.4761124136148682,
      0.048197947451230176,
      1.3873321247710981,
      4.627977888919404,
      4.061531136485537,
      3.9099716396382744,
      1.4826731454183764,
      6.260281375387093
    ],
    [
      2.0489705668589524,
      3.111398042546007,
      4.774079488482924,
      4.166143070131264,
      6.4610961070616675,
      3.087920762023352,
      5.6011543664305465,
      0.4587650728494052,
      0.052128560652908246,
      1.3920491575173382,
      4.6428283236670085,
      4.059296327599725,
      3.9113299322397626,
      1.5063963658027457,
      6.2592660058369205
    ],
    [
      1.987752431864528,
      3.0649909135055706,
      4.774593176807235,
      4.204134090009317,
      6.487217763715913,
      3.089290338419801,
      5.488966813275833,
      0.43194075987720937,
      0.051622149313942496,
      1.3922945645561888,
      4.663062316306755,
      4.058248135597002,
      3.914629634058114,
      1.5193131334554266,
      6.255711965396116
    ],
    [
      1.914607312471877,
      3.0167657885747987,
      4.775439017014482,
      4.251405784643988,
      6.509237225206366,
      3.090886426912135,
      5.355559388965077,
      0.4068168332459575,
      0.052933255040699664,
      1.3952585168235732,
      4.671225756394055,
      4.061556448925462,
      3.9201693939572286,
      1.524758253822896,
      6.2561618110428086
    ],
    [
      1.8279112269255826,
      2.9645698757223404,
      4.777256463663489,
      4.299198147277541,
      6.523798028452912,
      3.0967243110968834,
      5.215915294956589,
      0.37471348194638954,
      0.05358632432642643,
      1.393890602575694,
      4.672250590213183,
      4.059257383256329,
      3.9168831666031645,
      1.5298387243492206,
      6.2548303013494575
    ],
    [
      1.7548272806838796,
      2.9200465221947316,
      4.777462113355278,
      4.354524427893356,
      6.536174584417203,
      3.0976691218691923,
      5.093601074071513,
      0.3415183315275761,
      0.05247116533669619,
      1.3942485235735382,
      4.682009487116359,
      4.058331705574601,
      3.9171843974999256,
      1.5404382491547823,
      6.251129535371231
    ],
    [
      1.6988185066197836,
      2.88890841906577,
      4.777826805766112,
      4.416365784244866,
      6.547077138538671,
      3.1010524548412195,
      4.989534740912985,
      0.3189446705887681,
      0.04899454076244339,
      1.3954710611087542,
      4.683518751298695,
      4.053423986597512,
      3.923070040950905,
      1.5490426552185024,
      6.251739759879765
    ],
    [
      1.6538452604371314,
      2.869740750365967,
      4.780054359835389,
      4.475584226750166,
      6.560673790987855,
      3.1005312585850473,
      4.9147985653413295,
      0.30394865523391945,
      0.05413077251795578,
      1.3998241937065123,
      4.686857754385176,
      4.0517355052163655,
      3.9280079187062547,
      1.5462550446858374,
      6.251055682843183
    ],
    [
      1.629623124054794,
      2.8661150807122606,
      4.778424346921446,
      4.531075173140997,
      6.568436367966878,
      3.0977056468987394,
      4.855044512999073,
      0.2960247301120046,
      0.05640761959837944,
      1.3965385642995594,
      4.69562605383346,
      4.054095802004589,
      3.9270434909103313,
      1.550909724863129,
      6.2551950504594505
    ],
    [
      1.6106098068288586,
      2.863286770838898,
      4.780807002931348,
      4.5777788763100595,
      6.572979079382252,
      3.099274286581606,
      4.816679126793797,
      0.2899548887424321,
      0.05711930392693501,
      1.3908877977367446,
      4.6985281205448155,
      4.0513383037431385,
      3.927202703676923,
      1.5504055905745415,
      6.260502365736107
    ],
    [
      1.5975040350193308,
      2.8611083411815996,
      4.782238729482076,
      4.602840264452977,
      6.565784914917564,
      3.0981358079411865,
      4.7783805415033225,
      0.2949809992267848,
      0.061719919146511634,
      1.3911356494264036,
      4.699419236684951,
      4.052751049060944,
      3.92717966751973,
      1.5524690091450526,
      6.25690187325769
    ],
    [
      1.6014173064213788,
      2.8579474871040635,
      4.78141293946742,
      4.634488714399694,
      6.564714555893292,
      3.0961353649374486,
      4.759136491100375,
      0.29373491405143437,
      0.059602256828741984,
      1.3889386944533604,
      4.702102826133447,
      4.051620114540138,
      3.9190908565943348,
      1.5614760899385374,
      6.258088307476074
    ],
    [
      1.5966032273590711,
      2.851470929725112,
      4.778507488898486,
      4.6560198833524,
      6.568826671166983,
      3.0933556381472074,
      4.747402472871263,
      0.286963656713908,
      0.0602093194229282,
      1.3899050010561353,
      4.703746689173305,
      4.050937100478009,
      3.920497583281797,
      1.556192064958054,
      6.260863370966884
    ],
    [
      1.5902810938752365,
      2.85052533006795,
      4.786710709194745,
      4.670997906148325,
      6.574656244806184,
      3.0896073393906467,
      4.74545307776797,
      0.2863877306991151,
      0.058217434583447566,
      1.3908098808347638,
      4.7072321090842255,
      4.047984599597429,
      3.919132094188285,
      1.5630091707055744,
      6.2625439265365435
    ]
  ],
  "cost_vals": [],
  "step_size": 0.1,
  "opt_step_times": [
    45.693212270736694,
    72.34393882751465,
    43.05026888847351,
    76.28815698623657,
    54.272830963134766,
    42.76916313171387,
    48.4574019908905,
    43.20441699028015,
    68.66826391220093,
    130.25650715827942,
    73.18118786811829,
    75.89812684059143,
    47.08610987663269,
    43.55033898353577,
    79.7843279838562,
    53.36405086517334,
    61.751506328582764,
    33.382291316986084,
    42.815062046051025,
    50.07014179229736
  ],
  "opt_settings": [
    1.5902810938752365,
    2.85052533006795,
    4.786710709194745,
    4.670997906148325,
    6.574656244806184,
    3.0896073393906467,
    4.74545307776797,
    0.2863877306991151,
    0.058217434583447566,
    1.3908098808347638,
    4.7072321090842255,
    4.047984599597429,
    3.919132094188285,
    1.5630091707055744,
    6.2625439265365435
  ],
  "min_cost": null,
  "datetime": "2023-04-20T12-29-16Z",
  "step_only": true,
  "ibm_device": "ibmq_qasm_simulator",
  "shots": 10000,
  "prep_node_name": "W_state_2-qubit_ghz_state",
  "num_qubits": 5,
  "cov_mats": [
    [
      [
        0.95089344,
        0.5638849600000001,
        -0.12052847999999994,
        -0.0070011199999999935,
        0.007221600000000065
      ],
      [
        0.5638849600000001,
        0.9513356399999999,
        0.30687068000000006,
        -0.011997079999999967,
        0.012179400000000075
      ],
      [
        -0.12052847999999994,
        0.30687068000000006,
        0.93353916,
        -0.00993596000000003,
        0.007457800000000039
      ],
      [
        -0.0070011199999999935,
        -0.011997079999999967,
        -0.00993596000000003,
        0.99999676,
        -0.9492018
      ],
      [
        0.007221600000000065,
        0.012179400000000075,
        0.007457800000000039,
        -0.9492018,
        0.999999
      ]
    ],
    [
      [
        0.95564764,
        0.5741319999999999,
        -0.10720872000000002,
        -0.0013475599999999218,
        0.0007578799999999998
      ],
      [
        0.5741319999999999,
        0.9516,
        0.3518640000000001,
        -0.01682799999999999,
        0.017443999999999994
      ],
      [
        -0.10720872000000002,
        0.3518640000000001,
        0.93177456,
        -0.00047912000000003435,
        -0.004652240000000015
      ],
      [
        -0.0013475599999999218,
        -0.01682799999999999,
        -0.00047912000000003435,
        0.9999932399999999,
        -0.96640052
      ],
      [
        0.0007578799999999998,
        0.017443999999999994,
        -0.004652240000000015,
        -0.96640052,
        0.99999996
      ]
    ],
    [
      [
        0.952911,
        0.5863678000000001,
        -0.09553359999999997,
        0.011847400000000027,
        -0.012213399999999978
      ],
      [
        0.5863678000000001,
        0.96259644,
        0.37810672,
        -0.001559479999999992,
        0.0027726800000001314
      ],
      [
        -0.09553359999999997,
        0.37810672,
        0.9211513600000001,
        -0.013974240000000018,
        0.013335840000000052
      ],
      [
        0.011847400000000027,
        -0.001559479999999992,
        -0.013974240000000018,
        0.99985116,
        -0.9822755599999999
      ],
      [
        -0.012213399999999978,
        0.0027726800000001314,
        0.013335840000000052,
        -0.9822755599999999,
        0.99989596
      ]
    ],
    [
      [
        0.9606374400000001,
        0.58872608,
        -0.06029824000000006,
        -0.0047334400000000965,
        0.005695360000000052
      ],
      [
        0.58872608,
        0.96150556,
        0.40391831999999994,
        -0.005048080000000018,
        0.007283519999999988
      ],
      [
        -0.06029824000000006,
        0.40391831999999994,
        0.9305150400000001,
        -0.008985760000000011,
        0.009869439999999997
      ],
      [
        -0.0047334400000000965,
        -0.005048080000000018,
        -0.008985760000000011,
        0.99992944,
        -0.9895193600000001
      ],
      [
        0.005695360000000052,
        0.007283519999999988,
        0.009869439999999997,
        -0.9895193600000001,
        0.99990784
      ]
    ],
    [
      [
        0.95822064,
        0.58143032,
        -0.034971680000000005,
        0.010700640000000091,
        -0.010223280000000005
      ],
      [
        0.58143032,
        0.96087516,
        0.43467416,
        0.00987032,
        -0.008751640000000012
      ],
      [
        -0.034971680000000005,
        0.43467416,
        0.93384816,
        0.011668320000000044,
        -0.010822640000000026
      ],
      [
        0.010700640000000091,
        0.00987032,
        0.011668320000000044,
        0.99998064,
        -0.9913832799999999
      ],
      [
        -0.010223280000000005,
        -0.008751640000000012,
        -0.010822640000000026,
        -0.9913832799999999,
        0.99998556
      ]
    ],
    [
      [
        0.97270896,
        0.58473384,
        0.03167048,
        -0.005815440000000024,
        0.005349359999999909
      ],
      [
        0.58473384,
        0.9583023599999999,
        0.46278092000000004,
        0.006891239999999959,
        -0.006409560000000123
      ],
      [
        0.03167048,
        0.46278092000000004,
        0.9361932399999999,
        0.005718280000000004,
        -0.006219320000000143
      ],
      [
        -0.005815440000000024,
        0.006891239999999959,
        0.005718280000000004,
        0.99985116,
        -0.9950560399999999
      ],
      [
        0.005349359999999909,
        -0.006409560000000123,
        -0.006219320000000143,
        -0.9950560399999999,
        0.99986076
      ]
    ],
    [
      [
        0.9734961599999999,
        0.5910622400000001,
        0.11178383999999998,
        0.011144159999999995,
        -0.011916240000000059
      ],
      [
        0.5910622400000001,
        0.96359536,
        0.49405776,
        0.013734239999999967,
        -0.014601360000000035
      ],
      [
        0.11178383999999998,
        0.49405776,
        0.9437361599999999,
        0.011335840000000005,
        -0.01160376000000002
      ],
      [
        0.011144159999999995,
        0.013734239999999967,
        0.011335840000000005,
        0.99999216,
        -0.9969882400000001
      ],
      [
        -0.011916240000000059,
        -0.014601360000000035,
        -0.01160376000000002,
        -0.9969882400000001,
        0.99998236
      ]
    ],
    [
      [
        0.97497276,
        0.6005244799999999,
        0.20636088000000005,
        0.011988680000000015,
        -0.012367199999999974
      ],
      [
        0.6005244799999999,
        0.97231104,
        0.52693824,
        0.002232640000000004,
        -0.002665600000000012
      ],
      [
        0.20636088000000005,
        0.52693824,
        0.9463614399999999,
        -0.00480216000000002,
        0.004926400000000062
      ],
      [
        0.011988680000000015,
        0.002232640000000004,
        -0.00480216000000002,
        0.99999324,
        -0.9965896000000002
      ],
      [
        -0.012367199999999974,
        -0.002665600000000012,
        0.004926400000000062,
        -0.9965896000000002,
        0.9999839999999999
      ]
    ],
    [
      [
        0.98247024,
        0.62255752,
        0.29414863999999996,
        -0.003923359999999954,
        0.004949839999999952
      ],
      [
        0.62255752,
        0.97446396,
        0.5523807199999999,
        0.004824720000000091,
        -0.004656679999999999
      ],
      [
        0.29414863999999996,
        0.5523807199999999,
        0.95317104,
        0.006379040000000004,
        -0.006535759999999988
      ],
      [
        -0.003923359999999954,
        0.004824720000000091,
        0.006379040000000004,
        0.99998704,
        -0.9989877600000001
      ],
      [
        0.004949839999999952,
        -0.004656679999999999,
        -0.006535759999999988,
        -0.9989877600000001,
        0.99998844
      ]
    ],
    [
      [
        0.98602876,
        0.62795176,
        0.38710936,
        -0.006612760000000007,
        0.006612760000000007
      ],
      [
        0.62795176,
        0.9784497600000001,
        0.60118736,
        0.005664239999999975,
        -0.005664239999999975
      ],
      [
        0.38710936,
        0.60118736,
        0.9657009599999999,
        0.01346664000000005,
        -0.01346664000000005
      ],
      [
        -0.006612760000000007,
        0.005664239999999975,
        0.01346664000000005,
        0.9999967599999999,
        -0.99959676
      ],
      [
        0.006612760000000007,
        -0.005664239999999975,
        -0.01346664000000005,
        -0.99959676,
        0.9999967599999999
      ]
    ],
    [
      [
        0.99246576,
        0.64131112,
        0.507546,
        0.0019909599999999713,
        -0.001225680000000005
      ],
      [
        0.64131112,
        0.98477244,
        0.613127,
        0.010528520000000055,
        -0.010079160000000042
      ],
      [
        0.507546,
        0.613127,
        0.975975,
        0.0055410000000000155,
        -0.00560299999999999
      ],
      [
        0.0019909599999999713,
        0.010528520000000055,
        0.0055410000000000155,
        0.9999951600000002,
        -0.9991942800000001
      ],
      [
        -0.001225680000000005,
        -0.010079160000000042,
        -0.00560299999999999,
        -0.9991942800000001,
        0.99999324
      ]
    ],
    [
      [
        0.99632764,
        0.6515205599999998,
        0.57149164,
        -0.00642427999999995,
        0.006824279999999906
      ],
      [
        0.6515205599999998,
        0.98842224,
        0.63157656,
        -0.007667119999999999,
        0.008067119999999954
      ],
      [
        0.57149164,
        0.63157656,
        0.98545564,
        -0.015652280000000036,
        0.01605227999999999
      ],
      [
        -0.00642427999999995,
        -0.007667119999999999,
        -0.015652280000000036,
        0.99996156,
        -0.9995615600000001
      ],
      [
        0.006824279999999906,
        0.008067119999999954,
        0.01605227999999999,
        -0.9995615600000001,
        0.99996156
      ]
    ],
    [
      [
        0.99828604,
        0.6518782,
        0.61629884,
        -0.009419120000000034,
        0.009419120000000034
      ],
      [
        0.6518782,
        0.987231,
        0.6425022,
        -0.004839600000000046,
        0.004839600000000046
      ],
      [
        0.61629884,
        0.6425022,
        0.99200764,
        -0.004977520000000034,
        0.004977520000000034
      ],
      [
        -0.009419120000000034,
        -0.004839600000000046,
        -0.004977520000000034,
        0.99991536,
        -0.99991536
      ],
      [
        0.009419120000000034,
        0.004839600000000046,
        0.004977520000000034,
        -0.99991536,
        0.99991536
      ]
    ],
    [
      [
        0.99902656,
        0.6582904,
        0.6580846399999999,
        0.0006371200000000136,
        -0.0010496000000000236
      ],
      [
        0.6582904,
        0.995511,
        0.6705426000000001,
        -0.003109200000000022,
        0.0027360000000000075
      ],
      [
        0.6580846399999999,
        0.6705426000000001,
        0.99540316,
        -8.471999999998573e-05,
        -0.000342399999999995
      ],
      [
        0.0006371200000000136,
        -0.003109200000000022,
        -8.471999999998573e-05,
        0.99994224,
        -0.9995392000000001
      ],
      [
        -0.0010496000000000236,
        0.0027360000000000075,
        -0.000342399999999995,
        -0.9995392000000001,
        0.999936
      ]
    ],
    [
      [
        0.998844,
        0.6551532000000001,
        0.6525668000000001,
        0.0006096000000000248,
        -0.0006096000000000248
      ],
      [
        0.6551532000000001,
        0.99841596,
        0.6527800400000001,
        -0.001177119999999987,
        0.001177119999999987
      ],
      [
        0.6525668000000001,
        0.6527800400000001,
        0.99642396,
        -0.006534880000000008,
        0.006534880000000008
      ],
      [
        0.0006096000000000248,
        -0.001177119999999987,
        -0.006534880000000008,
        0.99996864,
        -0.99996864
      ],
      [
        -0.0006096000000000248,
        0.001177119999999987,
        0.006534880000000008,
        -0.99996864,
        0.99996864
      ]
    ],
    [
      [
        0.99940464,
        0.6604492,
        0.65415576,
        0.009209840000000007,
        -0.009209840000000007
      ],
      [
        0.6604492,
        0.998151,
        0.6626878,
        0.003630200000000032,
        -0.003630200000000032
      ],
      [
        0.65415576,
        0.6626878,
        0.99880284,
        0.0066975600000000165,
        -0.0066975600000000165
      ],
      [
        0.009209840000000007,
        0.003630200000000032,
        0.0066975600000000165,
        0.99992604,
        -0.99992604
      ],
      [
        -0.009209840000000007,
        -0.003630200000000032,
        -0.0066975600000000165,
        -0.99992604,
        0.99992604
      ]
    ],
    [
      [
        0.99978096,
        0.65935056,
        0.65943,
        0.0008490399999999741,
        -0.0008490399999999741
      ],
      [
        0.65935056,
        0.99861616,
        0.65833,
        0.003779439999999957,
        -0.003779439999999957
      ],
      [
        0.65943,
        0.65833,
        0.999375,
        0.006545000000000001,
        -0.006545000000000001
      ],
      [
        0.0008490399999999741,
        0.003779439999999957,
        0.006545000000000001,
        0.99989596,
        -0.99989596
      ],
      [
        -0.0008490399999999741,
        -0.003779439999999957,
        -0.006545000000000001,
        -0.99989596,
        0.99989596
      ]
    ],
    [
      [
        0.99989184,
        0.66472448,
        0.67010048,
        0.0006062399999999887,
        -0.0006062399999999887
      ],
      [
        0.66472448,
        0.99902656,
        0.66209856,
        0.006181279999999985,
        -0.006181279999999985
      ],
      [
        0.67010048,
        0.66209856,
        0.99917056,
        -0.000982720000000003,
        0.000982720000000003
      ],
      [
        0.0006062399999999887,
        0.006181279999999985,
        -0.000982720000000003,
        0.99999964,
        -0.99999964
      ],
      [
        -0.0006062399999999887,
        -0.006181279999999985,
        0.000982720000000003,
        -0.99999964,
        0.99999964
      ]
    ],
    [
      [
        0.99940464,
        0.66078064,
        0.6728972799999999,
        -0.004234080000000067,
        0.004234080000000067
      ],
      [
        0.66078064,
        0.99975664,
        0.66764928,
        -0.0013060800000000092,
        0.0013060800000000092
      ],
      [
        0.6728972799999999,
        0.66764928,
        0.99917056,
        0.0037958400000000243,
        -0.0037958400000000243
      ],
      [
        -0.004234080000000067,
        -0.0013060800000000092,
        0.0037958400000000243,
        0.99995376,
        -0.99995376
      ],
      [
        0.004234080000000067,
        0.0013060800000000092,
        -0.0037958400000000243,
        -0.99995376,
        0.99995376
      ]
    ],
    [
      [
        0.99999424,
        0.66502256,
        0.67195776,
        0.007778399999999947,
        -0.007778399999999947
      ],
      [
        0.66502256,
        0.9999116399999999,
        0.67516544,
        -0.007915400000000064,
        0.007915400000000064
      ],
      [
        0.67195776,
        0.67516544,
        0.99969024,
        -0.008358400000000014,
        0.008358400000000014
      ],
      [
        0.007778399999999947,
        -0.007915400000000064,
        -0.008358400000000014,
        0.9999189999999999,
        -0.9999189999999999
      ],
      [
        -0.007778399999999947,
        0.007915400000000064,
        0.008358400000000014,
        -0.9999189999999999,
        0.9999189999999999
      ]
    ]
  ]
}