{
  "settings_list": [
    [
      4.126978680756921,
      0.7386986290246892,
      0.7059202633133406,
      5.563455946394108,
      3.6340659357914964,
      3.9471275429641124,
      1.9925267759107859,
      3.9486962238736254,
      6.18485274714069,
      2.511296742342324,
      0.9690029692900471,
      5.383749840336552,
      6.2520153215515855,
      4.325883837510691,
      3.4824908614990675
    ],
    [
      4.149341324782868,
      0.7449892500020268,
      0.7070563107645118,
      5.569702925148921,
      3.6843003857528713,
      3.9475855832932845,
      1.9907927936692191,
      3.9883083044081964,
      6.1848329446408625,
      2.490868408868073,
      1.0997007067643736,
      5.384058291589429,
      6.224766539310618,
      4.447490632926785,
      3.4824346329289395
    ],
    [
      4.17168176002161,
      0.753859661778581,
      0.7111352726747922,
      5.578874003905658,
      3.734119260492966,
      3.9478318602377573,
      1.991490181824524,
      4.035194541114782,
      6.188720268059648,
      2.4780100514684706,
      1.2370628355968996,
      5.384038514125281,
      6.204856244793643,
      4.571290499668821,
      3.484899767178361
    ],
    [
      4.197850991794799,
      0.7657647628697535,
      0.7130412358852101,
      5.58957742316465,
      3.795073656006726,
      3.946934957307632,
      1.9951589228249715,
      4.097427023580225,
      6.190144484097099,
      2.4756286002984424,
      1.3485496774944925,
      5.384910620063335,
      6.198011348760032,
      4.664434364231952,
      3.482676260234777
    ],
    [
      4.222429370012912,
      0.7776255540780453,
      0.7143420656863672,
      5.606782439936647,
      3.866071657691196,
      3.9471226107892785,
      1.9980407498660966,
      4.162449212397398,
      6.193094872412174,
      2.476209286394938,
      1.4189238936509347,
      5.38417552141925,
      6.196129613779433,
      4.714937892272395,
      3.481353742372075
    ],
    [
      4.249360898361707,
      0.7911258400144364,
      0.7128328123045528,
      5.620850046132267,
      3.9440692447867542,
      3.9479950671574966,
      2.006405829832604,
      4.234733332626555,
      6.191008289516909,
      2.4781151190840123,
      1.4615919840772624,
      5.389007325245967,
      6.196647579234567,
      4.7421160141863155,
      3.479697156934901
    ],
    [
      4.268070710236052,
      0.7998783512476988,
      0.7142143079252491,
      5.637140241329111,
      4.02535296496066,
      3.950581115878009,
      2.0193726880168477,
      4.3068667178325954,
      6.195966986467633,
      2.4812861064917566,
      1.4851948252360054,
      5.390227052675617,
      6.195014433390583,
      4.751972034529716,
      3.478426365577797
    ],
    [
      4.2949594928923664,
      0.8132249956462403,
      0.711665629452085,
      5.654546095006816,
      4.117097061986074,
      3.95183846875875,
      2.029537229848123,
      4.395437056863135,
      6.192693033987694,
      2.481028702444169,
      1.5034335950187632,
      5.390469074619841,
      6.190466078373106,
      4.752265131057399,
      3.4842093483975707
    ],
    [
      4.318055015249932,
      0.8241767592477184,
      0.7143680624943132,
      5.665490990568914,
      4.203737115156818,
      3.952252529149602,
      2.0344691136999473,
      4.4811735810428175,
      6.19317523964194,
      2.4785632978124132,
      1.5133236392985436,
      5.388271516257951,
      6.187433578973476,
      4.745102340367215,
      3.4867827945291427
    ],
    [
      4.340035008343001,
      0.8285032645716083,
      0.7204910680011664,
      5.674575697015333,
      4.2833386457018765,
      3.9511817968831866,
      2.0425455694263537,
      4.555203852326294,
      6.192666265736693,
      2.4803072247554723,
      1.519978899581389,
      5.386876644450216,
      6.186963543343662,
      4.7414165239276285,
      3.4855624744709464
    ],
    [
      4.3648911637415955,
      0.8303207690253119,
      0.7213674208525507,
      5.682028515750099,
      4.3527937878331375,
      3.951095470483248,
      2.052626519023384,
      4.622987604163355,
      6.190881894811197,
      2.4781049002997717,
      1.5266101823051779,
      5.38491218696816,
      6.18534380167103,
      4.738844315270701,
      3.487537411835467
    ],
    [
      4.3901404959588355,
      0.8291937579310991,
      0.7199301707555715,
      5.691870589145783,
      4.408008741032038,
      3.9537233850527262,
      2.055237718801283,
      4.684369904540334,
      6.190711544218026,
      2.474071723081426,
      1.5317870408230354,
      5.3863707910192336,
      6.187121771601076,
      4.733322896451898,
      3.4904527181078064
    ],
    [
      4.415151766541852,
      0.8216424942195669,
      0.7216067042969392,
      5.694320957800445,
      4.457054875038243,
      3.95374167299126,
      2.0556955658882217,
      4.735895923982003,
      6.186929836383183,
      2.4788461482344912,
      1.5414809268978618,
      5.385352769492673,
      6.185620257281213,
      4.725825647493145,
      3.495250759522546
    ],
    [
      4.4378768782028155,
      0.8224198820290107,
      0.7255135404322813,
      5.69235174384354,
      4.494320902570387,
      3.954960575806615,
      2.05623402401722,
      4.7756477777175395,
      6.186260410077555,
      2.4839737624020537,
      1.5484438261202669,
      5.38149164982403,
      6.1886226003203735,
      4.719008844285301,
      3.4899518066602973
    ],
    [
      4.461315014521848,
      0.8193969478931881,
      0.723869015700682,
      5.68544358979653,
      4.517698824980395,
      3.9523930458544667,
      2.05974102744315,
      4.798798319006133,
      6.189963201891651,
      2.4836584517015083,
      1.550482534594432,
      5.377725810853741,
      6.18498623846802,
      4.721957619221612,
      3.4928485499920554
    ],
    [
      4.477433349151176,
      0.8171002190241321,
      0.7251139438355332,
      5.683567230256443,
      4.5393490187126195,
      3.955316420903043,
      2.056720643368305,
      4.814026226929199,
      6.188611800766819,
      2.481077888875726,
      1.555018809689872,
      5.372598798771492,
      6.182085046722269,
      4.719713168783785,
      3.4904451672982733
    ],
    [
      4.492889672982958,
      0.8156276234672362,
      0.73009266483833,
      5.682403226593262,
      4.549629840090866,
      3.9556459940656223,
      2.051587224967953,
      4.831248824190646,
      6.1859019111664155,
      2.4834678954710285,
      1.5545403230424033,
      5.373959149688131,
      6.180688643700746,
      4.7071009543806746,
      3.497211035200641
    ],
    [
      4.503953473198869,
      0.8118360472859623,
      0.7329954937502948,
      5.679682777832767,
      4.560401583664664,
      3.9526619292692358,
      2.047319994762062,
      4.839299412481457,
      6.1850630197401015,
      2.483226977780032,
      1.558201213502995,
      5.376829553558822,
      6.179050471975189,
      4.703781404884744,
      3.500672416562931
    ],
    [
      4.520107905005905,
      0.8104260126597828,
      0.7294757021856625,
      5.677996414715639,
      4.56569430653166,
      3.950576685407715,
      2.0440452732700414,
      4.841380130366611,
      6.187820232170915,
      2.4834019070899678,
      1.5698991997609055,
      5.376738726683583,
      6.1817756544666755,
      4.697659400004446,
      3.4995229041101106
    ],
    [
      4.534934828725119,
      0.8060047524224564,
      0.7295081503613873,
      5.6821660927651445,
      4.572766895600955,
      3.948572605251171,
      2.040272852434131,
      4.841847491610747,
      6.188426314779547,
      2.4776939090504015,
      1.5669270501896047,
      5.376276659214401,
      6.186762704726722,
      4.688817419777545,
      3.502191601596325
    ],
    [
      4.5520834131959225,
      0.8024589411733972,
      0.7324157758413425,
      5.6784991954607,
      4.572030960286459,
      3.949041038180451,
      2.0365725963738734,
      4.836980757597303,
      6.189461923384896,
      2.478117196479488,
      1.5782541595838975,
      5.3781990281334044,
      6.184810997532983,
      4.697165248776296,
      3.5021168110377268
    ]
  ],
  "cost_vals": [],
  "step_size": 0.1,
  "opt_step_times": [
    111.62453246116638,
    131.1149444580078,
    122.64252972602844,
    122.27361035346985,
    121.63011932373047,
    124.7838716506958,
    113.98158049583435,
    113.20967960357666,
    124.49106121063232,
    123.71588444709778,
    112.69633483886719,
    126.47182536125183,
    112.78511548042297,
    122.26139736175537,
    124.63648533821106,
    1134.3930613994598,
    1264.6866228580475,
    112.20698094367981,
    112.4278175830841,
    123.13277101516724
  ],
  "opt_settings": [
    4.5520834131959225,
    0.8024589411733972,
    0.7324157758413425,
    5.6784991954607,
    4.572030960286459,
    3.949041038180451,
    2.0365725963738734,
    4.836980757597303,
    6.189461923384896,
    2.478117196479488,
    1.5782541595838975,
    5.3781990281334044,
    6.184810997532983,
    4.697165248776296,
    3.5021168110377268
  ],
  "min_cost": null,
  "datetime": "2023-05-25T14-47-20Z",
  "step_only": true,
  "ibm_device": "ibmq_belem",
  "shots": 10000,
  "prep_node_name": "W_state_2-qubit_ghz_state",
  "num_qubits": 5,
  "error": false,
  "cov_mats": [
    [
      [
        0.979551,
        -0.3113001999999999,
        -0.18836040000000004,
        -0.006991400000000021,
        -0.014084400000000007
      ],
      [
        -0.3113001999999999,
        0.9897180399999999,
        0.05162808000000001,
        0.004904279999999982,
        0.004332880000000008
      ],
      [
        -0.18836040000000004,
        0.05162808000000001,
        0.99404016,
        0.005952560000000037,
        0.0012897599999999794
      ],
      [
        -0.006991400000000021,
        0.004904279999999982,
        0.005952560000000037,
        0.9963759600000001,
        -0.5255538400000002
      ],
      [
        -0.014084400000000007,
        0.004332880000000008,
        0.0012897599999999794,
        -0.5255538400000002,
        0.99991536
      ]
    ],
    [
      [
        0.98117616,
        -0.31700599999999995,
        -0.21787264000000003,
        0.0003813600000000432,
        -0.0007926400000000532
      ],
      [
        -0.31700599999999995,
        0.988975,
        0.08642400000000007,
        0.01004900000000001,
        -0.00967599999999994
      ],
      [
        -0.21787264000000003,
        0.08642400000000007,
        0.98816256,
        -0.0024534400000000376,
        0.006642559999999993
      ],
      [
        0.0003813600000000432,
        0.01004900000000001,
        -0.0024534400000000376,
        0.99710556,
        -0.6482734400000001
      ],
      [
        -0.0007926400000000532,
        -0.00967599999999994,
        0.006642559999999993,
        -0.6482734400000001,
        0.99992256
      ]
    ],
    [
      [
        0.98422464,
        -0.3285116800000001,
        -0.22840224000000003,
        -0.006689120000000103,
        0.0024878400000001148
      ],
      [
        -0.3285116800000001,
        0.98943216,
        0.12058287999999999,
        0.005147439999999946,
        -0.012000079999999982
      ],
      [
        -0.22840224000000003,
        0.12058287999999999,
        0.99366384,
        -0.009360079999999962,
        0.023296560000000018
      ],
      [
        -0.006689120000000103,
        0.005147439999999946,
        -0.009360079999999962,
        0.99642396,
        -0.7760797200000001
      ],
      [
        0.0024878400000001148,
        -0.012000079999999982,
        0.023296560000000018,
        -0.7760797200000001,
        0.99954204
      ]
    ],
    [
      [
        0.980956,
        -0.34422119999999995,
        -0.2818636,
        -0.008781599999999968,
        -0.001047200000000029
      ],
      [
        -0.34422119999999995,
        0.98846524,
        0.18955572000000004,
        0.022974319999999923,
        -0.018124559999999977
      ],
      [
        -0.2818636,
        0.18955572000000004,
        0.9939471599999999,
        -0.007397040000000032,
        0.015386320000000026
      ],
      [
        -0.008781599999999968,
        0.022974319999999923,
        -0.007397040000000032,
        0.99553776,
        -0.83064208
      ],
      [
        -0.001047200000000029,
        -0.018124559999999977,
        0.015386320000000026,
        -0.83064208,
        0.99975664
      ]
    ],
    [
      [
        0.9856,
        -0.36806399999999995,
        -0.27524799999999994,
        0.006224000000000048,
        -0.010159999999999985
      ],
      [
        -0.36806399999999995,
        0.99324316,
        0.24699812000000002,
        -0.0008845600000000216,
        0.008619400000000025
      ],
      [
        -0.27524799999999994,
        0.24699812000000002,
        0.98905884,
        -0.005727920000000026,
        0.0011758000000000502
      ],
      [
        0.006224000000000048,
        -0.0008845600000000216,
        -0.005727920000000026,
        0.99795696,
        -0.8482204
      ],
      [
        -0.010159999999999985,
        0.008619400000000025,
        0.0011758000000000502,
        -0.8482204,
        0.999271
      ]
    ],
    [
      [
        0.989184,
        -0.3768543999999999,
        -0.3224576,
        0.022905600000000085,
        -0.012975999999999932
      ],
      [
        -0.3768543999999999,
        0.99027804,
        0.30122615999999997,
        -0.0015179600000000274,
        0.009456600000000103
      ],
      [
        -0.3224576,
        0.30122615999999997,
        0.99086064,
        -0.0053578400000000624,
        0.01523639999999999
      ],
      [
        0.022905600000000085,
        -0.0015179600000000274,
        -0.0053578400000000624,
        0.99828604,
        -0.8424834000000001
      ],
      [
        -0.012975999999999932,
        0.009456600000000103,
        0.01523639999999999,
        -0.8424834000000001,
        0.999039
      ]
    ],
    [
      [
        0.99246576,
        -0.40258488,
        -0.3497727999999999,
        0.01081559999999997,
        -0.017480640000000013
      ],
      [
        -0.40258488,
        0.99066844,
        0.35744639999999994,
        0.009272199999999967,
        -0.002331679999999915
      ],
      [
        -0.3497727999999999,
        0.35744639999999994,
        0.9891840000000001,
        -0.006768000000000012,
        0.0008191999999999598
      ],
      [
        0.01081559999999997,
        0.009272199999999967,
        -0.006768000000000012,
        0.995511,
        -0.8500184000000002
      ],
      [
        -0.017480640000000013,
        -0.002331679999999915,
        0.0008191999999999598,
        -0.8500184000000002,
        0.99976896
      ]
    ],
    [
      [
        0.98971804,
        -0.39736231999999994,
        -0.36345160000000004,
        -0.005878920000000024,
        0.011932880000000024
      ],
      [
        -0.39736231999999994,
        0.99654256,
        0.4506328,
        0.01244536000000001,
        -0.01145903999999999
      ],
      [
        -0.36345160000000004,
        0.4506328,
        0.988764,
        0.0021468000000000017,
        -0.0033751999999999723
      ],
      [
        -0.005878920000000024,
        0.01244536000000001,
        0.0021468000000000017,
        0.99478716,
        -0.85766424
      ],
      [
        0.011932880000000024,
        -0.01145903999999999,
        -0.0033751999999999723,
        -0.85766424,
        0.99991536
      ]
    ],
    [
      [
        0.99123904,
        -0.41308592000000005,
        -0.38687264,
        0.010453439999999915,
        -0.009160479999999995
      ],
      [
        -0.41308592000000005,
        0.99727516,
        0.48852871999999997,
        -0.010247119999999941,
        0.007872039999999966
      ],
      [
        -0.38687264,
        0.48852871999999997,
        0.99543024,
        -0.01688303999999997,
        0.014693680000000027
      ],
      [
        0.010453439999999915,
        -0.010247119999999941,
        -0.01688303999999997,
        0.99635184,
        -0.85150328
      ],
      [
        -0.009160479999999995,
        0.007872039999999966,
        0.014693680000000027,
        -0.85150328,
        0.99920476
      ]
    ],
    [
      [
        0.99416304,
        -0.41382272,
        -0.4077216,
        0.007383999999999975,
        -0.008474719999999932
      ],
      [
        -0.41382272,
        0.99799296,
        0.5321088,
        0.007888000000000037,
        0.0003289600000000617
      ],
      [
        -0.4077216,
        0.5321088,
        0.996864,
        -0.001360000000000004,
        -0.004611199999999958
      ],
      [
        0.007383999999999975,
        0.007888000000000037,
        -0.001360000000000004,
        0.9964,
        -0.848312
      ],
      [
        -0.008474719999999932,
        0.0003289600000000617,
        -0.004611199999999958,
        -0.848312,
        0.99936496
      ]
    ],
    [
      [
        0.993916,
        -0.4236420000000001,
        -0.4136636,
        -0.020295999999999974,
        0.022646400000000032
      ],
      [
        -0.4236420000000001,
        0.998479,
        0.5608682000000001,
        0.018451999999999986,
        -0.022276799999999947
      ],
      [
        -0.4136636,
        0.5608682000000001,
        0.9929775599999999,
        0.0033015999999999757,
        -0.0030134399999999883
      ],
      [
        -0.020295999999999974,
        0.018451999999999986,
        0.0033015999999999757,
        0.995376,
        -0.8355584
      ],
      [
        0.022646400000000032,
        -0.022276799999999947,
        -0.0030134399999999883,
        -0.8355584,
        0.99917056
      ]
    ],
    [
      [
        0.99512796,
        -0.42036835999999994,
        -0.42591884,
        -0.0010353600000000077,
        -0.003380359999999969
      ],
      [
        -0.42036835999999994,
        0.99920476,
        0.5910104399999999,
        0.001401759999999998,
        -0.002303239999999979
      ],
      [
        -0.42591884,
        0.5910104399999999,
        0.9958783599999999,
        0.010153439999999927,
        -0.013241560000000013
      ],
      [
        -0.0010353600000000077,
        0.001401759999999998,
        0.010153439999999927,
        0.99677376,
        -0.85440624
      ],
      [
        -0.003380359999999969,
        -0.002303239999999979,
        -0.013241560000000013,
        -0.85440624,
        0.99898876
      ]
    ],
    [
      [
        0.995239,
        -0.43931719999999996,
        -0.4202318,
        -0.004280799999999963,
        0.001966000000000029
      ],
      [
        -0.43931719999999996,
        0.99999856,
        0.6053066399999999,
        -0.009668160000000026,
        0.009983199999999925
      ],
      [
        -0.4202318,
        0.6053066399999999,
        0.99394716,
        0.017780960000000033,
        -0.01688919999999998
      ],
      [
        -0.004280799999999963,
        -0.009668160000000026,
        0.017780960000000033,
        0.99677376,
        -0.8655952
      ],
      [
        0.001966000000000029,
        0.009983199999999925,
        -0.01688919999999998,
        -0.8655952,
        0.999804
      ]
    ],
    [
      [
        0.9978284399999999,
        -0.44004812000000004,
        -0.43853800000000004,
        -0.01600752000000001,
        0.013437280000000022
      ],
      [
        -0.44004812000000004,
        0.99966876,
        0.604274,
        0.00392495999999999,
        0.00021456000000006064
      ],
      [
        -0.43853800000000004,
        0.604274,
        0.9950999999999999,
        -0.00029599999999996816,
        -0.0004559999999999536
      ],
      [
        -0.01600752000000001,
        0.00392495999999999,
        -0.00029599999999996816,
        0.99470016,
        -0.83685824
      ],
      [
        0.013437280000000022,
        0.00021456000000006064,
        -0.0004559999999999536,
        -0.83685824,
        0.99999936
      ]
    ],
    [
      [
        0.9975398399999998,
        -0.43367935999999996,
        -0.43098432,
        -0.00857279999999994,
        0.00042175999999995487
      ],
      [
        -0.43367935999999996,
        0.9999974399999999,
        0.6112972799999999,
        0.007091200000000002,
        -0.012567040000000002
      ],
      [
        -0.43098432,
        0.6112972799999999,
        0.99630336,
        0.0031343999999999383,
        -0.006252480000000006
      ],
      [
        -0.00857279999999994,
        0.007091200000000002,
        0.0031343999999999383,
        0.996751,
        -0.8567742
      ],
      [
        0.00042175999999995487,
        -0.012567040000000002,
        -0.006252480000000006,
        -0.8567742,
        0.99957564
      ]
    ],
    [
      [
        0.998236,
        -0.4342416,
        -0.4448044000000001,
        -0.012428000000000015,
        -0.00016479999999993058
      ],
      [
        -0.4342416,
        0.99938496,
        0.58493264,
        0.012036799999999992,
        -0.003861120000000033
      ],
      [
        -0.4448044000000001,
        0.58493264,
        0.99618076,
        0.006521199999999969,
        0.0026539199999999785
      ],
      [
        -0.012428000000000015,
        0.012036799999999992,
        0.006521199999999969,
        0.995644,
        -0.8647695999999999
      ],
      [
        -0.00016479999999993058,
        -0.003861120000000033,
        0.0026539199999999785,
        -0.8647695999999999,
        0.9999686399999999
      ]
    ],
    [
      [
        0.99801084,
        -0.4337004800000001,
        -0.43601320000000005,
        0.0007994800000000069,
        -0.00776388000000001
      ],
      [
        -0.4337004800000001,
        0.99987456,
        0.6157504,
        0.002397439999999974,
        0.00783936000000001
      ],
      [
        -0.43601320000000005,
        0.6157504,
        0.996636,
        0.006279599999999979,
        0.002732400000000023
      ],
      [
        0.0007994800000000069,
        0.002397439999999974,
        0.006279599999999979,
        0.9971055600000001,
        -0.8533323599999999
      ],
      [
        -0.00776388000000001,
        0.00783936000000001,
        0.002732400000000023,
        -0.8533323599999999,
        0.99896316
      ]
    ],
    [
      [
        0.99907584,
        -0.4508972799999999,
        -0.42965312,
        -0.008211840000000012,
        -0.004846720000000096
      ],
      [
        -0.4508972799999999,
        0.99998976,
        0.6114470399999999,
        0.012809279999999978,
        -0.002941759999999973
      ],
      [
        -0.42965312,
        0.6114470399999999,
        0.9940401600000001,
        0.0011511199999999118,
        0.0007949600000000049
      ],
      [
        -0.008211840000000012,
        0.012809279999999978,
        0.0011511199999999118,
        0.99572284,
        -0.8571902800000001
      ],
      [
        -0.004846720000000096,
        -0.002941759999999973,
        0.0007949600000000049,
        -0.8571902800000001,
        0.9996687600000003
      ]
    ],
    [
      [
        0.99917056,
        -0.43940415999999993,
        -0.43434784,
        0.0024044799999999793,
        -0.00980096000000005
      ],
      [
        -0.43940415999999993,
        0.99995376,
        0.6180682399999999,
        0.004726719999999985,
        0.0002585599999999844
      ],
      [
        -0.43434784,
        0.6180682399999999,
        0.99388476,
        0.007557280000000005,
        -0.002226560000000046
      ],
      [
        0.0024044799999999793,
        0.004726719999999985,
        0.007557280000000005,
        0.9951558399999999,
        -0.8450476799999999
      ],
      [
        -0.00980096000000005,
        0.0002585599999999844,
        -0.002226560000000046,
        -0.8450476799999999,
        0.99956736
      ]
    ],
    [
      [
        0.999996,
        -0.44302679999999994,
        -0.43866479999999997,
        -0.0015072000000000486,
        -0.004352000000000044
      ],
      [
        -0.44302679999999994,
        0.9998204399999999,
        0.60510584,
        0.013221759999999997,
        -0.004678399999999949
      ],
      [
        -0.43866479999999997,
        0.60510584,
        0.99543024,
        -0.0027366400000000688,
        0.012777600000000071
      ],
      [
        -0.0015072000000000486,
        0.013221759999999997,
        -0.0027366400000000688,
        0.99784704,
        -0.8671135999999999
      ],
      [
        -0.004352000000000044,
        -0.004678399999999949,
        0.012777600000000071,
        -0.8671135999999999,
        0.999424
      ]
    ],
    [
      [
        0.99991536,
        -0.44384176000000003,
        -0.44624063999999997,
        -0.011822240000000027,
        0.0034576000000000346
      ],
      [
        -0.44384176000000003,
        0.99970416,
        0.65055424,
        0.002519839999999934,
        -0.0028815999999999595
      ],
      [
        -0.44624063999999997,
        0.65055424,
        0.99630336,
        -0.013018240000000037,
        0.013097599999999952
      ],
      [
        -0.011822240000000027,
        0.002519839999999934,
        -0.013018240000000037,
        0.99605616,
        -0.8509584
      ],
      [
        0.0034576000000000346,
        -0.0028815999999999595,
        0.013097599999999952,
        -0.8509584,
        0.999216
      ]
    ]
  ]
}