{
  "settings_list": [
    [
      2.439501628143586,
      3.8682497353966214,
      0.5479035379472283,
      1.0178408218618868,
      0.6779341125798907,
      2.243560107777825,
      2.5071486602766977,
      0.1073619679691912,
      6.261181726298419,
      0.9275871600816652,
      0.33875640749849195,
      1.2131369805139243,
      2.1318045050728065,
      2.453261903100733,
      1.1810686444806338
    ],
    [
      2.372591356143586,
      3.9038735433966214,
      0.5471633139472283,
      1.010081909861887,
      0.6825807045798906,
      2.237152171777825,
      2.4097182602766978,
      0.24493105596919124,
      6.305840862298419,
      1.0236290800816652,
      0.45751787949849204,
      1.2366258765139242,
      2.1282022010728063,
      2.595002063100733,
      1.1605721324806337
    ],
    [
      2.2732473561435858,
      3.8944194633966216,
      0.5813249779472283,
      1.030682613861887,
      0.7655117765798907,
      2.272768811777825,
      2.330264692276698,
      0.27109847996919123,
      6.298477406298419,
      1.0328261360816653,
      0.48907282349849207,
      1.2290595405139242,
      2.145670617072806,
      2.599984463100733,
      1.1779807724806337
    ],
    [
      2.184157052143586,
      3.9022903113966216,
      0.5659436019472283,
      1.078098069861887,
      0.7309231685798907,
      2.2632768437778252,
      2.2632864842766978,
      0.39745915196919124,
      6.2874375342984195,
      1.0178546160816653,
      0.5272958314984921,
      1.204737364513924,
      2.137275065072806,
      2.640927951100733,
      1.2200974124806336
    ],
    [
      2.1075758681435857,
      3.9234567753966214,
      0.5998234099472283,
      1.0006887258618868,
      0.7401447365798908,
      2.2742136757778253,
      2.164662356276698,
      0.49753524796919124,
      6.293040350298419,
      0.9963462000816652,
      0.5050405354984921,
      1.241336468513924,
      2.166499897072806,
      2.6057861271007328,
      1.2368119724806337
    ],
    [
      2.0301064281435854,
      3.9477365513966216,
      0.5881393779472283,
      0.9648572378618868,
      0.7625438725798908,
      2.3068861877778253,
      1.9968316362766978,
      0.6441010399691913,
      6.295992350298419,
      0.9538150320816652,
      0.5336931754984922,
      1.231669812513924,
      2.0996714810728063,
      2.613494031100733,
      1.2133390764806335
    ],
    [
      1.9966907481435854,
      3.985309671396622,
      0.5638180979472283,
      1.0893423578618868,
      0.7148779525798907,
      2.2623626677778255,
      1.9607055562766977,
      0.6621029599691913,
      6.256750750298418,
      0.9713593520816652,
      0.48671333549849216,
      1.2069734925139242,
      2.0074686010728064,
      2.632262031100733,
      1.2614734764806337
    ],
    [
      1.9135918681435853,
      3.9427322633966218,
      0.4814828659472282,
      1.124287637861887,
      0.7662478085798907,
      2.2680668597778255,
      1.8705063882766977,
      0.7032278239691914,
      6.233820446298418,
      1.0253114800816652,
      0.5702786474984922,
      1.2373813005139243,
      2.0641522490728064,
      2.695664015100733,
      1.2562553004806336
    ],
    [
      1.8709966681435852,
      3.9164306633966217,
      0.5051572659472282,
      1.238879637861887,
      0.7470334085798906,
      2.2750772597778255,
      1.8118191882766976,
      0.7429606239691914,
      6.1654396462984185,
      1.0439730800816651,
      0.4485130474984922,
      1.2755485005139244,
      2.0450162490728063,
      2.704048815100733,
      1.2831913004806337
    ],
    [
      1.8316935001435852,
      3.9117591753966217,
      0.5052412339472282,
      1.311332757861887,
      0.7317368965798906,
      2.2748489077778253,
      1.7341528842766976,
      0.7690019679691914,
      6.231555230298419,
      1.0965375600816651,
      0.4478822634984922,
      1.3295972685139243,
      2.1032695610728065,
      2.746317487100733,
      1.2699028524806337
    ],
    [
      1.8543912281435853,
      3.906904135396622,
      0.48061441794722815,
      1.3313481178618871,
      0.7510085765798906,
      2.277335691777825,
      1.7154742282766975,
      0.7839962719691914,
      6.266716062298419,
      1.0863054960816652,
      0.40449461549849214,
      1.3002784845139241,
      2.1283317050728066,
      2.692217775100733,
      1.2367046444806338
    ],
    [
      1.7528757081435853,
      3.870633287396622,
      0.48420481794722814,
      1.4439721178618872,
      0.7806185605798905,
      2.262765579777825,
      1.6923561482766976,
      0.8321115999691914,
      6.231089054298419,
      0.9782381680816652,
      0.4383762154984921,
      1.3064468045139241,
      2.0818524730728063,
      2.724053039100733,
      1.1623970604806337
    ],
    [
      1.6625303321435851,
      3.947414727396622,
      0.5199594739472281,
      1.4719376538618871,
      0.7353152645798906,
      2.2718627637778255,
      1.6529167882766975,
      0.8441564319691913,
      6.1780916782984185,
      1.0176326000816651,
      0.40576866349849205,
      1.2866507725139242,
      2.120177241072806,
      2.649196879100733,
      1.1828341484806337
    ],
    [
      1.6990342681435853,
      3.959360327396622,
      0.534540465947228,
      1.5246928538618871,
      0.8092693125798907,
      2.2332523317778255,
      1.6603977482766976,
      0.8214688159691913,
      6.202548126298418,
      1.107374296081665,
      0.4704901994984921,
      1.2949184205139241,
      2.107946201072806,
      2.712535247100733,
      1.1554673644806337
    ],
    [
      1.6223718681435852,
      4.009978567396622,
      0.5756444659472281,
      1.4738838938618872,
      0.8147873925798907,
      2.2498859317778255,
      1.6470531082766975,
      0.8319187359691913,
      6.262032926298418,
      1.1299170160816652,
      0.45643387949849207,
      1.293638420513924,
      2.075681881072806,
      2.636786767100733,
      1.1343902444806337
    ],
    [
      1.6023072281435853,
      4.000565447396623,
      0.502256305947228,
      1.5220682138618873,
      0.8783637125798908,
      2.3188388917778253,
      1.6178806282766975,
      0.9244582559691914,
      6.298955806298418,
      1.086950616081665,
      0.4770201194984921,
      1.145982100513924,
      2.076338521072806,
      2.615359567100733,
      1.1901425644806338
    ],
    [
      1.5896438041435852,
      4.058328135396623,
      0.5322017779472281,
      1.5570721178618874,
      0.8400728965798907,
      2.3350988597778253,
      1.6331739402766976,
      0.9521459359691914,
      6.295096606298418,
      1.108798040081665,
      0.5243862634984922,
      1.136280212513924,
      2.014669913072806,
      2.671231183100733,
      1.1814575084806338
    ],
    [
      1.5752994841435852,
      4.068864455396623,
      0.5202484979472282,
      1.5275201178618873,
      0.8585157765798908,
      2.3378342197778252,
      1.7456001802766976,
      0.9154240159691914,
      6.302847646298417,
      1.059041240081665,
      0.5033462634984921,
      1.110172052513924,
      2.0267006330728057,
      2.612310223100733,
      1.2055496684806337
    ],
    [
      1.5900973081435852,
      4.015572423396623,
      0.5226147059472283,
      1.5713318298618872,
      0.9078138245798908,
      2.3133731637778254,
      1.7181235722766977,
      0.8904018079691914,
      6.269056030298417,
      1.0169771120816649,
      0.5182096234984921,
      1.087473812513924,
      2.0921579130728056,
      2.651921103100733,
      1.2518377964806338
    ],
    [
      1.4689067801435851,
      3.973122311396623,
      0.5196039539472281,
      1.6198664218618872,
      0.8786375365798907,
      2.3306582517778254,
      1.6643520522766977,
      0.8708385439691915,
      6.272919806298417,
      1.0326994480816647,
      0.48606882349849206,
      1.127182612513924,
      2.1590722170728056,
      2.5742610071007332,
      1.2535736044806338
    ],
    [
      1.451265436143585,
      3.926188263396623,
      0.5143726899472282,
      1.6066023258618873,
      0.8995712325798908,
      2.315572491777825,
      1.7079090762766977,
      0.8578242079691915,
      6.272327710298417,
      1.0244052080816646,
      0.4831892714984921,
      1.093188052513924,
      2.1614343610728057,
      2.6282739991007333,
      1.2347894124806338
    ]
  ],
  "cost_vals": [],
  "step_size": 0.1,
  "opt_step_times": [
    0.1472921371459961,
    0.14832305908203125,
    0.15865802764892578,
    0.15896201133728027,
    0.1461477279663086,
    0.14499783515930176,
    0.16183209419250488,
    0.14520812034606934,
    0.14377617835998535,
    0.15325593948364258,
    0.23041391372680664,
    0.1536409854888916,
    0.15575814247131348,
    0.15500998497009277,
    0.15083098411560059,
    0.1509721279144287,
    0.14502501487731934,
    0.14656305313110352,
    0.14446282386779785,
    0.14351892471313477
  ],
  "opt_settings": [
    1.451265436143585,
    3.926188263396623,
    0.5143726899472282,
    1.6066023258618873,
    0.8995712325798908,
    2.315572491777825,
    1.7079090762766977,
    0.8578242079691915,
    6.272327710298417,
    1.0244052080816646,
    0.4831892714984921,
    1.093188052513924,
    2.1614343610728057,
    2.6282739991007333,
    1.2347894124806338
  ],
  "min_cost": null,
  "datetime": "2023-05-30T16-42-04Z",
  "step_only": true,
  "ibm_device": "default.qubit",
  "shots": 100,
  "prep_node_name": "W_state_2-qubit_ghz_state",
  "num_qubits": 5,
  "error": false,
  "cov_mats": [
    [
      [
        0.9516,
        -0.49720000000000003,
        0.12840000000000007,
        0.033600000000000005,
        0.033600000000000005
      ],
      [
        -0.49720000000000003,
        0.9324,
        0.45720000000000005,
        0.10880000000000001,
        0.06879999999999997
      ],
      [
        0.12840000000000007,
        0.45720000000000005,
        0.9516,
        0.046400000000000066,
        0.046400000000000066
      ],
      [
        0.033600000000000005,
        0.10880000000000001,
        0.046400000000000066,
        0.9856,
        0.9056
      ],
      [
        0.033600000000000005,
        0.06879999999999997,
        0.046400000000000066,
        0.9056,
        0.9856
      ]
    ],
    [
      [
        0.9996,
        -0.5072,
        -0.017599999999999987,
        -0.1620000000000001,
        -0.1620000000000001
      ],
      [
        -0.5072,
        0.8704000000000001,
        0.44320000000000004,
        0.10400000000000002,
        0.10400000000000002
      ],
      [
        -0.017599999999999987,
        0.44320000000000004,
        0.9856,
        -0.008000000000000076,
        -0.008000000000000076
      ],
      [
        -0.1620000000000001,
        0.10400000000000002,
        -0.008000000000000076,
        0.99,
        0.99
      ],
      [
        -0.1620000000000001,
        0.10400000000000002,
        -0.008000000000000076,
        0.99,
        0.99
      ]
    ],
    [
      [
        1.0,
        -0.6000000000000001,
        -0.18,
        -0.11999999999999997,
        -0.11999999999999997
      ],
      [
        -0.6000000000000001,
        0.9216,
        0.4815999999999999,
        0.027199999999999974,
        0.027199999999999974
      ],
      [
        -0.18,
        0.4815999999999999,
        0.9516,
        0.12720000000000004,
        0.12720000000000004
      ],
      [
        -0.11999999999999997,
        0.027199999999999974,
        0.12720000000000004,
        0.9424,
        0.9424
      ],
      [
        -0.11999999999999997,
        0.027199999999999974,
        0.12720000000000004,
        0.9424,
        0.9424
      ]
    ],
    [
      [
        0.9676,
        -0.6488000000000002,
        -0.20760000000000003,
        0.08880000000000003,
        0.08880000000000003
      ],
      [
        -0.6488000000000002,
        0.9743999999999999,
        0.5288,
        -0.054400000000000046,
        -0.054400000000000046
      ],
      [
        -0.20760000000000003,
        0.5288,
        0.9676,
        -0.20880000000000004,
        -0.20880000000000004
      ],
      [
        0.08880000000000003,
        -0.054400000000000046,
        -0.20880000000000004,
        0.9744,
        0.9744
      ],
      [
        0.08880000000000003,
        -0.054400000000000046,
        -0.20880000000000004,
        0.9744,
        0.9744
      ]
    ],
    [
      [
        1.0,
        -0.6,
        -0.15999999999999995,
        -0.09999999999999998,
        -0.09999999999999998
      ],
      [
        -0.6,
        0.8976,
        0.384,
        0.0648,
        0.0648
      ],
      [
        -0.15999999999999995,
        0.384,
        0.96,
        0.03199999999999997,
        0.03199999999999997
      ],
      [
        -0.09999999999999998,
        0.0648,
        0.03199999999999997,
        0.9804,
        0.9804
      ],
      [
        -0.09999999999999998,
        0.0648,
        0.03199999999999997,
        0.9804,
        0.9804
      ]
    ],
    [
      [
        0.96,
        -0.552,
        -0.576,
        -0.07999999999999997,
        -0.07999999999999997
      ],
      [
        -0.552,
        0.9743999999999999,
        0.6592,
        0.04399999999999996,
        0.04399999999999996
      ],
      [
        -0.576,
        0.6592,
        0.9856,
        0.07200000000000001,
        0.07200000000000001
      ],
      [
        -0.07999999999999997,
        0.04399999999999996,
        0.07200000000000001,
        0.99,
        0.99
      ],
      [
        -0.07999999999999997,
        0.04399999999999996,
        0.07200000000000001,
        0.99,
        0.99
      ]
    ],
    [
      [
        0.9324,
        -0.5860000000000001,
        -0.4984,
        -0.1668,
        -0.1416
      ],
      [
        -0.5860000000000001,
        0.99,
        0.676,
        0.06200000000000001,
        0.084
      ],
      [
        -0.4984,
        0.676,
        0.9743999999999999,
        -0.031199999999999985,
        -0.054400000000000004
      ],
      [
        -0.1668,
        0.06200000000000001,
        -0.031199999999999985,
        0.9676,
        0.9512
      ],
      [
        -0.1416,
        0.084,
        -0.054400000000000004,
        0.9512,
        0.9743999999999999
      ]
    ],
    [
      [
        0.9996,
        -0.6224,
        -0.6199999999999999,
        -0.10000000000000003,
        -0.10000000000000003
      ],
      [
        -0.6224,
        0.9856,
        0.6399999999999999,
        0.12,
        0.12
      ],
      [
        -0.6199999999999999,
        0.6399999999999999,
        1.0,
        0.08000000000000004,
        0.08000000000000004
      ],
      [
        -0.10000000000000003,
        0.12,
        0.08000000000000004,
        1.0,
        1.0
      ],
      [
        -0.10000000000000003,
        0.12,
        0.08000000000000004,
        1.0,
        1.0
      ]
    ],
    [
      [
        0.9935999999999999,
        -0.5568000000000001,
        -0.5472,
        0.132,
        0.132
      ],
      [
        -0.5568000000000001,
        0.9984,
        0.6336000000000002,
        -0.136,
        -0.136
      ],
      [
        -0.5472,
        0.6336000000000002,
        0.9743999999999999,
        -0.16399999999999992,
        -0.16399999999999992
      ],
      [
        0.132,
        -0.136,
        -0.16399999999999992,
        0.99,
        0.99
      ],
      [
        0.132,
        -0.136,
        -0.16399999999999992,
        0.99,
        0.99
      ]
    ],
    [
      [
        0.9744,
        -0.5024000000000001,
        -0.38480000000000003,
        -0.13040000000000004,
        -0.13040000000000004
      ],
      [
        -0.5024000000000001,
        0.8704,
        0.38079999999999997,
        0.11839999999999998,
        0.11839999999999998
      ],
      [
        -0.38480000000000003,
        0.38079999999999997,
        0.9516,
        0.06680000000000003,
        0.06680000000000003
      ],
      [
        -0.13040000000000004,
        0.11839999999999998,
        0.06680000000000003,
        0.9964,
        0.9964
      ],
      [
        -0.13040000000000004,
        0.11839999999999998,
        0.06680000000000003,
        0.9964,
        0.9964
      ]
    ],
    [
      [
        0.9324,
        -0.6200000000000001,
        -0.5696000000000001,
        -0.04079999999999997,
        -0.04079999999999997
      ],
      [
        -0.6200000000000001,
        1.0,
        0.6000000000000001,
        -0.040000000000000036,
        -0.040000000000000036
      ],
      [
        -0.5696000000000001,
        0.6000000000000001,
        0.9984,
        -0.03680000000000007,
        -0.03680000000000007
      ],
      [
        -0.04079999999999997,
        -0.040000000000000036,
        -0.03680000000000007,
        0.9936,
        0.9936
      ],
      [
        -0.04079999999999997,
        -0.040000000000000036,
        -0.03680000000000007,
        0.9936,
        0.9936
      ]
    ],
    [
      [
        0.9984,
        -0.7392,
        -0.7792,
        0.11999999999999997,
        0.11999999999999997
      ],
      [
        -0.7392,
        0.9996,
        0.6796000000000001,
        -0.01999999999999999,
        -0.01999999999999999
      ],
      [
        -0.7792,
        0.6796000000000001,
        0.9996,
        -0.10000000000000003,
        -0.10000000000000003
      ],
      [
        0.11999999999999997,
        -0.01999999999999999,
        -0.10000000000000003,
        1.0,
        1.0
      ],
      [
        0.11999999999999997,
        -0.01999999999999999,
        -0.10000000000000003,
        1.0,
        1.0
      ]
    ],
    [
      [
        0.9984,
        -0.8,
        -0.7136,
        0.20639999999999997,
        0.20639999999999997
      ],
      [
        -0.8,
        1.0,
        0.64,
        -0.11999999999999998,
        -0.11999999999999998
      ],
      [
        -0.7136,
        0.64,
        0.9743999999999999,
        -0.10560000000000003,
        -0.10560000000000003
      ],
      [
        0.20639999999999997,
        -0.11999999999999998,
        -0.10560000000000003,
        0.9744,
        0.9744
      ],
      [
        0.20639999999999997,
        -0.11999999999999998,
        -0.10560000000000003,
        0.9744,
        0.9744
      ]
    ],
    [
      [
        0.9984,
        -0.6751999999999999,
        -0.7984,
        -0.004799999999999948,
        -0.004799999999999948
      ],
      [
        -0.6751999999999999,
        0.9856,
        0.7152,
        0.014399999999999965,
        0.014399999999999965
      ],
      [
        -0.7984,
        0.7152,
        0.9984,
        -0.03520000000000006,
        -0.03520000000000006
      ],
      [
        -0.004799999999999948,
        0.014399999999999965,
        -0.03520000000000006,
        0.9856,
        0.9856
      ],
      [
        -0.004799999999999948,
        0.014399999999999965,
        -0.03520000000000006,
        0.9856,
        0.9856
      ]
    ],
    [
      [
        0.9984,
        -0.8,
        -0.8560000000000001,
        0.1056,
        0.1056
      ],
      [
        -0.8,
        1.0,
        0.7400000000000001,
        -0.14,
        -0.14
      ],
      [
        -0.8560000000000001,
        0.7400000000000001,
        0.99,
        -0.17400000000000004,
        -0.17400000000000004
      ],
      [
        0.1056,
        -0.14,
        -0.17400000000000004,
        0.9804,
        0.9804
      ],
      [
        0.1056,
        -0.14,
        -0.17400000000000004,
        0.9804,
        0.9804
      ]
    ],
    [
      [
        0.9996,
        -0.5196000000000001,
        -0.6012000000000001,
        -0.1204,
        -0.1204
      ],
      [
        -0.5196000000000001,
        0.9996,
        0.6412,
        -0.03960000000000001,
        -0.03960000000000001
      ],
      [
        -0.6012000000000001,
        0.6412,
        0.9964,
        0.03879999999999998,
        0.03879999999999998
      ],
      [
        -0.1204,
        -0.03960000000000001,
        0.03879999999999998,
        0.9996,
        0.9996
      ],
      [
        -0.1204,
        -0.03960000000000001,
        0.03879999999999998,
        0.9996,
        0.9996
      ]
    ],
    [
      [
        0.9996,
        -0.5587999999999999,
        -0.5391999999999999,
        0.03960000000000004,
        0.020000000000000018
      ],
      [
        -0.5587999999999999,
        0.9964,
        0.6175999999999999,
        0.12120000000000006,
        0.10000000000000003
      ],
      [
        -0.5391999999999999,
        0.6175999999999999,
        0.9984,
        -0.019200000000000016,
        0.0
      ],
      [
        0.03960000000000004,
        0.12120000000000006,
        -0.019200000000000016,
        0.9996,
        0.98
      ],
      [
        0.020000000000000018,
        0.10000000000000003,
        0.0,
        0.98,
        1.0
      ]
    ],
    [
      [
        0.99,
        -0.6799999999999999,
        -0.66,
        0.07199999999999998,
        0.07199999999999998
      ],
      [
        -0.6799999999999999,
        0.96,
        0.6000000000000001,
        -0.06399999999999997,
        -0.06399999999999997
      ],
      [
        -0.66,
        0.6000000000000001,
        1.0,
        0.040000000000000036,
        0.040000000000000036
      ],
      [
        0.07199999999999998,
        -0.06399999999999997,
        0.040000000000000036,
        0.9856,
        0.9856
      ],
      [
        0.07199999999999998,
        -0.06399999999999997,
        0.040000000000000036,
        0.9856,
        0.9856
      ]
    ],
    [
      [
        0.9936,
        -0.6488,
        -0.5688000000000001,
        -0.02160000000000005,
        -0.02160000000000005
      ],
      [
        -0.6488,
        0.9804,
        0.6204000000000002,
        -0.037200000000000025,
        -0.037200000000000025
      ],
      [
        -0.5688000000000001,
        0.6204000000000002,
        0.9804,
        0.04279999999999999,
        0.04279999999999999
      ],
      [
        -0.02160000000000005,
        -0.037200000000000025,
        0.04279999999999999,
        0.9996000000000003,
        0.9996000000000003
      ],
      [
        -0.02160000000000005,
        -0.037200000000000025,
        0.04279999999999999,
        0.9996000000000003,
        0.9996000000000003
      ]
    ],
    [
      [
        0.9936,
        -0.7384,
        -0.6368000000000001,
        0.16000000000000003,
        0.16000000000000003
      ],
      [
        -0.7384,
        0.9996,
        0.6591999999999999,
        -0.05999999999999994,
        -0.05999999999999994
      ],
      [
        -0.6368000000000001,
        0.6591999999999999,
        0.9984,
        0.04000000000000004,
        0.04000000000000004
      ],
      [
        0.16000000000000003,
        -0.05999999999999994,
        0.04000000000000004,
        1.0,
        1.0
      ],
      [
        0.16000000000000003,
        -0.05999999999999994,
        0.04000000000000004,
        1.0,
        1.0
      ]
    ],
    [
      [
        0.9856,
        -0.6032,
        -0.7152,
        0.04959999999999998,
        0.04959999999999998
      ],
      [
        -0.6032,
        0.9804,
        0.5744,
        -0.0712,
        -0.0712
      ],
      [
        -0.7152,
        0.5744,
        0.9984,
        -0.043199999999999954,
        -0.043199999999999954
      ],
      [
        0.04959999999999998,
        -0.0712,
        -0.043199999999999954,
        0.9936,
        0.9936
      ],
      [
        0.04959999999999998,
        -0.0712,
        -0.043199999999999954,
        0.9936,
        0.9936
      ]
    ]
  ]
}