{
  "settings_list": [
    [
      0.792200254460128,
      3.4500227178772502,
      5.504796928592581,
      3.8259093886631184,
      3.8581878914492154,
      5.316133894018888,
      2.245356557609635,
      2.3590557392882325,
      2.0716112574033936,
      2.5400194052283864,
      5.506335750906202,
      6.085156055468329,
      3.6553280435579905,
      1.7229246211475724,
      1.7586990503329374
    ],
    [
      0.756592702460128,
      3.44805202987725,
      5.4950163205925815,
      3.8303508606631183,
      3.902406771449215,
      5.324013702018888,
      2.232183565609635,
      2.3771304912882325,
      2.0923472574033934,
      2.5570532612283863,
      5.302247302906202,
      6.105819991468329,
      3.6523246515579904,
      1.9139780611475725,
      1.7860427943329373
    ],
    [
      0.720597566460128,
      3.39526175787725,
      5.537016960592582,
      3.8966200446631185,
      3.9596368514492153,
      5.370243462018888,
      2.2350661256096354,
      2.4880240592882323,
      2.1295714494033935,
      2.577303373228386,
      5.184320902906202,
      6.078601047468329,
      3.6909148595579904,
      1.9986211331475725,
      1.7715826343329373
    ],
    [
      0.7463241264601279,
      3.41427183787725,
      5.545477600592582,
      3.8720906046631183,
      3.9753827714492154,
      5.357640102018888,
      2.2629347656096352,
      2.4981253392882325,
      2.1374093694033935,
      2.550152973228386,
      5.169466182906202,
      6.077485367468329,
      3.6677964595579904,
      1.9958600131475726,
      1.7625970343329374
    ],
    [
      0.7110713904601279,
      3.36600972587725,
      5.553812160592582,
      3.8905668286631183,
      3.8938312514492153,
      5.371175302018888,
      2.227192301609635,
      2.4960399632882324,
      2.1042000894033936,
      2.520278413228386,
      5.133419270906202,
      6.094241111468329,
      3.69265405955799,
      2.0083827011475726,
      1.7561005863329373
    ],
    [
      0.7078422704601279,
      3.30876748587725,
      5.522182880592582,
      3.9408914686631182,
      3.904160211449215,
      5.385108102018888,
      2.235517421609635,
      2.4806487632882326,
      2.1069573694033936,
      2.513956653228386,
      5.170431910906203,
      6.082523031468329,
      3.6913402995579903,
      1.9902014211475725,
      1.7663197863329372
    ],
    [
      0.784381918460128,
      3.3061616618772502,
      5.459920352592582,
      3.9631568126631183,
      3.883333587449215,
      5.3562545980188885,
      2.167401965609635,
      2.4724536912882327,
      2.0698022974033936,
      2.562288429228386,
      5.133335718906203,
      6.10542581546833,
      3.63293159555799,
      2.0080464131475724,
      1.7908346023329373
    ],
    [
      0.8773115824601281,
      3.20294044587725,
      5.447092384592582,
      4.040373580663118,
      3.817177811449215,
      5.323562502018889,
      2.1798943176096346,
      2.5104646352882325,
      2.0473648894033936,
      2.594000397228386,
      5.129388038906203,
      6.11288421546833,
      3.62176698755799,
      1.9620078211475722,
      1.7701080103329374
    ],
    [
      0.9071095344601281,
      3.0946068138772502,
      5.468601856592582,
      4.125398188663119,
      3.830245715449215,
      5.336320262018889,
      2.1380018056096346,
      2.5427911632882325,
      2.0080608574033936,
      2.616453773228386,
      5.085566950906204,
      6.15308994346833,
      3.64008013955799,
      1.9839900611475723,
      1.8057173223329375
    ],
    [
      0.9682966704601281,
      2.99220930987725,
      5.424734848592582,
      4.147583980663119,
      3.794148179449215,
      5.329145478018889,
      2.122974157609635,
      2.5306753872882326,
      1.9896069694033935,
      2.6231567492283863,
      5.109891494906203,
      6.106143575468329,
      3.6221532915579897,
      1.9392669251475723,
      1.7886485863329373
    ],
    [
      1.004662270460128,
      2.86958562987725,
      5.432740320592582,
      4.234120108663118,
      3.8260270594492147,
      5.316866342018889,
      2.105607245609635,
      2.5396671312882324,
      1.9843286974033936,
      2.606063373228386,
      5.1290397829062035,
      6.099677303468329,
      3.6385134835579898,
      1.9794430211475722,
      1.7799381223329374
    ],
    [
      1.090109310460128,
      2.7467308778772503,
      5.4824637125925815,
      4.282451532663118,
      3.7528390914492147,
      5.3125134140188885,
      2.107948333609635,
      2.5268141712882324,
      1.9509738174033937,
      2.568652909228386,
      5.138655750906204,
      6.101337783468329,
      3.6230762675579897,
      2.0100400451475724,
      1.7399120103329373
    ],
    [
      1.178161790460128,
      2.6705080298772503,
      5.432939360592582,
      4.361164236663118,
      3.729505331449215,
      5.365215878018889,
      2.019939885609635,
      2.5303354512882326,
      1.9185931454033938,
      2.554149997228386,
      5.177381510906204,
      6.159876279468329,
      3.6266637235579897,
      2.0158431811475723,
      1.7233282023329373
    ],
    [
      1.3020610224601281,
      2.5829138218772503,
      5.414949056592581,
      4.371963980663118,
      3.738922643449215,
      5.349907750018889,
      1.975299405609635,
      2.5549450832882328,
      1.9135899454033938,
      2.436459181228386,
      5.217922406906204,
      6.143865015468329,
      3.6342241715579897,
      2.0731189571475723,
      1.7224260583329372
    ],
    [
      1.392678942460128,
      2.5638813418772504,
      5.378255456592581,
      4.433497900663117,
      3.803196083449215,
      5.311587270018888,
      1.8889914056096349,
      2.5476842832882327,
      1.9348061054033938,
      2.4080727812283858,
      5.195934726906204,
      6.126038295468328,
      3.6578849715579898,
      2.1137466371475724,
      1.641787338332937
    ],
    [
      1.474734622460128,
      2.4750077418772505,
      5.357434336592581,
      4.517385260663118,
      3.842610227449215,
      5.3225366460188885,
      1.915453613609635,
      2.5511662672882327,
      1.9735561854033938,
      2.451873357228386,
      5.195169030906204,
      6.135935255468328,
      3.6284886195579897,
      2.0432525571475724,
      1.658149450332937
    ],
    [
      1.430988830460128,
      2.4628017258772505,
      5.351722912592581,
      4.5709980606631175,
      3.8108790274492153,
      5.359078534018889,
      1.891240045609635,
      2.5530166992882326,
      1.9777499134033938,
      2.4324651012283858,
      5.203145734906204,
      6.1410020074683285,
      3.5945296435579897,
      2.0392918531475726,
      1.754709706332937
    ],
    [
      1.419233822460128,
      2.4758738538772507,
      5.323707808592581,
      4.5648643006631175,
      3.8380758914492152,
      5.295132230018889,
      1.896305773609635,
      2.4713821392882327,
      1.9860596734033937,
      2.438461197228386,
      5.188457798906204,
      6.192539799468329,
      3.6380064435579897,
      2.0850400771475726,
      1.730540106332937
    ],
    [
      1.418992478460128,
      2.4757868138772507,
      5.277205952592581,
      4.656821388663118,
      3.8723319234492153,
      5.300444230018889,
      1.849293261609635,
      2.5385182672882327,
      1.9791934014033938,
      2.3660208132283858,
      5.311235622906204,
      6.214645271468329,
      3.71113005955799,
      2.0750422531475725,
      1.695913642332937
    ],
    [
      1.523344382460128,
      2.473941501877251,
      5.259154720592581,
      4.7008072766631175,
      3.834823475449215,
      5.288138534018889,
      1.862273101609635,
      2.551841595288233,
      2.0163576574033937,
      2.3527419652283856,
      5.245040614906204,
      6.198107543468328,
      3.7942666675579897,
      2.1492238531475727,
      1.729566922332937
    ],
    [
      1.469757822460128,
      2.457393661877251,
      5.242805120592581,
      4.6506979966631175,
      3.807177235449215,
      5.315357574018889,
      1.784985901609635,
      2.4884705552882327,
      1.9470248574033935,
      2.4856134852283858,
      5.2564562949062035,
      6.192743223468328,
      3.8109057075579895,
      2.1507992131475726,
      1.706165322332937
    ]
  ],
  "cost_vals": [],
  "step_size": 0.1,
  "opt_step_times": [
    0.12871885299682617,
    0.1278839111328125,
    0.1295320987701416,
    0.12655973434448242,
    0.12492704391479492,
    0.12666010856628418,
    0.12754082679748535,
    0.13585901260375977,
    0.13187623023986816,
    0.1361980438232422,
    0.210615873336792,
    0.125380277633667,
    0.12744808197021484,
    0.12868809700012207,
    0.13129591941833496,
    0.13423514366149902,
    0.1313459873199463,
    0.1279432773590088,
    0.12916803359985352,
    0.14825868606567383
  ],
  "opt_settings": [
    1.469757822460128,
    2.457393661877251,
    5.242805120592581,
    4.6506979966631175,
    3.807177235449215,
    5.315357574018889,
    1.784985901609635,
    2.4884705552882327,
    1.9470248574033935,
    2.4856134852283858,
    5.2564562949062035,
    6.192743223468328,
    3.8109057075579895,
    2.1507992131475726,
    1.706165322332937
  ],
  "min_cost": null,
  "datetime": "2023-05-30T16-44-18Z",
  "step_only": true,
  "ibm_device": "default.qubit",
  "shots": 100,
  "prep_node_name": "W_state_2-qubit_ghz_state",
  "num_qubits": 5,
  "error": false,
  "cov_mats": [
    [
      [
        0.8844,
        0.07520000000000002,
        0.3004,
        -0.02080000000000009,
        0.008000000000000007
      ],
      [
        0.07520000000000002,
        0.9216,
        -0.6368,
        -0.006399999999999989,
        0.06400000000000006
      ],
      [
        0.3004,
        -0.6368,
        0.9964,
        0.1472,
        -0.19199999999999995
      ],
      [
        -0.02080000000000009,
        -0.006399999999999989,
        0.1472,
        0.9856,
        -0.8160000000000001
      ],
      [
        0.008000000000000007,
        0.06400000000000006,
        -0.19199999999999995,
        -0.8160000000000001,
        0.96
      ]
    ],
    [
      [
        0.8844000000000001,
        0.10080000000000006,
        0.08760000000000008,
        -0.020400000000000022,
        -0.006399999999999954
      ],
      [
        0.10080000000000006,
        0.9856,
        -0.6768000000000001,
        0.2272,
        -0.2448
      ],
      [
        0.08760000000000008,
        -0.6768000000000001,
        0.9804,
        -0.2716,
        0.2944
      ],
      [
        -0.020400000000000022,
        0.2272,
        -0.2716,
        0.9964,
        -0.9376
      ],
      [
        -0.006399999999999954,
        -0.2448,
        0.2944,
        -0.9376,
        0.9984
      ]
    ],
    [
      [
        0.8400000000000001,
        0.26,
        0.244,
        0.031999999999999994,
        -0.031999999999999994
      ],
      [
        0.26,
        0.99,
        -0.586,
        -0.128,
        0.128
      ],
      [
        0.244,
        -0.586,
        0.9324,
        0.051200000000000016,
        -0.051200000000000016
      ],
      [
        0.031999999999999994,
        -0.128,
        0.051200000000000016,
        0.9856,
        -0.9856
      ],
      [
        -0.031999999999999994,
        0.128,
        -0.051200000000000016,
        -0.9856,
        0.9856
      ]
    ],
    [
      [
        0.9855999999999999,
        0.059199999999999975,
        0.3264000000000001,
        -0.18240000000000006,
        0.18240000000000006
      ],
      [
        0.059199999999999975,
        0.9743999999999999,
        -0.5352,
        -0.09679999999999998,
        0.09679999999999998
      ],
      [
        0.3264000000000001,
        -0.5352,
        0.9516,
        -0.1556,
        0.1556
      ],
      [
        -0.18240000000000006,
        -0.09679999999999998,
        -0.1556,
        0.9996,
        -0.9996
      ],
      [
        0.18240000000000006,
        0.09679999999999998,
        0.1556,
        -0.9996,
        0.9996
      ]
    ],
    [
      [
        0.9984,
        0.06400000000000003,
        0.39200000000000007,
        -0.11679999999999993,
        0.11679999999999993
      ],
      [
        0.06400000000000003,
        0.99,
        -0.51,
        0.01200000000000006,
        -0.01200000000000006
      ],
      [
        0.39200000000000007,
        -0.51,
        0.91,
        -0.08400000000000007,
        0.08400000000000007
      ],
      [
        -0.11679999999999993,
        0.01200000000000006,
        -0.08400000000000007,
        0.9936,
        -0.9936
      ],
      [
        0.11679999999999993,
        -0.01200000000000006,
        0.08400000000000007,
        -0.9936,
        0.9936
      ]
    ],
    [
      [
        0.9515999999999999,
        -0.136,
        0.4864,
        0.05799999999999997,
        -0.05799999999999997
      ],
      [
        -0.136,
        0.96,
        -0.5840000000000001,
        0.04000000000000005,
        -0.04000000000000005
      ],
      [
        0.4864,
        -0.5840000000000001,
        0.9856,
        0.03199999999999997,
        -0.03199999999999997
      ],
      [
        0.05799999999999997,
        0.04000000000000005,
        0.03199999999999997,
        0.99,
        -0.99
      ],
      [
        -0.05799999999999997,
        -0.04000000000000005,
        -0.03199999999999997,
        -0.99,
        0.99
      ]
    ],
    [
      [
        0.8976,
        -0.043199999999999975,
        0.29279999999999995,
        0.013600000000000011,
        -0.013600000000000011
      ],
      [
        -0.043199999999999975,
        0.9423999999999999,
        -0.6496000000000001,
        -0.2952,
        0.2952
      ],
      [
        0.29279999999999995,
        -0.6496000000000001,
        0.9984,
        0.14080000000000006,
        -0.14080000000000006
      ],
      [
        0.013600000000000011,
        -0.2952,
        0.14080000000000006,
        0.9996,
        -0.9996
      ],
      [
        -0.013600000000000011,
        0.2952,
        -0.14080000000000006,
        -0.9996,
        0.9996
      ]
    ],
    [
      [
        0.9984,
        -0.21600000000000003,
        0.5904,
        0.01919999999999999,
        -0.01919999999999999
      ],
      [
        -0.21600000000000003,
        0.99,
        -0.5860000000000001,
        -0.03800000000000004,
        0.03800000000000004
      ],
      [
        0.5904,
        -0.5860000000000001,
        0.9324,
        0.04519999999999994,
        -0.04519999999999994
      ],
      [
        0.01919999999999999,
        -0.03800000000000004,
        0.04519999999999994,
        0.9996,
        -0.9996
      ],
      [
        -0.01919999999999999,
        0.03800000000000004,
        -0.04519999999999994,
        -0.9996,
        0.9996
      ]
    ],
    [
      [
        0.99,
        -0.202,
        0.42200000000000004,
        0.13000000000000006,
        -0.13000000000000006
      ],
      [
        -0.202,
        0.9996,
        -0.6756,
        -0.198,
        0.198
      ],
      [
        0.42200000000000004,
        -0.6756,
        0.9516,
        0.13799999999999998,
        -0.13799999999999998
      ],
      [
        0.13000000000000006,
        -0.198,
        0.13799999999999998,
        0.99,
        -0.99
      ],
      [
        -0.13000000000000006,
        0.198,
        -0.13799999999999998,
        -0.99,
        0.99
      ]
    ],
    [
      [
        0.9743999999999999,
        -0.1768,
        0.44480000000000003,
        -0.027200000000000016,
        0.027200000000000016
      ],
      [
        -0.1768,
        0.9996,
        -0.6256000000000002,
        -0.10160000000000004,
        0.10160000000000004
      ],
      [
        0.44480000000000003,
        -0.6256000000000002,
        0.9216,
        0.01759999999999996,
        -0.01759999999999996
      ],
      [
        -0.027200000000000016,
        -0.10160000000000004,
        0.01759999999999996,
        0.9936,
        -0.9936
      ],
      [
        0.027200000000000016,
        0.10160000000000004,
        -0.01759999999999996,
        -0.9936,
        0.9936
      ]
    ],
    [
      [
        0.9516,
        -0.36039999999999994,
        0.6376,
        -0.1468,
        0.1468
      ],
      [
        -0.36039999999999994,
        0.9676,
        -0.6344,
        0.029199999999999983,
        -0.029199999999999983
      ],
      [
        0.6376,
        -0.6344,
        0.9936,
        -0.0648,
        0.0648
      ],
      [
        -0.1468,
        0.029199999999999983,
        -0.0648,
        0.9964,
        -0.9964
      ],
      [
        0.1468,
        -0.029199999999999983,
        0.0648,
        -0.9964,
        0.9964
      ]
    ],
    [
      [
        0.9804,
        -0.5744,
        0.6195999999999999,
        -0.05400000000000004,
        0.05400000000000004
      ],
      [
        -0.5744,
        0.9984,
        -0.6656000000000001,
        -0.016000000000000018,
        0.016000000000000018
      ],
      [
        0.6195999999999999,
        -0.6656000000000001,
        0.9804,
        -0.10599999999999998,
        0.10599999999999998
      ],
      [
        -0.05400000000000004,
        -0.016000000000000018,
        -0.10599999999999998,
        0.99,
        -0.99
      ],
      [
        0.05400000000000004,
        0.016000000000000018,
        0.10599999999999998,
        -0.99,
        0.99
      ]
    ],
    [
      [
        0.99,
        -0.4620000000000001,
        0.528,
        -0.026000000000000023,
        0.026000000000000023
      ],
      [
        -0.4620000000000001,
        0.9676,
        -0.5104,
        -0.025199999999999945,
        0.025199999999999945
      ],
      [
        0.528,
        -0.5104,
        0.9216,
        -0.019199999999999932,
        0.019199999999999932
      ],
      [
        -0.026000000000000023,
        -0.025199999999999945,
        -0.019199999999999932,
        0.9804,
        -0.9804
      ],
      [
        0.026000000000000023,
        0.025199999999999945,
        0.019199999999999932,
        -0.9804,
        0.9804
      ]
    ],
    [
      [
        0.9803999999999999,
        -0.5916000000000001,
        0.6312000000000001,
        -0.07680000000000003,
        0.09400000000000006
      ],
      [
        -0.5916000000000001,
        0.9964,
        -0.7848,
        0.02719999999999999,
        -0.005999999999999974
      ],
      [
        0.6312000000000001,
        -0.7848,
        0.9936,
        -0.0704,
        0.05199999999999999
      ],
      [
        -0.07680000000000003,
        0.02719999999999999,
        -0.0704,
        0.9856,
        -0.968
      ],
      [
        0.09400000000000006,
        -0.005999999999999974,
        0.05199999999999999,
        -0.968,
        0.99
      ]
    ],
    [
      [
        0.9964,
        -0.6716,
        0.6763999999999999,
        -0.11880000000000009,
        0.1564000000000001
      ],
      [
        -0.6716,
        0.9804,
        -0.7116,
        -0.0028000000000000494,
        -0.03159999999999999
      ],
      [
        0.6763999999999999,
        -0.7116,
        0.9964,
        0.0011999999999999721,
        0.03640000000000003
      ],
      [
        -0.11880000000000009,
        -0.0028000000000000494,
        0.0011999999999999721,
        0.9996,
        -0.9588000000000001
      ],
      [
        0.1564000000000001,
        -0.03159999999999999,
        0.03640000000000003,
        -0.9588000000000001,
        0.9964
      ]
    ],
    [
      [
        0.9996,
        -0.6976000000000001,
        0.7024,
        0.0028000000000000503,
        -0.0028000000000000503
      ],
      [
        -0.6976000000000001,
        0.9856,
        -0.7744,
        -0.0368,
        0.0368
      ],
      [
        0.7024,
        -0.7744,
        0.9856,
        0.04319999999999996,
        -0.04319999999999996
      ],
      [
        0.0028000000000000503,
        -0.0368,
        0.04319999999999996,
        0.9804,
        -0.9804
      ],
      [
        -0.0028000000000000503,
        0.0368,
        -0.04319999999999996,
        -0.9804,
        0.9804
      ]
    ],
    [
      [
        0.9964,
        -0.6576,
        0.6272,
        0.11640000000000005,
        -0.11640000000000005
      ],
      [
        -0.6576,
        0.9984,
        -0.6448,
        -0.17759999999999998,
        0.17759999999999998
      ],
      [
        0.6272,
        -0.6448,
        0.9856,
        0.2672,
        -0.2672
      ],
      [
        0.11640000000000005,
        -0.17759999999999998,
        0.2672,
        0.9964,
        -0.9964
      ],
      [
        -0.11640000000000005,
        0.17759999999999998,
        -0.2672,
        -0.9964,
        0.9964
      ]
    ],
    [
      [
        1.0,
        -0.5999999999999999,
        0.6399999999999999,
        -0.12000000000000005,
        0.12000000000000005
      ],
      [
        -0.5999999999999999,
        0.9984,
        -0.56,
        0.12000000000000002,
        -0.12000000000000002
      ],
      [
        0.6399999999999999,
        -0.56,
        1.0,
        -0.16,
        0.16
      ],
      [
        -0.12000000000000005,
        0.12000000000000002,
        -0.16,
        1.0,
        -1.0
      ],
      [
        0.12000000000000005,
        -0.12000000000000002,
        0.16,
        -1.0,
        1.0
      ]
    ],
    [
      [
        0.9936,
        -0.7136,
        0.7568,
        0.05840000000000005,
        -0.05840000000000005
      ],
      [
        -0.7136,
        0.9936,
        -0.7168,
        -0.058399999999999994,
        0.058399999999999994
      ],
      [
        0.7568,
        -0.7168,
        0.9984,
        0.09920000000000007,
        -0.09920000000000007
      ],
      [
        0.05840000000000005,
        -0.058399999999999994,
        0.09920000000000007,
        0.9996,
        -0.9996
      ],
      [
        -0.05840000000000005,
        0.058399999999999994,
        -0.09920000000000007,
        -0.9996,
        0.9996
      ]
    ],
    [
      [
        0.9936,
        -0.7936000000000001,
        0.6680000000000001,
        0.16640000000000005,
        -0.16640000000000005
      ],
      [
        -0.7936000000000001,
        0.9936,
        -0.6680000000000001,
        -0.20640000000000003,
        0.20640000000000003
      ],
      [
        0.6680000000000001,
        -0.6680000000000001,
        0.99,
        0.13199999999999998,
        -0.13199999999999998
      ],
      [
        0.16640000000000005,
        -0.20640000000000003,
        0.13199999999999998,
        0.9936,
        -0.9936
      ],
      [
        -0.16640000000000005,
        0.20640000000000003,
        -0.13199999999999998,
        -0.9936,
        0.9936
      ]
    ],
    [
      [
        0.9743999999999999,
        -0.7343999999999999,
        0.7432,
        -0.11999999999999995,
        0.11999999999999995
      ],
      [
        -0.7343999999999999,
        0.9743999999999999,
        -0.5832,
        -0.040000000000000056,
        0.040000000000000056
      ],
      [
        0.7432,
        -0.5832,
        0.9996,
        -0.09999999999999998,
        0.09999999999999998
      ],
      [
        -0.11999999999999995,
        -0.040000000000000056,
        -0.09999999999999998,
        1.0,
        -1.0
      ],
      [
        0.11999999999999995,
        0.040000000000000056,
        0.09999999999999998,
        -1.0,
        1.0
      ]
    ]
  ]
}