{
  "settings_list": [
    [
      2.935917387388941,
      2.473479444696712,
      3.4813911938517754,
      3.4323790959650964,
      5.424900481334108,
      0.29367161386748875,
      0.14662409622336928,
      0.8592618989578705,
      4.74951094761607,
      3.5452702512314684,
      5.646491040732402,
      0.5782581846386117,
      5.890047021382032,
      1.3792634627215221,
      2.754114471552742
    ],
    [
      2.906708907388941,
      2.442742644696712,
      3.4790716738517755,
      3.4557322159650963,
      5.368266561334107,
      0.28982345386748876,
      0.12942505622336928,
      0.8848538989578705,
      4.76268454761607,
      3.5108060912314683,
      5.396507680732402,
      0.5698962646386116,
      5.867441421382032,
      1.165578022721522,
      2.762459591552742
    ],
    [
      2.922702379388941,
      2.3929003406967118,
      3.4684981058517756,
      3.4717660079650963,
      5.2595651213341075,
      0.24488329386748875,
      0.11573276822336931,
      0.9797830509578704,
      4.76272256361607,
      3.5198293232314684,
      5.234541344732402,
      0.5650199766386116,
      5.893359373382032,
      1.042124838721522,
      2.7695363275527423
    ],
    [
      2.900644651388941,
      2.2879089806967117,
      3.4466153538517754,
      3.535745399965096,
      5.135354305334108,
      0.2519971498674888,
      0.12489769622336928,
      1.1033349229578704,
      4.732716291616071,
      3.5027763952314683,
      5.2030936647324015,
      0.5742613206386116,
      5.8948302213820325,
      0.995900198721522,
      2.773646151552742
    ],
    [
      2.9203511473889407,
      2.1531660686967116,
      3.4327944258517755,
      3.531935479965096,
      4.989287873334107,
      0.2816162218674887,
      0.1623081282233693,
      1.2787235949578706,
      4.712535171616071,
      3.524619467231468,
      5.248893728732401,
      0.5967088086386115,
      5.856854669382033,
      1.013130662721522,
      2.769688775552742
    ],
    [
      2.9112708273889405,
      1.9324299406967116,
      3.4591778818517755,
      3.517456279965096,
      4.862808417334107,
      0.3388506538674887,
      0.12984448022336925,
      1.4602181229578706,
      4.699597539616071,
      3.483278507231468,
      5.272282848732401,
      0.5693654806386116,
      5.8489681733820325,
      1.003517830721522,
      2.751570151552742
    ],
    [
      2.8897401073889406,
      1.7369853006967115,
      3.4136063298517754,
      3.494542839965096,
      4.722879265334107,
      0.37296098986748877,
      0.17904246422336925,
      1.6274296749578707,
      4.713022883616071,
      3.548585419231468,
      5.223255040732401,
      0.5429530966386116,
      5.827076461382032,
      1.078324646721522,
      2.744517895552742
    ],
    [
      2.916801547388941,
      1.6821024206967115,
      3.3988406338517754,
      3.491759479965096,
      4.712060641334108,
      0.4164985258674888,
      0.20186640022336924,
      1.648154090957871,
      4.710628259616071,
      3.537276939231468,
      5.206576064732402,
      0.5272326486386115,
      5.859799853382032,
      1.136558118721522,
      2.763463943552742
    ],
    [
      2.917306635388941,
      1.5274734286967115,
      3.3827038338517754,
      3.539838295965096,
      4.765986625334108,
      0.4150279658674888,
      0.26997120022336923,
      1.577526282957871,
      4.64536320361607,
      3.5496857712314682,
      5.217840288732401,
      0.5730001046386116,
      5.8113439493820325,
      1.206394534721522,
      2.770960615552742
    ],
    [
      2.876980235388941,
      1.4889358286967114,
      3.3819902338517753,
      3.552762295965096,
      4.673385825334107,
      0.42755676586748886,
      0.25328720022336926,
      1.626300682957871,
      4.592990403616071,
      3.5719873712314683,
      5.127141888732401,
      0.5820505046386116,
      5.854592749382032,
      1.195734534721522,
      2.8163510155527423
    ],
    [
      2.9573132273889406,
      1.5767527246967115,
      3.3250114498517753,
      3.575846167965096,
      4.687693409334107,
      0.41113526186748883,
      0.2816566082233692,
      1.566327306957871,
      4.6423137316160705,
      3.5459537712314684,
      5.174464864732402,
      0.5221485846386116,
      5.836144621382032,
      1.235497926721522,
      2.8073991115527424
    ],
    [
      2.9753319153889404,
      1.5258045006967116,
      3.2861487298517753,
      3.601047831965096,
      4.706077793334107,
      0.38101122986748887,
      0.2959357762233692,
      1.5787877229578708,
      4.660267651616071,
      3.5478376752314684,
      5.160635232732401,
      0.5773036566386116,
      5.833318253382032,
      1.130259526721522,
      2.763055303552742
    ],
    [
      3.01259028338894,
      1.6074727886967117,
      3.2945882818517753,
      3.647474071965096,
      4.727624545334107,
      0.3677479978674888,
      0.21602774422336912,
      1.4831214829578707,
      4.611946563616071,
      3.5377984432314684,
      5.204317536732401,
      0.5659171606386115,
      5.850011117382032,
      1.1447884227215221,
      2.727642311552742
    ],
    [
      3.0614904113889403,
      1.5664201486967118,
      3.282538873851775,
      3.646366871965096,
      4.743837153334107,
      0.28711602986748885,
      0.21050912022336912,
      1.5028599469578707,
      4.575623267616071,
      3.5405644272314682,
      5.2639215367324015,
      0.5548411286386115,
      5.8283360453820325,
      1.063743494721522,
      2.6548911755527422
    ],
    [
      3.0525944113889403,
      1.5969425166967117,
      3.282642809851775,
      3.625895063965096,
      4.745290721334107,
      0.2838535658674889,
      0.19419219222336911,
      1.5358460589578709,
      4.601729635616071,
      3.5872885232314684,
      5.252192128732402,
      0.5788493206386114,
      5.769505197382032,
      1.029457414721522,
      2.6321875595527424
    ],
    [
      3.02677137138894,
      1.5699808206967116,
      3.3407543298517752,
      3.653136695965096,
      4.5977476493341065,
      0.2695469098674888,
      0.2590605442233692,
      1.570175306957871,
      4.5785785636160705,
      3.5977636912314686,
      5.280074048732401,
      0.5780521046386113,
      5.726901645382032,
      1.062369062721522,
      2.6229632395527425
    ],
    [
      3.06664087538894,
      1.5698716686967116,
      3.3240960258517753,
      3.643977367965096,
      4.626407233334106,
      0.2785420138674888,
      0.28225667222336925,
      1.566247914957871,
      4.5780976996160705,
      3.6007228272314684,
      5.192568224732401,
      0.5750905366386113,
      5.713116493382032,
      1.083983750721522,
      2.5781324555527423
    ],
    [
      3.0511568433889398,
      1.6207625486967114,
      3.3207133698517755,
      3.6850754799650964,
      4.7121641613341065,
      0.2789692778674888,
      0.3062977602233693,
      1.567736426957871,
      4.64986857961607,
      3.5705872752314685,
      5.254606880732402,
      0.6297999126386113,
      5.850952781382032,
      1.051596166721522,
      2.6222941195527425
    ],
    [
      3.0413118513889397,
      1.5393688846967113,
      3.3263533698517755,
      3.6600053039650966,
      4.687617921334106,
      0.2907370218674888,
      0.3293887682233693,
      1.527431018957871,
      4.63549568361607,
      3.5816285872314686,
      5.139759104732401,
      0.5487309526386114,
      5.900122093382032,
      1.0747432387215219,
      2.6456575115527428
    ],
    [
      3.0479277873889394,
      1.5616938766967112,
      3.2895563138517754,
      3.6274696239650965,
      4.7478849293341066,
      0.2831918058674888,
      0.31677961622336936,
      1.549157610957871,
      4.67828403561607,
      3.5937803952314686,
      5.127878528732401,
      0.5445257686386114,
      5.934548845382032,
      1.0797485507215219,
      2.681293607552743
    ],
    [
      3.0597131633889396,
      1.538647156696711,
      3.3019031618517753,
      3.5902615919650964,
      4.657118561334107,
      0.2673652458674888,
      0.29112531222336935,
      1.5904960429578712,
      4.738943683616069,
      3.6054584752314685,
      5.211512928732401,
      0.4784825366386113,
      5.850586893382032,
      1.1015507267215219,
      2.658386343552743
    ]
  ],
  "cost_vals": [],
  "step_size": 0.1,
  "opt_step_times": [
    0.1564469337463379,
    0.2014789581298828,
    0.22197914123535156,
    0.2548558712005615,
    0.1705942153930664,
    0.16312003135681152,
    0.16188621520996094,
    0.1523430347442627,
    0.1529388427734375,
    0.15454530715942383,
    0.21163201332092285,
    0.15901470184326172,
    0.15613102912902832,
    0.1448678970336914,
    0.15574193000793457,
    0.14798712730407715,
    0.16169285774230957,
    0.1470479965209961,
    0.151170015335083,
    0.14675402641296387
  ],
  "opt_settings": [
    3.0597131633889396,
    1.538647156696711,
    3.3019031618517753,
    3.5902615919650964,
    4.657118561334107,
    0.2673652458674888,
    0.29112531222336935,
    1.5904960429578712,
    4.738943683616069,
    3.6054584752314685,
    5.211512928732401,
    0.4784825366386113,
    5.850586893382032,
    1.1015507267215219,
    2.658386343552743
  ],
  "min_cost": null,
  "datetime": "2023-05-30T16-39-45Z",
  "step_only": true,
  "ibm_device": "default.qubit",
  "shots": 100,
  "prep_node_name": "W_state_2-qubit_ghz_state",
  "num_qubits": 5,
  "error": false,
  "cov_mats": [
    [
      [
        0.9216000000000001,
        -0.056000000000000036,
        0.05280000000000008,
        -0.10239999999999998,
        0.05119999999999997
      ],
      [
        -0.056000000000000036,
        0.91,
        -0.027999999999999983,
        0.12400000000000004,
        -0.11200000000000003
      ],
      [
        0.05280000000000008,
        -0.027999999999999983,
        0.9424,
        0.020799999999999978,
        0.04960000000000003
      ],
      [
        -0.10239999999999998,
        0.12400000000000004,
        0.020799999999999978,
        0.9936,
        -0.6768000000000001
      ],
      [
        0.05119999999999997,
        -0.11200000000000003,
        0.04960000000000003,
        -0.6768000000000001,
        0.9984
      ]
    ],
    [
      [
        0.9803999999999999,
        -0.23240000000000005,
        0.34640000000000004,
        0.11720000000000005,
        -0.07720000000000002
      ],
      [
        -0.23240000000000005,
        0.8844,
        -0.29840000000000005,
        0.006799999999999951,
        -0.006799999999999951
      ],
      [
        0.34640000000000004,
        -0.29840000000000005,
        0.9424,
        0.0952,
        -0.05520000000000005
      ],
      [
        0.11720000000000005,
        0.006799999999999951,
        0.0952,
        0.9996,
        -0.9596
      ],
      [
        -0.07720000000000002,
        -0.006799999999999951,
        -0.05520000000000005,
        -0.9596,
        0.9996
      ]
    ],
    [
      [
        0.8556000000000001,
        -0.21159999999999995,
        0.19360000000000005,
        0.03520000000000005,
        -0.03520000000000005
      ],
      [
        -0.21159999999999995,
        0.9676,
        -0.36960000000000004,
        0.05279999999999996,
        -0.05279999999999996
      ],
      [
        0.19360000000000005,
        -0.36960000000000004,
        0.9216000000000002,
        0.011200000000000097,
        -0.011200000000000097
      ],
      [
        0.03520000000000005,
        0.05279999999999996,
        0.011200000000000097,
        0.9984,
        -0.9984
      ],
      [
        -0.03520000000000005,
        -0.05279999999999996,
        -0.011200000000000097,
        -0.9984,
        0.9984
      ]
    ],
    [
      [
        0.9516,
        -0.4072,
        0.3604,
        0.06679999999999996,
        -0.06679999999999996
      ],
      [
        -0.4072,
        0.9423999999999999,
        -0.3768,
        -0.045599999999999995,
        0.045599999999999995
      ],
      [
        0.3604,
        -0.3768,
        0.9676,
        0.02920000000000003,
        -0.02920000000000003
      ],
      [
        0.06679999999999996,
        -0.045599999999999995,
        0.02920000000000003,
        0.9964,
        -0.9964
      ],
      [
        -0.06679999999999996,
        0.045599999999999995,
        -0.02920000000000003,
        -0.9964,
        0.9964
      ]
    ],
    [
      [
        0.9804,
        -0.5740000000000001,
        0.3688,
        0.1628,
        -0.1628
      ],
      [
        -0.5740000000000001,
        0.99,
        -0.668,
        -0.238,
        0.238
      ],
      [
        0.3688,
        -0.668,
        0.9936,
        0.10160000000000001,
        -0.10160000000000001
      ],
      [
        0.1628,
        -0.238,
        0.10160000000000001,
        0.9996,
        -0.9996
      ],
      [
        -0.1628,
        0.238,
        -0.10160000000000001,
        -0.9996,
        0.9996
      ]
    ],
    [
      [
        0.99,
        -0.6240000000000001,
        0.536,
        0.0019999999999999922,
        -0.0019999999999999922
      ],
      [
        -0.6240000000000001,
        0.9984,
        -0.6416000000000002,
        0.06080000000000002,
        -0.06080000000000002
      ],
      [
        0.536,
        -0.6416000000000002,
        0.9984,
        -0.13920000000000007,
        0.13920000000000007
      ],
      [
        0.0019999999999999922,
        0.06080000000000002,
        -0.13920000000000007,
        0.9996,
        -0.9996
      ],
      [
        -0.0019999999999999922,
        -0.06080000000000002,
        0.13920000000000007,
        -0.9996,
        0.9996
      ]
    ],
    [
      [
        0.9855999999999999,
        -0.6032,
        0.45759999999999995,
        -0.07520000000000007,
        0.07520000000000007
      ],
      [
        -0.6032,
        0.9803999999999999,
        -0.5972,
        0.1344,
        -0.1344
      ],
      [
        0.45759999999999995,
        -0.5972,
        0.9996,
        -0.2592,
        0.2592
      ],
      [
        -0.07520000000000007,
        0.1344,
        -0.2592,
        0.9984,
        -0.9984
      ],
      [
        0.07520000000000007,
        -0.1344,
        0.2592,
        -0.9984,
        0.9984
      ]
    ],
    [
      [
        0.99,
        -0.66,
        0.618,
        0.060000000000000026,
        -0.060000000000000026
      ],
      [
        -0.66,
        1.0,
        -0.5800000000000001,
        0.0,
        0.0
      ],
      [
        0.618,
        -0.5800000000000001,
        0.9516,
        0.10000000000000003,
        -0.10000000000000003
      ],
      [
        0.060000000000000026,
        0.0,
        0.10000000000000003,
        1.0,
        -1.0
      ],
      [
        -0.060000000000000026,
        0.0,
        -0.10000000000000003,
        -1.0,
        1.0
      ]
    ],
    [
      [
        0.9984,
        -0.7216,
        0.7008,
        0.11679999999999993,
        -0.11679999999999993
      ],
      [
        -0.7216,
        0.9984,
        -0.6991999999999999,
        0.036800000000000055,
        -0.036800000000000055
      ],
      [
        0.7008,
        -0.6991999999999999,
        0.9996,
        0.0616,
        -0.0616
      ],
      [
        0.11679999999999993,
        0.036800000000000055,
        0.0616,
        0.9936,
        -0.9936
      ],
      [
        -0.11679999999999993,
        -0.036800000000000055,
        -0.0616,
        -0.9936,
        0.9936
      ]
    ],
    [
      [
        0.9996,
        -0.6388000000000001,
        0.7,
        -0.0584,
        0.0584
      ],
      [
        -0.6388000000000001,
        0.9964,
        -0.78,
        0.05519999999999997,
        -0.05519999999999997
      ],
      [
        0.7,
        -0.78,
        1.0,
        0.03999999999999998,
        -0.03999999999999998
      ],
      [
        -0.0584,
        0.05519999999999997,
        0.03999999999999998,
        0.9936,
        -0.9936
      ],
      [
        0.0584,
        -0.05519999999999997,
        -0.03999999999999998,
        -0.9936,
        0.9936
      ]
    ],
    [
      [
        0.9936,
        -0.6216000000000002,
        0.652,
        0.09200000000000005,
        -0.09200000000000005
      ],
      [
        -0.6216000000000002,
        0.9996,
        -0.6420000000000001,
        0.03800000000000007,
        -0.03800000000000007
      ],
      [
        0.652,
        -0.6420000000000001,
        0.99,
        0.10999999999999996,
        -0.10999999999999996
      ],
      [
        0.09200000000000005,
        0.03800000000000007,
        0.10999999999999996,
        0.99,
        -0.99
      ],
      [
        -0.09200000000000005,
        -0.03800000000000007,
        -0.10999999999999996,
        -0.99,
        0.99
      ]
    ],
    [
      [
        0.9996,
        -0.7808,
        0.7612,
        -0.06080000000000003,
        0.06080000000000003
      ],
      [
        -0.7808,
        0.9984,
        -0.8576000000000001,
        0.03840000000000004,
        -0.03840000000000004
      ],
      [
        0.7612,
        -0.8576000000000001,
        0.9964,
        -0.057600000000000026,
        0.057600000000000026
      ],
      [
        -0.06080000000000003,
        0.03840000000000004,
        -0.057600000000000026,
        0.9984,
        -0.9984
      ],
      [
        0.06080000000000003,
        -0.03840000000000004,
        0.057600000000000026,
        -0.9984,
        0.9984
      ]
    ],
    [
      [
        0.9984,
        -0.6816,
        0.7008,
        0.1648,
        -0.1648
      ],
      [
        -0.6816,
        0.9984,
        -0.6991999999999999,
        -0.07520000000000003,
        0.07520000000000003
      ],
      [
        0.7008,
        -0.6991999999999999,
        0.9996,
        0.09760000000000006,
        -0.09760000000000006
      ],
      [
        0.1648,
        -0.07520000000000003,
        0.09760000000000006,
        0.9856,
        -0.9856
      ],
      [
        -0.1648,
        0.07520000000000003,
        -0.09760000000000006,
        -0.9856,
        0.9856
      ]
    ],
    [
      [
        0.9984,
        -0.6832000000000001,
        0.7392,
        -0.10240000000000006,
        0.10240000000000006
      ],
      [
        -0.6832000000000001,
        0.9936,
        -0.8216000000000001,
        0.015200000000000045,
        -0.015200000000000045
      ],
      [
        0.7392,
        -0.8216000000000001,
        0.9996,
        -0.08120000000000001,
        0.08120000000000001
      ],
      [
        -0.10240000000000006,
        0.015200000000000045,
        -0.08120000000000001,
        0.9964,
        -0.9964
      ],
      [
        0.10240000000000006,
        -0.015200000000000045,
        0.08120000000000001,
        -0.9964,
        0.9964
      ]
    ],
    [
      [
        0.9676,
        -0.702,
        0.6476,
        0.0015999999999999175,
        -0.0015999999999999175
      ],
      [
        -0.702,
        0.99,
        -0.6219999999999999,
        -0.03200000000000003,
        0.03200000000000003
      ],
      [
        0.6476,
        -0.6219999999999999,
        0.9676,
        0.08159999999999998,
        -0.08159999999999998
      ],
      [
        0.0015999999999999175,
        -0.03200000000000003,
        0.08159999999999998,
        0.9856,
        -0.9856
      ],
      [
        -0.0015999999999999175,
        0.03200000000000003,
        -0.08159999999999998,
        -0.9856,
        0.9856
      ]
    ],
    [
      [
        0.9996,
        -0.58,
        0.6199999999999999,
        -0.10399999999999998,
        0.08439999999999996
      ],
      [
        -0.58,
        1.0,
        -0.6,
        0.08000000000000002,
        -0.06000000000000005
      ],
      [
        0.6199999999999999,
        -0.6,
        0.9999999999999999,
        -0.03999999999999998,
        0.020000000000000018
      ],
      [
        -0.10399999999999998,
        0.08000000000000002,
        -0.03999999999999998,
        0.96,
        -0.936
      ],
      [
        0.08439999999999996,
        -0.06000000000000005,
        0.020000000000000018,
        -0.936,
        0.9516
      ]
    ],
    [
      [
        0.9936,
        -0.6335999999999999,
        0.5079999999999999,
        -0.03679999999999998,
        0.03679999999999998
      ],
      [
        -0.6335999999999999,
        0.9935999999999999,
        -0.5079999999999999,
        0.07680000000000005,
        -0.07680000000000005
      ],
      [
        0.5079999999999999,
        -0.5079999999999999,
        0.9899999999999998,
        -0.064,
        0.064
      ],
      [
        -0.03679999999999998,
        0.07680000000000005,
        -0.064,
        0.9984,
        -0.9984
      ],
      [
        0.03679999999999998,
        -0.07680000000000005,
        0.064,
        -0.9984,
        0.9984
      ]
    ],
    [
      [
        0.9216,
        -0.5872000000000002,
        0.5872,
        -0.1136000000000001,
        0.1136000000000001
      ],
      [
        -0.5872000000000002,
        0.9324,
        -0.5724000000000001,
        0.011200000000000009,
        -0.011200000000000009
      ],
      [
        0.5872,
        -0.5724000000000001,
        0.9323999999999999,
        -0.0512,
        0.0512
      ],
      [
        -0.1136000000000001,
        0.011200000000000009,
        -0.0512,
        0.9856,
        -0.9856
      ],
      [
        0.1136000000000001,
        -0.011200000000000009,
        0.0512,
        -0.9856,
        0.9856
      ]
    ],
    [
      [
        0.99,
        -0.5980000000000001,
        0.72,
        -0.11800000000000005,
        0.11800000000000005
      ],
      [
        -0.5980000000000001,
        0.9996,
        -0.4960000000000001,
        -0.0003999999999999985,
        0.0003999999999999985
      ],
      [
        0.72,
        -0.4960000000000001,
        0.96,
        -0.056,
        0.056
      ],
      [
        -0.11800000000000005,
        -0.0003999999999999985,
        -0.056,
        0.9996,
        -0.9996
      ],
      [
        0.11800000000000005,
        0.0003999999999999985,
        0.056,
        -0.9996,
        0.9996
      ]
    ],
    [
      [
        0.9996,
        -0.558,
        0.6216000000000002,
        -0.136,
        0.136
      ],
      [
        -0.558,
        0.99,
        -0.668,
        0.12000000000000004,
        -0.12000000000000004
      ],
      [
        0.6216000000000002,
        -0.668,
        0.9936,
        -0.17600000000000005,
        0.17600000000000005
      ],
      [
        -0.136,
        0.12000000000000004,
        -0.17600000000000005,
        0.96,
        -0.96
      ],
      [
        0.136,
        -0.12000000000000004,
        0.17600000000000005,
        -0.96,
        0.96
      ]
    ],
    [
      [
        0.9964,
        -0.7376,
        0.7564,
        0.05999999999999997,
        -0.05999999999999997
      ],
      [
        -0.7376,
        0.9984,
        -0.6976,
        0.0,
        0.0
      ],
      [
        0.7564,
        -0.6976,
        0.9964,
        -0.01999999999999999,
        0.01999999999999999
      ],
      [
        0.05999999999999997,
        0.0,
        -0.01999999999999999,
        1.0,
        -1.0
      ],
      [
        -0.05999999999999997,
        0.0,
        0.01999999999999999,
        -1.0,
        1.0
      ]
    ]
  ]
}