{
  "settings_list": [
    [
      1.5312353035483333,
      2.4743379283083433,
      3.501272550511834,
      0.02788498639595122,
      5.434664523421087,
      5.915204953760035,
      6.006626925099259,
      2.142950064391328,
      2.8718360479938894,
      0.729951306289927,
      2.869907163108741,
      3.3601259707907967,
      1.2083404376456022,
      5.590949749737841,
      4.45894100616957
    ],
    [
      1.5888744715483334,
      2.3992344403083434,
      3.466187878511834,
      0.05087570639595121,
      5.293374667421086,
      5.920535385760035,
      6.03719703709926,
      2.044153264391328,
      2.8629452959938892,
      0.750568906289927,
      2.9034458511087413,
      3.3403128507907964,
      1.2909277016456022,
      5.591394677737841,
      4.49221511816957
    ],
    [
      1.6813876555483334,
      2.2837509523083432,
      3.432110534511834,
      0.09566533839595119,
      5.1441568434210865,
      5.887663673760034,
      6.02751393309926,
      1.924517840391328,
      2.893776911993889,
      0.7761309862899269,
      2.9815340431087414,
      3.3181640187907964,
      1.3620010776456022,
      5.705228949737841,
      4.43120804616957
    ],
    [
      1.6166974155483333,
      2.1477313043083432,
      3.442385862511834,
      0.10930847439595118,
      5.061206571421087,
      5.900212089760034,
      6.02027908509926,
      1.7688842083913279,
      2.928727599993889,
      0.943714410289927,
      3.0356759951087415,
      3.3109158267907963,
      1.4875869656456022,
      5.788254837737841,
      4.35699108616957
    ],
    [
      1.6099862475483333,
      2.0547851923083433,
      3.405878342511834,
      0.13986309839595118,
      4.994694059421087,
      5.846561977760034,
      6.046250413099259,
      1.709502384391328,
      2.907695727993889,
      1.077365226289927,
      3.1498962191087414,
      3.3025564667907963,
      1.6192327896456022,
      5.918023413737841,
      4.34058411016957
    ],
    [
      1.6077719115483333,
      1.9705445523083434,
      3.440325190511834,
      0.1628173383959512,
      4.893531051421086,
      5.859230969760034,
      6.009789613099259,
      1.713253552391328,
      2.9741616479938893,
      1.241293546289927,
      3.2030959631087415,
      3.308648242790796,
      1.7066080856456023,
      6.011198005737842,
      4.38586116616957
    ],
    [
      1.6230595275483333,
      1.8399038483083432,
      3.417468166511834,
      0.1465765063959512,
      4.803815211421086,
      5.836478841760034,
      6.067679597099259,
      1.6162030563913279,
      3.0164201439938894,
      1.3276056742899272,
      3.3223212431087417,
      3.3051702907907963,
      1.7691141976456022,
      5.978674101737842,
      4.41393476616957
    ],
    [
      1.6677269195483333,
      1.7464664083083432,
      3.432116486511834,
      0.15947378639595117,
      4.811335467421086,
      5.829549433760033,
      6.091474285099259,
      1.565461296391328,
      2.9577874399938895,
      1.2636220582899271,
      3.3891766671087415,
      3.2836867707907964,
      1.753012309645602,
      6.052211125737842,
      4.44311211016957
    ],
    [
      1.6556501195483333,
      1.6846712083083433,
      3.4461132865118342,
      0.2092401863959512,
      4.784148267421086,
      5.8415110337600336,
      6.070152685099258,
      1.4859444963913278,
      2.9630290399938897,
      1.267154858289927,
      3.3878230671087417,
      3.2779171707907966,
      1.781735509645602,
      6.061331125737842,
      4.4717393101695695
    ],
    [
      1.6934918475483334,
      1.6432476243083431,
      3.409302534511834,
      0.2563198983959512,
      4.778751083421087,
      5.839819417760034,
      6.086990285099258,
      1.4663562723913277,
      2.9571736479938897,
      1.1979776102899269,
      3.3640830671087416,
      3.2811258427907966,
      1.795372597645602,
      6.036206581737843,
      4.48711595016957
    ],
    [
      1.6913180235483334,
      1.561573384308343,
      3.452059014511834,
      0.24822645839595123,
      4.798523115421086,
      5.854494233760034,
      6.086517197099258,
      1.4867254243913277,
      2.9748672159938896,
      1.3209911142899269,
      3.4195078351087416,
      3.3420268347907967,
      1.819273269645602,
      6.004108661737843,
      4.48854238216957
    ],
    [
      1.6740497995483334,
      1.554826248308343,
      3.435265414511834,
      0.31141391439595123,
      4.847421675421087,
      5.870295577760034,
      6.020288973099259,
      1.5448676323913277,
      2.9939381919938897,
      1.3402305382899269,
      3.4398552271087417,
      3.351014482790797,
      1.823529525645602,
      5.922927477737843,
      4.45557982216957
    ],
    [
      1.6864957515483334,
      1.600701576308343,
      3.461744902511834,
      0.28458690639595124,
      4.880375531421087,
      5.851746585760034,
      5.978666829099259,
      1.5624141283913278,
      3.0009285279938895,
      1.3369465702899268,
      3.4944048591087418,
      3.359429202790797,
      1.806899637645602,
      5.9457720217378425,
      4.49018807816957
    ],
    [
      1.7035287115483335,
      1.646260488308343,
      3.482760966511834,
      0.2672128263959512,
      4.822094955421086,
      5.8272964097600335,
      5.972309453099259,
      1.529585712391328,
      2.9977190559938895,
      1.4402329702899268,
      3.4973832911087417,
      3.346235858790797,
      1.819908277645602,
      5.935493237737843,
      4.45350878216957
    ],
    [
      1.7489096715483334,
      1.535762888308343,
      3.462269766511834,
      0.26558882639595116,
      4.877785035421086,
      5.833147609760034,
      5.9545699330992585,
      1.5238233123913278,
      3.0910608159938895,
      1.4520616102899269,
      3.4135104911087417,
      3.358125458790797,
      1.829878677645602,
      5.956970837737843,
      4.44781950216957
    ],
    [
      1.7952026955483336,
      1.5466519443083429,
      3.483862182511834,
      0.21837986639595114,
      4.834843019421086,
      5.783058649760034,
      5.9822233090992585,
      1.5109884003913279,
      3.1046011359938896,
      1.365361962289927,
      3.4210136271087417,
      3.4080219067907973,
      1.777871221645602,
      6.040029749737843,
      4.44254679816957
    ],
    [
      1.8186168395483335,
      1.5564676243083428,
      3.4971973505118337,
      0.23045756239595114,
      4.842187019421086,
      5.8049111937600335,
      5.955437133099259,
      1.5266152803913278,
      3.0690502879938895,
      1.3385586342899267,
      3.4056331471087415,
      3.3535741627907973,
      1.760408437645602,
      6.003832501737843,
      4.44673303816957
    ],
    [
      1.7599773515483335,
      1.5534246163083427,
      3.5509745025118336,
      0.23188719439595118,
      4.810583627421086,
      5.841439257760033,
      5.9477259330992585,
      1.4711287523913277,
      3.0912914399938893,
      1.3710129062899268,
      3.3942891471087417,
      3.3506819067907974,
      1.678765301645602,
      6.011833109737843,
      4.41431582216957
    ],
    [
      1.7761792075483334,
      1.5567055123083426,
      3.5866156225118337,
      0.16386223439595116,
      4.741567403421086,
      5.836941945760033,
      5.947685997099258,
      1.4863779683913276,
      3.0464703199938894,
      1.3788866022899267,
      3.411216123108742,
      3.4026573307907975,
      1.713160149645602,
      6.048080853737843,
      4.33705265416957
    ],
    [
      1.6810297995483332,
      1.5637209683083426,
      3.5864919105118336,
      0.21406418639595115,
      4.797539659421086,
      5.798149369760034,
      5.935337165099258,
      1.5682718563913278,
      3.1185604319938895,
      1.3861334182899268,
      3.386581371108742,
      3.3853124347907975,
      1.7835869016456019,
      5.988520501737843,
      4.35859441416957
    ],
    [
      1.6481787595483333,
      1.6624398163083427,
      3.619503174511834,
      0.23575244239595117,
      4.716776363421086,
      5.7791275137600335,
      5.909780813099259,
      1.4816431203913278,
      3.1156787039938894,
      1.3719433382899267,
      3.346839163108742,
      3.3687367547907976,
      1.6996380376456017,
      6.040972437737842,
      4.32537367816957
    ]
  ],
  "cost_vals": [],
  "step_size": 0.1,
  "opt_step_times": [
    0.14223003387451172,
    0.14092612266540527,
    0.17514324188232422,
    0.14980006217956543,
    0.13980722427368164,
    0.1413249969482422,
    0.14374709129333496,
    0.14673376083374023,
    0.1439671516418457,
    0.16605806350708008,
    0.21252799034118652,
    0.15639305114746094,
    0.15863895416259766,
    0.1535789966583252,
    0.1621110439300537,
    0.17409420013427734,
    0.1555020809173584,
    0.1634509563446045,
    0.1532888412475586,
    0.15423893928527832
  ],
  "opt_settings": [
    1.6481787595483333,
    1.6624398163083427,
    3.619503174511834,
    0.23575244239595117,
    4.716776363421086,
    5.7791275137600335,
    5.909780813099259,
    1.4816431203913278,
    3.1156787039938894,
    1.3719433382899267,
    3.346839163108742,
    3.3687367547907976,
    1.6996380376456017,
    6.040972437737842,
    4.32537367816957
  ],
  "min_cost": null,
  "datetime": "2023-05-30T16-38-34Z",
  "step_only": true,
  "ibm_device": "default.qubit",
  "shots": 100,
  "prep_node_name": "W_state_2-qubit_ghz_state",
  "num_qubits": 5,
  "error": false,
  "cov_mats": [
    [
      [
        1.0,
        -0.27999999999999997,
        0.36000000000000004,
        0.020000000000000046,
        0.20000000000000004
      ],
      [
        -0.27999999999999997,
        0.9423999999999999,
        -0.30079999999999996,
        -0.08399999999999998,
        -0.06080000000000001
      ],
      [
        0.36000000000000004,
        -0.30079999999999996,
        0.9936,
        0.027999999999999966,
        0.07359999999999998
      ],
      [
        0.020000000000000046,
        -0.08399999999999998,
        0.027999999999999966,
        0.99,
        0.027999999999999976
      ],
      [
        0.20000000000000004,
        -0.06080000000000001,
        0.07359999999999998,
        0.027999999999999976,
        0.9936
      ]
    ],
    [
      [
        0.9984,
        -0.34400000000000003,
        0.35680000000000006,
        0.019200000000000012,
        0.059200000000000016
      ],
      [
        -0.34400000000000003,
        0.99,
        -0.4680000000000001,
        -0.04200000000000002,
        0.037999999999999964
      ],
      [
        0.35680000000000006,
        -0.4680000000000001,
        0.9936,
        -0.18160000000000007,
        0.05840000000000004
      ],
      [
        0.019200000000000012,
        -0.04200000000000002,
        -0.18160000000000007,
        0.9996,
        0.15960000000000002
      ],
      [
        0.059200000000000016,
        0.037999999999999964,
        0.05840000000000004,
        0.15960000000000002,
        0.9996
      ]
    ],
    [
      [
        0.9964,
        -0.37320000000000003,
        0.46480000000000005,
        0.043599999999999986,
        -0.10480000000000003
      ],
      [
        -0.37320000000000003,
        0.9516,
        -0.6423999999999999,
        -0.06679999999999996,
        0.1624
      ],
      [
        0.46480000000000005,
        -0.6423999999999999,
        0.9936,
        0.0952,
        -0.15359999999999996
      ],
      [
        0.043599999999999986,
        -0.06679999999999996,
        0.0952,
        0.9964,
        0.2648000000000001
      ],
      [
        -0.10480000000000003,
        0.1624,
        -0.15359999999999996,
        0.2648000000000001,
        0.9936
      ]
    ],
    [
      [
        0.9996,
        -0.5432,
        0.6591999999999999,
        0.019200000000000043,
        0.07800000000000007
      ],
      [
        -0.5432,
        0.9743999999999999,
        -0.5664,
        -0.006400000000000081,
        -0.03600000000000003
      ],
      [
        0.6591999999999999,
        -0.5664,
        0.9984,
        0.03840000000000004,
        0.09599999999999997
      ],
      [
        0.019200000000000043,
        -0.006400000000000081,
        0.03840000000000004,
        0.9984,
        0.616
      ],
      [
        0.07800000000000007,
        -0.03600000000000003,
        0.09599999999999997,
        0.616,
        0.9900000000000002
      ]
    ],
    [
      [
        0.9936,
        -0.5903999999999999,
        0.6703999999999999,
        -0.003200000000000029,
        0.018399999999999937
      ],
      [
        -0.5903999999999999,
        0.9856,
        -0.7056,
        0.00480000000000002,
        -0.017599999999999914
      ],
      [
        0.6703999999999999,
        -0.7056,
        0.9856,
        -0.04480000000000003,
        0.017599999999999942
      ],
      [
        -0.003200000000000029,
        0.00480000000000002,
        -0.04480000000000003,
        0.9984,
        0.8592000000000001
      ],
      [
        0.018399999999999937,
        -0.017599999999999914,
        0.017599999999999942,
        0.8592000000000001,
        0.9996
      ]
    ],
    [
      [
        0.9964,
        -0.35159999999999997,
        0.5564,
        0.04120000000000001,
        0.04120000000000001
      ],
      [
        -0.35159999999999997,
        0.9803999999999999,
        -0.5115999999999999,
        -0.0028000000000000594,
        -0.0028000000000000594
      ],
      [
        0.5564,
        -0.5115999999999999,
        0.9964,
        0.04120000000000001,
        0.04120000000000001
      ],
      [
        0.04120000000000001,
        -0.0028000000000000594,
        0.04120000000000001,
        0.9996,
        0.9996
      ],
      [
        0.04120000000000001,
        -0.0028000000000000594,
        0.04120000000000001,
        0.9996,
        0.9996
      ]
    ],
    [
      [
        0.9984,
        -0.5792,
        0.5808,
        0.055999999999999994,
        0.055999999999999994
      ],
      [
        -0.5792,
        0.9996,
        -0.6403999999999999,
        0.002000000000000029,
        0.002000000000000029
      ],
      [
        0.5808,
        -0.6403999999999999,
        0.9996,
        0.0020000000000000013,
        0.0020000000000000013
      ],
      [
        0.055999999999999994,
        0.002000000000000029,
        0.0020000000000000013,
        0.99,
        0.99
      ],
      [
        0.055999999999999994,
        0.002000000000000029,
        0.0020000000000000013,
        0.99,
        0.99
      ]
    ],
    [
      [
        0.9964,
        -0.5563999999999999,
        0.6199999999999999,
        -0.07879999999999993,
        -0.09999999999999995
      ],
      [
        -0.5563999999999999,
        0.9964,
        -0.54,
        0.07879999999999998,
        0.06
      ],
      [
        0.6199999999999999,
        -0.54,
        1.0,
        -0.01999999999999999,
        -0.03999999999999998
      ],
      [
        -0.07879999999999993,
        0.07879999999999998,
        -0.01999999999999999,
        0.9996,
        0.98
      ],
      [
        -0.09999999999999995,
        0.06,
        -0.03999999999999998,
        0.98,
        1.0
      ]
    ],
    [
      [
        0.9856,
        -0.6032,
        0.5952,
        0.19839999999999997,
        0.19839999999999997
      ],
      [
        -0.6032,
        0.9804,
        -0.6544,
        -0.2148,
        -0.2148
      ],
      [
        0.5952,
        -0.6544,
        0.9984,
        0.09279999999999997,
        0.09279999999999997
      ],
      [
        0.19839999999999997,
        -0.2148,
        0.09279999999999997,
        0.9676,
        0.9676
      ],
      [
        0.19839999999999997,
        -0.2148,
        0.09279999999999997,
        0.9676,
        0.9676
      ]
    ],
    [
      [
        0.9984,
        -0.7168,
        0.7568,
        -0.14559999999999998,
        -0.14559999999999998
      ],
      [
        -0.7168,
        0.9936,
        -0.7136,
        0.07120000000000007,
        0.07120000000000007
      ],
      [
        0.7568,
        -0.7136,
        0.9936,
        -0.0312,
        -0.0312
      ],
      [
        -0.14559999999999998,
        0.07120000000000007,
        -0.0312,
        0.9804,
        0.9804
      ],
      [
        -0.14559999999999998,
        0.07120000000000007,
        -0.0312,
        0.9804,
        0.9804
      ]
    ],
    [
      [
        0.9856,
        -0.4784,
        0.6,
        0.08480000000000004,
        0.08480000000000004
      ],
      [
        -0.4784,
        0.9676,
        -0.54,
        -0.1072,
        -0.1072
      ],
      [
        0.6,
        -0.54,
        1.0,
        0.0,
        0.0
      ],
      [
        0.08480000000000004,
        -0.1072,
        0.0,
        0.9984,
        0.9984
      ],
      [
        0.08480000000000004,
        -0.1072,
        0.0,
        0.9984,
        0.9984
      ]
    ],
    [
      [
        0.9996,
        -0.7196000000000001,
        0.8396000000000001,
        0.08120000000000005,
        0.08120000000000005
      ],
      [
        -0.7196000000000001,
        0.9996,
        -0.6796000000000001,
        -0.08119999999999995,
        -0.08119999999999995
      ],
      [
        0.8396000000000001,
        -0.6796000000000001,
        0.9996,
        0.04120000000000001,
        0.04120000000000001
      ],
      [
        0.08120000000000005,
        -0.08119999999999995,
        0.04120000000000001,
        0.9964,
        0.9964
      ],
      [
        0.08120000000000005,
        -0.08119999999999995,
        0.04120000000000001,
        0.9964,
        0.9964
      ]
    ],
    [
      [
        0.9984,
        -0.5568000000000001,
        0.7216000000000001,
        0.062400000000000025,
        0.062400000000000025
      ],
      [
        -0.5568000000000001,
        0.9936,
        -0.6432000000000001,
        -0.10480000000000003,
        -0.10480000000000003
      ],
      [
        0.7216000000000001,
        -0.6432000000000001,
        0.9984,
        0.1776,
        0.1776
      ],
      [
        0.062400000000000025,
        -0.10480000000000003,
        0.1776,
        0.9964,
        0.9964
      ],
      [
        0.062400000000000025,
        -0.10480000000000003,
        0.1776,
        0.9964,
        0.9964
      ]
    ],
    [
      [
        0.9984,
        -0.5792,
        0.6352,
        0.05439999999999999,
        0.05439999999999999
      ],
      [
        -0.5792,
        0.9996,
        -0.6976,
        -0.07719999999999994,
        -0.07719999999999994
      ],
      [
        0.6352,
        -0.6976,
        0.9856,
        0.043199999999999975,
        0.043199999999999975
      ],
      [
        0.05439999999999999,
        -0.07719999999999994,
        0.043199999999999975,
        0.9803999999999999,
        0.9803999999999999
      ],
      [
        0.05439999999999999,
        -0.07719999999999994,
        0.043199999999999975,
        0.9803999999999999,
        0.9803999999999999
      ]
    ],
    [
      [
        0.9964,
        -0.5988000000000001,
        0.634,
        -0.10240000000000006,
        -0.08120000000000004
      ],
      [
        -0.5988000000000001,
        0.9996,
        -0.598,
        0.18080000000000002,
        0.16040000000000001
      ],
      [
        0.634,
        -0.598,
        0.99,
        -0.144,
        -0.122
      ],
      [
        -0.10240000000000006,
        0.18080000000000002,
        -0.144,
        0.9984,
        0.9792
      ],
      [
        -0.08120000000000004,
        0.16040000000000001,
        -0.122,
        0.9792,
        0.9996
      ]
    ],
    [
      [
        0.9743999999999999,
        -0.7368,
        0.8144,
        -0.156,
        -0.156
      ],
      [
        -0.7368,
        0.9996,
        -0.7768,
        0.122,
        0.122
      ],
      [
        0.8144,
        -0.7768,
        0.9743999999999999,
        -0.23600000000000004,
        -0.23600000000000004
      ],
      [
        -0.156,
        0.122,
        -0.23600000000000004,
        0.99,
        0.99
      ],
      [
        -0.156,
        0.122,
        -0.23600000000000004,
        0.99,
        0.99
      ]
    ],
    [
      [
        0.9804,
        -0.6831999999999999,
        0.7516,
        0.06600000000000004,
        0.08320000000000001
      ],
      [
        -0.6831999999999999,
        0.9856,
        -0.6527999999999999,
        -0.007999999999999988,
        -0.025600000000000005
      ],
      [
        0.7516,
        -0.6527999999999999,
        0.9964,
        0.03399999999999995,
        0.052799999999999965
      ],
      [
        0.06600000000000004,
        -0.007999999999999988,
        0.03399999999999995,
        0.99,
        0.9680000000000001
      ],
      [
        0.08320000000000001,
        -0.025600000000000005,
        0.052799999999999965,
        0.9680000000000001,
        0.9856
      ]
    ],
    [
      [
        1.0,
        -0.64,
        0.6599999999999999,
        0.1199999999999999,
        0.1199999999999999
      ],
      [
        -0.64,
        1.0,
        -0.6599999999999999,
        -0.12000000000000002,
        -0.12000000000000002
      ],
      [
        0.6599999999999999,
        -0.6599999999999999,
        0.9803999999999999,
        0.16240000000000004,
        0.16240000000000004
      ],
      [
        0.1199999999999999,
        -0.12000000000000002,
        0.16240000000000004,
        0.9743999999999999,
        0.9743999999999999
      ],
      [
        0.1199999999999999,
        -0.12000000000000002,
        0.16240000000000004,
        0.9743999999999999,
        0.9743999999999999
      ]
    ],
    [
      [
        0.9996,
        -0.7212,
        0.6396,
        0.18400000000000002,
        0.1636
      ],
      [
        -0.7212,
        0.9964,
        -0.6411999999999999,
        -0.04799999999999999,
        -0.02919999999999997
      ],
      [
        0.6396,
        -0.6411999999999999,
        0.9996,
        -0.05600000000000002,
        -0.07640000000000004
      ],
      [
        0.18400000000000002,
        -0.04799999999999999,
        -0.05600000000000002,
        0.96,
        0.9440000000000001
      ],
      [
        0.1636,
        -0.02919999999999997,
        -0.07640000000000004,
        0.9440000000000001,
        0.9676
      ]
    ],
    [
      [
        0.9936,
        -0.7904,
        0.704,
        0.16000000000000003,
        0.16000000000000003
      ],
      [
        -0.7904,
        0.9855999999999999,
        -0.736,
        -0.08,
        -0.08
      ],
      [
        0.704,
        -0.736,
        0.96,
        0.07999999999999999,
        0.07999999999999999
      ],
      [
        0.16000000000000003,
        -0.08,
        0.07999999999999999,
        1.0,
        1.0
      ],
      [
        0.16000000000000003,
        -0.08,
        0.07999999999999999,
        1.0,
        1.0
      ]
    ],
    [
      [
        0.9936,
        -0.7072,
        0.6791999999999999,
        0.20320000000000005,
        0.22160000000000007
      ],
      [
        -0.7072,
        0.9743999999999999,
        -0.6184000000000002,
        -0.20640000000000006,
        -0.22320000000000004
      ],
      [
        0.6791999999999999,
        -0.6184000000000002,
        0.9324,
        0.1904,
        0.20520000000000005
      ],
      [
        0.20320000000000005,
        -0.20640000000000006,
        0.1904,
        0.9984,
        0.9792000000000001
      ],
      [
        0.22160000000000007,
        -0.22320000000000004,
        0.20520000000000005,
        0.9792000000000001,
        0.9996
      ]
    ]
  ]
}