{
  "settings_list": [
    [
      6.099501737508621,
      0.32387712429936755,
      4.030881360926064,
      6.212678546721281,
      3.965383323312431,
      0.6755070775666823,
      1.8092591421773836,
      0.1932802233564313,
      3.0204647440661496,
      6.228634106727237,
      3.3908569640158728,
      4.693655718807794,
      4.916908415824536,
      1.025454137787878,
      5.085086503992966
    ],
    [
      6.1195899935086215,
      0.33237651629936754,
      4.036807824926064,
      6.238251410721281,
      3.9853552273124313,
      0.6753871415666822,
      1.7971714621773835,
      0.2242523193564313,
      2.9928562320661496,
      6.2940731467272375,
      3.474643972015873,
      4.685533734807795,
      4.9977057918245364,
      1.022767481787878,
      5.104648423992966
    ],
    [
      6.155976297508621,
      0.31732051629936747,
      4.0046887849260635,
      6.288335762721281,
      4.0411726993124315,
      0.6853525815666822,
      1.9107916861773835,
      0.28134671935643135,
      2.9904445840661498,
      6.383174458727238,
      3.5991559720158732,
      4.684036006807794,
      5.116280383824536,
      1.003446777787878,
      5.103574759992966
    ],
    [
      6.223328265508621,
      0.3435922282993674,
      3.9755290409260637,
      6.334809906721281,
      4.058195451312431,
      0.6922130615666822,
      1.9721547261773835,
      0.3746837433564314,
      2.9896464720661498,
      6.515701914727238,
      3.748420388015873,
      4.6661403908077945,
      5.227950303824536,
      0.9619285697878779,
      5.114051911992966
    ],
    [
      6.239809673508621,
      0.35298486829936737,
      3.977875152926064,
      6.387932466721281,
      4.083867771312431,
      0.6956196535666822,
      2.0343101181773835,
      0.43433532735643143,
      2.9940775760661498,
      6.587649050727238,
      3.9228669800158733,
      4.655532774807795,
      5.381126111824536,
      0.9073326017878778,
      5.1177319119929665
    ],
    [
      6.3087861855086205,
      0.3985751082993674,
      3.9997906409260637,
      6.414435538721281,
      4.057413083312431,
      0.7176950455666822,
      2.0509115261773836,
      0.4962323193564315,
      2.98179312806615,
      6.6480563147272385,
      3.9910505640158735,
      4.615118630807795,
      5.5081625598245365,
      0.9192551937878778,
      5.146837479992967
    ],
    [
      6.38341380150862,
      0.4596505962993674,
      4.028832720926064,
      6.479299442721281,
      4.078317979312431,
      0.7422684535666821,
      2.1194091581773837,
      0.5492642873564315,
      2.95091680806615,
      6.745361882727239,
      4.023860356015874,
      4.629709638807795,
      5.563114463824537,
      0.9470179137878778,
      5.139648903992967
    ],
    [
      6.489716841508621,
      0.5145119722993673,
      4.029114384926064,
      6.544159602721281,
      4.105819291312431,
      0.7674123255666822,
      2.182322438177384,
      0.6331263673564315,
      2.93649434406615,
      6.777687002727239,
      4.120067652015874,
      4.6369345988077955,
      5.690749727824537,
      0.9411858497878778,
      5.154803527992967
    ],
    [
      6.560268905508621,
      0.5935442922993673,
      4.0596510249260644,
      6.588570674721281,
      4.138565659312431,
      0.7645222775666821,
      2.218038470177384,
      0.7184347193564314,
      2.95300224806615,
      6.784910938727239,
      4.067034372015874,
      4.685574726807795,
      5.712694175824537,
      0.9855907777878777,
      5.129218759992967
    ],
    [
      6.594128681508621,
      0.6583584042993674,
      4.033781104926065,
      6.641287186721281,
      4.096808891312431,
      0.7619204535666821,
      2.194162534177384,
      0.7725206393564314,
      2.90562487206615,
      6.774034106727239,
      4.132955716015874,
      4.698229894807795,
      5.703843999824537,
      1.0005915777878778,
      5.101330375992967
    ],
    [
      6.680596009508621,
      0.7689715242993674,
      4.050326704926064,
      6.6890944827212815,
      4.172314555312432,
      0.7563268535666822,
      2.185197094177384,
      0.8564368633564315,
      2.87251632806615,
      6.770824634727239,
      4.1721771560158745,
      4.690972614807795,
      5.757108511824537,
      1.0137071617878777,
      5.0833523919929675
    ],
    [
      6.785102121508621,
      0.8857838122993675,
      4.052081328926064,
      6.690936402721282,
      4.195726267312431,
      0.7742504375666821,
      2.2230756221773844,
      0.9563426553564316,
      2.86583498406615,
      6.784091578727239,
      4.190381572015874,
      4.674990534807796,
      5.707193631824537,
      1.0124540417878776,
      5.032522823992967
    ],
    [
      6.8326459935086215,
      1.0002031402993676,
      4.075737808926064,
      6.723689266721282,
      4.235005275312432,
      0.774700741566682,
      2.1633448061773843,
      1.0159948793564315,
      2.86125492006615,
      6.783689978727239,
      4.168199460015874,
      4.681540774807796,
      5.7064535038245365,
      1.1075281857878776,
      5.008781223992967
    ],
    [
      6.895526601508622,
      1.1246465002993675,
      4.065193232926064,
      6.767173490721282,
      4.344168539312432,
      0.759473285566682,
      2.156816486177384,
      1.0529626873564315,
      2.88501309606615,
      6.750495130727239,
      4.220383044015874,
      4.666690054807796,
      5.755541055824536,
      0.9984099137878776,
      4.956187175992967
    ],
    [
      6.973079881508622,
      1.2355577322993676,
      4.105912304926064,
      6.799904530721282,
      4.408873403312432,
      0.690958757566682,
      2.1575704381773844,
      1.1793918393564315,
      2.89359008806615,
      6.7572250507272384,
      4.256376676015874,
      4.641521766807796,
      5.677792223824536,
      1.0681936577878777,
      4.927538343992967
    ],
    [
      7.000402377508622,
      1.2672327082993677,
      4.121040560926064,
      6.816891122721282,
      4.580068187312432,
      0.694931621566682,
      2.116904134177384,
      1.1762518393564314,
      2.8950105040661502,
      6.768060154727238,
      4.1742814440158735,
      4.658563238807796,
      5.666999263824536,
      1.1415907457878778,
      4.913105319992967
    ],
    [
      7.058704393508622,
      1.3608962922993677,
      4.109358000926064,
      6.796132914721282,
      4.579416379312432,
      0.716472581566682,
      2.058956070177384,
      1.2877999033564316,
      2.8396439760661503,
      6.825619354727238,
      4.259476228015874,
      4.687920678807796,
      5.686037407824537,
      1.1718209857878779,
      4.9136934799929675
    ],
    [
      7.147236137508622,
      1.4280899882993676,
      4.055008848926064,
      6.854901202721282,
      4.640382811312432,
      0.719937285566682,
      2.035292134177384,
      1.3627123833564316,
      2.8942241360661503,
      6.821203450727238,
      4.291514628015874,
      4.721506470807796,
      5.655577119824536,
      1.1647626497878778,
      4.9322819279929675
    ],
    [
      7.129336745508621,
      1.4256540522993677,
      4.093226608926064,
      6.879871058721283,
      4.689479259312432,
      0.677734341566682,
      2.057096934177384,
      1.4323377913564317,
      2.89248743206615,
      6.735679130727238,
      4.325740420015874,
      4.709486662807796,
      5.7098839998245365,
      1.1303684737878779,
      4.891541479992967
    ],
    [
      7.120548713508621,
      1.4163207722993676,
      4.146528944926064,
      6.883759538721282,
      4.652018203312433,
      0.663517701566682,
      2.054003014177384,
      1.5106040313564317,
      2.89565597606615,
      6.788605242727238,
      4.320271908015874,
      4.722568518807797,
      5.707964703824537,
      1.116549625787878,
      4.865321159992967
    ],
    [
      7.112459817508621,
      1.4236975402993675,
      4.204359152926064,
      6.864423282721282,
      4.668666907312432,
      0.680758469566682,
      2.0656676541773837,
      1.5104467833564317,
      2.8715747600661503,
      6.7784172747272375,
      4.310649124015874,
      4.7697538628077965,
      5.674070751824537,
      1.120000057787878,
      4.930558983992967
    ]
  ],
  "cost_vals": [],
  "step_size": 0.1,
  "opt_step_times": [
    0.16509509086608887,
    0.1547400951385498,
    0.15265417098999023,
    0.16443872451782227,
    0.14351725578308105,
    0.13367104530334473,
    0.12975192070007324,
    0.1312110424041748,
    0.15149688720703125,
    0.13663411140441895,
    0.14551115036010742,
    0.17012238502502441,
    0.17618513107299805,
    0.17471790313720703,
    0.20340204238891602,
    0.25541186332702637,
    0.1852250099182129,
    0.18793773651123047,
    0.15763401985168457,
    0.20349693298339844
  ],
  "opt_settings": [
    7.112459817508621,
    1.4236975402993675,
    4.204359152926064,
    6.864423282721282,
    4.668666907312432,
    0.680758469566682,
    2.0656676541773837,
    1.5104467833564317,
    2.8715747600661503,
    6.7784172747272375,
    4.310649124015874,
    4.7697538628077965,
    5.674070751824537,
    1.120000057787878,
    4.930558983992967
  ],
  "min_cost": null,
  "datetime": "2023-04-19T20-40-48Z",
  "step_only": true,
  "ibm_device": "default.qubit",
  "shots": 100,
  "prep_node_name": "W_state_2-qubit_ghz_state",
  "num_qubits": 5,
  "cov_mats": [
    [
      [
        0.8236000000000001,
        -0.022400000000000017,
        -0.12839999999999996,
        0.015999999999999945,
        0.001999999999999974
      ],
      [
        -0.022400000000000017,
        0.9216,
        -0.05440000000000004,
        0.05600000000000002,
        -0.08800000000000005
      ],
      [
        -0.12839999999999996,
        -0.05440000000000004,
        0.9996,
        -0.023999999999999955,
        0.001999999999999968
      ],
      [
        0.015999999999999945,
        0.05600000000000002,
        -0.023999999999999955,
        0.96,
        -0.32
      ],
      [
        0.001999999999999974,
        -0.08800000000000005,
        0.001999999999999968,
        -0.32,
        0.99
      ]
    ],
    [
      [
        0.8236,
        0.19959999999999997,
        0.10520000000000004,
        -0.0832,
        0.020000000000000046
      ],
      [
        0.19959999999999997,
        0.8556,
        -0.14279999999999998,
        -0.0352,
        0.020000000000000073
      ],
      [
        0.10520000000000004,
        -0.14279999999999998,
        0.9964,
        0.017600000000000015,
        0.06000000000000005
      ],
      [
        -0.0832,
        -0.0352,
        0.017600000000000015,
        0.9984,
        -0.64
      ],
      [
        0.020000000000000046,
        0.020000000000000073,
        0.06000000000000005,
        -0.64,
        1.0
      ]
    ],
    [
      [
        0.9676,
        0.0632,
        0.23040000000000005,
        -0.010799999999999988,
        -0.02920000000000001
      ],
      [
        0.0632,
        0.9424,
        -0.14720000000000003,
        -0.20559999999999995,
        0.1256
      ],
      [
        0.23040000000000005,
        -0.14720000000000003,
        0.9216,
        -0.28319999999999995,
        0.1632
      ],
      [
        -0.010799999999999988,
        -0.20559999999999995,
        -0.28319999999999995,
        0.9964,
        -0.7564
      ],
      [
        -0.02920000000000001,
        0.1256,
        0.1632,
        -0.7564,
        0.9964
      ]
    ],
    [
      [
        0.8844,
        0.2084,
        0.18080000000000004,
        0.058799999999999984,
        -0.018799999999999997
      ],
      [
        0.2084,
        0.9324,
        -0.2511999999999999,
        -0.07320000000000004,
        0.07320000000000004
      ],
      [
        0.18080000000000004,
        -0.2511999999999999,
        0.9856,
        -0.07840000000000003,
        0.03840000000000005
      ],
      [
        0.058799999999999984,
        -0.07320000000000004,
        -0.07840000000000003,
        0.9676,
        -0.8476
      ],
      [
        -0.018799999999999997,
        0.07320000000000004,
        0.03840000000000005,
        -0.8476,
        0.9676
      ]
    ],
    [
      [
        0.7884,
        0.12600000000000003,
        0.042800000000000005,
        -0.12159999999999993,
        0.12159999999999993
      ],
      [
        0.12600000000000003,
        0.99,
        -0.4580000000000001,
        -0.024000000000000042,
        0.023999999999999987
      ],
      [
        0.042800000000000005,
        -0.4580000000000001,
        0.9676,
        -0.06719999999999998,
        0.10719999999999993
      ],
      [
        -0.12159999999999993,
        -0.024000000000000042,
        -0.06719999999999998,
        0.9984,
        -0.9584
      ],
      [
        0.12159999999999993,
        0.023999999999999987,
        0.10719999999999993,
        -0.9584,
        0.9984
      ]
    ],
    [
      [
        0.8064,
        -0.08479999999999993,
        0.39039999999999997,
        0.024000000000000077,
        -0.024000000000000077
      ],
      [
        -0.08479999999999993,
        0.9936,
        -0.5328,
        -0.02799999999999997,
        0.02799999999999997
      ],
      [
        0.39039999999999997,
        -0.5328,
        0.9743999999999999,
        -0.07599999999999997,
        0.07599999999999997
      ],
      [
        0.024000000000000077,
        -0.02799999999999997,
        -0.07599999999999997,
        0.99,
        -0.99
      ],
      [
        -0.024000000000000077,
        0.02799999999999997,
        0.07599999999999997,
        -0.99,
        0.99
      ]
    ],
    [
      [
        0.9743999999999999,
        -0.19279999999999997,
        0.476,
        0.0040000000000000036,
        -0.0040000000000000036
      ],
      [
        -0.19279999999999997,
        0.8236,
        -0.2820000000000001,
        0.04200000000000001,
        -0.04200000000000001
      ],
      [
        0.476,
        -0.2820000000000001,
        0.99,
        0.04999999999999999,
        -0.04999999999999999
      ],
      [
        0.0040000000000000036,
        0.04200000000000001,
        0.04999999999999999,
        0.99,
        -0.99
      ],
      [
        -0.0040000000000000036,
        -0.04200000000000001,
        -0.04999999999999999,
        -0.99,
        0.99
      ]
    ],
    [
      [
        0.9516,
        -0.098,
        0.3948,
        -0.1088,
        0.1088
      ],
      [
        -0.098,
        0.99,
        -0.4740000000000001,
        -0.09599999999999996,
        0.09599999999999996
      ],
      [
        0.3948,
        -0.4740000000000001,
        0.8844000000000001,
        0.033599999999999984,
        -0.033599999999999984
      ],
      [
        -0.1088,
        -0.09599999999999996,
        0.033599999999999984,
        0.9984,
        -0.9984
      ],
      [
        0.1088,
        0.09599999999999996,
        -0.033599999999999984,
        -0.9984,
        0.9984
      ]
    ],
    [
      [
        0.9515999999999999,
        -0.3536,
        0.5332000000000001,
        -0.178,
        0.178
      ],
      [
        -0.3536,
        0.9856,
        -0.5872,
        0.128,
        -0.128
      ],
      [
        0.5332000000000001,
        -0.5872,
        0.9964,
        -0.08600000000000002,
        0.08600000000000002
      ],
      [
        -0.178,
        0.128,
        -0.08600000000000002,
        0.99,
        -0.99
      ],
      [
        0.178,
        -0.128,
        0.08600000000000002,
        -0.99,
        0.99
      ]
    ],
    [
      [
        0.96,
        -0.23999999999999996,
        0.624,
        -0.008000000000000018,
        0.008000000000000018
      ],
      [
        -0.23999999999999996,
        0.91,
        -0.526,
        -0.04800000000000002,
        0.04800000000000002
      ],
      [
        0.624,
        -0.526,
        0.9996,
        -0.05919999999999997,
        0.05919999999999997
      ],
      [
        -0.008000000000000018,
        -0.04800000000000002,
        -0.05919999999999997,
        0.9984,
        -0.9984
      ],
      [
        0.008000000000000018,
        0.04800000000000002,
        0.05919999999999997,
        -0.9984,
        0.9984
      ]
    ],
    [
      [
        0.9743999999999999,
        -0.31120000000000003,
        0.672,
        -0.006400000000000007,
        0.006400000000000007
      ],
      [
        -0.31120000000000003,
        0.9676,
        -0.6160000000000001,
        0.10719999999999999,
        -0.10719999999999999
      ],
      [
        0.672,
        -0.6160000000000001,
        0.96,
        -0.07200000000000001,
        0.07200000000000001
      ],
      [
        -0.006400000000000007,
        0.10719999999999999,
        -0.07200000000000001,
        0.9984,
        -0.9984
      ],
      [
        0.006400000000000007,
        -0.10719999999999999,
        0.07200000000000001,
        -0.9984,
        0.9984
      ]
    ],
    [
      [
        0.96,
        -0.45599999999999996,
        0.712,
        -0.07199999999999998,
        0.07199999999999998
      ],
      [
        -0.45599999999999996,
        0.8976,
        -0.5592,
        0.06719999999999997,
        -0.06719999999999997
      ],
      [
        0.712,
        -0.5592,
        0.9964,
        -0.0624,
        0.0624
      ],
      [
        -0.07199999999999998,
        0.06719999999999997,
        -0.0624,
        0.9984,
        -0.9984
      ],
      [
        0.07199999999999998,
        -0.06719999999999997,
        0.0624,
        -0.9984,
        0.9984
      ]
    ],
    [
      [
        0.9804,
        -0.5743999999999999,
        0.6424,
        -0.23159999999999997,
        0.23159999999999997
      ],
      [
        -0.5743999999999999,
        0.9984,
        -0.6463999999999999,
        0.017599999999999987,
        -0.017599999999999987
      ],
      [
        0.6424,
        -0.6463999999999999,
        0.9744,
        -0.06959999999999997,
        0.06959999999999997
      ],
      [
        -0.23159999999999997,
        0.017599999999999987,
        -0.06959999999999997,
        0.9964,
        -0.9964
      ],
      [
        0.23159999999999997,
        -0.017599999999999987,
        0.06959999999999997,
        -0.9964,
        0.9964
      ]
    ],
    [
      [
        0.9424,
        -0.6568,
        0.6512,
        -0.026399999999999965,
        0.041599999999999984
      ],
      [
        -0.6568,
        0.9676000000000002,
        -0.7183999999999999,
        0.014799999999999952,
        0.008800000000000016
      ],
      [
        0.6512,
        -0.7183999999999999,
        0.9856,
        -0.0031999999999999806,
        -0.019200000000000012
      ],
      [
        -0.026399999999999965,
        0.014799999999999952,
        -0.0031999999999999806,
        0.9804,
        -0.9576000000000001
      ],
      [
        0.041599999999999984,
        0.008800000000000016,
        -0.019200000000000012,
        -0.9576000000000001,
        0.9743999999999999
      ]
    ],
    [
      [
        0.9996,
        -0.6983999999999999,
        0.5972,
        -0.001200000000000001,
        -0.018400000000000017
      ],
      [
        -0.6983999999999999,
        0.9936,
        -0.5688,
        -0.055199999999999964,
        0.07359999999999998
      ],
      [
        0.5972,
        -0.5688,
        0.9803999999999999,
        -0.008400000000000005,
        -0.008799999999999955
      ],
      [
        -0.001200000000000001,
        -0.055199999999999964,
        -0.008400000000000005,
        0.9964,
        -0.9752
      ],
      [
        -0.018400000000000017,
        0.07359999999999998,
        -0.008799999999999955,
        -0.9752,
        0.9936
      ]
    ],
    [
      [
        1.0,
        -0.6000000000000001,
        0.76,
        -0.01999999999999999,
        0.01999999999999999
      ],
      [
        -0.6000000000000001,
        0.9936,
        -0.7472,
        0.0888,
        -0.0888
      ],
      [
        0.76,
        -0.7472,
        0.9743999999999999,
        0.0824,
        -0.0824
      ],
      [
        -0.01999999999999999,
        0.0888,
        0.0824,
        0.9803999999999999,
        -0.9803999999999999
      ],
      [
        0.01999999999999999,
        -0.0888,
        -0.0824,
        -0.9803999999999999,
        0.9803999999999999
      ]
    ],
    [
      [
        0.9936,
        -0.6736,
        0.7416,
        -0.11120000000000003,
        0.11120000000000003
      ],
      [
        -0.6736,
        0.9936,
        -0.5816000000000001,
        -0.0888,
        0.0888
      ],
      [
        0.7416,
        -0.5816000000000001,
        0.9996,
        -0.07720000000000002,
        0.07720000000000002
      ],
      [
        -0.11120000000000003,
        -0.0888,
        -0.07720000000000002,
        0.9804,
        -0.9804
      ],
      [
        0.11120000000000003,
        0.0888,
        0.07720000000000002,
        -0.9804,
        0.9804
      ]
    ],
    [
      [
        0.9936,
        -0.6368,
        0.6551999999999999,
        0.12320000000000007,
        -0.12320000000000007
      ],
      [
        -0.6368,
        0.9984,
        -0.6976,
        -0.0015999999999999706,
        0.0015999999999999706
      ],
      [
        0.6551999999999999,
        -0.6976,
        0.9964,
        0.062400000000000025,
        -0.062400000000000025
      ],
      [
        0.12320000000000007,
        -0.0015999999999999706,
        0.062400000000000025,
        0.9984,
        -0.9984
      ],
      [
        -0.12320000000000007,
        0.0015999999999999706,
        -0.062400000000000025,
        -0.9984,
        0.9984
      ]
    ],
    [
      [
        0.9984,
        -0.5327999999999999,
        0.5424,
        0.21919999999999998,
        -0.21919999999999998
      ],
      [
        -0.5327999999999999,
        0.9676,
        -0.5708,
        -0.19640000000000005,
        0.19640000000000005
      ],
      [
        0.5424,
        -0.5708,
        0.9964,
        0.2812,
        -0.2812
      ],
      [
        0.21919999999999998,
        -0.19640000000000005,
        0.2812,
        0.9996,
        -0.9996
      ],
      [
        -0.21919999999999998,
        0.19640000000000005,
        -0.2812,
        -0.9996,
        0.9996
      ]
    ],
    [
      [
        0.99,
        -0.6200000000000001,
        0.768,
        0.001999999999999997,
        -0.001999999999999997
      ],
      [
        -0.6200000000000001,
        1.0,
        -0.72,
        0.06,
        -0.06
      ],
      [
        0.768,
        -0.72,
        0.9856,
        -0.0576,
        0.0576
      ],
      [
        0.001999999999999997,
        0.06,
        -0.0576,
        0.9996,
        -0.9996
      ],
      [
        -0.001999999999999997,
        -0.06,
        0.0576,
        -0.9996,
        0.9996
      ]
    ]
  ]
}