{
  "settings_list": [
    [
      6.103613049497183,
      1.301634318953858,
      5.161586722622362,
      2.015581739787939,
      3.499179962757723,
      4.152439280649542,
      5.053927022096734,
      5.494792017653109,
      2.3687356768291266,
      0.686948910380373,
      3.5084959207290862,
      4.78057868472439,
      3.2766677761834275,
      3.1442314021305124,
      0.5963170202707588
    ],
    [
      6.110979961497184,
      1.354396046953858,
      5.198515106622362,
      1.920622507787939,
      3.6123448907577234,
      4.175381104649542,
      5.045046638096734,
      5.423766353653108,
      2.3939725408291266,
      0.5121430223803729,
      3.429441968729086,
      4.748702716724391,
      3.1362191361834273,
      3.0093517861305124,
      0.5993513882707588
    ],
    [
      6.124355193497183,
      1.405917454953858,
      5.218160930622362,
      1.8931720117879391,
      3.690078266757723,
      4.181751920649543,
      4.985305838096734,
      5.395529297653108,
      2.4135847008291265,
      0.3209789903803728,
      3.418966832729086,
      4.7395742687243905,
      2.975811712183427,
      2.9437576741305125,
      0.5932442522707589
    ],
    [
      6.165895833497183,
      1.429408558953858,
      5.199256418622363,
      1.8929979957879393,
      3.8278449547577234,
      4.223143344649543,
      4.949710766096733,
      5.285533649653108,
      2.4382266528291265,
      0.25729175838037277,
      3.3617588007290857,
      4.771091196724391,
      3.017986112183427,
      2.9397482981305125,
      0.6034274522707589
    ],
    [
      6.181966681497183,
      1.4615649749538582,
      5.224018402622363,
      1.8805009077879393,
      3.9334912907577233,
      4.188131568649543,
      4.966916142096733,
      5.2285543216531085,
      2.4670292128291265,
      0.17381227038037272,
      3.3109234087290855,
      4.755457276724391,
      3.099870464183427,
      2.9013513061305125,
      0.570011132270759
    ],
    [
      6.177535897497183,
      1.4509827349538582,
      5.2541361306223635,
      1.8591913397879392,
      3.9761917387577235,
      4.203288944649543,
      4.912290702096733,
      5.201669233653108,
      2.4794504288291264,
      0.1521143823803727,
      3.4272718567290856,
      4.779078620724391,
      3.043288256183427,
      2.8468925221305126,
      0.571719004270759
    ],
    [
      6.178525369497183,
      1.4999474069538583,
      5.239914242622364,
      1.862990219787939,
      4.092618330757723,
      4.215147920649543,
      4.9196473420967335,
      5.140051473653108,
      2.5544394848291265,
      0.12999953438037268,
      3.3746181927290855,
      4.782303196724391,
      3.047909920183427,
      2.8359792101305126,
      0.527040732270759
    ],
    [
      6.287811769497183,
      1.5500160149538584,
      5.262984706622364,
      1.7531886197879392,
      4.265862874757723,
      4.230032656649543,
      4.928833134096734,
      5.135644049653108,
      2.6235246688291265,
      0.053023022380372625,
      3.3737966887290853,
      4.799657308724391,
      3.028652192183427,
      2.8579276261305124,
      0.579603292270759
    ],
    [
      6.297444473497183,
      1.3945333269538582,
      5.257027906622364,
      1.7383625077879392,
      4.336725210757724,
      4.176471824649544,
      4.901341230096734,
      5.027980497653108,
      2.6038150368291264,
      0.060880878380372656,
      3.390866896729085,
      4.715025308724391,
      3.051979936183427,
      2.8440612581305125,
      0.574217564270759
    ],
    [
      6.307297593497183,
      1.4353501269538582,
      5.292294786622364,
      1.7558466677879392,
      4.410642330757724,
      4.1720340646495435,
      4.877270670096734,
      5.008840657653108,
      2.6080193568291263,
      0.10338711838037269,
      3.507445936729085,
      4.652548828724391,
      3.068290816183427,
      2.8990108581305125,
      0.6039329242707591
    ],
    [
      6.339081593497183,
      1.4950765269538582,
      5.352728386622363,
      1.7734434677879392,
      4.4769207307577235,
      4.157722064649543,
      4.945822670096734,
      4.950207057653108,
      2.5930769568291265,
      0.062295918380372704,
      3.471759536729085,
      4.597420828724391,
      3.105663616183427,
      2.8659740581305124,
      0.589480124270759
    ],
    [
      6.399987577497183,
      1.4591245269538584,
      5.353120770622364,
      1.8153073397879393,
      4.5773839627577235,
      4.095718224649543,
      4.9563230220967345,
      4.907971025653108,
      2.5188348448291267,
      -0.03221563361962735,
      3.348870640729085,
      4.626202780724391,
      3.166805120183427,
      2.8342783141305126,
      0.540845436270759
    ],
    [
      6.383503289497183,
      1.4562801109538583,
      5.390464258622364,
      1.7888348917879393,
      4.584518170757724,
      4.115825232649543,
      4.964179854096734,
      4.745085873653108,
      2.4991453728291266,
      -0.10205028961962737,
      3.4704237927290853,
      4.689054140724391,
      3.1350828801834267,
      2.8551954021305126,
      0.538873052270759
    ],
    [
      6.356081913497182,
      1.5046722389538583,
      5.398621250622364,
      1.8200264437879394,
      4.634662938757724,
      4.094791376649543,
      4.972408398096734,
      4.770785905653107,
      2.5977899808291265,
      -0.06432056161962729,
      3.4535514087290853,
      4.667717244724391,
      3.1904436481834266,
      2.881285770130513,
      0.539633180270759
    ],
    [
      6.330156537497182,
      1.5342141589538583,
      5.413299010622364,
      1.8549042357879395,
      4.645257850757724,
      4.119973872649544,
      4.979884686096734,
      4.680878929653107,
      2.6216363808291265,
      -0.024580337619627274,
      3.457701968729085,
      4.6456394527243905,
      3.1060541441834264,
      2.853060394130513,
      0.5539404762707589
    ],
    [
      6.286415609497182,
      1.5212140949538582,
      5.389195842622364,
      1.8466166197879395,
      4.740066938757724,
      4.038812912649544,
      4.961681038096734,
      4.7432585776531075,
      2.6154511648291265,
      -0.05304881761962732,
      3.4994338087290853,
      4.65543554872439,
      3.1584405761834264,
      2.849439274130513,
      0.47903014027075885
    ],
    [
      6.288890169497182,
      1.5703224469538581,
      5.322263810622363,
      1.8765183797879395,
      4.722868026757723,
      4.100513648649543,
      4.958812238096734,
      4.758201553653108,
      2.6390451488291267,
      0.08122107038037271,
      3.4850796967290854,
      4.75190364472439,
      3.1793509761834264,
      2.8026829861305127,
      0.4310636762707588
    ],
    [
      6.304744953497182,
      1.504751438953858,
      5.284412674622364,
      1.9060810677879394,
      4.748122682757724,
      4.129767664649544,
      4.913442766096734,
      4.709276689653108,
      2.6022605088291266,
      -0.0014413296196272574,
      3.3842086567290854,
      4.75729097272439,
      3.0806824321834263,
      2.849360810130513,
      0.43088505227075885
    ],
    [
      6.280588665497182,
      1.5727865109538581,
      5.355748866622364,
      1.9671786357879395,
      4.778591834757724,
      4.143499856649544,
      4.861191054096734,
      4.654797201653108,
      2.5016694688291268,
      -0.032197585619627225,
      3.4010065447290856,
      4.77793855672439,
      3.0924466241834265,
      2.865651018130513,
      0.4134548442707589
    ],
    [
      6.331142777497182,
      1.585955662953858,
      5.380315778622364,
      1.9483305077879396,
      4.760996058757724,
      4.150585168649544,
      4.892310286096734,
      4.717605905653108,
      2.462164316829127,
      -0.04383534561962722,
      3.4092743207290854,
      4.71655231672439,
      3.1450660161834265,
      2.9147313381305127,
      0.40830732427075894
    ],
    [
      6.4159866174971825,
      1.639120782953858,
      5.2766357786223645,
      1.9960738677879397,
      4.810427738757723,
      4.049757968649543,
      4.890749966096734,
      4.820709585653108,
      2.446944796829127,
      -0.024247185619627187,
      3.3824944807290853,
      4.78086559672439,
      3.1243120961834263,
      2.8774967781305127,
      0.4054318042707589
    ]
  ],
  "cost_vals": [],
  "step_size": 0.1,
  "opt_step_times": [
    0.15015077590942383,
    0.15364503860473633,
    0.16765213012695312,
    0.17995595932006836,
    0.1938619613647461,
    0.14422297477722168,
    0.1443488597869873,
    0.15380001068115234,
    0.15072011947631836,
    0.1515200138092041,
    0.2209479808807373,
    0.15366291999816895,
    0.1470189094543457,
    0.15611886978149414,
    0.1539618968963623,
    0.19385504722595215,
    0.1874549388885498,
    0.15455102920532227,
    0.15031099319458008,
    0.15056276321411133
  ],
  "opt_settings": [
    6.4159866174971825,
    1.639120782953858,
    5.2766357786223645,
    1.9960738677879397,
    4.810427738757723,
    4.049757968649543,
    4.890749966096734,
    4.820709585653108,
    2.446944796829127,
    -0.024247185619627187,
    3.3824944807290853,
    4.78086559672439,
    3.1243120961834263,
    2.8774967781305127,
    0.4054318042707589
  ],
  "min_cost": null,
  "datetime": "2023-05-30T16-35-19Z",
  "step_only": true,
  "ibm_device": "default.qubit",
  "shots": 100,
  "prep_node_name": "W_state_2-qubit_ghz_state",
  "num_qubits": 5,
  "error": false,
  "cov_mats": [
    [
      [
        0.9996,
        -0.2852,
        -0.46399999999999997,
        -0.016000000000000025,
        0.15960000000000002
      ],
      [
        -0.2852,
        0.9324,
        0.568,
        0.07200000000000001,
        -0.0852
      ],
      [
        -0.46399999999999997,
        0.568,
        0.96,
        0.04000000000000006,
        0.055999999999999994
      ],
      [
        -0.016000000000000025,
        0.07200000000000001,
        0.04000000000000006,
        0.96,
        -0.536
      ],
      [
        0.15960000000000002,
        -0.0852,
        0.055999999999999994,
        -0.536,
        0.9996
      ]
    ],
    [
      [
        0.99,
        -0.14800000000000008,
        -0.45999999999999996,
        -0.07400000000000007,
        0.092
      ],
      [
        -0.14800000000000008,
        0.9936,
        0.44000000000000006,
        0.024799999999999968,
        -0.04639999999999999
      ],
      [
        -0.45999999999999996,
        0.44000000000000006,
        1.0,
        0.020000000000000046,
        0.03999999999999995
      ],
      [
        -0.07400000000000007,
        0.024799999999999968,
        0.020000000000000046,
        0.9964,
        -0.8952
      ],
      [
        0.092,
        -0.04639999999999999,
        0.03999999999999995,
        -0.8952,
        0.9936
      ]
    ],
    [
      [
        0.9516,
        -0.45999999999999996,
        -0.3956,
        -0.11360000000000005,
        0.11360000000000005
      ],
      [
        -0.45999999999999996,
        1.0,
        0.66,
        0.08000000000000004,
        -0.08000000000000004
      ],
      [
        -0.3956,
        0.66,
        0.9996,
        -0.022399999999999965,
        0.022399999999999965
      ],
      [
        -0.11360000000000005,
        0.08000000000000004,
        -0.022399999999999965,
        0.9856,
        -0.9856
      ],
      [
        0.11360000000000005,
        -0.08000000000000004,
        0.022399999999999965,
        -0.9856,
        0.9856
      ]
    ],
    [
      [
        1.0,
        -0.42000000000000004,
        -0.54,
        -0.20000000000000004,
        0.20000000000000004
      ],
      [
        -0.42000000000000004,
        0.9324,
        0.5932,
        0.09120000000000003,
        -0.09120000000000003
      ],
      [
        -0.54,
        0.5932,
        0.9676,
        0.0016000000000000215,
        -0.0016000000000000215
      ],
      [
        -0.20000000000000004,
        0.09120000000000003,
        0.0016000000000000215,
        0.9856,
        -0.9856
      ],
      [
        0.20000000000000004,
        -0.09120000000000003,
        -0.0016000000000000215,
        -0.9856,
        0.9856
      ]
    ],
    [
      [
        0.9964,
        -0.4012,
        -0.5800000000000001,
        0.0316,
        -0.0316
      ],
      [
        -0.4012,
        0.9996,
        0.54,
        -0.0028000000000000225,
        0.0028000000000000225
      ],
      [
        -0.5800000000000001,
        0.54,
        1.0,
        -0.01999999999999999,
        0.01999999999999999
      ],
      [
        0.0316,
        -0.0028000000000000225,
        -0.01999999999999999,
        0.9804,
        -0.9804
      ],
      [
        -0.0316,
        0.0028000000000000225,
        0.01999999999999999,
        -0.9804,
        0.9804
      ]
    ],
    [
      [
        0.99,
        -0.542,
        -0.648,
        0.08800000000000008,
        -0.08800000000000008
      ],
      [
        -0.542,
        0.9676,
        0.6384,
        -0.0784,
        0.0784
      ],
      [
        -0.648,
        0.6384,
        0.9856,
        -0.0656,
        0.0656
      ],
      [
        0.08800000000000008,
        -0.0784,
        -0.0656,
        0.9856,
        -0.9856
      ],
      [
        -0.08800000000000008,
        0.0784,
        0.0656,
        -0.9856,
        0.9856
      ]
    ],
    [
      [
        0.9984,
        -0.3168,
        -0.6591999999999999,
        -0.09919999999999998,
        0.09919999999999998
      ],
      [
        -0.3168,
        0.9936,
        0.4584,
        0.018400000000000017,
        -0.018400000000000017
      ],
      [
        -0.6591999999999999,
        0.4584,
        0.9996,
        0.07960000000000005,
        -0.07960000000000005
      ],
      [
        -0.09919999999999998,
        0.018400000000000017,
        0.07960000000000005,
        0.9996,
        -0.9996
      ],
      [
        0.09919999999999998,
        -0.018400000000000017,
        -0.07960000000000005,
        -0.9996,
        0.9996
      ]
    ],
    [
      [
        1.0,
        -0.68,
        -0.54,
        -0.18,
        0.18
      ],
      [
        -0.68,
        0.9984,
        0.6176,
        0.224,
        -0.224
      ],
      [
        -0.54,
        0.6176,
        0.9964,
        0.08599999999999997,
        -0.08599999999999997
      ],
      [
        -0.18,
        0.224,
        0.08599999999999997,
        0.99,
        -0.99
      ],
      [
        0.18,
        -0.224,
        -0.08599999999999997,
        -0.99,
        0.99
      ]
    ],
    [
      [
        0.9996,
        -0.6184,
        -0.5596,
        -0.058400000000000056,
        0.058400000000000056
      ],
      [
        -0.6184,
        0.9936,
        0.6183999999999998,
        0.0736,
        -0.0736
      ],
      [
        -0.5596,
        0.6183999999999998,
        0.9996,
        0.058400000000000056,
        -0.058400000000000056
      ],
      [
        -0.058400000000000056,
        0.0736,
        0.058400000000000056,
        0.9936,
        -0.9936
      ],
      [
        0.058400000000000056,
        -0.0736,
        -0.058400000000000056,
        -0.9936,
        0.9936
      ]
    ],
    [
      [
        0.9936,
        -0.6616000000000001,
        -0.6456000000000001,
        -0.030400000000000003,
        0.011999999999999986
      ],
      [
        -0.6616000000000001,
        0.9996,
        0.6036000000000001,
        -0.017599999999999987,
        0.038000000000000006
      ],
      [
        -0.6456000000000001,
        0.6036000000000001,
        0.9676,
        0.038400000000000094,
        -0.02200000000000008
      ],
      [
        -0.030400000000000003,
        -0.017599999999999987,
        0.038400000000000094,
        0.9856,
        -0.968
      ],
      [
        0.011999999999999986,
        0.038000000000000006,
        -0.02200000000000008,
        -0.968,
        0.99
      ]
    ],
    [
      [
        0.9996,
        -0.7016000000000002,
        -0.7416,
        -0.020000000000000018,
        0.020000000000000018
      ],
      [
        -0.7016000000000002,
        0.9936,
        0.7536,
        2.7755575615628914e-17,
        -2.7755575615628914e-17
      ],
      [
        -0.7416,
        0.7536,
        0.9936,
        0.16000000000000006,
        -0.16000000000000006
      ],
      [
        -0.020000000000000018,
        2.7755575615628914e-17,
        0.16000000000000006,
        1.0,
        -1.0
      ],
      [
        0.020000000000000018,
        -2.7755575615628914e-17,
        -0.16000000000000006,
        -1.0,
        1.0
      ]
    ],
    [
      [
        0.9964,
        -0.7,
        -0.5708000000000001,
        -0.22000000000000008,
        0.22000000000000008
      ],
      [
        -0.7,
        1.0,
        0.58,
        0.20000000000000004,
        -0.20000000000000004
      ],
      [
        -0.5708000000000001,
        0.58,
        0.9676,
        0.05999999999999999,
        -0.05999999999999999
      ],
      [
        -0.22000000000000008,
        0.20000000000000004,
        0.05999999999999999,
        1.0,
        -1.0
      ],
      [
        0.22000000000000008,
        -0.20000000000000004,
        -0.05999999999999999,
        -1.0,
        1.0
      ]
    ],
    [
      [
        0.99,
        -0.712,
        -0.788,
        -0.064,
        0.064
      ],
      [
        -0.712,
        0.9856,
        0.6703999999999999,
        -0.0048000000000000065,
        0.0048000000000000065
      ],
      [
        -0.788,
        0.6703999999999999,
        0.9936,
        0.036800000000000006,
        -0.036800000000000006
      ],
      [
        -0.064,
        -0.0048000000000000065,
        0.036800000000000006,
        0.9984,
        -0.9984
      ],
      [
        0.064,
        0.0048000000000000065,
        -0.036800000000000006,
        -0.9984,
        0.9984
      ]
    ],
    [
      [
        0.9856,
        -0.6079999999999999,
        -0.6799999999999999,
        0.02240000000000006,
        -0.02240000000000006
      ],
      [
        -0.6079999999999999,
        0.99,
        0.54,
        0.07800000000000003,
        -0.07800000000000003
      ],
      [
        -0.6799999999999999,
        0.54,
        1.0,
        0.10000000000000006,
        -0.10000000000000006
      ],
      [
        0.02240000000000006,
        0.07800000000000003,
        0.10000000000000006,
        0.9996,
        -0.9996
      ],
      [
        -0.02240000000000006,
        -0.07800000000000003,
        -0.10000000000000006,
        -0.9996,
        0.9996
      ]
    ],
    [
      [
        0.9996,
        -0.6991999999999999,
        -0.6176,
        0.03960000000000001,
        -0.05920000000000002
      ],
      [
        -0.6991999999999999,
        0.9984,
        0.6752,
        -0.01920000000000002,
        0.03839999999999995
      ],
      [
        -0.6176,
        0.6752,
        0.9856,
        0.14240000000000003,
        -0.12480000000000002
      ],
      [
        0.03960000000000001,
        -0.01920000000000002,
        0.14240000000000003,
        0.9996,
        -0.9792
      ],
      [
        -0.05920000000000002,
        0.03839999999999995,
        -0.12480000000000002,
        -0.9792,
        0.9984
      ]
    ],
    [
      [
        0.9936,
        -0.7384,
        -0.5752,
        0.05600000000000003,
        -0.05600000000000003
      ],
      [
        -0.7384,
        0.9996,
        0.5588000000000001,
        -0.10400000000000012,
        0.10400000000000012
      ],
      [
        -0.5752,
        0.5588000000000001,
        0.9964,
        -0.11200000000000004,
        0.11200000000000004
      ],
      [
        0.05600000000000003,
        -0.10400000000000012,
        -0.11200000000000004,
        0.96,
        -0.96
      ],
      [
        -0.05600000000000003,
        0.10400000000000012,
        0.11200000000000004,
        -0.96,
        0.96
      ]
    ],
    [
      [
        0.9936,
        -0.7848,
        -0.7568,
        -0.21840000000000004,
        0.19680000000000003
      ],
      [
        -0.7848,
        0.9964,
        0.6624000000000001,
        0.16120000000000007,
        -0.14240000000000003
      ],
      [
        -0.7568,
        0.6624000000000001,
        0.9984,
        0.1392,
        -0.11839999999999998
      ],
      [
        -0.21840000000000004,
        0.16120000000000007,
        0.1392,
        0.9996,
        -0.9792000000000001
      ],
      [
        0.19680000000000003,
        -0.14240000000000003,
        -0.11839999999999998,
        -0.9792000000000001,
        0.9984
      ]
    ],
    [
      [
        0.9743999999999999,
        -0.7368,
        -0.5704,
        0.010399999999999989,
        -0.010399999999999989
      ],
      [
        -0.7368,
        0.9996,
        0.6388000000000001,
        0.04119999999999998,
        -0.04119999999999998
      ],
      [
        -0.5704,
        0.6388000000000001,
        0.9964,
        0.16360000000000005,
        -0.16360000000000005
      ],
      [
        0.010399999999999989,
        0.04119999999999998,
        0.16360000000000005,
        0.9964,
        -0.9964
      ],
      [
        -0.010399999999999989,
        -0.04119999999999998,
        -0.16360000000000005,
        -0.9964,
        0.9964
      ]
    ],
    [
      [
        0.99,
        -0.6340000000000001,
        -0.6699999999999999,
        0.082,
        -0.082
      ],
      [
        -0.6340000000000001,
        0.9964,
        0.6340000000000001,
        -0.08120000000000006,
        0.08120000000000006
      ],
      [
        -0.6699999999999999,
        0.6340000000000001,
        0.99,
        -0.04200000000000005,
        0.04200000000000005
      ],
      [
        0.082,
        -0.08120000000000006,
        -0.04200000000000005,
        0.9996,
        -0.9996
      ],
      [
        -0.082,
        0.08120000000000006,
        0.04200000000000005,
        -0.9996,
        0.9996
      ]
    ],
    [
      [
        0.9984,
        -0.7023999999999999,
        -0.7040000000000001,
        -0.10080000000000003,
        0.10080000000000003
      ],
      [
        -0.7023999999999999,
        0.9964,
        0.754,
        0.038800000000000036,
        -0.038800000000000036
      ],
      [
        -0.7040000000000001,
        0.754,
        0.99,
        -0.0019999999999999758,
        0.0019999999999999758
      ],
      [
        -0.10080000000000003,
        0.038800000000000036,
        -0.0019999999999999758,
        0.9996,
        -0.9996
      ],
      [
        0.10080000000000003,
        -0.038800000000000036,
        0.0019999999999999758,
        -0.9996,
        0.9996
      ]
    ],
    [
      [
        0.9743999999999999,
        -0.5576,
        -0.6568,
        -0.03759999999999998,
        0.03759999999999998
      ],
      [
        -0.5576,
        0.9804,
        0.6372000000000001,
        -0.13960000000000003,
        0.13960000000000003
      ],
      [
        -0.6568,
        0.6372000000000001,
        0.9996,
        -0.0028000000000000026,
        0.0028000000000000026
      ],
      [
        -0.03759999999999998,
        -0.13960000000000003,
        -0.0028000000000000026,
        0.9804,
        -0.9804
      ],
      [
        0.03759999999999998,
        0.13960000000000003,
        0.0028000000000000026,
        -0.9804,
        0.9804
      ]
    ]
  ]
}