{
  "settings_list": [
    [
      6.275625839209761,
      4.506924090541051,
      2.9528466307722327,
      6.063757175074169,
      1.744704500154159,
      2.8980387414453186,
      3.1415000634487362,
      2.2700362684502062,
      4.797828709452986,
      4.403067338302636,
      3.9141288555318337,
      3.9749372194959944,
      5.2948227854894485,
      4.561900144721601,
      2.917344339151835
    ],
    [
      6.279785199209761,
      4.567726650541051,
      2.9723231107722325,
      6.048850935074169,
      1.827997940154159,
      2.9039990614453184,
      3.137199263448736,
      2.055489068450206,
      4.810443749452986,
      4.448234058302636,
      4.107382615531834,
      3.9762293794959946,
      5.275032065489449,
      4.718854384721602,
      2.908676819151835
    ],
    [
      6.204370799209761,
      4.631832250541051,
      2.9777871107722325,
      6.104256055074169,
      1.872004340154159,
      2.8345664214453183,
      3.120274463448736,
      1.895362028450206,
      4.894647909452986,
      4.458351498302636,
      4.364989975531834,
      3.9756296994959945,
      5.298001345489449,
      4.899973424721602,
      2.947840339151835
    ],
    [
      6.2981046872097615,
      4.6920131145410515,
      2.9567226627722323,
      6.163636791074169,
      1.857547380154159,
      2.8187310294453183,
      3.076674207448736,
      1.836140652450206,
      4.8697557494529855,
      4.435333386302636,
      4.5062278635318345,
      3.9783193634959946,
      5.286844609489449,
      4.993151664721602,
      2.925532883151835
    ],
    [
      6.361196399209762,
      4.698397498541052,
      2.911075302772232,
      6.125911095074169,
      1.735839604154159,
      2.7471908054453182,
      3.101599903448736,
      1.774744556450206,
      4.884801637452986,
      4.375834250302636,
      4.463730711531834,
      3.9613391394959945,
      5.310449089489449,
      4.985201200721602,
      2.9427125311518347
    ],
    [
      6.3891522712097615,
      4.668274266541052,
      2.927916838772232,
      6.07439541507417,
      1.656573908154159,
      2.747293845445318,
      3.111221407448736,
      1.7878412604502059,
      4.874588037452986,
      4.346884682302636,
      4.427946647531834,
      3.9789216354959946,
      5.358525473489449,
      4.967080912721602,
      2.938260947151835
    ],
    [
      6.426786191209762,
      4.7005142665410515,
      2.9345670787722318,
      6.06901749507417,
      1.612795348154159,
      2.744223765445318,
      3.1383951674487363,
      1.7110419004502058,
      4.885431557452986,
      4.302575562302636,
      4.520719767531834,
      3.9836109154959947,
      5.3272953934894485,
      4.954570832721601,
      2.9694039871518347
    ],
    [
      6.451241519209762,
      4.739164986541051,
      2.920397574772232,
      6.08456290307417,
      1.596062164154159,
      2.7134924054453182,
      3.1340450874487362,
      1.6428833404502057,
      4.901033893452985,
      4.252558538302636,
      4.530196503531834,
      3.959853603495995,
      5.311102209489449,
      4.8405910247216015,
      2.9337017151518348
    ],
    [
      6.419251119209762,
      4.740513210541051,
      3.035738246772232,
      6.14489199107417,
      1.597932372154159,
      2.727591605445318,
      3.1447228474487363,
      1.6668857724502057,
      4.889905829452985,
      4.226632010302636,
      4.633110807531835,
      3.966822435495995,
      5.356267393489449,
      4.844128304721601,
      2.880204499151835
    ],
    [
      6.395995503209762,
      4.732977786541051,
      3.0227225027722318,
      6.15816482307417,
      1.592669652154159,
      2.8225072534453184,
      3.153075039448736,
      1.6862754044502057,
      4.854030757452985,
      4.255220618302635,
      4.589633239531834,
      3.931331555495995,
      5.285145217489449,
      4.828688688721601,
      2.864693779151835
    ],
    [
      6.398353775209762,
      4.668652922541051,
      2.953289414772232,
      6.20904226307417,
      1.473907156154159,
      2.7770503574453183,
      3.137454175448736,
      1.7392379644502058,
      4.853229221452985,
      4.282956426302635,
      4.590979287531835,
      3.8395007714959952,
      5.291463553489448,
      4.770519088721601,
      2.884142355151835
    ],
    [
      6.354620655209763,
      4.766462202541051,
      3.044250694772232,
      6.23723362307417,
      1.559605076154159,
      2.812464117445318,
      3.194549855448736,
      1.6818139644502057,
      4.860568741452985,
      4.205122186302635,
      4.681843927531835,
      3.811171171495995,
      5.200945153489448,
      4.762698288721601,
      2.788365715151835
    ],
    [
      6.342463983209763,
      4.706426874541052,
      3.073171142772232,
      6.30627490307417,
      1.546812884154159,
      2.8134375574453183,
      3.1448384954487363,
      1.5782201084502057,
      4.844598565452985,
      4.201112714302635,
      4.681445207531835,
      3.760234211495995,
      5.161910401489448,
      4.850738224721601,
      2.846894867151835
    ],
    [
      6.345129327209763,
      4.739710490541052,
      3.119208870772232,
      6.36895179907417,
      1.5942937161541593,
      2.8624558614453184,
      3.1571375674487365,
      1.5199836284502055,
      4.857773669452985,
      4.174321834302635,
      4.681580247531835,
      3.747047715495995,
      5.204189505489448,
      4.784445232721601,
      2.823033107151835
    ],
    [
      6.387191631209763,
      4.697104346541052,
      3.131827494772232,
      6.35039733507417,
      1.5580490121541593,
      2.8503045654453185,
      3.1567491834487367,
      1.5965268604502056,
      4.863119493452985,
      4.188915242302635,
      4.651768919531835,
      3.812301411495995,
      5.236484225489448,
      4.834857200721601,
      2.799390355151835
    ],
    [
      6.358601999209763,
      4.6951853385410525,
      3.127074374772232,
      6.3137799910741705,
      1.4426306761541592,
      2.8531237654453183,
      3.1221655994487367,
      1.6316363324502057,
      4.796884645452986,
      4.165489642302634,
      4.664146199531835,
      3.897297187495995,
      5.2786269774894485,
      4.774708816721601,
      2.841108243151835
    ],
    [
      6.348366607209763,
      4.696299194541052,
      3.143486534772232,
      6.319047703074171,
      1.4666503881541593,
      2.8820079894453183,
      3.1552804794487366,
      1.5882328124502056,
      4.750301093452985,
      4.210600682302634,
      4.714415127531836,
      3.931658787495995,
      5.251229857489449,
      4.788458320721601,
      2.830386451151835
    ],
    [
      6.331269839209763,
      4.716407354541053,
      3.181098374772232,
      6.31748757507417,
      1.4975650121541593,
      2.855287253445318,
      3.1465461114487363,
      1.5169701244502056,
      4.7076714614529855,
      4.265873514302634,
      4.715145527531836,
      3.907245539495995,
      5.297667905489448,
      4.701717040721601,
      2.843471923151835
    ],
    [
      6.361009231209763,
      4.818644410541053,
      3.2280491587722318,
      6.35392635907417,
      1.5635911241541594,
      2.852751445445318,
      3.150831679448736,
      1.3978403964502055,
      4.675152933452986,
      4.340536810302634,
      4.717160503531836,
      3.924507747495995,
      5.3400622734894485,
      4.6358158567216,
      2.912478515151835
    ],
    [
      6.336733231209762,
      4.761467610541053,
      3.2590707587722316,
      6.31168155907417,
      1.4728943241541592,
      2.775308245445318,
      3.1990980794487363,
      1.5431059964502056,
      4.689324933452986,
      4.3764576103026345,
      4.841758103531836,
      3.952625347495995,
      5.294924673489448,
      4.6442886567216,
      2.865255315151835
    ],
    [
      6.286365935209762,
      4.746874650541053,
      3.2152941827722317,
      6.28913826307417,
      1.5303745801541593,
      2.746531093445318,
      3.1939902394487363,
      1.4938125564502056,
      4.641242821452986,
      4.446166346302634,
      4.844929751531836,
      3.971694723495995,
      5.312926593489448,
      4.5891957927216005,
      2.841074707151835
    ]
  ],
  "cost_vals": [],
  "step_size": 0.1,
  "opt_step_times": [
    0.1414320468902588,
    0.1455249786376953,
    0.14126300811767578,
    0.160858154296875,
    0.14164400100708008,
    0.13880109786987305,
    0.13811898231506348,
    0.13934588432312012,
    0.13676786422729492,
    0.13672685623168945,
    0.20847415924072266,
    0.13910388946533203,
    0.13456201553344727,
    0.1415081024169922,
    0.14576387405395508,
    0.13921523094177246,
    0.1487569808959961,
    0.16294097900390625,
    0.14865612983703613,
    0.15475893020629883
  ],
  "opt_settings": [
    6.286365935209762,
    4.746874650541053,
    3.2152941827722317,
    6.28913826307417,
    1.5303745801541593,
    2.746531093445318,
    3.1939902394487363,
    1.4938125564502056,
    4.641242821452986,
    4.446166346302634,
    4.844929751531836,
    3.971694723495995,
    5.312926593489448,
    4.5891957927216005,
    2.841074707151835
  ],
  "min_cost": null,
  "datetime": "2023-05-30T16-37-27Z",
  "step_only": true,
  "ibm_device": "default.qubit",
  "shots": 100,
  "prep_node_name": "W_state_2-qubit_ghz_state",
  "num_qubits": 5,
  "error": false,
  "cov_mats": [
    [
      [
        0.9996,
        -0.78,
        -0.5652,
        0.05840000000000005,
        -0.0836000000000001
      ],
      [
        -0.78,
        1.0,
        0.5,
        0.040000000000000036,
        0.1
      ],
      [
        -0.5652,
        0.5,
        0.9324,
        0.039199999999999985,
        -0.006800000000000035
      ],
      [
        0.05840000000000005,
        0.040000000000000036,
        0.039199999999999985,
        0.9936,
        0.48560000000000003
      ],
      [
        -0.0836000000000001,
        0.1,
        -0.006800000000000035,
        0.48560000000000003,
        0.9676
      ]
    ],
    [
      [
        0.99,
        -0.622,
        -0.5,
        -0.22599999999999998,
        -0.20400000000000004
      ],
      [
        -0.622,
        0.9676,
        0.6199999999999999,
        0.17479999999999998,
        0.11119999999999995
      ],
      [
        -0.5,
        0.6199999999999999,
        1.0,
        0.13999999999999996,
        0.040000000000000036
      ],
      [
        -0.22599999999999998,
        0.17479999999999998,
        0.13999999999999996,
        0.9803999999999999,
        0.8376000000000001
      ],
      [
        -0.20400000000000004,
        0.11119999999999995,
        0.040000000000000036,
        0.8376000000000001,
        0.9743999999999999
      ]
    ],
    [
      [
        0.9984,
        -0.5568000000000001,
        -0.5824,
        -0.04319999999999998,
        -0.04319999999999998
      ],
      [
        -0.5568000000000001,
        0.9936,
        0.5448000000000001,
        0.046399999999999976,
        0.046399999999999976
      ],
      [
        -0.5824,
        0.5448000000000001,
        0.9964,
        0.015200000000000017,
        0.015200000000000017
      ],
      [
        -0.04319999999999998,
        0.046399999999999976,
        0.015200000000000017,
        0.9936,
        0.9936
      ],
      [
        -0.04319999999999998,
        0.046399999999999976,
        0.015200000000000017,
        0.9936,
        0.9936
      ]
    ],
    [
      [
        0.9984,
        -0.5488000000000001,
        -0.456,
        0.06400000000000003,
        0.06400000000000003
      ],
      [
        -0.5488000000000001,
        0.9216,
        0.632,
        0.11199999999999999,
        0.11199999999999999
      ],
      [
        -0.456,
        0.632,
        0.99,
        0.11000000000000004,
        0.11000000000000004
      ],
      [
        0.06400000000000003,
        0.11199999999999999,
        0.11000000000000004,
        0.99,
        0.99
      ],
      [
        0.06400000000000003,
        0.11199999999999999,
        0.11000000000000004,
        0.99,
        0.99
      ]
    ],
    [
      [
        0.9996,
        -0.7,
        -0.6976,
        -0.0624,
        -0.0624
      ],
      [
        -0.7,
        1.0,
        0.6799999999999999,
        0.08000000000000004,
        0.08000000000000004
      ],
      [
        -0.6976,
        0.6799999999999999,
        0.9855999999999999,
        0.05439999999999999,
        0.05439999999999999
      ],
      [
        -0.0624,
        0.08000000000000004,
        0.05439999999999999,
        0.9856,
        0.9856
      ],
      [
        -0.0624,
        0.08000000000000004,
        0.05439999999999999,
        0.9856,
        0.9856
      ]
    ],
    [
      [
        0.9996,
        -0.7008000000000002,
        -0.6632,
        -0.1824000000000001,
        -0.1824000000000001
      ],
      [
        -0.7008000000000002,
        0.9984,
        0.5536000000000001,
        0.15520000000000003,
        0.15520000000000003
      ],
      [
        -0.6632,
        0.5536000000000001,
        0.9743999999999999,
        0.2608000000000001,
        0.2608000000000001
      ],
      [
        -0.1824000000000001,
        0.15520000000000003,
        0.2608000000000001,
        0.9856,
        0.9856
      ],
      [
        -0.1824000000000001,
        0.15520000000000003,
        0.2608000000000001,
        0.9856,
        0.9856
      ]
    ],
    [
      [
        0.99,
        -0.736,
        -0.794,
        -0.19,
        -0.19
      ],
      [
        -0.736,
        0.9984,
        0.7376,
        0.216,
        0.216
      ],
      [
        -0.794,
        0.7376,
        0.9964000000000001,
        0.15400000000000008,
        0.15400000000000008
      ],
      [
        -0.19,
        0.216,
        0.15400000000000008,
        0.99,
        0.99
      ],
      [
        -0.19,
        0.216,
        0.15400000000000008,
        0.99,
        0.99
      ]
    ],
    [
      [
        0.9676,
        -0.6004,
        -0.5820000000000001,
        0.012800000000000037,
        0.012800000000000037
      ],
      [
        -0.6004,
        0.9516,
        0.538,
        0.10880000000000001,
        0.10880000000000001
      ],
      [
        -0.5820000000000001,
        0.538,
        0.99,
        -0.016000000000000014,
        -0.016000000000000014
      ],
      [
        0.012800000000000037,
        0.10880000000000001,
        -0.016000000000000014,
        0.9984000000000002,
        0.9984000000000002
      ],
      [
        0.012800000000000037,
        0.10880000000000001,
        -0.016000000000000014,
        0.9984000000000002,
        0.9984000000000002
      ]
    ],
    [
      [
        0.9803999999999999,
        -0.7632,
        -0.6487999999999999,
        0.06600000000000007,
        0.06600000000000007
      ],
      [
        -0.7632,
        0.9856,
        0.6703999999999999,
        0.112,
        0.112
      ],
      [
        -0.6487999999999999,
        0.6703999999999999,
        0.9936,
        0.02799999999999997,
        0.02799999999999997
      ],
      [
        0.06600000000000007,
        0.112,
        0.02799999999999997,
        0.99,
        0.99
      ],
      [
        0.06600000000000007,
        0.112,
        0.02799999999999997,
        0.99,
        0.99
      ]
    ],
    [
      [
        0.9516,
        -0.6112000000000001,
        -0.5712,
        -0.26680000000000004,
        -0.26680000000000004
      ],
      [
        -0.6112000000000001,
        0.9984,
        0.7183999999999999,
        0.2176000000000001,
        0.2176000000000001
      ],
      [
        -0.5712,
        0.7183999999999999,
        0.9984,
        0.2176000000000001,
        0.2176000000000001
      ],
      [
        -0.26680000000000004,
        0.2176000000000001,
        0.2176000000000001,
        0.9964,
        0.9964
      ],
      [
        -0.26680000000000004,
        0.2176000000000001,
        0.2176000000000001,
        0.9964,
        0.9964
      ]
    ],
    [
      [
        0.9324,
        -0.5724000000000001,
        -0.5176000000000001,
        -0.07039999999999993,
        -0.08519999999999996
      ],
      [
        -0.5724000000000001,
        0.9324,
        0.5176000000000001,
        0.03040000000000001,
        0.045200000000000025
      ],
      [
        -0.5176000000000001,
        0.5176000000000001,
        0.9424,
        0.04959999999999997,
        0.06479999999999998
      ],
      [
        -0.07039999999999993,
        0.03040000000000001,
        0.04959999999999997,
        0.9984,
        0.9792
      ],
      [
        -0.08519999999999996,
        0.045200000000000025,
        0.06479999999999998,
        0.9792,
        0.9996
      ]
    ],
    [
      [
        0.9804,
        -0.7916000000000001,
        -0.7343999999999999,
        0.037199999999999976,
        0.037199999999999976
      ],
      [
        -0.7916000000000001,
        0.9964,
        0.6576,
        0.0011999999999999732,
        0.0011999999999999732
      ],
      [
        -0.7343999999999999,
        0.6576,
        0.9984,
        -0.019200000000000016,
        -0.019200000000000016
      ],
      [
        0.037199999999999976,
        0.0011999999999999732,
        -0.019200000000000016,
        0.9996,
        0.9996
      ],
      [
        0.037199999999999976,
        0.0011999999999999732,
        -0.019200000000000016,
        0.9996,
        0.9996
      ]
    ],
    [
      [
        0.9996,
        -0.7188,
        -0.5196000000000001,
        -0.19799999999999995,
        -0.19799999999999995
      ],
      [
        -0.7188,
        0.9964,
        0.5588000000000001,
        0.15399999999999991,
        0.15399999999999991
      ],
      [
        -0.5196000000000001,
        0.5588000000000001,
        0.9996,
        0.118,
        0.118
      ],
      [
        -0.19799999999999995,
        0.15399999999999991,
        0.118,
        0.99,
        0.99
      ],
      [
        -0.19799999999999995,
        0.15399999999999991,
        0.118,
        0.99,
        0.99
      ]
    ],
    [
      [
        1.0,
        -0.7,
        -0.7000000000000002,
        0.020000000000000018,
        0.020000000000000018
      ],
      [
        -0.7,
        0.9996,
        0.7588,
        0.038800000000000036,
        0.038800000000000036
      ],
      [
        -0.7000000000000002,
        0.7588,
        0.9964,
        -0.003599999999999951,
        -0.003599999999999951
      ],
      [
        0.020000000000000018,
        0.038800000000000036,
        -0.003599999999999951,
        0.9964,
        0.9964
      ],
      [
        0.020000000000000018,
        0.038800000000000036,
        -0.003599999999999951,
        0.9964,
        0.9964
      ]
    ],
    [
      [
        0.9964,
        -0.7116,
        -0.6976,
        -0.034,
        -0.034
      ],
      [
        -0.7116,
        0.9804,
        0.7343999999999999,
        0.10600000000000011,
        0.10600000000000011
      ],
      [
        -0.6976,
        0.7343999999999999,
        0.9984,
        0.05600000000000005,
        0.05600000000000005
      ],
      [
        -0.034,
        0.10600000000000011,
        0.05600000000000005,
        0.99,
        0.99
      ],
      [
        -0.034,
        0.10600000000000011,
        0.05600000000000005,
        0.99,
        0.99
      ]
    ],
    [
      [
        0.9984,
        -0.6192,
        -0.7023999999999999,
        0.11520000000000011,
        0.11520000000000011
      ],
      [
        -0.6192,
        0.9996,
        0.6812,
        -0.1776,
        -0.1776
      ],
      [
        -0.7023999999999999,
        0.6812,
        0.9964,
        -0.18720000000000012,
        -0.18720000000000012
      ],
      [
        0.11520000000000011,
        -0.1776,
        -0.18720000000000012,
        0.9856,
        0.9856
      ],
      [
        0.11520000000000011,
        -0.1776,
        -0.18720000000000012,
        0.9856,
        0.9856
      ]
    ],
    [
      [
        0.9964,
        -0.8128000000000001,
        -0.608,
        0.015200000000000017,
        0.015200000000000017
      ],
      [
        -0.8128000000000001,
        0.9856,
        0.696,
        0.009599999999999964,
        0.009599999999999964
      ],
      [
        -0.608,
        0.696,
        0.96,
        0.016000000000000028,
        0.016000000000000028
      ],
      [
        0.015200000000000017,
        0.009599999999999964,
        0.016000000000000028,
        0.9936,
        0.9936
      ],
      [
        0.015200000000000017,
        0.009599999999999964,
        0.016000000000000028,
        0.9936,
        0.9936
      ]
    ],
    [
      [
        0.9996,
        -0.7008000000000001,
        -0.6984,
        0.03719999999999992,
        0.03719999999999992
      ],
      [
        -0.7008000000000001,
        0.9984,
        0.7232,
        -0.1056,
        -0.1056
      ],
      [
        -0.6984,
        0.7232,
        0.9936,
        -0.08880000000000009,
        -0.08880000000000009
      ],
      [
        0.03719999999999992,
        -0.1056,
        -0.08880000000000009,
        0.9804,
        0.9804
      ],
      [
        0.03719999999999992,
        -0.1056,
        -0.08880000000000009,
        0.9804,
        0.9804
      ]
    ],
    [
      [
        0.9744,
        -0.7111999999999999,
        -0.6711999999999999,
        0.08159999999999998,
        0.08159999999999998
      ],
      [
        -0.7111999999999999,
        0.9676,
        0.6876,
        -0.056799999999999934,
        -0.056799999999999934
      ],
      [
        -0.6711999999999999,
        0.6876,
        0.9676,
        0.10319999999999999,
        0.10319999999999999
      ],
      [
        0.08159999999999998,
        -0.056799999999999934,
        0.10319999999999999,
        0.9423999999999999,
        0.9423999999999999
      ],
      [
        0.08159999999999998,
        -0.056799999999999934,
        0.10319999999999999,
        0.9423999999999999,
        0.9423999999999999
      ]
    ],
    [
      [
        0.9964,
        -0.6388000000000001,
        -0.7352,
        -0.06920000000000001,
        -0.0504
      ],
      [
        -0.6388000000000001,
        0.9996,
        0.6584,
        0.03640000000000003,
        0.016800000000000013
      ],
      [
        -0.7352,
        0.6584,
        0.9936,
        0.12559999999999993,
        0.10719999999999992
      ],
      [
        -0.06920000000000001,
        0.03640000000000003,
        0.12559999999999993,
        0.9676,
        0.9512
      ],
      [
        -0.0504,
        0.016800000000000013,
        0.10719999999999992,
        0.9512,
        0.9743999999999999
      ]
    ],
    [
      [
        0.9856,
        -0.6351999999999999,
        -0.6479999999999999,
        -0.030400000000000073,
        -0.030400000000000073
      ],
      [
        -0.6351999999999999,
        0.9984,
        0.656,
        0.03679999999999998,
        0.03679999999999998
      ],
      [
        -0.6479999999999999,
        0.656,
        0.99,
        -0.068,
        -0.068
      ],
      [
        -0.030400000000000073,
        0.03679999999999998,
        -0.068,
        0.9936,
        0.9936
      ],
      [
        -0.030400000000000073,
        0.03679999999999998,
        -0.068,
        0.9936,
        0.9936
      ]
    ]
  ]
}