{
  "settings_list": [
    [
      5.918627644196156,
      0.7934539791357723,
      5.736337176462009,
      1.04687856930829,
      3.1665308645281196,
      5.430037368156713,
      2.152775730777015,
      0.9854871843603181,
      1.5057523346978405,
      1.1965376353556254,
      3.397602080286677,
      0.6465557785035826,
      4.469953033090845,
      2.729321148027255,
      3.5606929712177173
    ],
    [
      5.912304924196156,
      0.8307635791357723,
      5.740757016462009,
      1.05614784930829,
      3.1686230245281197,
      5.440358008156712,
      2.189694610777015,
      0.885772784360318,
      1.4848979346978406,
      1.3171064353556254,
      3.2790473602866768,
      0.6280864985035826,
      4.5564674330908455,
      2.863513948027255,
      3.5950532912177176
    ],
    [
      5.949298940196156,
      0.9264568271357723,
      5.732842936462009,
      1.1076551453082901,
      3.2452459685281196,
      5.408939896156713,
      2.222770450777015,
      0.905740816360318,
      1.4870428626978407,
      1.4105208993556255,
      3.0975043202866765,
      0.6199351385035825,
      4.752322505090845,
      2.987397692027255,
      3.5874784432177176
    ],
    [
      5.948076988196156,
      1.0031615951357722,
      5.725067640462009,
      1.0868691613082901,
      3.3117188645281197,
      5.420846712156712,
      2.209257042777015,
      0.8889107363603179,
      1.5043743826978406,
      1.4844551713556255,
      3.0959862402866767,
      0.5995920345035826,
      4.784605513090845,
      3.049043900027255,
      3.5630060592177175
    ],
    [
      5.988756668196157,
      1.0856564431357723,
      5.723261304462008,
      1.07082845730829,
      3.3930798885281197,
      5.432113656156712,
      2.2047140667770146,
      0.9003966883603179,
      1.4812628306978406,
      1.4710243873556255,
      3.1331491202866766,
      0.5858827225035825,
      4.759343945090845,
      3.035547324027255,
      3.5114353712177175
    ],
    [
      5.9993790041961566,
      1.1081520591357723,
      5.750018680462008,
      1.04858948130829,
      3.47314196852812,
      5.461319288156712,
      2.1859525947770146,
      0.8623650723603179,
      1.4632111186978405,
      1.4960756513556255,
      3.0265560962866767,
      0.5786281945035825,
      4.790832841090845,
      3.018347196027255,
      3.5369141552177177
    ],
    [
      6.044495612196156,
      1.1623494991357723,
      5.742907896462008,
      1.0784657053082902,
      3.56290545652812,
      5.446553432156712,
      2.1729597627770145,
      0.8439369763603178,
      1.4361898706978404,
      1.4711995873556254,
      3.0412349442866766,
      0.5849639065035825,
      4.767070857090845,
      3.055891612027255,
      3.5502690992177177
    ],
    [
      6.132925564196157,
      1.2292177231357724,
      5.7823559604620085,
      1.0456532893082902,
      3.66930699252812,
      5.450421464156712,
      2.1397324987770143,
      0.8842352163603179,
      1.4488870866978405,
      1.4927912673556254,
      3.024756096286677,
      0.5326243225035825,
      4.742331913090845,
      3.008408476027255,
      3.5525986992177176
    ],
    [
      6.191740732196156,
      1.2764371471357725,
      5.7712864564620086,
      1.0477058333082903,
      3.71631915252812,
      5.516274008156712,
      2.097529970777014,
      0.9350256163603179,
      1.4676137426978404,
      1.5283023393556254,
      3.034533440286677,
      0.5201949145035825,
      4.740904201090845,
      2.988952668027255,
      3.5542171632177175
    ],
    [
      6.235880924196157,
      1.3305887311357725,
      5.792516888462009,
      1.0768092573082901,
      3.83436628852812,
      5.5172314801567115,
      2.061973138777014,
      0.969730480360318,
      1.4808118866978404,
      1.5187294433556253,
      3.048941056286677,
      0.5303894745035824,
      4.750657577090845,
      3.069665148027255,
      3.5513815472177175
    ],
    [
      6.292340284196157,
      1.4187206991357724,
      5.779854136462009,
      1.0750946013082903,
      3.94568859252812,
      5.568450392156711,
      2.046480018777014,
      1.0117332323603179,
      1.4724981266978403,
      1.4945301473556254,
      3.0129895682866774,
      0.5735358105035824,
      4.767068681090845,
      3.100244380027255,
      3.5147294192177174
    ],
    [
      6.375795676196157,
      1.4638644751357723,
      5.822277848462009,
      1.0972991453082903,
      4.1645861605281205,
      5.561523512156711,
      2.046270674777014,
      0.9904595683603179,
      1.4533909266978402,
      1.5503513953556254,
      2.9905008322866773,
      0.6117461465035824,
      4.839430761090845,
      3.095731356027255,
      3.5564332272177173
    ],
    [
      6.416881116196157,
      1.4784662031357723,
      5.8391456884620085,
      1.0859414493082904,
      4.231263920528121,
      5.610366264156711,
      2.084371666777014,
      1.138113712360318,
      1.4176651026978402,
      1.5177497953556254,
      3.046888416286677,
      0.6189218265035824,
      4.864326249090845,
      3.138023068027255,
      3.6665413872177175
    ],
    [
      6.429222076196157,
      1.4495071631357723,
      5.898646808462009,
      1.1107084893082904,
      4.326329040528121,
      5.586006904156711,
      2.033399186777014,
      1.249641712360318,
      1.41056766269784,
      1.4701280353556254,
      3.021921056286677,
      0.6680568665035824,
      4.809621129090845,
      3.151777628027255,
      3.7582388272177174
    ],
    [
      6.477825340196157,
      1.4702442831357723,
      5.803433656462008,
      1.1257446493082903,
      4.355842928528121,
      5.611199448156711,
      1.989208402777014,
      1.330751984360318,
      1.5214411986978402,
      1.4880031713556254,
      3.1070099202866768,
      0.6615853145035824,
      4.836217481090845,
      3.020263740027255,
      3.7602798832177173
    ],
    [
      6.395639612196157,
      1.4897242191357722,
      5.7654362164620085,
      1.1801250653082904,
      4.438683888528121,
      5.663154008156711,
      2.029729490777014,
      1.355411312360318,
      1.5779030226978403,
      1.5335778273556255,
      3.000206080286677,
      0.6012642905035823,
      4.763224713090845,
      3.100776124027255,
      3.7286469872177173
    ],
    [
      6.433363932196157,
      1.5107661071357723,
      5.777579768462009,
      1.1628300573082904,
      4.471101712528121,
      5.6895498481567115,
      2.089250066777014,
      1.391449136360318,
      1.5775113426978402,
      1.6208108193556257,
      2.979361152286677,
      0.5792133465035822,
      4.728935785090846,
      2.9588703640272547,
      3.7778538992177175
    ],
    [
      6.424102364196156,
      1.4752763151357722,
      5.758599416462009,
      1.1910315293082903,
      4.4849190565281205,
      5.671927832156712,
      2.068845074777014,
      1.4368850403603182,
      1.5302731986978402,
      1.6328863393556257,
      2.903146880286677,
      0.6009728345035823,
      4.708085865090846,
      2.9624623000272545,
      3.8145417712177174
    ],
    [
      6.394754140196156,
      1.482073755135772,
      5.700181880462009,
      1.2553698333082903,
      4.46393499252812,
      5.644352856156711,
      2.044721746777014,
      1.408648560360318,
      1.5037208786978402,
      1.5792177953556257,
      2.936782976286677,
      0.6187819865035823,
      4.689437673090846,
      2.9135631000272544,
      3.823453387217717
    ],
    [
      6.368888956196156,
      1.540954331135772,
      5.647164696462009,
      1.2203199453082902,
      4.4757361125281205,
      5.652807608156711,
      2.024673426777014,
      1.488829360360318,
      1.5039317906978402,
      1.5485743393556257,
      2.8768168322866767,
      0.5796340505035823,
      4.669966505090846,
      2.9461570200272544,
      3.831276683217717
    ],
    [
      6.409753468196156,
      1.4134196111357722,
      5.593240216462009,
      1.1933356253082903,
      4.51951646452812,
      5.679483192156711,
      1.9972411067770142,
      1.557295408360318,
      1.5375724946978402,
      1.5981222433556257,
      2.933774400286677,
      0.6531527705035823,
      4.659337257090846,
      2.9067578520272543,
      3.843745803217717
    ]
  ],
  "cost_vals": [],
  "step_size": 0.1,
  "opt_step_times": [
    0.15915989875793457,
    0.15643596649169922,
    0.15352511405944824,
    0.1533498764038086,
    0.15465497970581055,
    0.16577696800231934,
    0.14964628219604492,
    0.16767382621765137,
    0.1578812599182129,
    0.15401387214660645,
    0.22517085075378418,
    0.1658618450164795,
    0.1662740707397461,
    0.16114401817321777,
    0.18709993362426758,
    0.16871905326843262,
    0.16038775444030762,
    0.16350293159484863,
    0.1620800495147705,
    0.16299200057983398
  ],
  "opt_settings": [
    6.409753468196156,
    1.4134196111357722,
    5.593240216462009,
    1.1933356253082903,
    4.51951646452812,
    5.679483192156711,
    1.9972411067770142,
    1.557295408360318,
    1.5375724946978402,
    1.5981222433556257,
    2.933774400286677,
    0.6531527705035823,
    4.659337257090846,
    2.9067578520272543,
    3.843745803217717
  ],
  "min_cost": null,
  "datetime": "2023-05-30T16-43-12Z",
  "step_only": true,
  "ibm_device": "default.qubit",
  "shots": 100,
  "prep_node_name": "W_state_2-qubit_ghz_state",
  "num_qubits": 5,
  "error": false,
  "cov_mats": [
    [
      [
        0.9516,
        0.3128,
        0.34,
        -0.142,
        -0.06
      ],
      [
        0.3128,
        0.9423999999999999,
        -0.4,
        -0.03600000000000002,
        -5.551115123125783e-17
      ],
      [
        0.34,
        -0.4,
        1.0,
        -0.060000000000000026,
        -0.12
      ],
      [
        -0.142,
        -0.03600000000000002,
        -0.060000000000000026,
        0.99,
        0.7
      ],
      [
        -0.06,
        -5.551115123125783e-17,
        -0.12,
        0.7,
        1.0
      ]
    ],
    [
      [
        0.8704000000000001,
        0.30720000000000003,
        0.4048,
        0.04160000000000001,
        0.11040000000000005
      ],
      [
        0.30720000000000003,
        0.9996,
        -0.3636000000000001,
        -0.00119999999999997,
        0.03720000000000001
      ],
      [
        0.4048,
        -0.3636000000000001,
        0.9676,
        0.06919999999999998,
        0.014800000000000074
      ],
      [
        0.04160000000000001,
        -0.00119999999999997,
        0.06919999999999998,
        0.9964,
        0.8316000000000001
      ],
      [
        0.11040000000000005,
        0.03720000000000001,
        0.014800000000000074,
        0.8316000000000001,
        0.9803999999999999
      ]
    ],
    [
      [
        0.9743999999999999,
        0.03840000000000002,
        0.5096,
        0.1304,
        0.0904
      ],
      [
        0.03840000000000002,
        0.9424,
        -0.5144,
        -0.0055999999999999765,
        -0.04559999999999999
      ],
      [
        0.5096,
        -0.5144,
        0.9964,
        0.12360000000000006,
        0.16360000000000005
      ],
      [
        0.1304,
        -0.0055999999999999765,
        0.12360000000000006,
        0.9963999999999998,
        0.9563999999999999
      ],
      [
        0.0904,
        -0.04559999999999999,
        0.16360000000000005,
        0.9563999999999999,
        0.9964
      ]
    ],
    [
      [
        0.9216,
        -0.12319999999999995,
        0.4688,
        0.028799999999999985,
        0.028799999999999985
      ],
      [
        -0.12319999999999995,
        0.9964,
        -0.5776000000000001,
        -0.0976,
        -0.0976
      ],
      [
        0.4688,
        -0.5776000000000001,
        0.9984,
        0.07840000000000004,
        0.07840000000000004
      ],
      [
        0.028799999999999985,
        -0.0976,
        0.07840000000000004,
        0.9984,
        0.9984
      ],
      [
        0.028799999999999985,
        -0.0976,
        0.07840000000000004,
        0.9984,
        0.9984
      ]
    ],
    [
      [
        0.9216,
        0.05919999999999995,
        0.40800000000000014,
        0.2208,
        0.19519999999999998
      ],
      [
        0.05919999999999995,
        0.9803999999999999,
        -0.534,
        0.13960000000000006,
        0.12240000000000005
      ],
      [
        0.40800000000000014,
        -0.534,
        0.99,
        0.05400000000000004,
        0.036000000000000025
      ],
      [
        0.2208,
        0.13960000000000006,
        0.05400000000000004,
        0.9804,
        0.9576000000000001
      ],
      [
        0.19519999999999998,
        0.12240000000000005,
        0.036000000000000025,
        0.9576000000000001,
        0.9743999999999999
      ]
    ],
    [
      [
        0.9743999999999999,
        -0.08800000000000002,
        0.5328,
        -0.016799999999999995,
        -0.016799999999999995
      ],
      [
        -0.08800000000000002,
        0.96,
        -0.616,
        -0.22399999999999998,
        -0.22399999999999998
      ],
      [
        0.5328,
        -0.616,
        0.9936,
        0.09840000000000002,
        0.09840000000000002
      ],
      [
        -0.016799999999999995,
        -0.22399999999999998,
        0.09840000000000002,
        0.9996,
        0.9996
      ],
      [
        -0.016799999999999995,
        -0.22399999999999998,
        0.09840000000000002,
        0.9996,
        0.9996
      ]
    ],
    [
      [
        0.9803999999999999,
        -0.23199999999999998,
        0.5740000000000001,
        0.060000000000000026,
        0.060000000000000026
      ],
      [
        -0.23199999999999998,
        0.96,
        -0.6,
        -0.2,
        -0.2
      ],
      [
        0.5740000000000001,
        -0.6,
        0.99,
        0.13999999999999999,
        0.13999999999999999
      ],
      [
        0.060000000000000026,
        -0.2,
        0.13999999999999999,
        1.0,
        1.0
      ],
      [
        0.060000000000000026,
        -0.2,
        0.13999999999999999,
        1.0,
        1.0
      ]
    ],
    [
      [
        0.9936,
        -0.13759999999999994,
        0.5048,
        -0.012000000000000035,
        0.006399999999999952
      ],
      [
        -0.13759999999999994,
        0.9216,
        -0.5968000000000001,
        -0.008000000000000073,
        -0.02240000000000003
      ],
      [
        0.5048,
        -0.5968000000000001,
        0.9964,
        0.03400000000000003,
        0.05520000000000003
      ],
      [
        -0.012000000000000035,
        -0.008000000000000073,
        0.03400000000000003,
        0.99,
        0.972
      ],
      [
        0.006399999999999952,
        -0.02240000000000003,
        0.05520000000000003,
        0.972,
        0.9936
      ]
    ],
    [
      [
        0.9964,
        -0.2716,
        0.5660000000000001,
        0.062400000000000025,
        0.062400000000000025
      ],
      [
        -0.2716,
        0.9804,
        -0.614,
        -0.1456,
        -0.1456
      ],
      [
        0.5660000000000001,
        -0.614,
        0.99,
        0.21600000000000003,
        0.21600000000000003
      ],
      [
        0.062400000000000025,
        -0.1456,
        0.21600000000000003,
        0.9984,
        0.9984
      ],
      [
        0.062400000000000025,
        -0.1456,
        0.21600000000000003,
        0.9984,
        0.9984
      ]
    ],
    [
      [
        0.9984,
        -0.4,
        0.6143999999999998,
        -0.0352,
        -0.0352
      ],
      [
        -0.4,
        1.0,
        -0.6199999999999999,
        0.039999999999999925,
        0.039999999999999925
      ],
      [
        0.6143999999999998,
        -0.6199999999999999,
        0.9804,
        -0.08319999999999994,
        -0.08319999999999994
      ],
      [
        -0.0352,
        0.039999999999999925,
        -0.08319999999999994,
        0.9856,
        0.9856
      ],
      [
        -0.0352,
        0.039999999999999925,
        -0.08319999999999994,
        0.9856,
        0.9856
      ]
    ],
    [
      [
        0.9996,
        -0.3768,
        0.5228,
        0.07640000000000008,
        0.07640000000000008
      ],
      [
        -0.3768,
        0.9744,
        -0.6023999999999999,
        -0.07120000000000003,
        -0.07120000000000003
      ],
      [
        0.5228,
        -0.6023999999999999,
        0.9803999999999999,
        0.10520000000000002,
        0.10520000000000002
      ],
      [
        0.07640000000000008,
        -0.07120000000000003,
        0.10520000000000002,
        0.9676,
        0.9676
      ],
      [
        0.07640000000000008,
        -0.07120000000000003,
        0.10520000000000002,
        0.9676,
        0.9676
      ]
    ],
    [
      [
        0.9423999999999999,
        -0.5671999999999999,
        0.4968,
        0.08720000000000001,
        0.03200000000000001
      ],
      [
        -0.5671999999999999,
        0.9516,
        -0.6804,
        0.04839999999999997,
        0.023999999999999938
      ],
      [
        0.4968,
        -0.6804,
        0.9676,
        -0.07959999999999996,
        -0.05599999999999993
      ],
      [
        0.08720000000000001,
        0.04839999999999997,
        -0.07959999999999996,
        0.9515999999999999,
        0.896
      ],
      [
        0.03200000000000001,
        0.023999999999999938,
        -0.05599999999999993,
        0.896,
        0.96
      ]
    ],
    [
      [
        0.99,
        -0.6200000000000001,
        0.696,
        -0.01600000000000002,
        -0.01600000000000002
      ],
      [
        -0.6200000000000001,
        1.0,
        -0.8400000000000001,
        -0.08000000000000004,
        -0.08000000000000004
      ],
      [
        0.696,
        -0.8400000000000001,
        0.9984,
        0.041600000000000005,
        0.041600000000000005
      ],
      [
        -0.01600000000000002,
        -0.08000000000000004,
        0.041600000000000005,
        0.9984,
        0.9984
      ],
      [
        -0.01600000000000002,
        -0.08000000000000004,
        0.041600000000000005,
        0.9984,
        0.9984
      ]
    ],
    [
      [
        0.9936,
        -0.6487999999999999,
        0.7168,
        -0.061600000000000016,
        -0.061600000000000016
      ],
      [
        -0.6487999999999999,
        0.9804,
        -0.6943999999999999,
        -0.03719999999999997,
        -0.03719999999999997
      ],
      [
        0.7168,
        -0.6943999999999999,
        0.9984,
        -0.14080000000000004,
        -0.14080000000000004
      ],
      [
        -0.061600000000000016,
        -0.03719999999999997,
        -0.14080000000000004,
        0.9996,
        0.9996
      ],
      [
        -0.061600000000000016,
        -0.03719999999999997,
        -0.14080000000000004,
        0.9996,
        0.9996
      ]
    ],
    [
      [
        0.9964,
        -0.6552,
        0.7328,
        -0.11399999999999999,
        -0.13520000000000001
      ],
      [
        -0.6552,
        0.9936,
        -0.7103999999999999,
        0.012000000000000045,
        0.03360000000000007
      ],
      [
        0.7328,
        -0.7103999999999999,
        0.9855999999999999,
        0.03199999999999997,
        0.009599999999999977
      ],
      [
        -0.11399999999999999,
        0.012000000000000045,
        0.03199999999999997,
        0.99,
        0.9720000000000001
      ],
      [
        -0.13520000000000001,
        0.03360000000000007,
        0.009599999999999977,
        0.9720000000000001,
        0.9936
      ]
    ],
    [
      [
        0.9935999999999999,
        -0.6551999999999999,
        0.6335999999999999,
        -0.03680000000000004,
        -0.03680000000000004
      ],
      [
        -0.6551999999999999,
        0.9964,
        -0.7752,
        0.057600000000000054,
        0.057600000000000054
      ],
      [
        0.6335999999999999,
        -0.7752,
        0.9936,
        0.0031999999999999737,
        0.0031999999999999737
      ],
      [
        -0.03680000000000004,
        0.057600000000000054,
        0.0031999999999999737,
        0.9984,
        0.9984
      ],
      [
        -0.03680000000000004,
        0.057600000000000054,
        0.0031999999999999737,
        0.9984,
        0.9984
      ]
    ],
    [
      [
        0.9996,
        -0.6216000000000002,
        0.7996000000000001,
        -0.13920000000000007,
        -0.13920000000000007
      ],
      [
        -0.6216000000000002,
        0.9936,
        -0.7016000000000001,
        0.0031999999999999668,
        0.0031999999999999668
      ],
      [
        0.7996000000000001,
        -0.7016000000000001,
        0.9996,
        -0.09920000000000004,
        -0.09920000000000004
      ],
      [
        -0.13920000000000007,
        0.0031999999999999668,
        -0.09920000000000004,
        0.9984,
        0.9984
      ],
      [
        -0.13920000000000007,
        0.0031999999999999668,
        -0.09920000000000004,
        0.9984,
        0.9984
      ]
    ],
    [
      [
        0.9516,
        -0.6024000000000002,
        0.6248000000000001,
        0.02199999999999999,
        0.02199999999999999
      ],
      [
        -0.6024000000000002,
        0.9936,
        -0.5472,
        -0.14800000000000008,
        -0.14800000000000008
      ],
      [
        0.6248000000000001,
        -0.5472,
        0.9743999999999999,
        -0.003999999999999972,
        -0.003999999999999972
      ],
      [
        0.02199999999999999,
        -0.14800000000000008,
        -0.003999999999999972,
        0.9900000000000002,
        0.9900000000000002
      ],
      [
        0.02199999999999999,
        -0.14800000000000008,
        -0.003999999999999972,
        0.9900000000000002,
        0.9900000000000002
      ]
    ],
    [
      [
        0.9964,
        -0.6903999999999999,
        0.7939999999999999,
        -0.015599999999999972,
        -0.015599999999999972
      ],
      [
        -0.6903999999999999,
        0.9744,
        -0.764,
        0.021600000000000036,
        0.021600000000000036
      ],
      [
        0.7939999999999999,
        -0.764,
        0.99,
        -0.026000000000000023,
        -0.026000000000000023
      ],
      [
        -0.015599999999999972,
        0.021600000000000036,
        -0.026000000000000023,
        0.9324,
        0.9324
      ],
      [
        -0.015599999999999972,
        0.021600000000000036,
        -0.026000000000000023,
        0.9324,
        0.9324
      ]
    ],
    [
      [
        0.9964,
        -0.6223999999999998,
        0.6152,
        -0.034,
        -0.034
      ],
      [
        -0.6223999999999998,
        0.9984,
        -0.6431999999999999,
        0.023999999999999994,
        0.023999999999999994
      ],
      [
        0.6152,
        -0.6431999999999999,
        0.9936,
        0.06799999999999998,
        0.06799999999999998
      ],
      [
        -0.034,
        0.023999999999999994,
        0.06799999999999998,
        0.99,
        0.99
      ],
      [
        -0.034,
        0.023999999999999994,
        0.06799999999999998,
        0.99,
        0.99
      ]
    ],
    [
      [
        0.9216,
        -0.5344,
        0.344,
        0.014399999999999987,
        0.014399999999999987
      ],
      [
        -0.5344,
        0.9996000000000003,
        -0.6160000000000001,
        0.0003999999999999985,
        0.0003999999999999985
      ],
      [
        0.344,
        -0.6160000000000001,
        0.96,
        0.17600000000000005,
        0.17600000000000005
      ],
      [
        0.014399999999999987,
        0.0003999999999999985,
        0.17600000000000005,
        0.9996,
        0.9996
      ],
      [
        0.014399999999999987,
        0.0003999999999999985,
        0.17600000000000005,
        0.9996,
        0.9996
      ]
    ]
  ]
}