{
  "settings_list": [
    [
      1.6457551783848943,
      3.3042078588098387,
      1.9537402265361385,
      4.596358166727569,
      4.040262542764325,
      1.5817675504724091,
      0.8373522925548829,
      0.571303651979773,
      4.3042223184010595,
      4.924002005662204,
      4.557285696414869,
      5.730159234170764,
      3.050444756000333,
      2.9324027335705614,
      2.8254093828256504
    ],
    [
      1.6346718503848943,
      3.2852673788098388,
      1.9538277785361386,
      4.618829910727569,
      4.038181070764325,
      1.5769134704724093,
      0.8894789485548829,
      0.549247203979773,
      4.30656715040106,
      4.929273877662204,
      4.54695456041487,
      5.735944450170764,
      3.034152916000333,
      2.8255695815705613,
      2.80925015082565
    ],
    [
      1.6455538343848943,
      3.259573906809839,
      1.9222374105361386,
      4.6481239267275685,
      3.9870848787643247,
      1.5767949744724092,
      0.9053023085548828,
      0.5110976999797731,
      4.30345886240106,
      4.968260917662204,
      4.57760726441487,
      5.738561122170764,
      3.033359892000333,
      2.754084493570561,
      2.81633763882565
    ],
    [
      1.6254781863848944,
      3.246225298809839,
      1.9194356185361385,
      4.665635094727569,
      3.9395052307643246,
      1.5808111024724092,
      0.9159227245548828,
      0.48260221197977304,
      4.31156036640106,
      4.997171509662204,
      4.57243593641487,
      5.738955106170764,
      3.026113940000333,
      2.6698214535705613,
      2.84048483882565
    ],
    [
      1.6078890663848944,
      3.209557138809839,
      1.9010426585361386,
      4.656524054727569,
      3.8835762707643244,
      1.5791861424724092,
      0.9221204845548828,
      0.45318333197977306,
      4.33281988640106,
      5.010514869662204,
      4.55922505641487,
      5.731152226170765,
      3.045460500000333,
      2.5340646535705615,
      2.85344419882565
    ],
    [
      1.6195928423848944,
      3.224012370809839,
      1.9190581145361387,
      4.723003094727569,
      3.8521526867643243,
      1.6004408304724091,
      0.9457284205548828,
      0.4564957799797731,
      4.35189489440106,
      5.0333398616622045,
      4.53978409641487,
      5.750397858170764,
      3.007110548000333,
      2.387122765570562,
      2.84637232682565
    ],
    [
      1.6068106663848944,
      3.216768562809839,
      1.9121073305361387,
      4.738300950727569,
      3.8538045587643244,
      1.574872862472409,
      0.9717880045548829,
      0.44372089997977304,
      4.36154996640106,
      5.055791093662204,
      4.51694464041487,
      5.732960962170764,
      3.001699348000333,
      2.248224077570562,
      2.8749682628256497
    ],
    [
      1.6450925223848945,
      3.221197106809839,
      1.9051466905361387,
      4.77822619872757,
      3.8308010387643243,
      1.590399134472409,
      1.001227108554883,
      0.4257543079797731,
      4.328355982401059,
      5.034729717662205,
      4.52760563241487,
      5.731983042170764,
      3.044696852000333,
      2.171254861570562,
      2.83196179882565
    ],
    [
      1.6161421223848944,
      3.208635186809839,
      1.9163895705361387,
      4.7736821987275695,
      3.7590883987643244,
      1.620220574472409,
      1.0262389485548828,
      0.32837702797977314,
      4.356642062401059,
      5.045043957662204,
      4.564864512414871,
      5.765568962170764,
      3.040010772000333,
      2.071585101570562,
      2.8444168388256497
    ],
    [
      1.6378244263848944,
      3.186828530809839,
      1.9104179865361386,
      4.84085595872757,
      3.6942629267643246,
      1.653275230472409,
      1.101229028554883,
      0.23386253197977314,
      4.367318926401059,
      5.0220173976622045,
      4.556183616414871,
      5.745714434170765,
      3.0760104520003333,
      1.924410509570562,
      2.81809875882565
    ],
    [
      1.6569840743848945,
      3.196339058809839,
      1.9138224025361386,
      4.86377720672757,
      3.6601411347643245,
      1.649668478472409,
      1.1354919725548829,
      0.15291081997977315,
      4.369950350401059,
      5.065223733662204,
      4.590952672414871,
      5.736870626170765,
      3.0974182600003335,
      1.809405485570562,
      2.8168867588256497
    ],
    [
      1.7273421543848944,
      3.221700018809839,
      1.8925865625361387,
      4.85635864672757,
      3.5936809747643244,
      1.660959358472409,
      1.1670100525548828,
      0.010689379979773178,
      4.434569550401059,
      5.061185013662205,
      4.485966752414871,
      5.719232866170764,
      3.1540541000003333,
      1.699184045570562,
      2.8352102788256497
    ],
    [
      1.7676858343848942,
      3.237115954809839,
      1.9022711705361388,
      4.90246360672757,
      3.5737426707643243,
      1.661154686472409,
      1.2189954605548827,
      -0.04933724402022679,
      4.444493774401058,
      5.096457973662205,
      4.592177312414871,
      5.657072866170764,
      3.1562585160003334,
      1.690835245570562,
      2.79737808682565
    ],
    [
      1.7363477543848942,
      3.260580530809839,
      1.9596424345361387,
      4.938821718727571,
      3.631898734764324,
      1.6953683504724089,
      1.2545624045548827,
      -0.12564652402022677,
      4.517816942401058,
      5.0653397336622055,
      4.604989152414872,
      5.635345794170764,
      3.2245430280003333,
      1.702140301570562,
      2.81452986282565
    ],
    [
      1.7315732263848942,
      3.275303922809839,
      1.9578433945361386,
      4.927431190727571,
      3.628705710764324,
      1.651900958472409,
      1.3219628525548828,
      -0.2264225240202268,
      4.476449518401059,
      5.032224021662206,
      4.633605600414872,
      5.622283650170764,
      3.2075244040003335,
      1.609588109570562,
      2.8318209988256497
    ],
    [
      1.6777265063848943,
      3.2749709628098387,
      2.0367275865361387,
      4.907098262727571,
      3.550426350764324,
      1.670581054472409,
      1.3871391085548828,
      -0.2925782040202268,
      4.441590798401059,
      4.982529781662206,
      4.703623744414871,
      5.663565474170764,
      3.2188523400003333,
      1.6345113735705619,
      2.7810341508256498
    ],
    [
      1.6809810343848943,
      3.2589868348098388,
      2.013441954536139,
      4.8612434147275705,
      3.527303150764324,
      1.643098174472409,
      1.3976014445548828,
      -0.29759119602022677,
      4.415770254401059,
      4.964470005662205,
      4.739997760414871,
      5.633593890170764,
      3.214730100000333,
      1.569550221570562,
      2.76886928682565
    ],
    [
      1.6335858343848944,
      3.263944914809839,
      2.033513762536139,
      4.860277782727571,
      3.577787758764324,
      1.672330814472409,
      1.3924956525548828,
      -0.3747059480202268,
      4.414243214401059,
      4.945420661662205,
      4.718966208414871,
      5.640254754170764,
      3.236679284000333,
      1.4877652615705619,
      2.79005495082565
    ],
    [
      1.6296952743848943,
      3.286986674809839,
      2.0582979225361386,
      4.818715062727571,
      3.616637038764324,
      1.646976094472409,
      1.4568423725548827,
      -0.3901550680202268,
      4.430839214401058,
      4.930070261662205,
      4.688432928414871,
      5.640979554170764,
      3.2223088840003333,
      1.5288271815705619,
      2.7795179908256498
    ],
    [
      1.5680874663848943,
      3.2353210108098387,
      2.0464635545361385,
      4.80362527072757,
      3.629786606764324,
      1.686358878472409,
      1.4405931565548826,
      -0.3884818520202268,
      4.476331310401059,
      4.929973109662205,
      4.660037280414871,
      5.613087458170764,
      3.251143572000333,
      1.5107736775705618,
      2.7516454788256497
    ],
    [
      1.6199249063848944,
      3.281376050809839,
      2.0398171545361383,
      4.85317279072757,
      3.670097006764324,
      1.663293278472409,
      1.5212901165548827,
      -0.4500300120202268,
      4.464259630401059,
      4.934687349662205,
      4.679771040414871,
      5.542001378170764,
      3.288298132000333,
      1.541977517570562,
      2.7477901188256495
    ]
  ],
  "cost_vals": [],
  "step_size": 0.1,
  "opt_step_times": [
    49.51495814323425,
    30.887645959854126,
    43.30113935470581,
    29.567664861679077,
    33.610090017318726,
    62.21519064903259,
    29.937594890594482,
    32.803823709487915,
    29.784889936447144,
    29.72101354598999,
    29.593136310577393,
    30.874499559402466,
    41.24963068962097,
    30.35083842277527,
    30.172687292099,
    34.12181067466736,
    47.962172508239746,
    29.781935453414917,
    34.57324409484863,
    30.478614330291748
  ],
  "opt_settings": [
    1.6199249063848944,
    3.281376050809839,
    2.0398171545361383,
    4.85317279072757,
    3.670097006764324,
    1.663293278472409,
    1.5212901165548827,
    -0.4500300120202268,
    4.464259630401059,
    4.934687349662205,
    4.679771040414871,
    5.542001378170764,
    3.288298132000333,
    1.541977517570562,
    2.7477901188256495
  ],
  "min_cost": null,
  "datetime": "2023-05-25T14-09-52Z",
  "step_only": true,
  "ibm_device": "ibmq_belem",
  "shots": 100,
  "prep_node_name": "W_state_2-qubit_ghz_state",
  "num_qubits": 5,
  "error": false,
  "cov_mats": [
    [
      [
        0.9856,
        -0.31040000000000006,
        -0.06079999999999995,
        0.051199999999999954,
        0.0015999999999999973
      ],
      [
        -0.31040000000000006,
        0.9936,
        -0.17279999999999998,
        -0.020799999999999978,
        0.04559999999999999
      ],
      [
        -0.06079999999999995,
        -0.17279999999999998,
        0.9744,
        -0.041600000000000026,
        0.11120000000000006
      ],
      [
        0.051199999999999954,
        -0.020799999999999978,
        -0.041600000000000026,
        0.9424,
        -0.13679999999999998
      ],
      [
        0.0015999999999999973,
        0.04559999999999999,
        0.11120000000000006,
        -0.13679999999999998,
        0.9676
      ]
    ],
    [
      [
        0.9996,
        -0.4428000000000001,
        -0.24440000000000006,
        -0.019200000000000043,
        0.061599999999999995
      ],
      [
        -0.4428000000000001,
        0.9804,
        0.00920000000000001,
        -0.014399999999999986,
        -0.008799999999999983
      ],
      [
        -0.24440000000000006,
        0.00920000000000001,
        0.9516,
        -0.051200000000000044,
        0.27760000000000007
      ],
      [
        -0.019200000000000043,
        -0.014399999999999986,
        -0.051200000000000044,
        0.9984,
        -0.3232000000000001
      ],
      [
        0.061599999999999995,
        -0.008799999999999983,
        0.27760000000000007,
        -0.3232000000000001,
        0.9936
      ]
    ],
    [
      [
        1.0,
        -0.3799999999999999,
        -0.18000000000000005,
        -0.17999999999999997,
        0.07999999999999999
      ],
      [
        -0.3799999999999999,
        0.9964,
        0.1116,
        -0.05080000000000002,
        0.06480000000000002
      ],
      [
        -0.18000000000000005,
        0.1116,
        0.9803999999999999,
        0.054799999999999974,
        0.03120000000000002
      ],
      [
        -0.17999999999999997,
        -0.05080000000000002,
        0.054799999999999974,
        0.9676,
        -0.4456
      ],
      [
        0.07999999999999999,
        0.06480000000000002,
        0.03120000000000002,
        -0.4456,
        0.9936
      ]
    ],
    [
      [
        1.0,
        -0.36,
        -2.7755575615628914e-17,
        -0.10000000000000003,
        0.08000000000000004
      ],
      [
        -0.36,
        0.9936,
        0.0272,
        0.10480000000000005,
        -0.08959999999999999
      ],
      [
        -2.7755575615628914e-17,
        0.0272,
        0.9743999999999999,
        0.06960000000000002,
        0.020800000000000082
      ],
      [
        -0.10000000000000003,
        0.10480000000000005,
        0.06960000000000002,
        0.9964,
        -0.37279999999999996
      ],
      [
        0.08000000000000004,
        -0.08959999999999999,
        0.020800000000000082,
        -0.37279999999999996,
        0.9856
      ]
    ],
    [
      [
        0.9964,
        -0.34959999999999997,
        -0.05079999999999999,
        0.07640000000000001,
        -0.013199999999999948
      ],
      [
        -0.34959999999999997,
        0.9743999999999999,
        0.15119999999999997,
        0.09039999999999991,
        0.06480000000000001
      ],
      [
        -0.05079999999999999,
        0.15119999999999997,
        0.9676,
        0.14919999999999997,
        -0.03960000000000002
      ],
      [
        0.07640000000000001,
        0.09039999999999991,
        0.14919999999999997,
        0.9964,
        -0.4932000000000001
      ],
      [
        -0.013199999999999948,
        0.06480000000000001,
        -0.03960000000000002,
        -0.4932000000000001,
        0.9516000000000001
      ]
    ],
    [
      [
        0.9996,
        -0.54,
        -0.19560000000000008,
        0.07799999999999996,
        -0.03959999999999998
      ],
      [
        -0.54,
        1.0,
        0.22000000000000008,
        -0.1,
        0.060000000000000026
      ],
      [
        -0.19560000000000008,
        0.22000000000000008,
        0.9516,
        -0.21799999999999994,
        0.07560000000000007
      ],
      [
        0.07799999999999996,
        -0.1,
        -0.21799999999999994,
        0.99,
        -0.678
      ],
      [
        -0.03959999999999998,
        0.060000000000000026,
        0.07560000000000007,
        -0.678,
        0.9996000000000003
      ]
    ],
    [
      [
        0.9803999999999999,
        -0.47720000000000007,
        0.0031999999999999737,
        0.1404,
        -0.21440000000000003
      ],
      [
        -0.47720000000000007,
        0.9996,
        0.02240000000000005,
        -0.2372,
        0.13920000000000002
      ],
      [
        0.0031999999999999737,
        0.02240000000000005,
        0.9856,
        0.2431999999999999,
        -0.3152
      ],
      [
        0.1404,
        -0.2372,
        0.2431999999999999,
        0.9804,
        -0.8544
      ],
      [
        -0.21440000000000003,
        0.13920000000000002,
        -0.3152,
        -0.8544,
        0.9984
      ]
    ],
    [
      [
        0.99,
        -0.598,
        -0.2759999999999999,
        0.07800000000000001,
        -0.05799999999999994
      ],
      [
        -0.598,
        0.9996,
        0.29519999999999996,
        0.00039999999999997297,
        0.03559999999999989
      ],
      [
        -0.2759999999999999,
        0.29519999999999996,
        0.9423999999999999,
        -0.09519999999999994,
        0.16719999999999993
      ],
      [
        0.07800000000000001,
        0.00039999999999997297,
        -0.09519999999999994,
        0.9996,
        -0.6756
      ],
      [
        -0.05799999999999994,
        0.03559999999999989,
        0.16719999999999993,
        -0.6756,
        0.9516
      ]
    ],
    [
      [
        0.99,
        -0.406,
        -0.236,
        -0.04599999999999999,
        0.005999999999999966
      ],
      [
        -0.406,
        0.9964,
        0.17039999999999994,
        -0.0036000000000000064,
        0.12359999999999999
      ],
      [
        -0.236,
        0.17039999999999994,
        0.9743999999999999,
        0.17039999999999997,
        -0.09040000000000009
      ],
      [
        -0.04599999999999999,
        -0.0036000000000000064,
        0.17039999999999997,
        0.9964,
        -0.7564
      ],
      [
        0.005999999999999966,
        0.12359999999999999,
        -0.09040000000000009,
        -0.7564,
        0.9964
      ]
    ],
    [
      [
        0.9804,
        -0.5516,
        -0.14520000000000002,
        -0.09400000000000008,
        0.094
      ],
      [
        -0.5516,
        0.9964,
        0.21080000000000002,
        -0.033999999999999975,
        -0.045999999999999985
      ],
      [
        -0.14520000000000002,
        0.21080000000000002,
        0.9676,
        -0.13800000000000004,
        0.058000000000000024
      ],
      [
        -0.09400000000000008,
        -0.033999999999999975,
        -0.13800000000000004,
        0.99,
        -0.87
      ],
      [
        0.094,
        -0.045999999999999985,
        0.058000000000000024,
        -0.87,
        0.99
      ]
    ],
    [
      [
        0.9964,
        -0.47880000000000006,
        -0.29080000000000006,
        0.040799999999999975,
        -0.05279999999999999
      ],
      [
        -0.47880000000000006,
        0.9996,
        0.32360000000000005,
        -0.013600000000000001,
        -0.022399999999999958
      ],
      [
        -0.29080000000000006,
        0.32360000000000005,
        0.9676,
        0.002399999999999944,
        0.0015999999999999938
      ],
      [
        0.040799999999999975,
        -0.013600000000000001,
        0.002399999999999944,
        0.8976000000000002,
        -0.7616
      ],
      [
        -0.05279999999999999,
        -0.022399999999999958,
        0.0015999999999999938,
        -0.7616,
        0.9856
      ]
    ],
    [
      [
        1.0,
        -0.6000000000000001,
        -0.64,
        -0.08000000000000004,
        0.04000000000000001
      ],
      [
        -0.6000000000000001,
        0.9936,
        0.6271999999999999,
        -0.0032000000000000266,
        -0.0032000000000000123
      ],
      [
        -0.64,
        0.6271999999999999,
        0.9743999999999999,
        0.11360000000000002,
        -0.08640000000000005
      ],
      [
        -0.08000000000000004,
        -0.0032000000000000266,
        0.11360000000000002,
        0.9984,
        -0.8416
      ],
      [
        0.04000000000000001,
        -0.0032000000000000123,
        -0.08640000000000005,
        -0.8416,
        0.9984
      ]
    ],
    [
      [
        1.0,
        -0.44000000000000006,
        -0.36,
        0.15999999999999998,
        -0.09999999999999998
      ],
      [
        -0.44000000000000006,
        0.9936,
        0.6368,
        -0.07360000000000001,
        0.04559999999999999
      ],
      [
        -0.36,
        0.6368,
        0.9984,
        -0.07680000000000003,
        0.012799999999999954
      ],
      [
        0.15999999999999998,
        -0.07360000000000001,
        -0.07680000000000003,
        0.9936,
        -0.8856000000000002
      ],
      [
        -0.09999999999999998,
        0.04559999999999999,
        0.012799999999999954,
        -0.8856000000000002,
        0.9676
      ]
    ],
    [
      [
        0.9676,
        -0.23639999999999997,
        -0.18120000000000003,
        -0.2252,
        0.10920000000000002
      ],
      [
        -0.23639999999999997,
        0.9996,
        0.44680000000000014,
        -0.07719999999999999,
        0.0011999999999999743
      ],
      [
        -0.18120000000000003,
        0.44680000000000014,
        0.8844000000000001,
        -0.007600000000000037,
        0.019599999999999968
      ],
      [
        -0.2252,
        -0.07719999999999999,
        -0.007600000000000037,
        0.9804,
        -0.7684
      ],
      [
        0.10920000000000002,
        0.0011999999999999743,
        0.019599999999999968,
        -0.7684,
        0.9964
      ]
    ],
    [
      [
        0.99,
        -0.6060000000000001,
        -0.502,
        0.17000000000000007,
        -0.2400000000000001
      ],
      [
        -0.6060000000000001,
        0.9964,
        0.5068,
        -0.23400000000000007,
        0.168
      ],
      [
        -0.502,
        0.5068,
        0.9516,
        -0.09799999999999996,
        0.09599999999999999
      ],
      [
        0.17000000000000007,
        -0.23400000000000007,
        -0.09799999999999996,
        0.99,
        -0.8800000000000001
      ],
      [
        -0.2400000000000001,
        0.168,
        0.09599999999999999,
        -0.8800000000000001,
        0.9600000000000002
      ]
    ],
    [
      [
        0.9936,
        -0.3448000000000001,
        -0.532,
        0.018399999999999958,
        0.08640000000000003
      ],
      [
        -0.3448000000000001,
        0.9964,
        0.5660000000000001,
        -0.0011999999999999444,
        -0.0552
      ],
      [
        -0.532,
        0.5660000000000001,
        0.99,
        -0.07800000000000001,
        0.012000000000000012
      ],
      [
        0.018399999999999958,
        -0.0011999999999999444,
        -0.07800000000000001,
        0.9996,
        -0.7384
      ],
      [
        0.08640000000000003,
        -0.0552,
        0.012000000000000012,
        -0.7384,
        0.9936
      ]
    ],
    [
      [
        0.9996,
        -0.45840000000000003,
        -0.4044,
        -0.020799999999999933,
        -0.059199999999999996
      ],
      [
        -0.45840000000000003,
        0.9936,
        0.4776,
        -0.11680000000000003,
        0.11679999999999997
      ],
      [
        -0.4044,
        0.4776,
        0.9516,
        -0.06880000000000004,
        0.10880000000000008
      ],
      [
        -0.020799999999999933,
        -0.11680000000000003,
        -0.06880000000000004,
        0.9984,
        -0.9184
      ],
      [
        -0.059199999999999996,
        0.11679999999999997,
        0.10880000000000008,
        -0.9184,
        0.9984
      ]
    ],
    [
      [
        0.9936,
        -0.21839999999999998,
        -0.3688,
        -0.05200000000000002,
        0.07999999999999996
      ],
      [
        -0.21839999999999998,
        0.9996,
        0.5172,
        -0.04199999999999992,
        -0.1
      ],
      [
        -0.3688,
        0.5172,
        0.9804,
        -0.054000000000000006,
        -0.020000000000000046
      ],
      [
        -0.05200000000000002,
        -0.04199999999999992,
        -0.054000000000000006,
        0.99,
        -0.8200000000000001
      ],
      [
        0.07999999999999996,
        -0.1,
        -0.020000000000000046,
        -0.8200000000000001,
        1.0
      ]
    ],
    [
      [
        0.9964,
        -0.3564,
        -0.30239999999999995,
        0.12360000000000006,
        -0.06480000000000002
      ],
      [
        -0.3564,
        0.9964,
        0.5423999999999999,
        -0.04360000000000001,
        0.02480000000000002
      ],
      [
        -0.30239999999999995,
        0.5423999999999999,
        0.9984,
        -0.05760000000000002,
        0.07679999999999995
      ],
      [
        0.12360000000000006,
        -0.04360000000000001,
        -0.05760000000000002,
        0.9964,
        -0.8552000000000001
      ],
      [
        -0.06480000000000002,
        0.02480000000000002,
        0.07679999999999995,
        -0.8552000000000001,
        0.9936
      ]
    ],
    [
      [
        0.9964,
        -0.5072,
        -0.4156,
        0.012799999999999914,
        -0.00119999999999998
      ],
      [
        -0.5072,
        0.9856,
        0.6288,
        -0.054399999999999976,
        0.0176
      ],
      [
        -0.4156,
        0.6288,
        0.9324,
        0.10880000000000008,
        -0.12519999999999998
      ],
      [
        0.012799999999999914,
        -0.054399999999999976,
        0.10880000000000008,
        0.9856,
        -0.8624
      ],
      [
        -0.00119999999999998,
        0.0176,
        -0.12519999999999998,
        -0.8624,
        0.9996
      ]
    ],
    [
      [
        0.9936,
        -0.3504000000000001,
        -0.4712000000000002,
        0.11439999999999993,
        -0.11759999999999997
      ],
      [
        -0.3504000000000001,
        0.9856,
        0.6368,
        -0.12160000000000003,
        0.08640000000000006
      ],
      [
        -0.4712000000000002,
        0.6368,
        0.9804,
        -0.014800000000000098,
        0.04920000000000011
      ],
      [
        0.11439999999999993,
        -0.12160000000000003,
        -0.014800000000000098,
        0.9676,
        -0.8004
      ],
      [
        -0.11759999999999997,
        0.08640000000000006,
        0.04920000000000011,
        -0.8004,
        0.9516
      ]
    ]
  ]
}