{
  "settings_list": [
    [
      4.663577174492889,
      2.654940820446295,
      4.67113356825594,
      0.24715863955827208,
      2.140742711605666,
      2.7121204118421405,
      1.329509889999115,
      1.076373541334421,
      3.704294489692401,
      4.923639867734517,
      2.037044256360791,
      5.677736573808746,
      5.3196418767760605,
      2.883244198054782,
      2.238467955681483
    ],
    [
      4.614293974492889,
      2.439044532446295,
      4.66174960025594,
      0.1876805595582721,
      2.0385778156056658,
      2.6740679638421403,
      1.336880481999115,
      1.068190085334421,
      3.687097945692401,
      4.923462971734517,
      1.9839054723607912,
      5.724589309808746,
      5.292733588776061,
      2.837392614054782,
      2.205230803681483
    ],
    [
      4.583174870492889,
      2.244556212446295,
      4.67058992025594,
      0.1088749275582721,
      1.8356839916056658,
      2.5845331158421403,
      1.344936161999115,
      1.0472943413344211,
      3.700644057692401,
      4.947629499734517,
      2.0163216003607913,
      5.737454077808746,
      5.234014740776061,
      2.877730790054782,
      2.216764371681483
    ],
    [
      4.594047350492889,
      2.147948692446295,
      4.62329376025594,
      0.02805380755827211,
      1.7494841516056656,
      2.56261295584214,
      1.387048001999115,
      1.088070661334421,
      3.7090058176924012,
      4.938596539734517,
      2.0564256003607913,
      5.7381716778087455,
      5.200364020776061,
      2.9959267900547824,
      2.221544531681483
    ],
    [
      4.540297078492888,
      2.027557108446295,
      4.61005123225594,
      0.03894907155827212,
      1.6885806636056657,
      2.5396472278421403,
      1.415152897999115,
      1.2253088373344212,
      3.758798105692401,
      4.924211803734517,
      2.087950944360791,
      5.695029437808746,
      5.167541108776061,
      3.1074158780547823,
      2.237156691681483
    ],
    [
      4.471575958492888,
      1.894436724446295,
      4.61038361625594,
      -0.001618576441727887,
      1.6159058476056658,
      2.5300658198421404,
      1.408028321999115,
      1.3471895413344213,
      3.717390937692401,
      4.864403195734517,
      2.199413600360791,
      5.705355325808745,
      5.034437972776061,
      3.2430210620547824,
      2.230983347681483
    ],
    [
      4.475408086492888,
      1.781534324446295,
      4.63088012825594,
      -0.031204944441727885,
      1.6233787436056657,
      2.4759762198421402,
      1.411714017999115,
      1.3025381493344212,
      3.7451602816924012,
      4.828896443734517,
      2.3414773443607912,
      5.694983741808746,
      4.944812820776061,
      3.4254400700547825,
      2.2571605636814827
    ],
    [
      4.501666166492888,
      1.708184564446295,
      4.65763776025594,
      -0.06890878444172788,
      1.6087865516056656,
      2.4237659478421403,
      1.450623969999115,
      1.3993644533344214,
      3.7871226816924013,
      4.794474523734517,
      2.4660711683607914,
      5.624922269808746,
      4.944120820776061,
      3.5137033980547825,
      2.235270963681483
    ],
    [
      4.528175542492888,
      1.664946068446295,
      4.76766617625594,
      -0.01302900844172785,
      1.5936325996056657,
      2.4798420118421403,
      1.405048353999115,
      1.3595802933344214,
      3.9681606016924014,
      4.752899963734517,
      2.5776815683607914,
      5.618825437808746,
      4.758445780776061,
      3.6117739260547825,
      2.324684851681483
    ],
    [
      4.564116342492888,
      1.6411161804462948,
      4.757898560255939,
      -0.02132033644172778,
      1.5787023596056657,
      2.4165264918421405,
      1.4847592019991152,
      1.4597669813344214,
      3.9530219776924014,
      4.566469563734517,
      2.6324364483607914,
      5.645572189808746,
      4.81246722077606,
      3.6419977340547827,
      2.2278785796814833
    ],
    [
      4.567946614492888,
      1.6606661324462948,
      4.717630272255939,
      0.05079895955827215,
      1.5781614316056658,
      2.3889934358421407,
      1.4438132819991152,
      1.5011447733344214,
      3.9598128896924014,
      4.622860731734518,
      2.7157685443607913,
      5.627134557808746,
      4.772977940776061,
      3.6983650940547825,
      2.2158419716814834
    ],
    [
      4.5888018464928875,
      1.6258992204462948,
      4.647326432255939,
      0.053157487558272175,
      1.5512190316056658,
      2.391024987842141,
      1.489016641999115,
      1.4972694773344215,
      3.9824452416924014,
      4.646708891734518,
      2.646819520360791,
      5.620694685808746,
      4.7937722447760605,
      3.6412330940547823,
      2.2030995396814834
    ],
    [
      4.575739094492888,
      1.6491996684462948,
      4.695606976255939,
      0.06550081555827209,
      1.5326543916056659,
      2.3811741078421407,
      1.4568558099991151,
      1.5639221813344215,
      4.048453433692401,
      4.675200891734518,
      2.713773472360791,
      5.624165789808746,
      4.732776884776061,
      3.5899947580547824,
      2.2481483716814834
    ],
    [
      4.631177494492888,
      1.6136502924462948,
      4.699269184255939,
      0.07937953555827205,
      1.590461047605666,
      2.4070673558421407,
      1.5466048019991152,
      1.5627248053344216,
      4.045741881692401,
      4.594852539734518,
      2.727995680360791,
      5.619810653808746,
      4.7458175887760605,
      3.6004336060547826,
      2.2804009156814833
    ],
    [
      4.562616214492888,
      1.6035110284462948,
      4.698680896255938,
      0.08368801555827213,
      1.5006893996056658,
      2.473372059842141,
      1.6067182739991153,
      1.5637168053344217,
      3.964414073692401,
      4.5206307797345175,
      2.654696544360791,
      5.684115997808746,
      4.79378584477606,
      3.5262342460547824,
      2.2533995076814834
    ],
    [
      4.544481814492888,
      1.5660230284462948,
      4.688562496255939,
      0.03755361555827215,
      1.528954999605666,
      2.5076344598421407,
      1.6181774739991153,
      1.5422992053344218,
      3.933834873692401,
      4.561517179734517,
      2.710757344360791,
      5.719456797808746,
      4.795213044776061,
      3.5819014460547822,
      2.2829899076814835
    ],
    [
      4.497797014492887,
      1.6183327884462948,
      4.647594976255939,
      0.017205935558272142,
      1.5958377196056661,
      2.5701051798421406,
      1.6450702739991152,
      1.4368529653344218,
      3.9532371136924014,
      4.5377378197345175,
      2.654820864360791,
      5.681071837808746,
      4.73625368477606,
      3.5724641660547825,
      2.3051471876814835
    ],
    [
      4.482528086492887,
      1.590320148446295,
      4.674045056255939,
      0.0662366235582721,
      1.480712951605666,
      2.5606855958421404,
      1.7102280339991152,
      1.4870752373344218,
      3.9860274816924015,
      4.628153211734517,
      2.683814176360791,
      5.6250239018087465,
      4.77953650077606,
      3.6317756540547825,
      2.3175638596814836
    ],
    [
      4.563317302492887,
      1.510675572446295,
      4.6671781762559394,
      0.12036100755827214,
      1.5534734956056662,
      2.5611701718421402,
      1.7924956499991151,
      1.5328615733344217,
      3.9782767296924013,
      4.630918203734518,
      2.7003467843607907,
      5.634987133808746,
      4.78115301277606,
      3.6170052860547823,
      2.2689756996814836
    ],
    [
      4.517315190492887,
      1.5291099404462951,
      4.646454016255939,
      0.15952113555827216,
      1.591689239605666,
      2.5845151958421404,
      1.7855678419991152,
      1.5891075253344218,
      3.9410466496924013,
      4.592660411734517,
      2.7150601283607907,
      5.594967485808746,
      4.76391755677606,
      3.6172057980547825,
      2.2486553796814834
    ],
    [
      4.560050550492887,
      1.585514676446295,
      4.6484208322559395,
      0.13629099155827215,
      1.5760291436056661,
      2.5384346838421403,
      1.8062465619991153,
      1.4973160693344219,
      4.002601945692401,
      4.582405691734517,
      2.7559624643607905,
      5.693944989808745,
      4.87071630877606,
      3.6531958140547824,
      2.1927451076814832
    ]
  ],
  "cost_vals": [],
  "step_size": 0.1,
  "opt_step_times": [
    77.00270390510559,
    48.2254536151886,
    20.900150775909424,
    51.96235656738281,
    37.94501185417175,
    70.14553213119507,
    84.10652899742126,
    90.45914101600647,
    76.14288592338562,
    79.31992220878601,
    67.77213287353516,
    105.09624528884888,
    97.8773365020752,
    40.546905279159546,
    36.74721097946167,
    49.42933702468872,
    63.91620492935181,
    51.85010528564453,
    48.489572286605835,
    45.057384729385376
  ],
  "opt_settings": [
    4.560050550492887,
    1.585514676446295,
    4.6484208322559395,
    0.13629099155827215,
    1.5760291436056661,
    2.5384346838421403,
    1.8062465619991153,
    1.4973160693344219,
    4.002601945692401,
    4.582405691734517,
    2.7559624643607905,
    5.693944989808745,
    4.87071630877606,
    3.6531958140547824,
    2.1927451076814832
  ],
  "min_cost": null,
  "datetime": "2023-05-22T16-21-11Z",
  "step_only": true,
  "ibm_device": "ibmq_qasm_simulator",
  "shots": 100,
  "prep_node_name": "W_state_2-qubit_ghz_state",
  "num_qubits": 5,
  "error": false,
  "cov_mats": [
    [
      [
        0.99,
        0.2440000000000001,
        0.554,
        0.13199999999999998,
        -0.2599999999999999
      ],
      [
        0.2440000000000001,
        0.9424,
        0.5544,
        -0.06079999999999993,
        0.04000000000000006
      ],
      [
        0.554,
        0.5544,
        0.9964,
        0.0952,
        -0.09999999999999998
      ],
      [
        0.13199999999999998,
        -0.06079999999999993,
        0.0952,
        0.9936,
        4.662936703425657e-17
      ],
      [
        -0.2599999999999999,
        0.04000000000000006,
        -0.09999999999999998,
        4.662936703425657e-17,
        1.0
      ]
    ],
    [
      [
        0.9743999999999999,
        0.4191999999999999,
        0.6943999999999999,
        -0.15999999999999995,
        -0.06720000000000007
      ],
      [
        0.4191999999999999,
        0.9856,
        0.5392,
        -0.24,
        -0.20960000000000004
      ],
      [
        0.6943999999999999,
        0.5392,
        0.9743999999999999,
        -0.07999999999999996,
        -0.18720000000000006
      ],
      [
        -0.15999999999999995,
        -0.24,
        -0.07999999999999996,
        1.0,
        0.04000000000000006
      ],
      [
        -0.06720000000000007,
        -0.20960000000000004,
        -0.18720000000000006,
        0.04000000000000006,
        0.9935999999999999
      ]
    ],
    [
      [
        0.9984,
        0.5791999999999999,
        0.6608,
        0.1808,
        -0.08159999999999999
      ],
      [
        0.5791999999999999,
        0.9996,
        0.6404,
        -0.07960000000000002,
        -0.020799999999999964
      ],
      [
        0.6608,
        0.6404,
        0.9996,
        0.03960000000000001,
        -0.09920000000000001
      ],
      [
        0.1808,
        -0.07960000000000002,
        0.03960000000000001,
        0.9996,
        -0.13919999999999996
      ],
      [
        -0.08159999999999999,
        -0.020799999999999964,
        -0.09920000000000001,
        -0.13919999999999996,
        0.9984
      ]
    ],
    [
      [
        0.9984,
        0.5631999999999998,
        0.5599999999999999,
        0.07679999999999998,
        0.003199999999999948
      ],
      [
        0.5631999999999998,
        0.9936,
        0.6,
        0.04640000000000002,
        -0.12640000000000004
      ],
      [
        0.5599999999999999,
        0.6,
        1.0,
        0.04000000000000004,
        -0.03999999999999999
      ],
      [
        0.07679999999999998,
        0.04640000000000002,
        0.04000000000000004,
        0.9936,
        -0.2336
      ],
      [
        0.003199999999999948,
        -0.12640000000000004,
        -0.03999999999999999,
        -0.2336,
        0.9936
      ]
    ],
    [
      [
        0.9935999999999999,
        0.6304000000000001,
        0.76,
        0.06799999999999996,
        0.005600000000000022
      ],
      [
        0.6304000000000001,
        0.9856,
        0.6400000000000001,
        0.07199999999999998,
        0.03840000000000002
      ],
      [
        0.76,
        0.6400000000000001,
        1.0,
        0.019999999999999962,
        0.06
      ],
      [
        0.06799999999999996,
        0.07199999999999998,
        0.019999999999999962,
        0.99,
        -0.2619999999999999
      ],
      [
        0.005600000000000022,
        0.03840000000000002,
        0.06,
        -0.2619999999999999,
        0.9676
      ]
    ],
    [
      [
        0.9936,
        0.628,
        0.6336000000000002,
        -0.06159999999999997,
        -0.11680000000000001
      ],
      [
        0.628,
        0.99,
        0.7080000000000001,
        0.001999999999999997,
        -0.06399999999999997
      ],
      [
        0.6336000000000002,
        0.7080000000000001,
        0.9936,
        0.018399999999999993,
        -0.19680000000000006
      ],
      [
        -0.06159999999999997,
        0.001999999999999997,
        0.018399999999999993,
        0.9996,
        -0.4992
      ],
      [
        -0.11680000000000001,
        -0.06399999999999997,
        -0.19680000000000006,
        -0.4992,
        0.9984000000000002
      ]
    ],
    [
      [
        0.9856,
        0.7504000000000001,
        0.728,
        -0.10240000000000005,
        0.19200000000000012
      ],
      [
        0.7504000000000001,
        0.9936,
        0.732,
        -0.10160000000000005,
        0.18800000000000003
      ],
      [
        0.728,
        0.732,
        0.99,
        -0.12200000000000004,
        0.21000000000000002
      ],
      [
        -0.10240000000000005,
        -0.10160000000000005,
        -0.12200000000000004,
        0.9996,
        -0.798
      ],
      [
        0.19200000000000012,
        0.18800000000000003,
        0.21000000000000002,
        -0.798,
        0.99
      ]
    ],
    [
      [
        1.0,
        0.8200000000000001,
        0.72,
        0.060000000000000026,
        -0.08000000000000004
      ],
      [
        0.8200000000000001,
        0.9964,
        0.7424,
        0.001200000000000002,
        -0.020000000000000018
      ],
      [
        0.72,
        0.7424,
        0.9984,
        0.019200000000000016,
        -0.040000000000000036
      ],
      [
        0.060000000000000026,
        0.001200000000000002,
        0.019200000000000016,
        0.9996,
        -0.98
      ],
      [
        -0.08000000000000004,
        -0.020000000000000018,
        -0.040000000000000036,
        -0.98,
        1.0
      ]
    ],
    [
      [
        0.9964,
        0.5188,
        0.7588,
        -0.09039999999999998,
        0.09039999999999998
      ],
      [
        0.5188,
        0.9996,
        0.6796,
        -0.016800000000000016,
        0.016800000000000016
      ],
      [
        0.7588,
        0.6796,
        0.9996,
        -0.05679999999999997,
        0.05679999999999997
      ],
      [
        -0.09039999999999998,
        -0.016800000000000016,
        -0.05679999999999997,
        0.9744,
        -0.9744
      ],
      [
        0.09039999999999998,
        0.016800000000000016,
        0.05679999999999997,
        -0.9744,
        0.9744
      ]
    ],
    [
      [
        0.9964,
        0.7163999999999999,
        0.5824,
        0.029199999999999955,
        -0.029199999999999955
      ],
      [
        0.7163999999999999,
        0.9964,
        0.7023999999999999,
        -0.05080000000000006,
        0.05080000000000006
      ],
      [
        0.5824,
        0.7023999999999999,
        0.9984,
        -0.012799999999999957,
        0.012799999999999957
      ],
      [
        0.029199999999999955,
        -0.05080000000000006,
        -0.012799999999999957,
        0.9676,
        -0.9676
      ],
      [
        -0.029199999999999955,
        0.05080000000000006,
        0.012799999999999957,
        -0.9676,
        0.9676
      ]
    ],
    [
      [
        0.99,
        0.706,
        0.728,
        0.23200000000000004,
        -0.21400000000000002
      ],
      [
        0.706,
        0.9804,
        0.7232,
        0.1568,
        -0.1396
      ],
      [
        0.728,
        0.7232,
        0.9855999999999999,
        0.25440000000000007,
        -0.23680000000000004
      ],
      [
        0.23200000000000004,
        0.1568,
        0.25440000000000007,
        0.9856,
        -0.9632000000000001
      ],
      [
        -0.21400000000000002,
        -0.1396,
        -0.23680000000000004,
        -0.9632000000000001,
        0.9804
      ]
    ],
    [
      [
        0.9984,
        0.43520000000000003,
        0.6176,
        -0.0256,
        0.0256
      ],
      [
        0.43520000000000003,
        0.9856,
        0.5728000000000001,
        -0.07680000000000006,
        0.07680000000000006
      ],
      [
        0.6176,
        0.5728000000000001,
        0.9964,
        -0.12840000000000007,
        0.12840000000000007
      ],
      [
        -0.0256,
        -0.07680000000000006,
        -0.12840000000000007,
        0.9803999999999999,
        -0.9803999999999999
      ],
      [
        0.0256,
        0.07680000000000006,
        0.12840000000000007,
        -0.9803999999999999,
        0.9803999999999999
      ]
    ],
    [
      [
        0.9984000000000001,
        0.7808,
        0.6783999999999999,
        0.08639999999999994,
        -0.08639999999999994
      ],
      [
        0.7808,
        0.9996,
        0.6608000000000002,
        0.056799999999999996,
        -0.056799999999999996
      ],
      [
        0.6783999999999999,
        0.6608000000000002,
        0.9984,
        0.04639999999999992,
        -0.04639999999999992
      ],
      [
        0.08639999999999994,
        0.056799999999999996,
        0.04639999999999992,
        0.9744,
        -0.9744
      ],
      [
        -0.08639999999999994,
        -0.056799999999999996,
        -0.04639999999999992,
        -0.9744,
        0.9744
      ]
    ],
    [
      [
        0.9964,
        0.5751999999999999,
        0.62,
        -0.1684,
        0.1684
      ],
      [
        0.5751999999999999,
        0.9936,
        0.68,
        -0.03120000000000004,
        0.03120000000000004
      ],
      [
        0.62,
        0.68,
        1.0,
        -0.01999999999999999,
        0.01999999999999999
      ],
      [
        -0.1684,
        -0.03120000000000004,
        -0.01999999999999999,
        0.9804,
        -0.9804
      ],
      [
        0.1684,
        0.03120000000000004,
        0.01999999999999999,
        -0.9804,
        0.9804
      ]
    ],
    [
      [
        1.0,
        0.76,
        0.72,
        -0.18000000000000002,
        0.18000000000000002
      ],
      [
        0.76,
        0.9984,
        0.6751999999999999,
        -0.10400000000000004,
        0.10400000000000004
      ],
      [
        0.72,
        0.6751999999999999,
        0.9855999999999999,
        -0.152,
        0.152
      ],
      [
        -0.18000000000000002,
        -0.10400000000000004,
        -0.152,
        0.99,
        -0.99
      ],
      [
        0.18000000000000002,
        0.10400000000000004,
        0.152,
        -0.99,
        0.99
      ]
    ],
    [
      [
        0.9964,
        0.5916,
        0.6036000000000001,
        -0.10920000000000005,
        0.10920000000000005
      ],
      [
        0.5916,
        0.9803999999999999,
        0.6484,
        0.025199999999999962,
        -0.025199999999999962
      ],
      [
        0.6036000000000001,
        0.6484,
        0.9964,
        -0.0908,
        0.0908
      ],
      [
        -0.10920000000000005,
        0.025199999999999962,
        -0.0908,
        0.9676,
        -0.9676
      ],
      [
        0.10920000000000005,
        -0.025199999999999962,
        0.0908,
        -0.9676,
        0.9676
      ]
    ],
    [
      [
        0.9856,
        0.608,
        0.6528,
        -0.04480000000000001,
        0.027200000000000054
      ],
      [
        0.608,
        0.99,
        0.674,
        -0.023999999999999994,
        0.006000000000000031
      ],
      [
        0.6528,
        0.674,
        0.9964,
        0.017600000000000015,
        -0.036399999999999974
      ],
      [
        -0.04480000000000001,
        -0.023999999999999994,
        0.017600000000000015,
        0.9984,
        -0.9776
      ],
      [
        0.027200000000000054,
        0.006000000000000031,
        -0.036399999999999974,
        -0.9776,
        0.9964
      ]
    ],
    [
      [
        0.99,
        0.6039999999999999,
        0.6619999999999999,
        -0.03999999999999999,
        0.03999999999999999
      ],
      [
        0.6039999999999999,
        0.9743999999999999,
        0.7111999999999999,
        0.007999999999999924,
        -0.007999999999999924
      ],
      [
        0.6619999999999999,
        0.7111999999999999,
        0.9676,
        -0.01599999999999998,
        0.01599999999999998
      ],
      [
        -0.03999999999999999,
        0.007999999999999924,
        -0.01599999999999998,
        0.96,
        -0.96
      ],
      [
        0.03999999999999999,
        -0.007999999999999924,
        0.01599999999999998,
        -0.96,
        0.96
      ]
    ],
    [
      [
        0.99,
        0.612,
        0.6439999999999999,
        -0.08600000000000002,
        0.08600000000000002
      ],
      [
        0.612,
        0.9936,
        0.6271999999999999,
        -0.024800000000000016,
        0.024800000000000016
      ],
      [
        0.6439999999999999,
        0.6271999999999999,
        0.9743999999999999,
        0.010399999999999939,
        -0.010399999999999939
      ],
      [
        -0.08600000000000002,
        -0.024800000000000016,
        0.010399999999999939,
        0.9964,
        -0.9964
      ],
      [
        0.08600000000000002,
        0.024800000000000016,
        -0.010399999999999939,
        -0.9964,
        0.9964
      ]
    ],
    [
      [
        0.9856,
        0.7728,
        0.7103999999999999,
        0.11040000000000004,
        -0.11040000000000004
      ],
      [
        0.7728,
        0.9964,
        0.8152,
        0.09520000000000003,
        -0.09520000000000003
      ],
      [
        0.7103999999999999,
        0.8152,
        0.9936,
        0.11360000000000008,
        -0.11360000000000008
      ],
      [
        0.11040000000000004,
        0.09520000000000003,
        0.11360000000000008,
        0.9936,
        -0.9936
      ],
      [
        -0.11040000000000004,
        -0.09520000000000003,
        -0.11360000000000008,
        -0.9936,
        0.9936
      ]
    ],
    [
      [
        0.9964,
        0.7448,
        0.6812,
        -0.1752,
        0.17520000000000005
      ],
      [
        0.7448,
        0.9936,
        0.6584,
        -0.12640000000000004,
        0.16640000000000008
      ],
      [
        0.6812,
        0.6584,
        0.9996,
        -0.18160000000000004,
        0.22160000000000007
      ],
      [
        -0.1752,
        -0.12640000000000004,
        -0.18160000000000004,
        0.9936,
        -0.9536000000000002
      ],
      [
        0.17520000000000005,
        0.16640000000000008,
        0.22160000000000007,
        -0.9536000000000002,
        0.9936000000000001
      ]
    ]
  ]
}