{
  "settings_list": [
    [
      2.1116460087844655,
      4.160332455161476,
      6.25824701979229,
      4.1444744174738375,
      1.524374877072586,
      4.004827245297052,
      2.7482284245539312,
      1.338915643216301,
      2.3764340972651725,
      2.375924469557307,
      3.131481866942622,
      0.7853679075009934,
      4.268339521592512,
      3.1023642049814377,
      4.8081990434569715
    ],
    [
      2.0605795127844653,
      4.241281575161476,
      6.30996849179229,
      4.153455793473838,
      1.596396125072586,
      3.9523006532970517,
      2.7063388885539315,
      1.431114043216301,
      2.3451208172651725,
      2.288627573557307,
      3.162031498942622,
      0.7989397475009934,
      4.165198913592512,
      3.0377373889814376,
      4.792981123456972
    ],
    [
      2.092271256784465,
      4.438816455161476,
      6.25455780379229,
      4.1646457774738375,
      1.7035911650725861,
      3.8892254852970516,
      2.6732010005539317,
      1.538391131216301,
      2.3707498412651726,
      2.2042102295573067,
      3.081040010942622,
      0.7740534115009934,
      4.118229921592512,
      3.0473064769814378,
      4.850744739456972
    ],
    [
      2.034347736784465,
      4.443430919161476,
      6.25152826779229,
      4.174223921473837,
      1.773645757072586,
      3.9014412932970517,
      2.6250840085539315,
      1.503011515216301,
      2.4658643372651725,
      2.168093365557307,
      3.180436298942622,
      0.8217300515009933,
      4.047738721592512,
      3.097118636981438,
      4.874324931456972
    ],
    [
      2.0451381367844648,
      4.472317319161476,
      6.25854106779229,
      4.180598321473838,
      1.759208957072586,
      3.887082893297052,
      2.6136840085539315,
      1.442213115216301,
      2.4790659372651724,
      2.169653365557307,
      3.200162698942622,
      0.8340980515009933,
      4.016943521592512,
      3.0984130369814378,
      4.876611331456972
    ],
    [
      1.9549298167844649,
      4.561855495161476,
      6.23133338779229,
      4.180054161473837,
      1.696466717072586,
      3.854448173297052,
      2.5855385685539316,
      1.4804674512163007,
      2.5033410412651724,
      2.276453749557307,
      3.178029130942622,
      0.8195867555009932,
      4.068304289592512,
      3.074312364981438,
      4.892001379456971
    ],
    [
      1.928610584784465,
      4.645589639161476,
      6.18671949979229,
      4.193912593473837,
      1.6956578850725859,
      3.809673773297052,
      2.5913274965539315,
      1.5675961552163007,
      2.4594381932651723,
      2.2523646615573067,
      3.106661962942622,
      0.8007062435009932,
      4.000084257592512,
      3.152858028981438,
      4.919553251456971
    ],
    [
      1.991907000784465,
      4.652515783161476,
      6.17668625179229,
      4.225952849473837,
      1.6691680290725859,
      3.7636482372970517,
      2.5337567445539313,
      1.5580245392163006,
      2.4759701932651725,
      2.2385768855573067,
      3.073731178942622,
      0.7464202275009932,
      4.037516481592512,
      3.142867308981438,
      4.929037187456971
    ],
    [
      1.976098040784465,
      4.645881543161476,
      6.14755057179229,
      4.2127723694738375,
      1.671780509072586,
      3.8038632772970518,
      2.5284447445539313,
      1.5968446992163006,
      2.4729007532651726,
      2.2612700055573067,
      3.141382058942622,
      0.7890877475009932,
      4.027812161592512,
      3.005214828981438,
      4.938545667456971
    ],
    [
      1.9816482487844649,
      4.653088071161476,
      6.13066468379229,
      4.194217745473837,
      1.6400770850725859,
      3.8038228292970517,
      2.497268424553931,
      1.6092290832163005,
      2.4164792492651723,
      2.336262389557307,
      3.085467306942622,
      0.8052591395009931,
      4.011546817592512,
      3.0909122369814384,
      4.973066243456971
    ],
    [
      1.981180792784465,
      4.595677639161476,
      6.03910167579229,
      4.202281873473837,
      1.5794565410725858,
      3.813332973297052,
      2.540664520553931,
      1.5475819792163006,
      2.4061473452651723,
      2.337304181557307,
      3.090339882942622,
      0.8034817315009931,
      3.977480641592512,
      3.0767980609814383,
      4.974175363456971
    ],
    [
      2.0246420407844647,
      4.615896199161476,
      5.98511274779229,
      4.1806711214738375,
      1.5129535330725856,
      3.8267699332970517,
      2.553099080553931,
      1.5177750672163004,
      2.3727288172651724,
      2.251163573557307,
      3.1074505389426217,
      0.854292195500993,
      3.998136961592512,
      3.0481227969814384,
      5.026319651456971
    ],
    [
      1.9562628407844647,
      4.663632359161476,
      6.02726922779229,
      4.209605905473837,
      1.5588891810725856,
      3.751460589297052,
      2.419693320553931,
      1.6314971792163004,
      2.3302389932651724,
      2.365349813557307,
      3.0544300269426214,
      0.888867843500993,
      4.036609601592512,
      3.1159817089814386,
      4.964997923456971
    ],
    [
      1.9669335607844647,
      4.750216679161476,
      6.07188106779229,
      4.227124625473837,
      1.5918651810725855,
      3.722173549297052,
      2.380566920553931,
      1.5591874192163004,
      2.2848655532651723,
      2.351879093557307,
      3.1474604269426214,
      0.890355843500993,
      3.9312777615925123,
      3.0833794689814384,
      4.97614224345697
    ],
    [
      2.0445098167844646,
      4.759474631161476,
      6.074969963792291,
      4.2316663214738375,
      1.6226275170725855,
      3.758212237297052,
      2.365462728553931,
      1.5363067472163006,
      2.294990449265172,
      2.376511733557307,
      3.0710418029426214,
      0.855458499500993,
      3.9772851535925122,
      3.0735637569814385,
      4.9506216994569705
    ],
    [
      2.0918094007844648,
      4.697447399161476,
      6.086870731792291,
      4.143135505473838,
      1.5607702690725853,
      3.6988151812970522,
      2.347852872553931,
      1.6344184912163007,
      2.331981745265172,
      2.328282453557307,
      3.0970917869426215,
      0.895738755500993,
      3.954660641592512,
      3.1493103809814387,
      5.057275939456971
    ],
    [
      2.1702242487844647,
      4.753561831161476,
      6.095791819792291,
      4.1986014894738375,
      1.6819145890725853,
      3.6709718532970523,
      2.351559240553931,
      1.6321918032163005,
      2.368096945265172,
      2.308185941557307,
      3.0566601709426218,
      0.877378179500993,
      4.004909345592512,
      3.098847148981439,
      5.151998499456971
    ],
    [
      2.192996600784465,
      4.780437735161476,
      6.0722467317922915,
      4.258928913473838,
      1.6717824930725853,
      3.6756899332970523,
      2.312779464553931,
      1.6102322512163005,
      2.369383217265172,
      2.273648085557307,
      3.081936458942622,
      0.8838045475009929,
      4.007942305592512,
      3.099489324981439,
      5.112122787456971
    ],
    [
      2.204619320784465,
      4.816603879161476,
      6.082838219792292,
      4.236489041473838,
      1.6378985890725852,
      3.707319757297052,
      2.319960648553931,
      1.6410966352163006,
      2.4150061292651723,
      2.308304405557307,
      3.0396190189426218,
      0.8897140515009929,
      3.972613793592512,
      3.100986668981439,
      5.091830499456971
    ],
    [
      2.245364280784465,
      4.773624583161475,
      6.064778027792292,
      4.242846257473838,
      1.5521411170725852,
      3.6947434372970522,
      2.230982088553931,
      1.5377494352163006,
      2.4300803372651725,
      2.340911125557307,
      3.116921514942622,
      0.828079363500993,
      4.009431681592512,
      3.138283756981439,
      5.10316573145697
    ],
    [
      2.260773912784465,
      4.697452263161475,
      6.098965675792291,
      4.202936881473838,
      1.5210510370725852,
      3.6993877572970524,
      2.222643272553931,
      1.4852928592163006,
      2.4170167212651723,
      2.287549461557307,
      3.101413514942622,
      0.753660483500993,
      4.015493473592512,
      3.1584957569814387,
      5.164093955456971
    ]
  ],
  "cost_vals": [],
  "step_size": 0.1,
  "opt_step_times": [
    79.64994716644287,
    86.71163582801819,
    80.96951079368591,
    73.7287769317627,
    73.87313199043274,
    81.74610781669617,
    79.32946515083313,
    102.38608074188232,
    78.84044528007507,
    130.19059300422668,
    77.14149117469788,
    103.4408769607544,
    110.58531212806702,
    117.52184295654297,
    101.82531309127808,
    71.36680507659912,
    84.05949282646179,
    93.02605104446411,
    79.42250275611877,
    90.47326302528381
  ],
  "opt_settings": [
    2.260773912784465,
    4.697452263161475,
    6.098965675792291,
    4.202936881473838,
    1.5210510370725852,
    3.6993877572970524,
    2.222643272553931,
    1.4852928592163006,
    2.4170167212651723,
    2.287549461557307,
    3.101413514942622,
    0.753660483500993,
    4.015493473592512,
    3.1584957569814387,
    5.164093955456971
  ],
  "min_cost": null,
  "datetime": "2023-04-19T21-23-24Z",
  "step_only": true,
  "ibm_device": "ibmq_qasm_simulator",
  "shots": 100,
  "prep_node_name": "W_state_2-qubit_ghz_state",
  "num_qubits": 5,
  "cov_mats": [
    [
      [
        0.9856,
        -0.6303999999999998,
        -0.5584000000000001,
        -0.01759999999999999,
        0.02239999999999999
      ],
      [
        -0.6303999999999998,
        0.9936,
        0.4056,
        -0.06160000000000003,
        -0.0616
      ],
      [
        -0.5584000000000001,
        0.4056,
        0.9676,
        -0.0836,
        -0.0836
      ],
      [
        -0.01759999999999999,
        -0.06160000000000003,
        -0.0836,
        0.9996,
        0.9596
      ],
      [
        0.02239999999999999,
        -0.0616,
        -0.0836,
        0.9596,
        0.9996
      ]
    ],
    [
      [
        0.9855999999999999,
        -0.5408000000000001,
        -0.5376000000000001,
        -0.08000000000000002,
        -0.08000000000000002
      ],
      [
        -0.5408000000000001,
        0.9743999999999999,
        0.7368,
        0.16000000000000006,
        0.16000000000000006
      ],
      [
        -0.5376000000000001,
        0.7368,
        0.9996,
        0.1,
        0.1
      ],
      [
        -0.08000000000000002,
        0.16000000000000006,
        0.1,
        1.0000000000000002,
        1.0000000000000002
      ],
      [
        -0.08000000000000002,
        0.16000000000000006,
        0.1,
        1.0000000000000002,
        1.0000000000000002
      ]
    ],
    [
      [
        0.99,
        -0.44200000000000006,
        -0.546,
        0.05599999999999997,
        0.05599999999999997
      ],
      [
        -0.44200000000000006,
        0.9996,
        0.5228,
        -0.14080000000000004,
        -0.14080000000000004
      ],
      [
        -0.546,
        0.5228,
        0.9804,
        0.025600000000000005,
        0.025600000000000005
      ],
      [
        0.05599999999999997,
        -0.14080000000000004,
        0.025600000000000005,
        0.9983999999999998,
        0.9983999999999998
      ],
      [
        0.05599999999999997,
        -0.14080000000000004,
        0.025600000000000005,
        0.9983999999999998,
        0.9983999999999998
      ]
    ],
    [
      [
        0.9964,
        -0.7188,
        -0.6648000000000001,
        -0.005999999999999974,
        -0.005999999999999974
      ],
      [
        -0.7188,
        0.9996,
        0.7016000000000001,
        0.042,
        0.042
      ],
      [
        -0.6648000000000001,
        0.7016000000000001,
        0.9936,
        -0.10800000000000001,
        -0.10800000000000001
      ],
      [
        -0.005999999999999974,
        0.042,
        -0.10800000000000001,
        0.99,
        0.99
      ],
      [
        -0.005999999999999974,
        0.042,
        -0.10800000000000001,
        0.99,
        0.99
      ]
    ],
    [
      [
        0.9996,
        -0.6608000000000002,
        -0.6796,
        -0.05759999999999998,
        -0.05759999999999998
      ],
      [
        -0.6608000000000002,
        0.9984,
        0.7808,
        0.08479999999999993,
        0.08479999999999993
      ],
      [
        -0.6796,
        0.7808,
        0.9996,
        0.057600000000000005,
        0.057600000000000005
      ],
      [
        -0.05759999999999998,
        0.08479999999999993,
        0.057600000000000005,
        0.9856,
        0.9856
      ],
      [
        -0.05759999999999998,
        0.08479999999999993,
        0.057600000000000005,
        0.9856,
        0.9856
      ]
    ],
    [
      [
        0.9996,
        -0.6976,
        -0.7376,
        -0.01839999999999996,
        -0.03799999999999998
      ],
      [
        -0.6976,
        0.9855999999999999,
        0.7455999999999999,
        -0.009600000000000037,
        0.007999999999999976
      ],
      [
        -0.7376,
        0.7455999999999999,
        0.9855999999999999,
        -0.00960000000000001,
        0.008000000000000004
      ],
      [
        -0.01839999999999996,
        -0.009600000000000037,
        -0.00960000000000001,
        0.9936,
        0.972
      ],
      [
        -0.03799999999999998,
        0.007999999999999976,
        0.008000000000000004,
        0.972,
        0.99
      ]
    ],
    [
      [
        0.9984,
        -0.7183999999999999,
        -0.6608,
        -0.019200000000000016,
        -0.019200000000000016
      ],
      [
        -0.7183999999999999,
        0.9984,
        0.6608,
        0.019200000000000043,
        0.019200000000000043
      ],
      [
        -0.6608,
        0.6608,
        0.9996,
        -0.07960000000000002,
        -0.07960000000000002
      ],
      [
        -0.019200000000000016,
        0.019200000000000043,
        -0.07960000000000002,
        0.9996000000000003,
        0.9996000000000003
      ],
      [
        -0.019200000000000016,
        0.019200000000000043,
        -0.07960000000000002,
        0.9996000000000003,
        0.9996000000000003
      ]
    ],
    [
      [
        0.9984,
        -0.6991999999999999,
        -0.6015999999999999,
        -0.13599999999999995,
        -0.13599999999999995
      ],
      [
        -0.6991999999999999,
        0.9996,
        0.5808,
        0.07800000000000001,
        0.07800000000000001
      ],
      [
        -0.6015999999999999,
        0.5808,
        0.9984,
        0.224,
        0.224
      ],
      [
        -0.13599999999999995,
        0.07800000000000001,
        0.224,
        0.99,
        0.99
      ],
      [
        -0.13599999999999995,
        0.07800000000000001,
        0.224,
        0.99,
        0.99
      ]
    ],
    [
      [
        0.9424,
        -0.48160000000000003,
        -0.676,
        0.1904,
        0.1904
      ],
      [
        -0.48160000000000003,
        0.9743999999999999,
        0.524,
        -0.03360000000000004,
        -0.03360000000000004
      ],
      [
        -0.676,
        0.524,
        0.99,
        -0.17600000000000005,
        -0.17600000000000005
      ],
      [
        0.1904,
        -0.03360000000000004,
        -0.17600000000000005,
        0.9984,
        0.9984
      ],
      [
        0.1904,
        -0.03360000000000004,
        -0.17600000000000005,
        0.9984,
        0.9984
      ]
    ],
    [
      [
        0.9324,
        -0.5367999999999999,
        -0.7088,
        -0.13560000000000003,
        -0.13560000000000003
      ],
      [
        -0.5367999999999999,
        0.8976000000000001,
        0.44159999999999994,
        0.11919999999999996,
        0.11919999999999996
      ],
      [
        -0.7088,
        0.44159999999999994,
        0.9855999999999999,
        -0.012800000000000006,
        -0.012800000000000006
      ],
      [
        -0.13560000000000003,
        0.11919999999999996,
        -0.012800000000000006,
        0.9964,
        0.9964
      ],
      [
        -0.13560000000000003,
        0.11919999999999996,
        -0.012800000000000006,
        0.9964,
        0.9964
      ]
    ],
    [
      [
        0.9936,
        -0.612,
        -0.5968000000000001,
        -0.012800000000000006,
        -0.012800000000000006
      ],
      [
        -0.612,
        0.99,
        0.6160000000000001,
        -0.0040000000000000105,
        -0.0040000000000000105
      ],
      [
        -0.5968000000000001,
        0.6160000000000001,
        0.9984,
        -0.07359999999999998,
        -0.07359999999999998
      ],
      [
        -0.012800000000000006,
        -0.0040000000000000105,
        -0.07359999999999998,
        0.9743999999999999,
        0.9743999999999999
      ],
      [
        -0.012800000000000006,
        -0.0040000000000000105,
        -0.07359999999999998,
        0.9743999999999999,
        0.9743999999999999
      ]
    ],
    [
      [
        0.9964,
        -0.62,
        -0.6387999999999999,
        -0.03160000000000006,
        -0.010400000000000045
      ],
      [
        -0.62,
        1.0,
        0.6200000000000001,
        0.1,
        0.07999999999999999
      ],
      [
        -0.6387999999999999,
        0.6200000000000001,
        0.9996,
        0.07719999999999999,
        0.05679999999999997
      ],
      [
        -0.03160000000000006,
        0.1,
        0.07719999999999999,
        0.9804,
        0.9576000000000001
      ],
      [
        -0.010400000000000045,
        0.07999999999999999,
        0.05679999999999997,
        0.9576000000000001,
        0.9743999999999999
      ]
    ],
    [
      [
        0.9996,
        -0.6607999999999999,
        -0.6828,
        0.0004000000000000007,
        0.0004000000000000007
      ],
      [
        -0.6607999999999999,
        0.9984,
        0.6544,
        0.10080000000000003,
        0.10080000000000003
      ],
      [
        -0.6828,
        0.6544,
        0.9803999999999999,
        0.0028000000000000884,
        0.0028000000000000884
      ],
      [
        0.0004000000000000007,
        0.10080000000000003,
        0.0028000000000000884,
        0.9996,
        0.9996
      ],
      [
        0.0004000000000000007,
        0.10080000000000003,
        0.0028000000000000884,
        0.9996,
        0.9996
      ]
    ],
    [
      [
        0.9803999999999999,
        -0.4888,
        -0.5176000000000001,
        -0.13440000000000002,
        -0.13440000000000002
      ],
      [
        -0.4888,
        0.9936,
        0.6272,
        0.1568,
        0.1568
      ],
      [
        -0.5176000000000001,
        0.6272,
        0.9744,
        0.11360000000000003,
        0.11360000000000003
      ],
      [
        -0.13440000000000002,
        0.1568,
        0.11360000000000003,
        0.9984,
        0.9984
      ],
      [
        -0.13440000000000002,
        0.1568,
        0.11360000000000003,
        0.9984,
        0.9984
      ]
    ],
    [
      [
        0.9743999999999999,
        -0.6943999999999999,
        -0.5911999999999998,
        0.023199999999999967,
        0.023199999999999967
      ],
      [
        -0.6943999999999999,
        0.9743999999999999,
        0.5512,
        -0.06320000000000003,
        -0.06320000000000003
      ],
      [
        -0.5911999999999998,
        0.5512,
        0.9676,
        -0.04359999999999996,
        -0.04359999999999996
      ],
      [
        0.023199999999999967,
        -0.06320000000000003,
        -0.04359999999999996,
        0.9996,
        0.9996
      ],
      [
        0.023199999999999967,
        -0.06320000000000003,
        -0.04359999999999996,
        0.9996,
        0.9996
      ]
    ],
    [
      [
        0.9984,
        -0.6351999999999999,
        -0.5616,
        0.004799999999999979,
        0.004799999999999979
      ],
      [
        -0.6351999999999999,
        0.9856,
        0.6447999999999999,
        -0.13440000000000002,
        -0.13440000000000002
      ],
      [
        -0.5616,
        0.6447999999999999,
        0.9984,
        -0.03520000000000001,
        -0.03520000000000001
      ],
      [
        0.004799999999999979,
        -0.13440000000000002,
        -0.03520000000000001,
        0.9856,
        0.9856
      ],
      [
        0.004799999999999979,
        -0.13440000000000002,
        -0.03520000000000001,
        0.9856,
        0.9856
      ]
    ],
    [
      [
        0.9676,
        -0.6239999999999999,
        -0.6784000000000001,
        0.03840000000000003,
        0.03840000000000003
      ],
      [
        -0.6239999999999999,
        0.96,
        0.616,
        -0.055999999999999994,
        -0.055999999999999994
      ],
      [
        -0.6784000000000001,
        0.616,
        0.9856,
        -0.06559999999999998,
        -0.06559999999999998
      ],
      [
        0.03840000000000003,
        -0.055999999999999994,
        -0.06559999999999998,
        0.9856,
        0.9856
      ],
      [
        0.03840000000000003,
        -0.055999999999999994,
        -0.06559999999999998,
        0.9856,
        0.9856
      ]
    ],
    [
      [
        0.9936,
        -0.8400000000000001,
        -0.7664,
        -0.10800000000000004,
        -0.10800000000000004
      ],
      [
        -0.8400000000000001,
        1.0,
        0.8,
        0.1,
        0.1
      ],
      [
        -0.7664,
        0.8,
        0.9936,
        0.09200000000000004,
        0.09200000000000004
      ],
      [
        -0.10800000000000004,
        0.1,
        0.09200000000000004,
        0.99,
        0.99
      ],
      [
        -0.10800000000000004,
        0.1,
        0.09200000000000004,
        0.99,
        0.99
      ]
    ],
    [
      [
        0.9516,
        -0.6736,
        -0.7536,
        -0.14199999999999996,
        -0.15759999999999996
      ],
      [
        -0.6736,
        0.9855999999999999,
        0.7055999999999999,
        0.11200000000000002,
        0.12959999999999997
      ],
      [
        -0.7536,
        0.7055999999999999,
        0.9855999999999999,
        0.07200000000000001,
        0.08960000000000003
      ],
      [
        -0.14199999999999996,
        0.11200000000000002,
        0.07200000000000001,
        0.99,
        0.972
      ],
      [
        -0.15759999999999996,
        0.12959999999999997,
        0.08960000000000003,
        0.972,
        0.9936
      ]
    ],
    [
      [
        0.9936,
        -0.7136,
        -0.7472,
        -0.188,
        -0.188
      ],
      [
        -0.7136,
        0.9936,
        0.6272,
        0.06799999999999994,
        0.06799999999999994
      ],
      [
        -0.7472,
        0.6272,
        0.9743999999999999,
        0.15599999999999997,
        0.15599999999999997
      ],
      [
        -0.188,
        0.06799999999999994,
        0.15599999999999997,
        0.99,
        0.99
      ],
      [
        -0.188,
        0.06799999999999994,
        0.15599999999999997,
        0.99,
        0.99
      ]
    ]
  ]
}