{
  "settings_list": [
    [
      5.570720854570341,
      5.529679808201772,
      0.046357666044492034,
      5.1947265056753436,
      2.2940302895563733,
      0.3762419288645147,
      4.208404093476548,
      1.0850121220774713,
      4.390431478172271,
      3.4867661946563566,
      0.5206362408399977,
      2.6557002903035345,
      5.410202573995486,
      3.289275751324979,
      0.973399801279604
    ],
    [
      5.477182518570341,
      5.490934496201772,
      0.012040258044492033,
      5.153495913675344,
      2.2446120815563733,
      0.3755692568645147,
      4.203285885476548,
      1.0953394180774714,
      4.381726614172271,
      3.4900650426563566,
      0.5795823528399977,
      2.6450481943035347,
      5.2761755019954855,
      3.297384391324979,
      0.994041945279604
    ],
    [
      5.423374646570341,
      5.414933856201772,
      0.03028704204449203,
      5.066193513675343,
      2.192680433556373,
      0.3744763928645147,
      4.236828669476548,
      1.1354443780774715,
      4.3858461661722705,
      3.5273196986563566,
      0.6403328168399978,
      2.6360988183035348,
      5.149376397995486,
      3.3180297673249792,
      1.020529113279604
    ],
    [
      5.3906518305703415,
      5.324343040201772,
      0.006456482044492017,
      4.987478665675344,
      2.1509388335563733,
      0.3821201048645147,
      4.264604349476548,
      1.1642842180774715,
      4.40859109417227,
      3.5641382906563566,
      0.7083050728399978,
      2.6551752343035346,
      5.052925325995486,
      3.314360807324979,
      1.003991225279604
    ],
    [
      5.334188470570341,
      5.277109376201772,
      -0.004526941955507997,
      4.967412361675343,
      2.1590096175563733,
      0.3789770648645147,
      4.279845693476548,
      1.1722515780774716,
      4.38148184617227,
      3.5483108346563563,
      0.8073745128399977,
      2.660119874303535,
      4.956726413995486,
      3.3083828233249792,
      1.033763513279604
    ],
    [
      5.317154614570341,
      5.235820544201772,
      -0.018316253955507983,
      4.917866249675344,
      2.1545023535563734,
      0.34962717686451467,
      4.296736957476548,
      1.1833443140774715,
      4.38346341417227,
      3.6191500026563563,
      0.9025908968399978,
      2.6696227223035347,
      4.884251917995486,
      3.332032871324979,
      1.0341394492796039
    ],
    [
      5.256584758570341,
      5.175508352201772,
      -0.03116386995550798,
      4.862052361675343,
      2.1394517295563733,
      0.33333328886451463,
      4.311619773476548,
      1.2173635140774717,
      4.3965799581722695,
      3.6556604666563564,
      1.0247144168399978,
      2.6839693463035346,
      4.853733517995486,
      3.329054695324979,
      1.022233017279604
    ],
    [
      5.232436758570341,
      5.119505056201772,
      -0.037693917955508,
      4.891978601675343,
      2.163311281556373,
      0.34432112886451466,
      4.304846397476548,
      1.2410890500774716,
      4.419259126172269,
      3.6940994426563565,
      1.1118211688399977,
      2.6758643863035347,
      4.771598669995486,
      3.3236598153249792,
      1.027716985279604
    ],
    [
      5.20377691857034,
      5.086678560201772,
      -0.032843485955507984,
      4.900513897675343,
      2.166283825556373,
      0.32517885686451464,
      4.303271485476548,
      1.2605550340774716,
      4.42026930217227,
      3.7054186106563565,
      1.2056383848399976,
      2.6598569623035346,
      4.833784269995486,
      3.3235051913249793,
      1.003576313279604
    ],
    [
      5.18248411857034,
      5.054064160201772,
      -0.07455548595550798,
      4.874881897675343,
      2.167451825556373,
      0.30998205686451463,
      4.303860285476548,
      1.2528334340774716,
      4.42487090217227,
      3.7113674106563566,
      1.2898207848399976,
      2.6443049623035346,
      4.810299469995486,
      3.3277899913249795,
      1.0022515132796042
    ],
    [
      5.16269035857034,
      5.029973440201772,
      -0.08494732595550802,
      4.8193470176753435,
      2.162684945556373,
      0.33459757686451463,
      4.311859005476548,
      1.2715068740774715,
      4.433581782172269,
      3.7210755706563567,
      1.3211119848399977,
      2.643929922303535,
      4.762606189995486,
      3.3356381513249795,
      0.9836033532796041
    ],
    [
      5.15318549457034,
      5.027357120201772,
      -0.09880934195550803,
      4.787241705675344,
      2.161818513556373,
      0.35754372086451464,
      4.333491389476548,
      1.3243292100774715,
      4.429973014172269,
      3.7145625466563565,
      1.4313632488399979,
      2.6586831383035348,
      4.791843693995486,
      3.3255849673249793,
      0.9845072572796041
    ],
    [
      5.1431478945703395,
      5.024419520201772,
      -0.09021334195550804,
      4.7653161056753435,
      2.1602681135563726,
      0.35851732086451465,
      4.329956989476548,
      1.3308252100774716,
      4.418317814172269,
      3.7041841466563565,
      1.450994448839998,
      2.6639919383035346,
      4.726871693995486,
      3.3319137673249792,
      0.9843336572796041
    ],
    [
      5.12229131857034,
      4.987467712201772,
      -0.07887996595550803,
      4.785552905675344,
      2.1641608495563727,
      0.36828756086451464,
      4.308738685476548,
      1.3192860100774715,
      4.416549878172269,
      3.7073618746563564,
      1.470672144839998,
      2.6727783703035346,
      4.742677901995486,
      3.337873959324979,
      0.9829934972796042
    ],
    [
      5.11286360657034,
      4.9626938882017715,
      -0.08429001395550806,
      4.770398089675344,
      2.1492315695563726,
      0.37233402486451467,
      4.312955389476548,
      1.3232782020774714,
      4.426177782172269,
      3.690213842656356,
      1.456874128839998,
      2.6687607063035346,
      4.724073229995486,
      3.3378162953249793,
      0.9875150332796042
    ],
    [
      5.0887862305703395,
      4.943490080201771,
      -0.08912950195550806,
      4.749713865675344,
      2.1551856815563726,
      0.36319722486451467,
      4.322587805476548,
      1.3700634500774713,
      4.435085494172269,
      3.699384914656356,
      1.480976240839998,
      2.6721170903035345,
      4.731157517995486,
      3.3253513353249793,
      0.9892423292796042
    ],
    [
      5.0826390305703395,
      4.9180820802017715,
      -0.08482870195550807,
      4.762363465675343,
      2.1545424815563727,
      0.34646122486451464,
      4.3163638054765485,
      1.3615066500774713,
      4.444231094172269,
      3.710501714656356,
      1.514637040839998,
      2.6727122903035343,
      4.658984717995486,
      3.3359465353249793,
      0.9737799292796042
    ],
    [
      5.07367640657034,
      4.913082912201771,
      -0.08519708595550808,
      4.752548041675343,
      2.1530830255563727,
      0.3525336088645146,
      4.336573213476549,
      1.3850070660774714,
      4.435198454172269,
      3.713987410656356,
      1.484015664839998,
      2.652251106303534,
      4.686551373995487,
      3.333951463324979,
      0.9818750332796042
    ],
    [
      5.04084235857034,
      4.876352224201772,
      -0.09173529395550808,
      4.723989513675344,
      2.1521045935563725,
      0.3413281048645146,
      4.322827037476549,
      1.3878639620774713,
      4.4356974941722696,
      3.732599602656356,
      1.526839632839998,
      2.658743842303534,
      4.637779661995487,
      3.331240071324979,
      0.9921274812796043
    ],
    [
      5.0454264225703405,
      4.879741280201771,
      -0.10519974195550812,
      4.7407136096753435,
      2.1610718895563723,
      0.33547095286451456,
      4.320031645476549,
      1.3839082500774713,
      4.444253398172269,
      3.7328133626563558,
      1.542261328839998,
      2.654060066303534,
      4.667590861995487,
      3.327689735324979,
      1.0055407292796044
    ],
    [
      5.02646418257034,
      4.883391840201771,
      -0.09863494195550813,
      4.724091849675344,
      2.1548862895563725,
      0.34307799286451457,
      4.323125405476548,
      1.3922074500774713,
      4.450240278172269,
      3.7365122426563557,
      1.538428368839998,
      2.658404386303534,
      4.674097741995487,
      3.326844615324979,
      0.9992242492796043
    ]
  ],
  "cost_vals": [],
  "step_size": 0.1,
  "opt_step_times": [
    0.14050602912902832,
    0.1337292194366455,
    0.13197994232177734,
    0.13476991653442383,
    0.13614273071289062,
    0.13746190071105957,
    0.13598895072937012,
    0.12599682807922363,
    0.1229860782623291,
    0.1372239589691162,
    0.12485718727111816,
    0.12939906120300293,
    0.12417817115783691,
    0.1251659393310547,
    0.12981820106506348,
    0.19956016540527344,
    0.1355748176574707,
    0.12453579902648926,
    0.13288426399230957,
    0.1247870922088623
  ],
  "opt_settings": [
    5.02646418257034,
    4.883391840201771,
    -0.09863494195550813,
    4.724091849675344,
    2.1548862895563725,
    0.34307799286451457,
    4.323125405476548,
    1.3922074500774713,
    4.450240278172269,
    3.7365122426563557,
    1.538428368839998,
    2.658404386303534,
    4.674097741995487,
    3.326844615324979,
    0.9992242492796043
  ],
  "min_cost": null,
  "datetime": "2023-05-30T16-40-04Z",
  "step_only": true,
  "ibm_device": "default.qubit",
  "shots": 100,
  "prep_node_name": "5-qubit_zero_state",
  "num_qubits": 5,
  "error": false,
  "cov_mats": [
    [
      [
        0.6636,
        0.0896,
        0.06639999999999999,
        0.018800000000000205,
        0.05840000000000012
      ],
      [
        0.0896,
        0.9856,
        -0.00960000000000002,
        0.0768,
        -0.017600000000000116
      ],
      [
        0.06639999999999999,
        -0.00960000000000002,
        0.9936,
        -0.04879999999999991,
        0.08160000000000014
      ],
      [
        0.018800000000000205,
        0.0768,
        -0.04879999999999991,
        0.26039999999999985,
        0.007199999999999929
      ],
      [
        0.05840000000000012,
        -0.017600000000000116,
        0.08160000000000014,
        0.007199999999999929,
        0.7696000000000001
      ]
    ],
    [
      [
        0.8400000000000001,
        0.0,
        0.01200000000000001,
        0.0039999999999998925,
        -0.14800000000000002
      ],
      [
        0.0,
        0.96,
        -0.016000000000000035,
        0.007999999999999896,
        0.06399999999999997
      ],
      [
        0.01200000000000001,
        -0.016000000000000035,
        0.9676,
        -0.034800000000000025,
        0.13559999999999994
      ],
      [
        0.0039999999999998925,
        0.007999999999999896,
        -0.034800000000000025,
        0.2604000000000002,
        -0.018799999999999928
      ],
      [
        -0.14800000000000002,
        0.06399999999999997,
        0.13559999999999994,
        -0.018799999999999928,
        0.6636
      ]
    ],
    [
      [
        0.8400000000000001,
        0.023999999999999966,
        -0.019999999999999997,
        0.10399999999999987,
        0.035999999999999976
      ],
      [
        0.023999999999999966,
        0.8704000000000001,
        -0.016000000000000035,
        0.04640000000000005,
        -0.14239999999999994
      ],
      [
        -0.019999999999999997,
        -0.016000000000000035,
        0.99,
        0.023999999999999896,
        -0.03400000000000003
      ],
      [
        0.10399999999999987,
        0.04640000000000005,
        0.023999999999999896,
        0.4224,
        0.04159999999999986
      ],
      [
        0.035999999999999976,
        -0.14239999999999994,
        -0.03400000000000003,
        0.04159999999999986,
        0.8844
      ]
    ],
    [
      [
        0.8236,
        -0.07400000000000004,
        -0.22759999999999997,
        0.07079999999999997,
        0.023999999999999994
      ],
      [
        -0.07400000000000004,
        0.91,
        -0.10600000000000001,
        0.058000000000000274,
        0.11999999999999997
      ],
      [
        -0.22759999999999997,
        -0.10600000000000001,
        0.9516,
        -0.04279999999999998,
        -0.06400000000000006
      ],
      [
        0.07079999999999997,
        0.058000000000000274,
        -0.04279999999999998,
        0.4524,
        -0.00799999999999998
      ],
      [
        0.023999999999999994,
        0.11999999999999997,
        -0.06400000000000006,
        -0.00799999999999998,
        0.96
      ]
    ],
    [
      [
        0.8556,
        0.06,
        -0.1992,
        0.1184,
        -0.06399999999999999
      ],
      [
        0.06,
        1.0,
        0.07999999999999999,
        -0.07999999999999996,
        0.08000000000000004
      ],
      [
        -0.1992,
        0.07999999999999999,
        0.9743999999999999,
        -0.14880000000000013,
        -0.15199999999999997
      ],
      [
        0.1184,
        -0.07999999999999996,
        -0.14880000000000013,
        0.5375999999999999,
        -0.05600000000000012
      ],
      [
        -0.06399999999999999,
        0.08000000000000004,
        -0.15199999999999997,
        -0.05600000000000012,
        0.96
      ]
    ],
    [
      [
        0.9423999999999999,
        0.044000000000000025,
        -0.0031999999999999806,
        0.09440000000000001,
        0.09200000000000007
      ],
      [
        0.044000000000000025,
        0.99,
        -0.09200000000000003,
        -0.07600000000000001,
        0.05000000000000007
      ],
      [
        -0.0031999999999999806,
        -0.09200000000000003,
        0.8976,
        0.10080000000000003,
        -0.07599999999999996
      ],
      [
        0.09440000000000001,
        -0.07600000000000001,
        0.10080000000000003,
        0.6863999999999999,
        -0.068
      ],
      [
        0.09200000000000007,
        0.05000000000000007,
        -0.07599999999999996,
        -0.068,
        0.91
      ]
    ],
    [
      [
        0.9516,
        -0.14880000000000002,
        -0.03359999999999992,
        0.10800000000000011,
        -0.034399999999999986
      ],
      [
        -0.14880000000000002,
        0.9984,
        -0.07520000000000006,
        0.05600000000000006,
        -0.1008
      ],
      [
        -0.03359999999999992,
        -0.07520000000000006,
        0.9856,
        -0.008000000000000056,
        0.06239999999999995
      ],
      [
        0.10800000000000011,
        0.05600000000000006,
        -0.008000000000000056,
        0.8400000000000001,
        -0.07200000000000012
      ],
      [
        -0.034399999999999986,
        -0.1008,
        0.06239999999999995,
        -0.07200000000000012,
        0.7696000000000001
      ]
    ],
    [
      [
        0.9984,
        0.2656,
        -0.09280000000000002,
        -0.2096,
        -0.12160000000000003
      ],
      [
        0.2656,
        0.9804,
        -0.0652,
        0.0035999999999999643,
        0.10559999999999994
      ],
      [
        -0.09280000000000002,
        -0.0652,
        0.9676,
        0.03320000000000005,
        0.027200000000000005
      ],
      [
        -0.2096,
        0.0035999999999999643,
        0.03320000000000005,
        0.9323999999999999,
        -0.08959999999999997
      ],
      [
        -0.12160000000000003,
        0.10559999999999994,
        0.027200000000000005,
        -0.08959999999999997,
        0.9984
      ]
    ],
    [
      [
        0.9676,
        -0.1276,
        -0.11119999999999998,
        0.1236,
        0.027199999999999974
      ],
      [
        -0.1276,
        0.9676,
        -0.12880000000000003,
        -0.08359999999999997,
        -0.06719999999999995
      ],
      [
        -0.11119999999999998,
        -0.12880000000000003,
        0.9744,
        0.016800000000000016,
        -0.1664000000000001
      ],
      [
        0.1236,
        -0.08359999999999997,
        0.016800000000000016,
        0.9996,
        0.059199999999999996
      ],
      [
        0.027199999999999974,
        -0.06719999999999995,
        -0.1664000000000001,
        0.059199999999999996,
        0.9983999999999998
      ]
    ],
    [
      [
        0.9803999999999999,
        0.11679999999999999,
        0.1972,
        0.007600000000000051,
        -0.015199999999999984
      ],
      [
        0.11679999999999999,
        0.9856,
        0.02240000000000002,
        -0.06079999999999997,
        -0.03839999999999996
      ],
      [
        0.1972,
        0.02240000000000002,
        0.9996,
        -0.11319999999999994,
        0.10639999999999995
      ],
      [
        0.007600000000000051,
        -0.06079999999999997,
        -0.11319999999999994,
        0.8844,
        0.031200000000000117
      ],
      [
        -0.015199999999999984,
        -0.03839999999999996,
        0.10639999999999995,
        0.031200000000000117,
        0.8976000000000001
      ]
    ],
    [
      [
        0.9676,
        -0.018000000000000013,
        -0.1472,
        -0.03519999999999997,
        -0.17999999999999997
      ],
      [
        -0.018000000000000013,
        0.99,
        0.13599999999999995,
        0.016000000000000007,
        0.26
      ],
      [
        -0.1472,
        0.13599999999999995,
        0.9984,
        0.054399999999999976,
        0.04000000000000001
      ],
      [
        -0.03519999999999997,
        0.016000000000000007,
        0.054399999999999976,
        0.8704000000000002,
        -5.551115123125783e-17
      ],
      [
        -0.17999999999999997,
        0.26,
        0.04000000000000001,
        -5.551115123125783e-17,
        1.0
      ]
    ],
    [
      [
        0.9984,
        -0.04319999999999998,
        0.06560000000000002,
        0.025600000000000015,
        -0.10240000000000003
      ],
      [
        -0.04319999999999998,
        0.9936,
        0.0712,
        -0.1288,
        -0.0648
      ],
      [
        0.06560000000000002,
        0.0712,
        0.9804,
        -0.13960000000000003,
        0.008399999999999993
      ],
      [
        0.025600000000000015,
        -0.1288,
        -0.13960000000000003,
        0.9804,
        -0.1516
      ],
      [
        -0.10240000000000003,
        -0.0648,
        0.008399999999999993,
        -0.1516,
        0.9964
      ]
    ],
    [
      [
        1.0,
        0.060000000000000026,
        0.08000000000000007,
        0.0,
        0.12
      ],
      [
        0.060000000000000026,
        0.99,
        -0.07599999999999997,
        -0.04400000000000005,
        -0.14400000000000002
      ],
      [
        0.08000000000000007,
        -0.07599999999999997,
        0.9743999999999999,
        0.041599999999999936,
        -0.12640000000000004
      ],
      [
        0.0,
        -0.04400000000000005,
        0.041599999999999936,
        0.9423999999999999,
        -0.1696
      ],
      [
        0.12,
        -0.14400000000000002,
        -0.12640000000000004,
        -0.1696,
        0.9984
      ]
    ],
    [
      [
        0.9996,
        -0.05840000000000002,
        -0.038000000000000006,
        0.001999999999999975,
        0.18080000000000002
      ],
      [
        -0.05840000000000002,
        0.9936,
        -0.06799999999999999,
        0.13199999999999998,
        0.03680000000000006
      ],
      [
        -0.038000000000000006,
        -0.06799999999999999,
        0.99,
        -0.009999999999999946,
        -0.023999999999999987
      ],
      [
        0.001999999999999975,
        0.13199999999999998,
        -0.009999999999999946,
        0.99,
        -0.10400000000000001
      ],
      [
        0.18080000000000002,
        0.03680000000000006,
        -0.023999999999999987,
        -0.10400000000000001,
        0.9984000000000001
      ]
    ],
    [
      [
        0.9936,
        0.02160000000000002,
        -0.04880000000000004,
        -0.19679999999999997,
        -0.0032000000000000036
      ],
      [
        0.02160000000000002,
        0.9996,
        0.07719999999999995,
        0.09919999999999998,
        0.06080000000000008
      ],
      [
        -0.04880000000000004,
        0.07719999999999995,
        0.9803999999999999,
        -0.1056,
        -0.014400000000000062
      ],
      [
        -0.19679999999999997,
        0.09919999999999998,
        -0.1056,
        0.9983999999999998,
        -0.038400000000000066
      ],
      [
        -0.0032000000000000036,
        0.06080000000000008,
        -0.014400000000000062,
        -0.038400000000000066,
        0.9984
      ]
    ],
    [
      [
        0.9216,
        -0.04639999999999994,
        -0.1152,
        -0.18080000000000002,
        -0.03199999999999997
      ],
      [
        -0.04639999999999994,
        0.9856,
        0.1008,
        -0.0368,
        -0.03199999999999994
      ],
      [
        -0.1152,
        0.1008,
        0.9743999999999999,
        -0.04240000000000001,
        0.12400000000000003
      ],
      [
        -0.18080000000000002,
        -0.0368,
        -0.04240000000000001,
        0.9804,
        0.026000000000000092
      ],
      [
        -0.03199999999999997,
        -0.03199999999999994,
        0.12400000000000003,
        0.026000000000000092,
        0.99
      ]
    ],
    [
      [
        0.9984,
        -0.11199999999999996,
        0.12799999999999997,
        0.04319999999999998,
        0.25599999999999995
      ],
      [
        -0.11199999999999996,
        0.96,
        -0.08000000000000004,
        0.02399999999999998,
        0.039999999999999925
      ],
      [
        0.12799999999999997,
        -0.08000000000000004,
        0.96,
        0.10399999999999998,
        -2.0816681711721685e-17
      ],
      [
        0.04319999999999998,
        0.02399999999999998,
        0.10399999999999998,
        0.9936,
        0.06800000000000003
      ],
      [
        0.25599999999999995,
        0.039999999999999925,
        -2.0816681711721685e-17,
        0.06800000000000003,
        0.99
      ]
    ],
    [
      [
        0.96,
        -0.032,
        0.03199999999999999,
        0.264,
        -0.11200000000000002
      ],
      [
        -0.032,
        0.9424,
        -0.02639999999999998,
        0.09119999999999998,
        -0.001600000000000032
      ],
      [
        0.03199999999999999,
        -0.02639999999999998,
        0.9803999999999999,
        -0.043200000000000016,
        -0.0023999999999999404
      ],
      [
        0.264,
        0.09119999999999998,
        -0.043200000000000016,
        0.9856,
        0.17920000000000008
      ],
      [
        -0.11200000000000002,
        -0.001600000000000032,
        -0.0023999999999999404,
        0.17920000000000008,
        0.9743999999999999
      ]
    ],
    [
      [
        0.9936,
        0.05520000000000003,
        -0.05519999999999999,
        0.03360000000000008,
        -0.021600000000000015
      ],
      [
        0.05520000000000003,
        0.9964,
        0.12360000000000006,
        0.015199999999999986,
        0.03880000000000001
      ],
      [
        -0.05519999999999999,
        0.12360000000000006,
        0.9964,
        0.024800000000000055,
        -0.1588
      ],
      [
        0.03360000000000008,
        0.015199999999999986,
        0.024800000000000055,
        0.9936,
        -0.021600000000000043
      ],
      [
        -0.021600000000000015,
        0.03880000000000001,
        -0.1588,
        -0.021600000000000043,
        0.9996
      ]
    ],
    [
      [
        0.9676,
        -0.138,
        -0.10199999999999998,
        0.07440000000000008,
        0.07119999999999999
      ],
      [
        -0.138,
        0.99,
        -0.11000000000000007,
        -0.17199999999999993,
        0.08399999999999998
      ],
      [
        -0.10199999999999998,
        -0.11000000000000007,
        0.99,
        -0.18799999999999997,
        -0.004000000000000028
      ],
      [
        0.07440000000000008,
        -0.17199999999999993,
        -0.18799999999999997,
        0.9936,
        0.17280000000000006
      ],
      [
        0.07119999999999999,
        0.08399999999999998,
        -0.004000000000000028,
        0.17280000000000006,
        0.9743999999999999
      ]
    ],
    [
      [
        0.9856,
        0.12000000000000005,
        0.01280000000000001,
        0.14240000000000005,
        -0.10719999999999995
      ],
      [
        0.12000000000000005,
        1.0,
        -0.020000000000000046,
        -0.01999999999999999,
        0.06000000000000005
      ],
      [
        0.01280000000000001,
        -0.020000000000000046,
        0.9964,
        0.08120000000000002,
        -0.12360000000000006
      ],
      [
        0.14240000000000005,
        -0.01999999999999999,
        0.08120000000000002,
        0.9996,
        -0.03879999999999998
      ],
      [
        -0.10719999999999995,
        0.06000000000000005,
        -0.12360000000000006,
        -0.03879999999999998,
        0.9964
      ]
    ]
  ]
}