{
  "settings_list": [
    [
      0.03773759686409911,
      0.05445679973774429,
      5.3216228578749645,
      4.139828987152219,
      3.505368605324296,
      3.836988856221747,
      4.491581858017023,
      0.17297381311537047,
      2.946185210217269,
      3.413591403615245,
      0.5032313091429639,
      4.699817222360989,
      5.706682166641693,
      0.42530728883656116,
      0.7034118269344686
    ],
    [
      0.03204722886409911,
      0.05359779173774429,
      5.318776777874964,
      4.26089983515222,
      3.546971805324296,
      3.845804088221747,
      4.5762871380170225,
      0.19056421311537047,
      2.926561530217269,
      3.412625771615245,
      0.5762624771429639,
      4.708625030360989,
      5.650224694641693,
      0.4961995768365612,
      0.7322134909344685
    ],
    [
      0.04465698886409909,
      0.061126111737744286,
      5.334098537874964,
      4.357059355152219,
      3.580148605324296,
      3.857636408221747,
      4.6605141780170225,
      0.17804245311537045,
      2.9550204102172692,
      3.460524491615245,
      0.6391159171429639,
      4.694980070360989,
      5.574182934641693,
      0.5543301368365612,
      0.7394968509344685
    ],
    [
      0.04550780486409908,
      0.055380575737744284,
      5.344023401874964,
      4.4643949071522195,
      3.585370237324296,
      3.860101432221747,
      4.757601666017022,
      0.18960533311537045,
      2.9615793862172692,
      3.479734987615245,
      0.7116402051429639,
      4.699033062360989,
      5.4945116386416935,
      0.6310939128365612,
      0.7516990909344685
    ],
    [
      0.060725084864099076,
      0.06529775973774428,
      5.359380713874964,
      4.542554523152219,
      3.591892989324296,
      3.872559544221747,
      4.809019010017022,
      0.20009826111537043,
      2.9791694022172694,
      3.5272671476152446,
      0.8103820931429639,
      4.671273190360989,
      5.4146750946416935,
      0.6875594488365613,
      0.7379960509344685
    ],
    [
      0.06547484486409907,
      0.05693180773774428,
      5.345644201874964,
      4.66460585115222,
      3.609945789324296,
      3.886532216221747,
      4.807240898017022,
      0.20759253311537043,
      2.9812110022172695,
      3.5420507636152445,
      0.9007326211429639,
      4.68253418236099,
      5.335615126641693,
      0.7394130808365613,
      0.7226340669344685
    ],
    [
      0.06812124486409908,
      0.05376060773774427,
      5.365235401874964,
      4.74435065115222,
      3.628011389324296,
      3.8665714162217473,
      4.724218498017022,
      0.19862053311537042,
      2.9967822022172697,
      3.5895795636152443,
      1.011269421142964,
      4.67533658236099,
      5.253837526641694,
      0.7666546808365613,
      0.7383380669344686
    ],
    [
      0.06001676486409909,
      0.05339481573774428,
      5.350414537874964,
      4.66316601115222,
      3.638991133324296,
      3.8645495602217474,
      4.740669442017022,
      0.1851004051153704,
      2.9891374022172696,
      3.6308383476152444,
      1.1241805251429642,
      4.68881875836099,
      5.198197750641694,
      0.7880508408365613,
      0.7407853309344686
    ],
    [
      0.045280188864099076,
      0.055056511737744285,
      5.3354479458749635,
      4.64159218715222,
      3.612924061324296,
      3.8594509042217475,
      4.7670557140170216,
      0.1778293971153704,
      2.99556194621727,
      3.6598026036152445,
      1.2394201731429642,
      4.683805094360991,
      5.146590774641695,
      0.8339228728365613,
      0.7466718909344686
    ],
    [
      0.05662220486409907,
      0.0730979197377443,
      5.330166985874963,
      4.6024165071522205,
      3.613287453324296,
      3.8655942002217474,
      4.794291490017022,
      0.1691345171153704,
      2.9892655942172697,
      3.6886582196152444,
      1.3453555331429643,
      4.693831014360991,
      5.071266070641695,
      0.8671413048365613,
      0.7292096509344687
    ],
    [
      0.05422262086409907,
      0.06543068773774428,
      5.321067689874964,
      4.64410297115222,
      3.630449821324296,
      3.8723718002217473,
      4.759123842017022,
      0.16382030911537038,
      2.98640764221727,
      3.6868586676152444,
      1.3781437251429642,
      4.707108518360991,
      4.993288598641695,
      0.9085314168365612,
      0.7362455869344686
    ],
    [
      0.055802780864099066,
      0.0743805757377443,
      5.312392361874964,
      4.69691551515222,
      3.6247216933242963,
      3.8568291442217473,
      4.7511736340170225,
      0.1698738131153704,
      2.9890834822172696,
      3.6859574196152445,
      1.4493435971429642,
      4.686780070360991,
      4.938193558641695,
      0.9095016568365613,
      0.7429040189344686
    ],
    [
      0.035848412864099066,
      0.09059500773774432,
      5.315743945874964,
      4.7109677391522204,
      3.6383652773242963,
      3.8868499442217472,
      4.658444482017022,
      0.19487554111537037,
      2.9893373702172696,
      3.6865841076152446,
      1.4360285891429643,
      4.6726917503609915,
      4.919366134641694,
      0.9173390968365612,
      0.7512279549344686
    ],
    [
      0.05017110086409908,
      0.0798277117377443,
      5.316549449874963,
      4.657599355152221,
      3.6493730213242963,
      3.877139032221747,
      4.577793154017022,
      0.20979765311537038,
      2.9621937542172696,
      3.6913693876152447,
      1.5365994051429643,
      4.675333094360991,
      4.913935094641694,
      0.9011336568365612,
      0.7561030909344686
    ],
    [
      0.03621580486409907,
      0.0834860157377443,
      5.318515497874963,
      4.661627003152221,
      3.6520001893242964,
      3.875132664221747,
      4.594783874017022,
      0.2149487251153704,
      2.9675453702172696,
      3.6933490356152445,
      1.5687972931429643,
      4.697012134360992,
      4.837512310641694,
      0.9194003128365612,
      0.7540899389344686
    ],
    [
      0.02515340486409906,
      0.0788488957377443,
      5.328926537874963,
      4.6877690831522205,
      3.6525307493242964,
      3.877524824221747,
      4.642666434017022,
      0.2175821651153704,
      2.9649316102172696,
      3.7018005556152445,
      1.6138899331429644,
      4.692758054360992,
      4.806502230641694,
      0.9216742328365612,
      0.7594816189344686
    ],
    [
      0.035005564864099066,
      0.0782334717377443,
      5.3353719778749635,
      4.7189255631522204,
      3.6479237733242966,
      3.881179480221747,
      4.658623298017021,
      0.2301744211153704,
      2.9737979142172697,
      3.6815495476152447,
      1.6725688451429643,
      4.678810790360992,
      4.763441750641694,
      0.9299847608365612,
      0.7589584829344687
    ],
    [
      0.03189631686409906,
      0.0685101117377443,
      5.332286057874963,
      4.72884268315222,
      3.6422011813242965,
      3.9002097522217474,
      4.7209085140170215,
      0.2121229971153704,
      2.9653417222172695,
      3.6696710196152447,
      1.7179411331429644,
      4.676464326360992,
      4.789184726641694,
      0.9248513208365612,
      0.7704612029344686
    ],
    [
      0.032610044864099054,
      0.0716356797377443,
      5.331208361874963,
      4.7241210831522205,
      3.6401518373242965,
      3.9059853682217476,
      4.706829410017021,
      0.2157432851153704,
      2.9625120902172695,
      3.6661662516152447,
      1.7103602051429643,
      4.673253382360992,
      4.806474262641694,
      0.9245846968365612,
      0.7749034429344687
    ],
    [
      0.02983769286409905,
      0.053674015737744274,
      5.319183721874963,
      4.71318367515222,
      3.6307084773242964,
      3.8959972722217477,
      4.700544514017021,
      0.2326980371153704,
      2.9609281542172696,
      3.6649243636152447,
      1.6593798851429642,
      4.671456262360992,
      4.776243510641694,
      0.9335652088365611,
      0.7760861309344687
    ],
    [
      0.04533836486409906,
      0.07080835173774427,
      5.3166351138749635,
      4.67754578715222,
      3.6377077733242964,
      3.904755544221748,
      4.712433794017021,
      0.2323076371153704,
      2.9560578822172694,
      3.6719793396152447,
      1.684262701142964,
      4.669534726360991,
      4.758825782641694,
      0.9293286648365612,
      0.7776362109344687
    ]
  ],
  "cost_vals": [],
  "step_size": 0.1,
  "opt_step_times": [
    0.14097094535827637,
    0.13899683952331543,
    0.14007902145385742,
    0.12968802452087402,
    0.13370394706726074,
    0.13371682167053223,
    0.13643789291381836,
    0.14275503158569336,
    0.1314229965209961,
    0.14392805099487305,
    0.14063596725463867,
    0.13217687606811523,
    0.1356029510498047,
    0.1470029354095459,
    0.1450037956237793,
    0.1981489658355713,
    0.1402571201324463,
    0.16743683815002441,
    0.1422262191772461,
    0.14470601081848145
  ],
  "opt_settings": [
    0.04533836486409906,
    0.07080835173774427,
    5.3166351138749635,
    4.67754578715222,
    3.6377077733242964,
    3.904755544221748,
    4.712433794017021,
    0.2323076371153704,
    2.9560578822172694,
    3.6719793396152447,
    1.684262701142964,
    4.669534726360991,
    4.758825782641694,
    0.9293286648365612,
    0.7776362109344687
  ],
  "min_cost": null,
  "datetime": "2023-05-30T16-43-12Z",
  "step_only": true,
  "ibm_device": "default.qubit",
  "shots": 100,
  "prep_node_name": "5-qubit_zero_state",
  "num_qubits": 5,
  "error": false,
  "cov_mats": [
    [
      [
        0.0,
        0.0,
        0.0,
        0.0,
        0.0
      ],
      [
        0.0,
        0.75,
        0.020000000000000073,
        0.030000000000000027,
        0.04999999999999993
      ],
      [
        0.0,
        0.020000000000000073,
        0.9424,
        -0.06640000000000001,
        0.04719999999999991
      ],
      [
        0.0,
        0.030000000000000027,
        -0.06640000000000001,
        0.2604000000000002,
        0.03079999999999994
      ],
      [
        0.0,
        0.04999999999999993,
        0.04719999999999991,
        0.03079999999999994,
        0.39160000000000006
      ]
    ],
    [
      [
        0.0,
        0.0,
        0.0,
        0.0,
        0.0
      ],
      [
        0.0,
        0.7696000000000001,
        -0.022400000000000024,
        0.03280000000000005,
        0.0752000000000001
      ],
      [
        0.0,
        -0.022400000000000024,
        0.9856,
        -0.08320000000000004,
        -0.06879999999999999
      ],
      [
        0.0,
        0.03280000000000005,
        -0.08320000000000004,
        0.26039999999999985,
        -0.0464
      ],
      [
        0.0,
        0.0752000000000001,
        -0.06879999999999999,
        -0.0464,
        0.4224
      ]
    ],
    [
      [
        0.0,
        0.0,
        0.0,
        0.0,
        0.0
      ],
      [
        0.0,
        0.8976,
        -0.06639999999999997,
        0.09679999999999991,
        -0.0464
      ],
      [
        0.0,
        -0.06639999999999997,
        0.9996,
        0.09479999999999991,
        -0.030400000000000028
      ],
      [
        0.0,
        0.09679999999999991,
        0.09479999999999991,
        0.4523999999999998,
        -0.07519999999999999
      ],
      [
        0.0,
        -0.0464,
        -0.030400000000000028,
        -0.07519999999999999,
        0.7296
      ]
    ],
    [
      [
        0.0,
        0.0,
        0.0,
        0.0,
        0.0
      ],
      [
        0.0,
        0.9324,
        0.07760000000000002,
        0.023599999999999954,
        -0.01599999999999996
      ],
      [
        0.0,
        0.07760000000000002,
        0.9424,
        -0.013599999999999945,
        0.05600000000000008
      ],
      [
        0.0,
        0.023599999999999954,
        -0.013599999999999945,
        0.26039999999999985,
        -0.02399999999999991
      ],
      [
        0.0,
        -0.01599999999999996,
        0.05600000000000008,
        -0.02399999999999991,
        0.6400000000000001
      ]
    ],
    [
      [
        0.03960000000000008,
        0.022800000000000015,
        -0.018400000000000007,
        0.007600000000000051,
        -0.00880000000000003
      ],
      [
        0.022800000000000015,
        0.9803999999999999,
        0.04879999999999998,
        0.006800000000000042,
        -0.17840000000000006
      ],
      [
        -0.018400000000000007,
        0.04879999999999998,
        0.9936,
        -0.09039999999999995,
        -0.0048000000000000195
      ],
      [
        0.007600000000000051,
        0.006800000000000042,
        -0.09039999999999995,
        0.6155999999999999,
        0.047200000000000186
      ],
      [
        -0.00880000000000003,
        -0.17840000000000006,
        -0.0048000000000000195,
        0.047200000000000186,
        0.6863999999999999
      ]
    ],
    [
      [
        0.0,
        0.0,
        0.0,
        0.0,
        0.0
      ],
      [
        0.0,
        0.9516,
        0.08240000000000003,
        0.10319999999999997,
        0.08319999999999995
      ],
      [
        0.0,
        0.08240000000000003,
        0.9936,
        -0.035200000000000085,
        -0.03520000000000003
      ],
      [
        0.0,
        0.10319999999999997,
        -0.035200000000000085,
        0.6863999999999999,
        0.08640000000000003
      ],
      [
        0.0,
        0.08319999999999995,
        -0.03520000000000003,
        0.08640000000000003,
        0.8064
      ]
    ],
    [
      [
        0.03960000000000008,
        -0.01920000000000001,
        0.02360000000000001,
        0.00880000000000003,
        -0.011199999999999988
      ],
      [
        -0.01920000000000001,
        0.9984,
        -0.06720000000000001,
        -0.057600000000000054,
        -0.017600000000000015
      ],
      [
        0.02360000000000001,
        -0.06720000000000001,
        0.9676,
        0.08080000000000008,
        -0.059200000000000044
      ],
      [
        0.00880000000000003,
        -0.057600000000000054,
        0.08080000000000008,
        0.6863999999999999,
        -0.033600000000000046
      ],
      [
        -0.011199999999999988,
        -0.017600000000000015,
        -0.059200000000000044,
        -0.033600000000000046,
        0.8064
      ]
    ],
    [
      [
        0.0,
        0.0,
        0.0,
        0.0,
        0.0
      ],
      [
        0.0,
        0.9936,
        0.14480000000000007,
        -0.04160000000000001,
        0.060000000000000026
      ],
      [
        0.0,
        0.14480000000000007,
        0.9964,
        -0.028800000000000055,
        0.09000000000000005
      ],
      [
        0.0,
        -0.04160000000000001,
        -0.028800000000000055,
        0.7296,
        -0.040000000000000036
      ],
      [
        0.0,
        0.060000000000000026,
        0.09000000000000005,
        -0.040000000000000036,
        0.75
      ]
    ],
    [
      [
        0.0,
        0.0,
        0.0,
        0.0,
        0.0
      ],
      [
        0.0,
        0.96,
        0.023999999999999973,
        0.09600000000000009,
        -0.03199999999999998
      ],
      [
        0.0,
        0.023999999999999973,
        0.9936,
        -0.1376,
        -0.012799999999999973
      ],
      [
        0.0,
        0.09600000000000009,
        -0.1376,
        0.9216,
        0.08479999999999996
      ],
      [
        0.0,
        -0.03199999999999998,
        -0.012799999999999973,
        0.08479999999999996,
        0.9744
      ]
    ],
    [
      [
        0.0,
        0.0,
        0.0,
        0.0,
        0.0
      ],
      [
        0.0,
        0.99,
        -0.006000000000000007,
        0.10999999999999996,
        -0.029999999999999992
      ],
      [
        0.0,
        -0.006000000000000007,
        0.9964,
        -0.126,
        -0.19400000000000003
      ],
      [
        0.0,
        0.10999999999999996,
        -0.126,
        0.99,
        0.13000000000000003
      ],
      [
        0.0,
        -0.029999999999999992,
        -0.19400000000000003,
        0.13000000000000003,
        0.99
      ]
    ],
    [
      [
        0.0,
        0.0,
        0.0,
        0.0,
        0.0
      ],
      [
        0.0,
        0.9984,
        -0.21280000000000002,
        0.03359999999999997,
        0.10560000000000004
      ],
      [
        0.0,
        -0.21280000000000002,
        0.9676,
        0.12880000000000005,
        -0.06520000000000002
      ],
      [
        0.0,
        0.03359999999999997,
        0.12880000000000005,
        0.9743999999999999,
        -0.15759999999999996
      ],
      [
        0.0,
        0.10560000000000004,
        -0.06520000000000002,
        -0.15759999999999996,
        0.9803999999999999
      ]
    ],
    [
      [
        0.0,
        0.0,
        0.0,
        0.0,
        0.0
      ],
      [
        0.0,
        0.9964,
        0.07640000000000001,
        -0.08120000000000001,
        0.14480000000000004
      ],
      [
        0.0,
        0.07640000000000001,
        0.9964,
        -0.12120000000000002,
        0.10480000000000002
      ],
      [
        0.0,
        -0.08120000000000001,
        -0.12120000000000002,
        0.9996,
        -0.018399999999999993
      ],
      [
        0.0,
        0.14480000000000004,
        0.10480000000000002,
        -0.018399999999999993,
        0.9936
      ]
    ],
    [
      [
        0.0,
        0.0,
        0.0,
        0.0,
        0.0
      ],
      [
        0.0,
        0.9964,
        -0.18,
        0.0672,
        0.043599999999999986
      ],
      [
        0.0,
        -0.18,
        1.0,
        0.16000000000000003,
        0.01999999999999999
      ],
      [
        0.0,
        0.0672,
        0.16000000000000003,
        0.9856,
        0.17280000000000004
      ],
      [
        0.0,
        0.043599999999999986,
        0.01999999999999999,
        0.17280000000000004,
        0.9964
      ]
    ],
    [
      [
        0.0783999999999998,
        0.0031999999999999945,
        -0.008799999999999975,
        -0.03760000000000002,
        -0.00399999999999999
      ],
      [
        0.0031999999999999945,
        0.9936,
        0.037599999999999995,
        -0.18480000000000002,
        0.10799999999999998
      ],
      [
        -0.008799999999999975,
        0.037599999999999995,
        0.9516,
        0.09320000000000006,
        -0.06200000000000003
      ],
      [
        -0.03760000000000002,
        -0.18480000000000002,
        0.09320000000000006,
        0.9964,
        0.006000000000000021
      ],
      [
        -0.00399999999999999,
        0.10799999999999998,
        -0.06200000000000003,
        0.006000000000000021,
        0.99
      ]
    ],
    [
      [
        0.0,
        0.0,
        0.0,
        0.0,
        0.0
      ],
      [
        0.0,
        0.9964,
        -0.1376,
        -0.0316,
        0.11160000000000002
      ],
      [
        0.0,
        -0.1376,
        0.9984,
        0.014399999999999986,
        -0.014399999999999982
      ],
      [
        0.0,
        -0.0316,
        0.014399999999999986,
        0.9804,
        0.13960000000000006
      ],
      [
        0.0,
        0.11160000000000002,
        -0.014399999999999982,
        0.13960000000000006,
        0.9803999999999999
      ]
    ],
    [
      [
        0.0,
        0.0,
        0.0,
        0.0,
        0.0
      ],
      [
        0.0,
        0.99,
        -0.19999999999999996,
        -0.204,
        0.048
      ],
      [
        0.0,
        -0.19999999999999996,
        0.96,
        0.008,
        0.024000000000000007
      ],
      [
        0.0,
        -0.204,
        0.008,
        0.9423999999999999,
        -0.06880000000000001
      ],
      [
        0.0,
        0.048,
        0.024000000000000007,
        -0.06880000000000001,
        0.9856
      ]
    ],
    [
      [
        0.0,
        0.0,
        0.0,
        0.0,
        0.0
      ],
      [
        0.0,
        0.99,
        0.21199999999999994,
        -0.07999999999999997,
        0.02400000000000002
      ],
      [
        0.0,
        0.21199999999999994,
        0.9936,
        -0.184,
        0.04320000000000001
      ],
      [
        0.0,
        -0.07999999999999997,
        -0.184,
        0.96,
        -0.008000000000000005
      ],
      [
        0.0,
        0.02400000000000002,
        0.04320000000000001,
        -0.008000000000000005,
        0.9984
      ]
    ],
    [
      [
        0.0,
        0.0,
        0.0,
        0.0,
        0.0
      ],
      [
        0.0,
        1.0,
        0.12,
        2.7755575615628914e-17,
        -0.32000000000000006
      ],
      [
        0.0,
        0.12,
        0.9936,
        -0.13279999999999997,
        0.144
      ],
      [
        0.0,
        2.7755575615628914e-17,
        -0.13279999999999997,
        0.9743999999999999,
        0.048
      ],
      [
        0.0,
        -0.32000000000000006,
        0.144,
        0.048,
        0.96
      ]
    ],
    [
      [
        0.0,
        0.0,
        0.0,
        0.0,
        0.0
      ],
      [
        0.0,
        0.9936,
        0.009599999999999982,
        -0.08319999999999997,
        0.09840000000000002
      ],
      [
        0.0,
        0.009599999999999982,
        0.9855999999999999,
        0.08479999999999997,
        0.0624
      ],
      [
        0.0,
        -0.08319999999999997,
        0.08479999999999997,
        0.9984,
        0.09919999999999998
      ],
      [
        0.0,
        0.09840000000000002,
        0.0624,
        0.09919999999999998,
        0.9996
      ]
    ],
    [
      [
        0.0,
        0.0,
        0.0,
        0.0,
        0.0
      ],
      [
        0.0,
        0.9996,
        -0.0011999999999999977,
        -0.06399999999999999,
        -0.16200000000000003
      ],
      [
        0.0,
        -0.0011999999999999977,
        0.9964,
        0.047999999999999945,
        -0.006000000000000002
      ],
      [
        0.0,
        -0.06399999999999999,
        0.047999999999999945,
        0.9600000000000002,
        -0.2
      ],
      [
        0.0,
        -0.16200000000000003,
        -0.006000000000000002,
        -0.2,
        0.99
      ]
    ],
    [
      [
        0.0,
        0.0,
        0.0,
        0.0,
        0.0
      ],
      [
        0.0,
        0.9964,
        0.019999999999999993,
        0.11639999999999999,
        -0.020000000000000018
      ],
      [
        0.0,
        0.019999999999999993,
        1.0,
        0.02000000000000002,
        0.0
      ],
      [
        0.0,
        0.11639999999999999,
        0.02000000000000002,
        0.9964,
        -0.05999999999999994
      ],
      [
        0.0,
        -0.020000000000000018,
        0.0,
        -0.05999999999999994,
        1.0
      ]
    ]
  ]
}