{
  "settings_list": [
    [
      3.061502491289256,
      2.81889503227144,
      5.565840296835415,
      2.4343982153703596,
      0.722291202953494,
      1.5889762297902554,
      1.2241400434135261,
      0.34187278719706293,
      2.402584806305067,
      4.140375435220789,
      3.4873174130086375,
      3.9370526977565805,
      1.5536339632752818,
      4.176288117734814,
      1.1188242202941532
    ],
    [
      3.047069851289256,
      2.78664191227144,
      5.564546536835414,
      2.3960350153703596,
      0.8109257629534941,
      1.6101467897902555,
      1.3424622834135262,
      0.35518126719706294,
      2.409636646305067,
      4.2658147952207885,
      3.5140687730086375,
      3.9206942977565804,
      1.5313517232752818,
      4.170550197734815,
      1.1533365402941531
    ],
    [
      3.046518555289256,
      2.77778540027144,
      5.555265960835414,
      2.3143177673703597,
      0.9098618909534941,
      1.6079019897902556,
      1.4463826674135263,
      0.37377000319706294,
      2.410955430305067,
      4.320945355220789,
      3.5344098290086374,
      3.9187200257565804,
      1.5549695792752818,
      4.171434549734815,
      1.138119260294153
    ],
    [
      3.0620249552892562,
      2.69737100027144,
      5.537674760835414,
      2.2698217673703596,
      0.9454634909534941,
      1.6252243897902556,
      1.5479010674135263,
      0.3920172031970629,
      2.446014630305067,
      4.452342155220789,
      3.5556106290086373,
      3.9083736257565804,
      1.6014615792752818,
      4.194535349734815,
      1.136408060294153
    ],
    [
      3.0330746192892564,
      2.68811327227144,
      5.546234888835414,
      2.2626522953703594,
      0.9760095069534941,
      1.6230606457902557,
      1.6120803954135263,
      0.3837268991970629,
      2.470063014305067,
      4.515191915220789,
      3.563237957008637,
      3.9071739457565804,
      1.6000882992752818,
      4.181799957734815,
      1.129132124294153
    ],
    [
      3.0334086992892564,
      2.69269720827144,
      5.539445000835414,
      2.2384858953703595,
      1.024282914953494,
      1.6455018617902557,
      1.6568194674135261,
      0.39211115519706286,
      2.458162342305067,
      4.614677611220789,
      3.580670789008637,
      3.9133427777565806,
      1.5996999472752818,
      4.178682901734815,
      1.123677532294153
    ],
    [
      3.0382030992892566,
      2.65482040827144,
      5.539208200835414,
      2.1961916553703595,
      1.086492514953494,
      1.6441981817902558,
      1.7072844274135262,
      0.3928828351970629,
      2.457836102305067,
      4.630824011220789,
      3.577380549008637,
      3.9169139777565807,
      1.5884829872752817,
      4.191613461734815,
      1.137762332294153
    ],
    [
      3.0224649232892564,
      2.5973418162714403,
      5.530822056835414,
      2.1718624393703596,
      1.1252428509534942,
      1.6356498297902557,
      1.676341739413526,
      0.3953069311970629,
      2.464353766305067,
      4.673828107220789,
      3.582210565008637,
      3.9065203777565807,
      1.5874227952752817,
      4.181216149734815,
      1.119657820294153
    ],
    [
      3.0163764752892566,
      2.5578284722714404,
      5.5443040408354145,
      2.12637456737036,
      1.1850265309534942,
      1.6380697977902556,
      1.666291179413526,
      0.4009409791970629,
      2.446988774305067,
      4.726520587220789,
      3.5794444850086373,
      3.887314745756581,
      1.5734014192752817,
      4.167717269734815,
      1.124195164294153
    ],
    [
      2.9963585552892567,
      2.4939444402714406,
      5.553409832835414,
      2.09742519137036,
      1.2089832669534941,
      1.6278209657902556,
      1.598744299413526,
      0.40196293119706294,
      2.4534982143050668,
      4.7224161392207895,
      3.572571013008637,
      3.878500281756581,
      1.6017818352752817,
      4.162784661734815,
      1.126648156294153
    ],
    [
      2.9920676112892566,
      2.4281897842714404,
      5.562839720835414,
      2.08702794337036,
      1.2301878749534942,
      1.6264396217902557,
      1.576888523413526,
      0.40693457919706294,
      2.439622342305067,
      4.749273835220789,
      3.570953029008637,
      3.889762969756581,
      1.5962040432752818,
      4.161793877734815,
      1.126267164294153
    ],
    [
      2.9817127312892566,
      2.3523369842714406,
      5.5790531608354135,
      2.08336970337036,
      1.2317629149534943,
      1.6528178617902558,
      1.533453323413526,
      0.41302065919706293,
      2.443907462305067,
      4.718964075220789,
      3.571462149008637,
      3.897575129756581,
      1.5837886832752817,
      4.164733077734815,
      1.140105244294153
    ],
    [
      2.9820674512892564,
      2.2449189042714406,
      5.568366536835414,
      2.05456653537036,
      1.2614942429534943,
      1.6278340217902558,
      1.6209775154135257,
      0.39676673919706296,
      2.434729830305067,
      4.664023467220789,
      3.579917989008637,
      3.9054008577565806,
      1.5476835952752817,
      4.1571119577348155,
      1.124370620294153
    ],
    [
      2.9665589712892566,
      2.1687237042714407,
      5.555251016835413,
      2.0382766153703598,
      1.3033560029534943,
      1.6183095417902558,
      1.6067842354135258,
      0.38931137919706293,
      2.437534950305067,
      4.676907307220789,
      3.577469989008637,
      3.8963768577565805,
      1.5422935152752817,
      4.172549397734816,
      1.125316540294153
    ],
    [
      2.9583389392892565,
      2.0553382322714406,
      5.545933640835413,
      2.0280669513703597,
      1.3307835869534943,
      1.6050341497902558,
      1.6616338994135258,
      0.37845941119706294,
      2.434771686305067,
      4.697158059220789,
      3.575245093008637,
      3.9024434177565803,
      1.5592914032752816,
      4.163230613734815,
      1.127281212294153
    ],
    [
      2.9575352912892563,
      1.9288818802714407,
      5.5509730648354125,
      2.0147195593703597,
      1.3502206429534942,
      1.6127801017902559,
      1.6399165874135258,
      0.3924255231970629,
      2.450791622305067,
      4.727778443220789,
      3.595794437008637,
      3.9025502337565805,
      1.5400765872752815,
      4.131191829734815,
      1.1401516442941528
    ],
    [
      2.9635877072892565,
      1.8578006002714407,
      5.550320264835412,
      2.0099899593703596,
      1.363080162953494,
      1.606651397790256,
      1.5969102514135258,
      0.40323051519706293,
      2.445579526305067,
      4.712414795220789,
      3.580100741008637,
      3.9003767937565805,
      1.5466028592752816,
      4.137890069734816,
      1.1564465562941528
    ],
    [
      2.9366077072892565,
      1.7873148402714407,
      5.553147144835412,
      2.0111870793703597,
      1.371841282953494,
      1.5831345977902558,
      1.5604563314135258,
      0.4114033151970629,
      2.432601766305067,
      4.653427275220789,
      3.583361861008637,
      3.9121841537565807,
      1.5497553392752816,
      4.150555669734816,
      1.1566847962941529
    ],
    [
      2.9498851472892564,
      1.7069666162714408,
      5.5403475288354125,
      2.0047457353703595,
      1.353838018953494,
      1.5847411257902557,
      1.5903235954135257,
      0.4016803071970629,
      2.4270581503050668,
      4.671440395220789,
      3.587124037008637,
      3.9174380417565806,
      1.5813730032752817,
      4.152597333734816,
      1.152587324294153
    ],
    [
      2.9384201232892564,
      1.6276232562714408,
      5.553102056835413,
      2.0036356873703594,
      1.360620290953494,
      1.5968773497902558,
      1.5748388594135256,
      0.39243669119706287,
      2.4173565503050667,
      4.696003467220789,
      3.5927896690086367,
      3.9202064257565805,
      1.5769100592752816,
      4.154948853734816,
      1.1445946202941528
    ],
    [
      2.9446651472892564,
      1.6393156402714408,
      5.5375515288354125,
      1.9960746633703594,
      1.384459170953494,
      1.5829557497902558,
      1.6283404594135256,
      0.39581246719706287,
      2.4225598143050666,
      4.730969835220789,
      3.581429029008637,
      3.9249245697565804,
      1.6048075952752816,
      4.159168757734816,
      1.1477252762941528
    ]
  ],
  "cost_vals": [],
  "step_size": 0.1,
  "opt_step_times": [
    0.11652684211730957,
    0.11383390426635742,
    0.11385679244995117,
    0.11185121536254883,
    0.11477494239807129,
    0.11122512817382812,
    0.11237502098083496,
    0.11449503898620605,
    0.13618993759155273,
    0.13698911666870117,
    0.1285409927368164,
    0.1322617530822754,
    0.14489173889160156,
    0.12537884712219238,
    0.1344599723815918,
    0.19445037841796875,
    0.12921810150146484,
    0.12853717803955078,
    0.13757014274597168,
    0.1381819248199463
  ],
  "opt_settings": [
    2.9446651472892564,
    1.6393156402714408,
    5.5375515288354125,
    1.9960746633703594,
    1.384459170953494,
    1.5829557497902558,
    1.6283404594135256,
    0.39581246719706287,
    2.4225598143050666,
    4.730969835220789,
    3.581429029008637,
    3.9249245697565804,
    1.6048075952752816,
    4.159168757734816,
    1.1477252762941528
  ],
  "min_cost": null,
  "datetime": "2023-05-30T16-35-14Z",
  "step_only": true,
  "ibm_device": "default.qubit",
  "shots": 100,
  "prep_node_name": "5-qubit_zero_state",
  "num_qubits": 5,
  "error": false,
  "cov_mats": [
    [
      [
        0.0783999999999998,
        0.021600000000000064,
        -0.020000000000000073,
        0.02399999999999991,
        0.04080000000000002
      ],
      [
        0.021600000000000064,
        0.7884,
        0.029999999999999943,
        0.055999999999999994,
        0.08920000000000003
      ],
      [
        -0.020000000000000073,
        0.029999999999999943,
        0.75,
        0.039999999999999925,
        0.07000000000000005
      ],
      [
        0.02399999999999991,
        0.055999999999999994,
        0.039999999999999925,
        0.6399999999999999,
        -0.03200000000000007
      ],
      [
        0.04080000000000002,
        0.08920000000000003,
        0.07000000000000005,
        -0.03200000000000007,
        0.9996
      ]
    ],
    [
      [
        0.18999999999999995,
        0.006000000000000061,
        0.01599999999999996,
        0.013999999999999957,
        -0.010000000000000009
      ],
      [
        0.006000000000000061,
        0.7083999999999999,
        0.17440000000000008,
        0.06359999999999999,
        0.17400000000000004
      ],
      [
        0.01599999999999996,
        0.17440000000000008,
        0.8704000000000001,
        0.017599999999999935,
        -0.015999999999999938
      ],
      [
        0.013999999999999957,
        0.06359999999999999,
        0.017599999999999935,
        0.8844000000000001,
        0.00599999999999995
      ],
      [
        -0.010000000000000009,
        0.17400000000000004,
        -0.015999999999999938,
        0.00599999999999995,
        0.99
      ]
    ],
    [
      [
        0.22560000000000002,
        -0.05279999999999996,
        0.04000000000000001,
        -0.027200000000000057,
        -0.07039999999999999
      ],
      [
        -0.05279999999999996,
        0.8064,
        -0.12,
        -0.0464,
        -0.12480000000000002
      ],
      [
        0.04000000000000001,
        -0.12,
        1.0,
        -0.03999999999999999,
        -0.08000000000000003
      ],
      [
        -0.027200000000000057,
        -0.0464,
        -0.03999999999999999,
        0.8064,
        -0.07519999999999993
      ],
      [
        -0.07039999999999999,
        -0.12480000000000002,
        -0.08000000000000003,
        -0.07519999999999993,
        0.9936
      ]
    ],
    [
      [
        0.11640000000000006,
        -0.002799999999999969,
        -0.0020000000000000018,
        -0.010399999999999993,
        -0.021200000000000063
      ],
      [
        -0.002799999999999969,
        0.8556000000000001,
        0.07400000000000002,
        0.0007999999999999605,
        0.1524
      ],
      [
        -0.0020000000000000018,
        0.07400000000000002,
        0.9099999999999999,
        0.011999999999999955,
        0.04599999999999998
      ],
      [
        -0.010399999999999993,
        0.0007999999999999605,
        0.011999999999999955,
        0.9743999999999999,
        -0.13679999999999998
      ],
      [
        -0.021200000000000063,
        0.1524,
        0.04599999999999998,
        -0.13679999999999998,
        0.9995999999999999
      ]
    ],
    [
      [
        0.15360000000000018,
        0.044800000000000006,
        -0.036800000000000006,
        0.05920000000000006,
        0.038399999999999955
      ],
      [
        0.044800000000000006,
        0.8064,
        -0.1024,
        0.06560000000000003,
        -0.06879999999999997
      ],
      [
        -0.036800000000000006,
        -0.1024,
        0.9984,
        -0.04959999999999999,
        0.020800000000000075
      ],
      [
        0.05920000000000006,
        0.06560000000000003,
        -0.04959999999999999,
        0.9424,
        0.10479999999999998
      ],
      [
        0.038399999999999955,
        -0.06879999999999997,
        0.020800000000000075,
        0.10479999999999998,
        0.9996
      ]
    ],
    [
      [
        0.2943999999999999,
        -0.04159999999999994,
        0.017600000000000032,
        0.10880000000000001,
        0.07679999999999998
      ],
      [
        -0.04159999999999994,
        0.9323999999999999,
        0.0035999999999999296,
        0.0868000000000001,
        -0.005200000000000007
      ],
      [
        0.017600000000000032,
        0.0035999999999999296,
        0.9804,
        0.02520000000000004,
        0.03720000000000003
      ],
      [
        0.10880000000000001,
        0.0868000000000001,
        0.02520000000000004,
        0.9676,
        -0.036399999999999974
      ],
      [
        0.07679999999999998,
        -0.005200000000000007,
        0.03720000000000003,
        -0.036399999999999974,
        0.9996
      ]
    ],
    [
      [
        0.3599999999999999,
        0.020000000000000073,
        0.016000000000000042,
        0.04799999999999996,
        -0.05200000000000002
      ],
      [
        0.020000000000000073,
        0.9099999999999999,
        -0.09600000000000003,
        0.07200000000000004,
        -0.03799999999999996
      ],
      [
        0.016000000000000042,
        -0.09600000000000003,
        0.9855999999999999,
        0.16480000000000006,
        -0.0032000000000000153
      ],
      [
        0.04799999999999996,
        0.07200000000000004,
        0.16480000000000006,
        0.9984,
        0.054400000000000046
      ],
      [
        -0.05200000000000002,
        -0.03799999999999996,
        -0.0032000000000000153,
        0.054400000000000046,
        0.9804000000000002
      ]
    ],
    [
      [
        0.26039999999999985,
        -0.024799999999999933,
        -0.06560000000000002,
        -0.014400000000000017,
        0.008800000000000023
      ],
      [
        -0.024799999999999933,
        0.8976000000000001,
        -0.01280000000000003,
        0.13279999999999992,
        -0.1056
      ],
      [
        -0.06560000000000002,
        -0.01280000000000003,
        0.9984,
        0.0015999999999999407,
        -0.16320000000000004
      ],
      [
        -0.014400000000000017,
        0.13279999999999992,
        0.0015999999999999407,
        0.9984,
        0.0031999999999999967
      ],
      [
        0.008800000000000023,
        -0.1056,
        -0.16320000000000004,
        0.0031999999999999967,
        0.9936
      ]
    ],
    [
      [
        0.39159999999999995,
        0.04279999999999998,
        -0.10880000000000004,
        -0.006800000000000063,
        0.05560000000000005
      ],
      [
        0.04279999999999998,
        0.9324,
        -0.1104,
        0.0555999999999999,
        0.0748
      ],
      [
        -0.10880000000000004,
        -0.1104,
        0.9984,
        -0.0576,
        0.09920000000000001
      ],
      [
        -0.006800000000000063,
        0.0555999999999999,
        -0.0576,
        0.9964,
        0.2012
      ],
      [
        0.05560000000000005,
        0.0748,
        0.09920000000000001,
        0.2012,
        0.9996
      ]
    ],
    [
      [
        0.26039999999999985,
        0.04600000000000004,
        0.025599999999999998,
        0.054400000000000046,
        0.05719999999999997
      ],
      [
        0.04600000000000004,
        0.99,
        0.02399999999999998,
        -0.18400000000000005,
        0.118
      ],
      [
        0.025599999999999998,
        0.02399999999999998,
        0.9984,
        -0.03840000000000001,
        0.1008
      ],
      [
        0.054400000000000046,
        -0.18400000000000005,
        -0.03840000000000001,
        0.9984,
        0.019200000000000047
      ],
      [
        0.05719999999999997,
        0.118,
        0.1008,
        0.019200000000000047,
        0.9996
      ]
    ],
    [
      [
        0.39160000000000006,
        0.047199999999999964,
        -0.09120000000000007,
        0.011199999999999995,
        0.01519999999999995
      ],
      [
        0.047199999999999964,
        0.9424,
        0.009600000000000091,
        0.11040000000000005,
        -0.04160000000000008
      ],
      [
        -0.09120000000000007,
        0.009600000000000091,
        0.9984,
        0.08160000000000005,
        0.07360000000000003
      ],
      [
        0.011199999999999995,
        0.11040000000000005,
        0.08160000000000005,
        0.9984000000000002,
        0.12640000000000007
      ],
      [
        0.01519999999999995,
        -0.04160000000000008,
        0.07360000000000003,
        0.12640000000000007,
        0.9744000000000003
      ]
    ],
    [
      [
        0.6636,
        0.11280000000000003,
        -0.07279999999999995,
        0.0012000000000000344,
        0.08319999999999997
      ],
      [
        0.11280000000000003,
        0.9743999999999999,
        0.10560000000000005,
        -0.042400000000000077,
        -0.006399999999999908
      ],
      [
        -0.07279999999999995,
        0.10560000000000005,
        0.9744,
        0.12240000000000008,
        -0.07359999999999992
      ],
      [
        0.0012000000000000344,
        -0.042400000000000077,
        0.12240000000000008,
        0.9804000000000002,
        0.054400000000000004
      ],
      [
        0.08319999999999997,
        -0.006399999999999908,
        -0.07359999999999992,
        0.054400000000000004,
        0.9984
      ]
    ],
    [
      [
        0.6399999999999999,
        0.02400000000000002,
        -0.040000000000000036,
        0.008000000000000038,
        0.14400000000000004
      ],
      [
        0.02400000000000002,
        0.9423999999999999,
        0.12,
        -0.05520000000000006,
        0.0624000000000001
      ],
      [
        -0.040000000000000036,
        0.12,
        1.0,
        -0.10000000000000003,
        -0.040000000000000036
      ],
      [
        0.008000000000000038,
        -0.05520000000000006,
        -0.10000000000000003,
        0.9996,
        -0.05520000000000006
      ],
      [
        0.14400000000000004,
        0.0624000000000001,
        -0.040000000000000036,
        -0.05520000000000006,
        0.9424000000000002
      ]
    ],
    [
      [
        0.6863999999999999,
        -0.03439999999999996,
        0.0976,
        -0.009600000000000067,
        -0.022399999999999993
      ],
      [
        -0.03439999999999996,
        0.9324,
        -0.12959999999999997,
        -0.13839999999999997,
        -0.009600000000000036
      ],
      [
        0.0976,
        -0.12959999999999997,
        0.9984,
        0.11359999999999999,
        0.11840000000000007
      ],
      [
        -0.009600000000000067,
        -0.13839999999999997,
        0.11359999999999999,
        0.9743999999999999,
        -0.006399999999999981
      ],
      [
        -0.022399999999999993,
        -0.009600000000000036,
        0.11840000000000007,
        -0.006399999999999981,
        0.9984000000000002
      ]
    ],
    [
      [
        0.9516,
        0.011200000000000062,
        0.011200000000000007,
        -0.07760000000000002,
        -0.05800000000000001
      ],
      [
        0.011200000000000062,
        0.9984,
        -0.001600000000000003,
        -0.003200000000000006,
        -0.17600000000000002
      ],
      [
        0.011200000000000007,
        -0.001600000000000003,
        0.9984,
        -0.04319999999999999,
        0.064
      ],
      [
        -0.07760000000000002,
        -0.003200000000000006,
        -0.04319999999999999,
        0.9936,
        0.14800000000000002
      ],
      [
        -0.05800000000000001,
        -0.17600000000000002,
        0.064,
        0.14800000000000002,
        0.99
      ]
    ],
    [
      [
        0.7696000000000001,
        -0.0712,
        -0.001600000000000018,
        0.1008,
        0.14079999999999995
      ],
      [
        -0.0712,
        0.9964,
        0.015199999999999953,
        0.022399999999999965,
        -0.017600000000000043
      ],
      [
        -0.001600000000000018,
        0.015199999999999953,
        0.9936,
        0.08320000000000002,
        0.043200000000000016
      ],
      [
        0.1008,
        0.022399999999999965,
        0.08320000000000002,
        0.9984,
        -0.0016000000000000307
      ],
      [
        0.14079999999999995,
        -0.017600000000000043,
        0.043200000000000016,
        -0.0016000000000000307,
        0.9984
      ]
    ],
    [
      [
        0.9216,
        0.01120000000000005,
        0.14079999999999998,
        0.22560000000000005,
        0.006399999999999947
      ],
      [
        0.01120000000000005,
        0.9984,
        -0.0544,
        0.13920000000000002,
        0.044800000000000034
      ],
      [
        0.14079999999999998,
        -0.0544,
        0.9803999999999999,
        0.12279999999999999,
        0.003200000000000088
      ],
      [
        0.22560000000000005,
        0.13920000000000002,
        0.12279999999999999,
        0.9996,
        0.022399999999999986
      ],
      [
        0.006399999999999947,
        0.044800000000000034,
        0.003200000000000088,
        0.022399999999999986,
        0.9856
      ]
    ],
    [
      [
        0.9964,
        -0.05519999999999997,
        0.11880000000000002,
        -0.09079999999999999,
        -0.04360000000000001
      ],
      [
        -0.05519999999999997,
        0.9936,
        0.06160000000000003,
        -0.005599999999999978,
        0.02479999999999996
      ],
      [
        0.11880000000000002,
        0.06160000000000003,
        0.9996,
        -0.12360000000000006,
        -0.04119999999999998
      ],
      [
        -0.09079999999999999,
        -0.005599999999999978,
        -0.12360000000000006,
        0.9676,
        -0.010800000000000117
      ],
      [
        -0.04360000000000001,
        0.02479999999999996,
        -0.04119999999999998,
        -0.010800000000000117,
        0.9964
      ]
    ],
    [
      [
        0.9743999999999999,
        0.016800000000000023,
        0.08640000000000002,
        0.24000000000000002,
        -0.025600000000000074
      ],
      [
        0.016800000000000023,
        0.9996,
        -0.1792,
        -0.06,
        0.016800000000000107
      ],
      [
        0.08640000000000002,
        -0.1792,
        0.9984,
        -0.04,
        -0.1536
      ],
      [
        0.24000000000000002,
        -0.06,
        -0.04,
        1.0,
        -0.04
      ],
      [
        -0.025600000000000074,
        0.016800000000000107,
        -0.1536,
        -0.04,
        0.9743999999999999
      ]
    ],
    [
      [
        0.9964,
        -0.09319999999999996,
        -0.14240000000000005,
        0.11879999999999996,
        0.13279999999999997
      ],
      [
        -0.09319999999999996,
        0.9516,
        -0.0288,
        0.19559999999999997,
        0.07360000000000003
      ],
      [
        -0.14240000000000005,
        -0.0288,
        0.9984,
        0.05919999999999997,
        -0.08479999999999999
      ],
      [
        0.11879999999999996,
        0.19559999999999997,
        0.05919999999999997,
        0.9996,
        0.09760000000000003
      ],
      [
        0.13279999999999997,
        0.07360000000000003,
        -0.08479999999999999,
        0.09760000000000003,
        0.9855999999999999
      ]
    ],
    [
      [
        0.9743999999999999,
        -0.06720000000000001,
        -0.004,
        0.04400000000000004,
        -0.11760000000000001
      ],
      [
        -0.06720000000000001,
        0.9936,
        0.05199999999999999,
        -0.05199999999999996,
        0.04880000000000008
      ],
      [
        -0.004,
        0.05199999999999999,
        0.99,
        -0.029999999999999936,
        0.06599999999999992
      ],
      [
        0.04400000000000004,
        -0.05199999999999996,
        -0.029999999999999936,
        0.99,
        -0.10599999999999996
      ],
      [
        -0.11760000000000001,
        0.04880000000000008,
        0.06599999999999992,
        -0.10599999999999996,
        0.9804
      ]
    ]
  ]
}