{
  "settings_list": [
    [
      5.6095113051502805,
      5.139907661843145,
      3.102862982846703,
      4.437719259442734,
      5.489661702615773,
      4.658288733909544,
      4.884700251124164,
      4.516940031801661,
      3.6591940020878106,
      0.5164565973691689,
      2.22265273594747,
      5.622690255411222,
      3.190169480847809,
      2.4763762830298126,
      0.17899100663671427
    ],
    [
      5.56330362515028,
      5.0551646218431445,
      3.110995462846703,
      4.463642139442735,
      5.441686022615772,
      4.629779613909544,
      4.886660891124164,
      4.487918271801661,
      3.6492208820878105,
      0.570889877369169,
      2.12153913594747,
      5.627414095411222,
      3.190334920847809,
      2.3598630030298127,
      0.19205244663671425
    ],
    [
      5.547166185150281,
      4.977126861843145,
      3.109438822846703,
      4.4876816594427344,
      5.420811622615772,
      4.639673213909544,
      4.902736571124164,
      4.484866911801661,
      3.6629391220878107,
      0.609302037369169,
      2.0381941759474698,
      5.642949935411222,
      3.218774760847809,
      2.2446201230298124,
      0.2180082866367143
    ],
    [
      5.547297385150281,
      4.937894861843144,
      3.117694822846703,
      4.547563259442734,
      5.383906022615772,
      4.652790013909543,
      4.899965371124164,
      4.453836511801661,
      3.6389519220878106,
      0.638694037369169,
      1.9409077759474698,
      5.676780335411222,
      3.231328360847809,
      2.1398841230298125,
      0.21037308663671428
    ],
    [
      5.538926473150281,
      4.907159021843144,
      3.137062502846703,
      4.538892251442734,
      5.366839622615772,
      4.664516861909544,
      4.883759739124164,
      4.455870847801662,
      3.6201471860878107,
      0.6717528213691689,
      1.8596070399474698,
      5.694888943411223,
      3.251439656847809,
      2.004883323029812,
      0.2015037746367143
    ],
    [
      5.533830729150281,
      4.880906029843144,
      3.117158694846703,
      4.566657947442734,
      5.339030598615772,
      4.654224253909543,
      4.898255291124164,
      4.436769279801662,
      3.6101080820878106,
      0.701954677369169,
      1.7687869439474697,
      5.691062319411222,
      3.267207976847809,
      1.9180822350298121,
      0.20620067063671427
    ],
    [
      5.519293257150281,
      4.8985172938431445,
      3.124811302846703,
      4.590035355442734,
      5.338726214615773,
      4.664293501909543,
      4.901426619124163,
      4.467606015801662,
      3.5955534580878106,
      0.7044261013691689,
      1.6807009279474696,
      5.676570415411223,
      3.252249640847809,
      1.810672315029812,
      0.20392431863671426
    ],
    [
      5.5064932571502805,
      4.818213293843145,
      3.134388902846703,
      4.558227355442734,
      5.332550214615773,
      4.667538301909543,
      4.898348219124164,
      4.476175615801663,
      3.5882958580878106,
      0.7415237013691689,
      1.6476161279474697,
      5.6960840154112224,
      3.264617640847809,
      1.779197115029812,
      0.19411631863671425
    ],
    [
      5.517521481150281,
      4.787870765843144,
      3.121133350846703,
      4.5555137554427345,
      5.350152966615773,
      4.670398877909543,
      4.886454075124163,
      4.490682719801662,
      3.6000647540878106,
      0.7559779733691688,
      1.5849004799474697,
      5.705877103411223,
      3.277293192847809,
      1.658815387029812,
      0.20189244663671424
    ],
    [
      5.531245001150281,
      4.778516045843144,
      3.1392053828467033,
      4.574781147442734,
      5.345766438615772,
      4.678663805909543,
      4.864239931124163,
      4.519878527801662,
      3.5862496820878107,
      0.7560419733691688,
      1.5713510399474697,
      5.696108655411223,
      3.283209640847809,
      1.641179867029812,
      0.19365475063671425
    ],
    [
      5.516544841150281,
      4.780217805843145,
      3.152134662846703,
      4.615361627442734,
      5.353469478615772,
      4.6818689259095425,
      4.854396731124163,
      4.517150847801663,
      3.5906900020878108,
      0.7644291733691688,
      1.5193567999474697,
      5.690318575411223,
      3.295766440847809,
      1.583840347029812,
      0.21596387063671427
    ],
    [
      5.523571337150281,
      4.723084365843144,
      3.1637394308467033,
      4.636901403442734,
      5.348138406615773,
      4.668512317909543,
      4.838321211124163,
      4.510221439801662,
      3.594920722087811,
      0.7667692053691688,
      1.55903129594747,
      5.685042831411223,
      3.293228520847809,
      1.5605753230298118,
      0.22625958263671428
    ],
    [
      5.541945097150281,
      4.696932045843145,
      3.1796170308467033,
      4.636600283442735,
      5.346456166615773,
      4.654937117909543,
      4.811921211124163,
      4.522612479801662,
      3.587307762087811,
      0.7869178453691688,
      1.53154169594747,
      5.654392911411223,
      3.279420040847809,
      1.5427025230298117,
      0.20253270263671427
    ],
    [
      5.545740425150281,
      4.740075853843145,
      3.1806185668467033,
      4.667365659442734,
      5.352735654615772,
      4.627614557909543,
      4.800624699124163,
      4.530638719801662,
      3.5816656500878112,
      0.7857125333691687,
      1.53608409594747,
      5.6537484314112225,
      3.291119880847809,
      1.5984720590298118,
      0.20688854263671425
    ],
    [
      5.53692941715028,
      4.7083223818431446,
      3.183654470846703,
      4.639168539442735,
      5.376008358615772,
      4.605925981909543,
      4.793949243124163,
      4.545052799801662,
      3.5920410740878115,
      0.7924266453691686,
      1.56646719994747,
      5.660554959411223,
      3.303079176847809,
      1.5245886670298117,
      0.20700758263671423
    ],
    [
      5.52781735315028,
      4.774721613843145,
      3.207716934846703,
      4.663261979442734,
      5.366584742615772,
      4.614186077909543,
      4.794374203124163,
      4.539870079801663,
      3.5841647220878117,
      0.7945286613691687,
      1.61425164794747,
      5.642957775411222,
      3.310070280847809,
      1.5558657230298119,
      0.18322185463671423
    ],
    [
      5.51624708115028,
      4.785372781843145,
      3.216819014846703,
      4.643867675442734,
      5.389663686615772,
      4.620670429909543,
      4.797446235124164,
      4.546361631801663,
      3.6059586420878116,
      0.8075602453691687,
      1.6164453759474702,
      5.659570415411222,
      3.315609544847809,
      1.628266843029812,
      0.17270447863671423
    ],
    [
      5.52557021715028,
      4.789601485843145,
      3.212468966846703,
      4.689755931442734,
      5.386405606615772,
      4.634996445909543,
      4.8058850511241635,
      4.540122751801663,
      3.6115205300878115,
      0.7979534933691687,
      1.5989419199474701,
      5.660424143411222,
      3.3169767128478087,
      1.604213147029812,
      0.18343119863671423
    ],
    [
      5.52520458515028,
      4.774526029843145,
      3.216358502846703,
      4.667234075442734,
      5.3913855426157715,
      4.633635133909543,
      4.806810331124163,
      4.539477791801663,
      3.6132836660878116,
      0.7891480853691686,
      1.58183375994747,
      5.666196655411222,
      3.3241221208478087,
      1.557163259029812,
      0.19414051063671425
    ],
    [
      5.53510640915028,
      4.738143693843145,
      3.214175590846703,
      4.656812827442734,
      5.3726097346157715,
      4.618278205909543,
      4.796440155124163,
      4.551522079801663,
      3.631080402087812,
      0.7927323413691686,
      1.62430889594747,
      5.662739247411222,
      3.3399187288478087,
      1.575350395029812,
      0.19412566263671424
    ],
    [
      5.54239751315028,
      4.760766189843145,
      3.203300966846703,
      4.671345947442735,
      5.378890982615771,
      4.616832029909543,
      4.822760219124163,
      4.519694271801663,
      3.613380946087812,
      0.7787779093691686,
      1.65561398394747,
      5.657735023411222,
      3.3497025688478086,
      1.613894555029812,
      0.18577311863671422
    ]
  ],
  "cost_vals": [],
  "step_size": 0.1,
  "opt_step_times": [
    0.12064099311828613,
    0.130051851272583,
    0.12659597396850586,
    0.1336979866027832,
    0.12755513191223145,
    0.1193079948425293,
    0.12319302558898926,
    0.12117218971252441,
    0.14526700973510742,
    0.12290406227111816,
    0.1282048225402832,
    0.12720108032226562,
    0.14178991317749023,
    0.13791990280151367,
    0.1277461051940918,
    0.21264386177062988,
    0.129655122756958,
    0.1253221035003662,
    0.12556695938110352,
    0.13143181800842285
  ],
  "opt_settings": [
    5.54239751315028,
    4.760766189843145,
    3.203300966846703,
    4.671345947442735,
    5.378890982615771,
    4.616832029909543,
    4.822760219124163,
    4.519694271801663,
    3.613380946087812,
    0.7787779093691686,
    1.65561398394747,
    5.657735023411222,
    3.3497025688478086,
    1.613894555029812,
    0.18577311863671422
  ],
  "min_cost": null,
  "datetime": "2023-05-30T16-41-10Z",
  "step_only": true,
  "ibm_device": "default.qubit",
  "shots": 100,
  "prep_node_name": "5-qubit_zero_state",
  "num_qubits": 5,
  "error": false,
  "cov_mats": [
    [
      [
        0.8976,
        -0.10960000000000003,
        -0.0544,
        -0.03520000000000004,
        0.10239999999999994
      ],
      [
        -0.10960000000000003,
        0.9516,
        -0.03760000000000004,
        -0.0008000000000000229,
        -0.07039999999999996
      ],
      [
        -0.0544,
        -0.03760000000000004,
        0.9936,
        0.028799999999999992,
        -0.10559999999999997
      ],
      [
        -0.03520000000000004,
        -0.0008000000000000229,
        0.028799999999999992,
        0.5904000000000001,
        -0.08480000000000015
      ],
      [
        0.10239999999999994,
        -0.07039999999999996,
        -0.10559999999999997,
        -0.08480000000000015,
        0.5375999999999999
      ]
    ],
    [
      [
        0.9323999999999999,
        -0.09839999999999997,
        -0.03919999999999994,
        0.020400000000000057,
        -0.06200000000000011
      ],
      [
        -0.09839999999999997,
        0.9743999999999999,
        -0.052800000000000034,
        -0.10640000000000005,
        0.05200000000000013
      ],
      [
        -0.03919999999999994,
        -0.052800000000000034,
        0.9935999999999999,
        0.016800000000000023,
        0.07599999999999989
      ],
      [
        0.020400000000000057,
        -0.10640000000000005,
        0.016800000000000023,
        0.7083999999999999,
        0.057999999999999885
      ],
      [
        -0.06200000000000011,
        0.05200000000000013,
        0.07599999999999989,
        0.057999999999999885,
        0.5099999999999999
      ]
    ],
    [
      [
        0.9676,
        0.03959999999999998,
        -0.2364,
        0.054,
        0.019600000000000006
      ],
      [
        0.03959999999999998,
        0.9516,
        -0.004399999999999979,
        -0.025999999999999968,
        0.05159999999999995
      ],
      [
        -0.2364,
        -0.004399999999999979,
        0.9996,
        -0.005999999999999943,
        -0.06440000000000008
      ],
      [
        0.054,
        -0.025999999999999968,
        -0.005999999999999943,
        0.9099999999999999,
        -0.00599999999999995
      ],
      [
        0.019600000000000006,
        0.05159999999999995,
        -0.06440000000000008,
        -0.00599999999999995,
        0.39160000000000006
      ]
    ],
    [
      [
        0.9676,
        -0.12760000000000002,
        -0.10719999999999998,
        0.08680000000000006,
        0.04440000000000004
      ],
      [
        -0.12760000000000002,
        0.9676,
        -0.012800000000000063,
        0.033200000000000035,
        -0.12439999999999996
      ],
      [
        -0.10719999999999998,
        -0.012800000000000063,
        0.9984,
        0.030400000000000024,
        -0.19680000000000003
      ],
      [
        0.08680000000000006,
        0.033200000000000035,
        0.030400000000000024,
        0.9323999999999999,
        -0.01079999999999999
      ],
      [
        0.04440000000000004,
        -0.12439999999999996,
        -0.19680000000000003,
        -0.01079999999999999,
        0.8236000000000001
      ]
    ],
    [
      [
        0.9936,
        -0.02159999999999999,
        0.11120000000000002,
        0.022400000000000007,
        -0.01679999999999998
      ],
      [
        -0.02159999999999999,
        0.9996,
        -0.1172,
        0.18559999999999996,
        0.030799999999999994
      ],
      [
        0.11120000000000002,
        -0.1172,
        0.9804,
        -0.1392,
        -0.21559999999999996
      ],
      [
        0.022400000000000007,
        0.18559999999999996,
        -0.1392,
        0.9216000000000001,
        -0.011199999999999988
      ],
      [
        -0.01679999999999998,
        0.030799999999999994,
        -0.21559999999999996,
        -0.011199999999999988,
        0.7884
      ]
    ],
    [
      [
        0.9936,
        0.20640000000000003,
        -0.1072,
        -0.11919999999999994,
        -0.14880000000000002
      ],
      [
        0.20640000000000003,
        0.9936,
        0.02720000000000004,
        0.03919999999999996,
        -0.21119999999999994
      ],
      [
        -0.1072,
        0.02720000000000004,
        0.9743999999999999,
        0.058399999999999966,
        0.05760000000000001
      ],
      [
        -0.11919999999999994,
        0.03919999999999996,
        0.058399999999999966,
        0.9324,
        0.11360000000000002
      ],
      [
        -0.14880000000000002,
        -0.21119999999999994,
        0.05760000000000001,
        0.11360000000000002,
        0.8704000000000001
      ]
    ],
    [
      [
        0.9964,
        0.032000000000000084,
        0.152,
        0.0012000000000000298,
        0.10199999999999998
      ],
      [
        0.032000000000000084,
        0.96,
        -0.08000000000000002,
        -0.024000000000000077,
        -0.03999999999999998
      ],
      [
        0.152,
        -0.08000000000000002,
        0.96,
        -0.023999999999999966,
        -0.03999999999999998
      ],
      [
        0.0012000000000000298,
        -0.024000000000000077,
        -0.023999999999999966,
        0.9996,
        -0.03399999999999995
      ],
      [
        0.10199999999999998,
        -0.03999999999999998,
        -0.03999999999999998,
        -0.03399999999999995,
        0.9099999999999999
      ]
    ],
    [
      [
        1.0,
        0.08000000000000004,
        -0.06000000000000005,
        -0.14,
        -0.020000000000000046
      ],
      [
        0.08000000000000004,
        0.9856,
        -0.07679999999999997,
        0.09279999999999998,
        -0.21599999999999997
      ],
      [
        -0.06000000000000005,
        -0.07679999999999997,
        0.9804000000000003,
        -0.008399999999999993,
        0.118
      ],
      [
        -0.14,
        0.09279999999999998,
        -0.008399999999999993,
        0.9964,
        -0.018000000000000085
      ],
      [
        -0.020000000000000046,
        -0.21599999999999997,
        0.118,
        -0.018000000000000085,
        0.9099999999999999
      ]
    ],
    [
      [
        0.99,
        0.12200000000000005,
        -0.01599999999999999,
        0.10800000000000004,
        0.12000000000000001
      ],
      [
        0.12200000000000005,
        0.9996,
        0.019200000000000075,
        -0.021599999999999987,
        -0.09600000000000002
      ],
      [
        -0.01599999999999999,
        0.019200000000000075,
        0.9984,
        -0.08320000000000001,
        0.04799999999999992
      ],
      [
        0.10800000000000004,
        -0.021599999999999987,
        -0.08320000000000001,
        0.9936,
        -0.02399999999999998
      ],
      [
        0.12000000000000001,
        -0.09600000000000002,
        0.04799999999999992,
        -0.02399999999999998,
        0.96
      ]
    ],
    [
      [
        0.96,
        0.08800000000000005,
        0.184,
        -0.08000000000000004,
        0.03199999999999999
      ],
      [
        0.08800000000000005,
        0.9424,
        0.09119999999999999,
        -0.12000000000000002,
        -0.10640000000000001
      ],
      [
        0.184,
        0.09119999999999999,
        0.9856,
        -0.12000000000000005,
        0.07679999999999998
      ],
      [
        -0.08000000000000004,
        -0.12000000000000002,
        -0.12000000000000005,
        1.0,
        -0.10000000000000003
      ],
      [
        0.03199999999999999,
        -0.10640000000000001,
        0.07679999999999998,
        -0.10000000000000003,
        0.9804
      ]
    ],
    [
      [
        0.9804,
        -0.008799999999999987,
        0.03760000000000002,
        -0.1284,
        0.08799999999999997
      ],
      [
        -0.008799999999999987,
        0.9936,
        -0.027199999999999974,
        -0.05520000000000004,
        -0.09600000000000004
      ],
      [
        0.03760000000000002,
        -0.027199999999999974,
        0.9743999999999999,
        -0.029599999999999953,
        -0.128
      ],
      [
        -0.1284,
        -0.05520000000000004,
        -0.029599999999999953,
        0.9964,
        -0.007999999999999943
      ],
      [
        0.08799999999999997,
        -0.09600000000000004,
        -0.128,
        -0.007999999999999943,
        0.9600000000000002
      ]
    ],
    [
      [
        0.9964,
        -0.09279999999999998,
        -0.15879999999999997,
        0.0648,
        0.12360000000000006
      ],
      [
        -0.09279999999999998,
        0.9856,
        0.057600000000000026,
        -0.04959999999999998,
        -0.027200000000000023
      ],
      [
        -0.15879999999999997,
        0.057600000000000026,
        0.9996,
        0.018400000000000017,
        -0.0012000000000000576
      ],
      [
        0.0648,
        -0.04959999999999998,
        0.018400000000000017,
        0.9936,
        0.13519999999999996
      ],
      [
        0.12360000000000006,
        -0.027200000000000023,
        -0.0012000000000000576,
        0.13519999999999996,
        0.9964
      ]
    ],
    [
      [
        0.9936,
        -0.012799999999999954,
        0.0648,
        0.0712,
        0.04639999999999998
      ],
      [
        -0.012799999999999954,
        0.9743999999999999,
        0.02960000000000003,
        0.16240000000000004,
        -0.0272
      ],
      [
        0.0648,
        0.02960000000000003,
        0.9964,
        -0.04840000000000005,
        0.015200000000000012
      ],
      [
        0.0712,
        0.16240000000000004,
        -0.04840000000000005,
        0.9803999999999999,
        -0.07119999999999997
      ],
      [
        0.04639999999999998,
        -0.0272,
        0.015200000000000012,
        -0.07119999999999997,
        0.9936
      ]
    ],
    [
      [
        0.9996,
        0.158,
        0.09759999999999998,
        -0.11880000000000002,
        0.038800000000000064
      ],
      [
        0.158,
        0.99,
        -0.03199999999999997,
        0.045999999999999985,
        -0.045999999999999965
      ],
      [
        0.09759999999999998,
        -0.03199999999999997,
        0.9856,
        -0.1328,
        0.17279999999999998
      ],
      [
        -0.11880000000000002,
        0.045999999999999985,
        -0.1328,
        0.9964,
        0.003599999999999993
      ],
      [
        0.038800000000000064,
        -0.045999999999999965,
        0.17279999999999998,
        0.003599999999999993,
        0.9964000000000001
      ]
    ],
    [
      [
        0.9984,
        0.14080000000000004,
        -0.001599999999999973,
        -0.05760000000000008,
        -0.1024
      ],
      [
        0.14080000000000004,
        0.9996,
        0.06079999999999999,
        -0.04119999999999998,
        0.12119999999999999
      ],
      [
        -0.001599999999999973,
        0.06079999999999999,
        0.9984,
        -0.13759999999999997,
        -0.1424
      ],
      [
        -0.05760000000000008,
        -0.04119999999999998,
        -0.13759999999999997,
        0.9964,
        0.12360000000000006
      ],
      [
        -0.1024,
        0.12119999999999999,
        -0.1424,
        0.12360000000000006,
        0.9964
      ]
    ],
    [
      [
        0.9964,
        -0.16600000000000006,
        -0.0035999999999999444,
        -0.0364,
        -0.015200000000000045
      ],
      [
        -0.16600000000000006,
        0.99,
        -0.08600000000000002,
        0.045999999999999985,
        0.10799999999999998
      ],
      [
        -0.0035999999999999444,
        -0.08600000000000002,
        0.9964,
        0.12360000000000006,
        -0.13520000000000001
      ],
      [
        -0.0364,
        0.045999999999999985,
        0.12360000000000006,
        0.9964,
        0.015200000000000012
      ],
      [
        -0.015200000000000045,
        0.10799999999999998,
        -0.13520000000000001,
        0.015200000000000012,
        0.9936
      ]
    ],
    [
      [
        0.9964,
        -0.07639999999999998,
        0.1304,
        -0.0364,
        0.13279999999999995
      ],
      [
        -0.07639999999999998,
        0.9964,
        0.10960000000000002,
        0.036399999999999974,
        0.027199999999999936
      ],
      [
        0.1304,
        0.10960000000000002,
        0.9743999999999999,
        0.18960000000000002,
        -0.019199999999999974
      ],
      [
        -0.0364,
        0.036399999999999974,
        0.18960000000000002,
        0.9964,
        -0.05279999999999994
      ],
      [
        0.13279999999999995,
        0.027199999999999936,
        -0.019199999999999974,
        -0.05279999999999994,
        0.9856
      ]
    ],
    [
      [
        0.9984,
        -0.06400000000000006,
        -0.0624,
        0.08160000000000005,
        0.044800000000000006
      ],
      [
        -0.06400000000000006,
        0.99,
        -0.2060000000000001,
        -0.096,
        0.03200000000000005
      ],
      [
        -0.0624,
        -0.2060000000000001,
        0.9964,
        -0.09759999999999998,
        0.02720000000000001
      ],
      [
        0.08160000000000005,
        -0.096,
        -0.09759999999999998,
        0.9984000000000002,
        -0.2047999999999999
      ],
      [
        0.044800000000000006,
        0.03200000000000005,
        0.02720000000000001,
        -0.2047999999999999,
        0.9856
      ]
    ],
    [
      [
        0.9936,
        -0.021599999999999987,
        -0.22480000000000006,
        -0.23040000000000005,
        0.0031999999999999503
      ],
      [
        -0.021599999999999987,
        0.9996,
        -0.16119999999999995,
        -0.05760000000000009,
        0.02079999999999999
      ],
      [
        -0.22480000000000006,
        -0.16119999999999995,
        0.9964,
        0.06720000000000005,
        0.18240000000000003
      ],
      [
        -0.23040000000000005,
        -0.05760000000000009,
        0.06720000000000005,
        0.9856,
        0.15519999999999998
      ],
      [
        0.0031999999999999503,
        0.02079999999999999,
        0.18240000000000003,
        0.15519999999999998,
        0.9984
      ]
    ],
    [
      [
        0.9804,
        -0.13439999999999996,
        0.03720000000000006,
        0.013999999999999934,
        -0.09480000000000004
      ],
      [
        -0.13439999999999996,
        0.9984,
        0.020799999999999992,
        0.17599999999999996,
        0.17279999999999995
      ],
      [
        0.03720000000000006,
        0.020799999999999992,
        0.9996,
        -0.03800000000000009,
        0.12360000000000003
      ],
      [
        0.013999999999999934,
        0.17599999999999996,
        -0.03800000000000009,
        0.99,
        0.10200000000000006
      ],
      [
        -0.09480000000000004,
        0.17279999999999995,
        0.12360000000000003,
        0.10200000000000006,
        0.9676
      ]
    ],
    [
      [
        1.0,
        0.0,
        0.020000000000000018,
        0.03999999999999995,
        -0.07999999999999999
      ],
      [
        0.0,
        1.0,
        0.020000000000000018,
        -0.16000000000000003,
        -0.12000000000000002
      ],
      [
        0.020000000000000018,
        0.020000000000000018,
        0.9964,
        -0.0272,
        -0.19200000000000003
      ],
      [
        0.03999999999999995,
        -0.16000000000000003,
        -0.0272,
        0.9856,
        -0.024000000000000018
      ],
      [
        -0.07999999999999999,
        -0.12000000000000002,
        -0.19200000000000003,
        -0.024000000000000018,
        0.96
      ]
    ]
  ]
}