{
  "settings_list": [
    [
      1.6150538106218186,
      3.1892232415136013,
      3.082560056770987,
      0.6071639070253253,
      4.744124661055649,
      5.097128401363225,
      2.738217218393607,
      0.428361452292201,
      1.980750821820721,
      0.17146586889607632,
      5.546000432857026,
      4.077241165670985,
      2.669594724578409,
      2.701445220630883,
      2.382912342280032
    ],
    [
      1.5681706106218187,
      3.1847452895136015,
      3.077711544770987,
      0.6012933150253253,
      4.750429685055648,
      5.100086353363225,
      2.701481858393607,
      0.484250092292201,
      1.980021093820721,
      0.17743681289607632,
      5.452264112857026,
      4.079955661670986,
      2.631709924578409,
      2.662387556630883,
      2.378994262280032
    ],
    [
      1.5876237626218188,
      3.1991632095136016,
      3.077757016770987,
      0.5891209950253253,
      4.750995029055648,
      5.082370257363225,
      2.657764450393607,
      0.531786284292201,
      1.967677541820721,
      0.1579985728960763,
      5.331830416857026,
      4.085968813670986,
      2.566331172578409,
      2.585856452630883,
      2.364622742280032
    ],
    [
      1.5667191866218189,
      3.2069219295136016,
      3.092229976770987,
      0.5646959070253253,
      4.734291029055648,
      5.088867025363225,
      2.620637410393607,
      0.591092268292201,
      1.9836006138207212,
      0.1756290368960763,
      5.2198027688570265,
      4.115932589670986,
      2.4738259565784086,
      2.529209284630883,
      2.3607917022800318
    ],
    [
      1.5964747066218188,
      3.2099139295136014,
      3.078401496770987,
      0.5924827870253253,
      4.751761749055649,
      5.105604305363225,
      2.569519330393607,
      0.662934188292201,
      1.9773516538207212,
      0.17552663689607628,
      5.097569808857027,
      4.115589549670986,
      2.4103667565784086,
      2.496739524630883,
      2.356922902280032
    ],
    [
      1.5832017466218187,
      3.1867304415136015,
      3.069013848770987,
      0.6037304030253253,
      4.716054741055649,
      5.083896401363225,
      2.497427042393607,
      0.7444399802922009,
      1.983214309820721,
      0.19350385289607627,
      5.005466640857026,
      4.122750125670986,
      2.334259108578409,
      2.432376772630883,
      2.352859670280032
    ],
    [
      1.5640637946218185,
      3.1887698975136014,
      3.0460467447709867,
      0.6174982430253253,
      4.762523605055649,
      5.0483429613632245,
      2.427215650393607,
      0.8247031482922009,
      1.9730602618207211,
      0.19075089289607625,
      4.936339120857026,
      4.1280567816709866,
      2.2418305325784087,
      2.361276484630883,
      2.367293430280032
    ],
    [
      1.5509477626218184,
      3.1988666335136013,
      3.0570335927709866,
      0.6224366430253253,
      4.741419093055649,
      5.034700945363224,
      2.368692834393607,
      0.916073132292201,
      1.9816812218207212,
      0.19164932489607622,
      4.852967952857026,
      4.128078221670987,
      2.1786244845784086,
      2.320765444630883,
      2.3585912862800322
    ],
    [
      1.5693578106218184,
      3.1851733535136013,
      3.0675555447709866,
      0.6358219230253254,
      4.773851989055649,
      5.037425937363224,
      2.317120546393607,
      1.000072364292201,
      1.9804076858207211,
      0.18942679689607622,
      4.758773040857026,
      4.115076397670987,
      2.1431864685784086,
      2.274702564630883,
      2.3390628382800323
    ],
    [
      1.5303552506218183,
      3.164529865513601,
      3.0825889207709865,
      0.6351600030253254,
      4.762693077055649,
      5.027571761363224,
      2.269277986393607,
      1.077055756292201,
      1.9758723578207211,
      0.18242926089607622,
      4.728250064857026,
      4.094903373670987,
      2.0648005485784084,
      2.243839652630883,
      2.3649034782800324
    ],
    [
      1.5401472506218183,
      3.153754185513601,
      3.0685159607709864,
      0.6516880030253254,
      4.712001877055648,
      5.032159281363224,
      2.213286946393607,
      1.139068556292201,
      1.971299557820721,
      0.19124782089607623,
      4.671952464857026,
      4.070399053670987,
      1.9902655085784084,
      2.217568932630883,
      2.3958634782800323
    ],
    [
      1.4970847866218184,
      3.157266313513601,
      3.0748792247709864,
      0.6604452510253254,
      4.765143893055648,
      5.026678385363224,
      2.181696162393607,
      1.174044172292201,
      1.9618401658207212,
      0.19236897289607624,
      4.664078800857026,
      4.053983821670987,
      1.9457560685784083,
      2.1736133486308833,
      2.3962197022800322
    ],
    [
      1.4804346746218184,
      3.1503839135136014,
      3.072440440770986,
      0.6637631710253253,
      4.735195765055648,
      5.0176826093632245,
      2.165516450393607,
      1.206508684292201,
      1.9654186938207212,
      0.1669672768960762,
      4.604931024857026,
      4.053673101670987,
      1.8991589805784082,
      2.1626121966308833,
      2.3807533982800324
    ],
    [
      1.4666444666218184,
      3.1506813855136016,
      3.079046008770986,
      0.6656978910253253,
      4.749334133055648,
      5.033900849363224,
      2.147575202393607,
      1.2494087802922011,
      1.9765955258207213,
      0.1666271808960762,
      4.608138960857026,
      4.036539661670987,
      1.8586898605784081,
      2.1555757806308833,
      2.3835041182800323
    ],
    [
      1.5374740666218183,
      3.1620407455136017,
      3.090756728770986,
      0.6663959710253253,
      4.728496693055648,
      5.047650929363225,
      2.140681602393607,
      1.2941534202922012,
      1.9714379258207213,
      0.1481915008960762,
      4.6637909608570265,
      4.030701901670986,
      1.8285239405784082,
      2.123147300630883,
      2.3919687582800324
    ],
    [
      1.5213924666218182,
      3.1537466655136015,
      3.096367928770986,
      0.6663988510253254,
      4.7601267730556485,
      5.045067249363225,
      2.1252960023936067,
      1.3100023802922012,
      1.9719304058207212,
      0.16219406089607621,
      4.6978360808570265,
      4.025553101670987,
      1.7926977005784082,
      2.119565220630883,
      2.4017921182800324
    ],
    [
      1.5560804666218182,
      3.1444183455136017,
      3.088972408770986,
      0.6328990110253253,
      4.7384013330556485,
      5.0636832493632244,
      2.1058278423936065,
      1.3559476602922012,
      1.9571108858207211,
      0.1531908608960762,
      4.6981567208570265,
      4.027575501670987,
      1.781074980578408,
      2.120541540630883,
      2.3980394782800323
    ],
    [
      1.5763475706218182,
      3.1297488095136017,
      3.079065848770986,
      0.6514196830253253,
      4.741238549055648,
      5.070412305363225,
      2.0744042583936064,
      1.4096920762922012,
      1.960644133820721,
      0.16418250889607622,
      4.751433008857027,
      4.010583437670987,
      1.753961860578408,
      2.087695972630883,
      2.4094083742800323
    ],
    [
      1.6150070906218181,
      3.136407753513602,
      3.081012344770986,
      0.6502214110253253,
      4.682290645055648,
      5.077366673363224,
      2.0741183063936064,
      1.408253356292201,
      1.960081701820721,
      0.15134001289607618,
      4.679253616857027,
      4.000689677670987,
      1.709459012578408,
      2.063918692630883,
      2.4164508062800323
    ],
    [
      1.642409010621818,
      3.159793609513602,
      3.0664695607709858,
      0.6398816990253252,
      4.682047573055648,
      5.076015825363224,
      2.064748450393606,
      1.4290973242922012,
      1.963183077820721,
      0.12459479689607618,
      4.688323120857027,
      4.008968141670987,
      1.712535812578408,
      2.030802916630883,
      2.431551734280032
    ],
    [
      1.591957170621818,
      3.157803369513602,
      3.0578082807709857,
      0.6341397790253253,
      4.668639573055648,
      5.076407825363224,
      2.0566479703936063,
      1.4795546042922012,
      1.959861477820721,
      0.1268053568960762,
      4.621818160857027,
      4.008746061670987,
      1.719494372578408,
      2.028838756630883,
      2.435269974280032
    ]
  ],
  "cost_vals": [],
  "step_size": 0.1,
  "opt_step_times": [
    0.19408583641052246,
    0.18222522735595703,
    0.1692028045654297,
    0.17317986488342285,
    0.18111014366149902,
    0.1824331283569336,
    0.17695116996765137,
    0.16501188278198242,
    0.16224193572998047,
    0.16377902030944824,
    0.16199493408203125,
    0.1791670322418213,
    0.17785906791687012,
    0.16743993759155273,
    0.18937921524047852,
    0.22444915771484375,
    0.24050092697143555,
    0.15779924392700195,
    0.16025876998901367,
    0.1604921817779541
  ],
  "opt_settings": [
    1.591957170621818,
    3.157803369513602,
    3.0578082807709857,
    0.6341397790253253,
    4.668639573055648,
    5.076407825363224,
    2.0566479703936063,
    1.4795546042922012,
    1.959861477820721,
    0.1268053568960762,
    4.621818160857027,
    4.008746061670987,
    1.719494372578408,
    2.028838756630883,
    2.435269974280032
  ],
  "min_cost": null,
  "datetime": "2023-05-30T16-42-14Z",
  "step_only": true,
  "ibm_device": "default.qubit",
  "shots": 100,
  "prep_node_name": "5-qubit_zero_state",
  "num_qubits": 5,
  "error": false,
  "cov_mats": [
    [
      [
        0.9996,
        -0.041200000000000035,
        0.016399999999999904,
        0.0668,
        0.0023999999999999994
      ],
      [
        -0.041200000000000035,
        0.9964,
        -0.03079999999999991,
        0.0004000000000000531,
        0.04719999999999987
      ],
      [
        0.016399999999999904,
        -0.03079999999999991,
        0.3275999999999999,
        -0.018799999999999928,
        -0.01839999999999986
      ],
      [
        0.0668,
        0.0004000000000000531,
        -0.018799999999999928,
        0.5644,
        -0.0008000000000000229
      ],
      [
        0.0023999999999999994,
        0.04719999999999987,
        -0.01839999999999986,
        -0.0008000000000000229,
        0.2255999999999998
      ]
    ],
    [
      [
        0.9964,
        0.11639999999999999,
        0.044800000000000034,
        -0.021599999999999973,
        -0.09440000000000011
      ],
      [
        0.11639999999999999,
        0.9964,
        -0.07520000000000002,
        -0.021599999999999904,
        -0.014399999999999948
      ],
      [
        0.044800000000000034,
        -0.07520000000000002,
        0.15360000000000018,
        0.028800000000000048,
        -0.02080000000000004
      ],
      [
        -0.021599999999999973,
        -0.021599999999999904,
        0.028800000000000048,
        0.5903999999999998,
        -0.006400000000000183
      ],
      [
        -0.09440000000000011,
        -0.014399999999999948,
        -0.02080000000000004,
        -0.006400000000000183,
        0.4224
      ]
    ],
    [
      [
        0.9936,
        0.03439999999999998,
        0.008800000000000072,
        -0.0015999999999999764,
        -0.014400000000000017
      ],
      [
        0.03439999999999998,
        0.9676,
        0.04519999999999996,
        0.033600000000000005,
        -0.1776
      ],
      [
        0.008800000000000072,
        0.04519999999999996,
        0.26039999999999985,
        -0.05279999999999996,
        0.0048000000000001375
      ],
      [
        -0.0015999999999999764,
        0.033600000000000005,
        -0.05279999999999996,
        0.7296,
        -0.0736
      ],
      [
        -0.014400000000000017,
        -0.1776,
        0.0048000000000001375,
        -0.0736,
        0.5375999999999999
      ]
    ],
    [
      [
        0.9516,
        -0.060000000000000026,
        0.06719999999999987,
        -0.04560000000000013,
        -0.08080000000000001
      ],
      [
        -0.060000000000000026,
        1.0,
        0.0,
        -0.12000000000000008,
        0.0
      ],
      [
        0.06719999999999987,
        0.0,
        0.4224,
        -0.03520000000000012,
        -0.03359999999999996
      ],
      [
        -0.04560000000000013,
        -0.12000000000000008,
        -0.03520000000000012,
        0.7696000000000001,
        -0.06719999999999998
      ],
      [
        -0.08080000000000001,
        0.0,
        -0.03359999999999996,
        -0.06719999999999998,
        0.5903999999999998
      ]
    ],
    [
      [
        0.9803999999999999,
        0.0832,
        0.06960000000000008,
        0.009599999999999977,
        -0.0696000000000001
      ],
      [
        0.0832,
        0.9855999999999999,
        -0.0031999999999999945,
        0.11679999999999996,
        0.04319999999999993
      ],
      [
        0.06960000000000008,
        -0.0031999999999999945,
        0.5903999999999998,
        0.03040000000000001,
        -0.07040000000000002
      ],
      [
        0.009599999999999977,
        0.11679999999999996,
        0.03040000000000001,
        0.8704,
        -0.1104
      ],
      [
        -0.0696000000000001,
        0.04319999999999993,
        -0.07040000000000002,
        -0.1104,
        0.5904000000000001
      ]
    ],
    [
      [
        0.9984,
        -0.1952000000000001,
        -0.054399999999999935,
        -0.16799999999999993,
        -0.06079999999999995
      ],
      [
        -0.1952000000000001,
        0.9855999999999999,
        -0.036800000000000097,
        0.10400000000000001,
        -0.017599999999999887
      ],
      [
        -0.054399999999999935,
        -0.036800000000000097,
        0.5903999999999998,
        -0.07199999999999995,
        -0.02719999999999989
      ],
      [
        -0.16799999999999993,
        0.10400000000000001,
        -0.07199999999999995,
        0.96,
        -0.024000000000000132
      ],
      [
        -0.06079999999999995,
        -0.017599999999999887,
        -0.02719999999999989,
        -0.024000000000000132,
        0.7296
      ]
    ],
    [
      [
        0.9964,
        -0.08360000000000008,
        0.042799999999999935,
        0.05560000000000005,
        -0.03359999999999996
      ],
      [
        -0.08360000000000008,
        0.9964,
        0.04280000000000008,
        -0.06439999999999996,
        0.04640000000000011
      ],
      [
        0.042799999999999935,
        0.04280000000000008,
        0.6156000000000001,
        0.08120000000000001,
        0.05279999999999996
      ],
      [
        0.05560000000000005,
        -0.06439999999999996,
        0.08120000000000001,
        0.9324,
        -0.014399999999999968
      ],
      [
        -0.03359999999999996,
        0.04640000000000011,
        0.05279999999999996,
        -0.014399999999999968,
        0.8063999999999999
      ]
    ],
    [
      [
        0.9996,
        -0.040400000000000005,
        0.010000000000000009,
        -0.0036000000000000576,
        0.0708
      ],
      [
        -0.040400000000000005,
        0.9996,
        0.17,
        -0.2836,
        -0.049200000000000015
      ],
      [
        0.010000000000000009,
        0.17,
        0.75,
        -0.029999999999999943,
        0.06999999999999995
      ],
      [
        -0.0036000000000000576,
        -0.2836,
        -0.029999999999999943,
        0.9676,
        -0.002800000000000011
      ],
      [
        0.0708,
        -0.049200000000000015,
        0.06999999999999995,
        -0.002800000000000011,
        0.7884
      ]
    ],
    [
      [
        0.9676,
        -0.09279999999999997,
        -0.09200000000000007,
        0.08160000000000003,
        -0.10399999999999995
      ],
      [
        -0.09279999999999997,
        0.9984,
        0.09600000000000003,
        0.15519999999999992,
        0.07199999999999993
      ],
      [
        -0.09200000000000007,
        0.09600000000000003,
        0.84,
        -0.072,
        6.938893903907228e-17
      ],
      [
        0.08160000000000003,
        0.15519999999999992,
        -0.072,
        0.9855999999999999,
        0.09600000000000002
      ],
      [
        -0.10399999999999995,
        0.07199999999999993,
        6.938893903907228e-17,
        0.09600000000000002,
        0.96
      ]
    ],
    [
      [
        0.8704,
        -0.01280000000000001,
        -0.10240000000000002,
        0.06559999999999994,
        -0.03680000000000014
      ],
      [
        -0.01280000000000001,
        0.9996,
        0.1368,
        -0.1392,
        0.007600000000000009
      ],
      [
        -0.10240000000000002,
        0.1368,
        0.9743999999999999,
        -0.03359999999999998,
        0.04080000000000014
      ],
      [
        0.06559999999999994,
        -0.1392,
        -0.03359999999999998,
        0.9984,
        -0.19520000000000007
      ],
      [
        -0.03680000000000014,
        0.007600000000000009,
        0.04080000000000014,
        -0.19520000000000007,
        0.8556000000000001
      ]
    ],
    [
      [
        0.9804,
        0.1172,
        -0.013200000000000031,
        0.1344,
        0.06520000000000002
      ],
      [
        0.1172,
        0.9996,
        -0.0075999999999999245,
        -0.0608,
        0.0036000000000000606
      ],
      [
        -0.013200000000000031,
        -0.0075999999999999245,
        0.8555999999999999,
        -0.07520000000000002,
        -0.09159999999999993
      ],
      [
        0.1344,
        -0.0608,
        -0.07520000000000002,
        0.9984,
        0.02720000000000003
      ],
      [
        0.06520000000000002,
        0.0036000000000000606,
        -0.09159999999999993,
        0.02720000000000003,
        0.9676
      ]
    ],
    [
      [
        0.9856,
        -0.012800000000000044,
        -0.13600000000000004,
        -0.08000000000000004,
        -0.036800000000000034
      ],
      [
        -0.012800000000000044,
        0.9964,
        0.09800000000000002,
        0.01999999999999999,
        0.038400000000000004
      ],
      [
        -0.13600000000000004,
        0.09800000000000002,
        0.91,
        0.18,
        0.04799999999999997
      ],
      [
        -0.08000000000000004,
        0.01999999999999999,
        0.18,
        1.0,
        0.0
      ],
      [
        -0.036800000000000034,
        0.038400000000000004,
        0.04799999999999997,
        0.0,
        0.8704000000000001
      ]
    ],
    [
      [
        0.9743999999999999,
        0.1096,
        -0.04239999999999999,
        0.05439999999999994,
        -0.01839999999999995
      ],
      [
        0.1096,
        0.9964,
        -0.15159999999999998,
        0.1096,
        -0.015600000000000017
      ],
      [
        -0.04239999999999999,
        -0.15159999999999998,
        0.9804,
        0.07759999999999993,
        -0.0035999999999999366
      ],
      [
        0.05439999999999994,
        0.1096,
        0.07759999999999993,
        0.9743999999999999,
        0.18160000000000004
      ],
      [
        -0.01839999999999995,
        -0.015600000000000017,
        -0.0035999999999999366,
        0.18160000000000004,
        0.9324000000000002
      ]
    ],
    [
      [
        0.9984,
        -0.1584,
        0.09120000000000006,
        -0.11679999999999995,
        -0.003199999999999948
      ],
      [
        -0.1584,
        0.9984,
        -0.0512,
        0.03680000000000001,
        0.20320000000000005
      ],
      [
        0.09120000000000006,
        -0.0512,
        0.9216,
        -0.10239999999999996,
        0.06240000000000004
      ],
      [
        -0.11679999999999995,
        0.03680000000000001,
        -0.10239999999999996,
        0.9936,
        0.16640000000000005
      ],
      [
        -0.003199999999999948,
        0.20320000000000005,
        0.06240000000000004,
        0.16640000000000005,
        0.9936
      ]
    ],
    [
      [
        0.9984,
        -0.12160000000000003,
        0.16000000000000006,
        -0.01920000000000004,
        0.20800000000000002
      ],
      [
        -0.12160000000000003,
        0.9984,
        -0.04000000000000001,
        -0.059199999999999996,
        -0.15200000000000008
      ],
      [
        0.16000000000000006,
        -0.04000000000000001,
        1.0,
        0.01999999999999999,
        0.10000000000000006
      ],
      [
        -0.01920000000000004,
        -0.059199999999999996,
        0.01999999999999999,
        0.9996,
        -0.033999999999999884
      ],
      [
        0.20800000000000002,
        -0.15200000000000008,
        0.10000000000000006,
        -0.033999999999999884,
        0.9099999999999999
      ]
    ],
    [
      [
        0.9996,
        -0.05680000000000005,
        0.019200000000000016,
        -0.158,
        -0.1008000000000001
      ],
      [
        -0.05680000000000005,
        0.9743999999999999,
        0.0064000000000000255,
        0.003999999999999972,
        0.12639999999999998
      ],
      [
        0.019200000000000016,
        0.0064000000000000255,
        0.9984,
        -0.05600000000000005,
        -0.1616000000000001
      ],
      [
        -0.158,
        0.003999999999999972,
        -0.05600000000000005,
        0.99,
        0.023999999999999973
      ],
      [
        -0.1008000000000001,
        0.12639999999999998,
        -0.1616000000000001,
        0.023999999999999973,
        0.9984000000000002
      ]
    ],
    [
      [
        0.9804,
        0.04280000000000006,
        -0.07759999999999997,
        -0.11159999999999992,
        0.05400000000000002
      ],
      [
        0.04280000000000006,
        0.9996,
        0.01680000000000005,
        0.03880000000000004,
        0.19799999999999995
      ],
      [
        -0.07759999999999997,
        0.01680000000000005,
        0.9744,
        0.09040000000000002,
        0.04400000000000007
      ],
      [
        -0.11159999999999992,
        0.03880000000000004,
        0.09040000000000002,
        0.9964000000000001,
        -0.005999999999999994
      ],
      [
        0.05400000000000002,
        0.19799999999999995,
        0.04400000000000007,
        -0.005999999999999994,
        0.99
      ]
    ],
    [
      [
        0.9984,
        -0.2384,
        0.008000000000000061,
        -0.006399999999999981,
        -0.07520000000000002
      ],
      [
        -0.2384,
        0.9984,
        -0.04800000000000007,
        -0.07360000000000001,
        0.03520000000000011
      ],
      [
        0.008000000000000061,
        -0.04800000000000007,
        0.96,
        0.07199999999999998,
        0.05599999999999991
      ],
      [
        -0.006399999999999981,
        -0.07360000000000001,
        0.07199999999999998,
        0.9743999999999999,
        -0.14079999999999998
      ],
      [
        -0.07520000000000002,
        0.03520000000000011,
        0.05599999999999991,
        -0.14079999999999998,
        0.9855999999999999
      ]
    ],
    [
      [
        0.99,
        0.10800000000000004,
        0.030000000000000027,
        0.03199999999999997,
        0.19800000000000006
      ],
      [
        0.10800000000000004,
        0.9936,
        -0.05199999999999999,
        0.15039999999999998,
        -0.01839999999999988
      ],
      [
        0.030000000000000027,
        -0.05199999999999999,
        0.99,
        -0.007999999999999976,
        -0.04199999999999998
      ],
      [
        0.03199999999999997,
        0.15039999999999998,
        -0.007999999999999976,
        0.9855999999999999,
        0.06239999999999998
      ],
      [
        0.19800000000000006,
        -0.01839999999999988,
        -0.04199999999999998,
        0.06239999999999998,
        0.9996000000000002
      ]
    ],
    [
      [
        0.99,
        0.03999999999999998,
        -0.009999999999999952,
        0.029999999999999968,
        -0.12000000000000004
      ],
      [
        0.03999999999999998,
        0.96,
        -1.0755285551056204e-16,
        0.12000000000000005,
        -0.0400000000000001
      ],
      [
        -0.009999999999999952,
        -1.0755285551056204e-16,
        0.99,
        -0.05000000000000002,
        1.0408340855860843e-17
      ],
      [
        0.029999999999999968,
        0.12000000000000005,
        -0.05000000000000002,
        0.9900000000000002,
        -0.08000000000000002
      ],
      [
        -0.12000000000000004,
        -0.0400000000000001,
        1.0408340855860843e-17,
        -0.08000000000000002,
        0.9600000000000002
      ]
    ],
    [
      [
        0.9516,
        -0.35559999999999997,
        -0.01599999999999998,
        0.008400000000000019,
        0.10479999999999998
      ],
      [
        -0.35559999999999997,
        0.9996,
        -0.024000000000000014,
        0.035599999999999986,
        -0.0568
      ],
      [
        -0.01599999999999998,
        -0.024000000000000014,
        0.96,
        0.01600000000000002,
        0.11199999999999999
      ],
      [
        0.008400000000000019,
        0.035599999999999986,
        0.01600000000000002,
        0.9516000000000002,
        -0.10480000000000006
      ],
      [
        0.10479999999999998,
        -0.0568,
        0.11199999999999999,
        -0.10480000000000006,
        0.9743999999999999
      ]
    ]
  ]
}