{
  "settings_list": [
    [
      0.5487960367339327,
      1.5263486097365409,
      2.9888730224975957,
      2.0163576885368992,
      1.816967612868534,
      4.8784797316561574,
      6.171057143224623,
      3.0432154623263963,
      1.5357972993531301,
      4.381434465783407,
      4.31348286956489,
      1.2890113501076925,
      4.648730364767379,
      0.008097025360578923,
      3.1729841102330094
    ],
    [
      0.5481368367339328,
      1.5667934097365408,
      2.9943360624975957,
      1.9938872885368992,
      1.7910495328685339,
      4.883794291656158,
      6.169200503224623,
      3.050279142326396,
      1.53285201935313,
      4.392151265783407,
      4.32530302956489,
      1.2823598301076926,
      4.679882364767379,
      0.0024893453605789057,
      3.1535709902330096
    ],
    [
      0.5539563567339327,
      1.5584702097365408,
      3.0093287024975957,
      1.9891404085368993,
      1.804311612868534,
      4.901767411656158,
      6.150355703224623,
      3.050996582326396,
      1.55018129935313,
      4.424958945783407,
      4.35334718956489,
      1.2912430301076927,
      4.684124924767379,
      -0.0026402546394211036,
      3.1512983502330094
    ],
    [
      0.5414159727339327,
      1.5771272337365407,
      3.0164455344975956,
      1.9666318645368994,
      1.797756412868534,
      4.9095953796561576,
      6.153267415224623,
      3.034779622326396,
      1.56540846735313,
      4.404347009783407,
      4.35036699756489,
      1.2839152861076928,
      4.6917189407673785,
      0.016507073360578873,
      3.1630499662330096
    ],
    [
      0.5457902767339327,
      1.5701314577365408,
      3.0170804464975953,
      1.9504755125368993,
      1.780517052868534,
      4.923921331656158,
      6.140853559224623,
      3.047215846326396,
      1.5889995713531302,
      4.435180225783408,
      4.3949532375648905,
      1.2930991581076927,
      4.680500700767379,
      0.02262470536057887,
      3.1714685262330096
    ],
    [
      0.5242377647339327,
      1.5255698577365409,
      3.029933758497595,
      1.9230836405368994,
      1.7845155808685338,
      4.910566003656157,
      6.149914743224623,
      3.050018662326396,
      1.57666440335313,
      4.409070145783408,
      4.401525205564891,
      1.3050472541076927,
      4.751578268767378,
      0.032238401360578865,
      3.1627745102330094
    ],
    [
      0.5301949807339327,
      1.510605313736541,
      3.0292440624975954,
      1.9169730485368994,
      1.7648671328685337,
      4.912479859656157,
      6.148355319224623,
      3.047182022326396,
      1.57365278735313,
      4.435259617783409,
      4.4192368535648905,
      1.3091524061076927,
      4.754737852767378,
      0.035669025360578886,
      3.1634435982330094
    ],
    [
      0.5256633967339327,
      1.455454081736541,
      3.0222649264975954,
      1.9338348085368995,
      1.7784622048685337,
      4.924039411656157,
      6.152325879224623,
      3.037266758326396,
      1.59745003535313,
      4.423010913783409,
      4.407788725564891,
      1.2994645341076927,
      4.801018748767378,
      0.033597089360578876,
      3.1556791182330093
    ],
    [
      0.5367290287339327,
      1.5376003537365408,
      3.0206778864975954,
      1.9232081205368994,
      1.7685049248685336,
      4.922439251656157,
      6.139204887224623,
      3.037566310326396,
      1.62481761935313,
      4.4563221777834086,
      4.430492565564891,
      1.3017150621076927,
      4.763788732767378,
      0.024979809360578857,
      3.1510622222330094
    ],
    [
      0.5287829167339326,
      1.4705266897365408,
      3.0271256304975953,
      1.9327457845368994,
      1.7703417248685336,
      4.915722963656157,
      6.130225687224623,
      3.020188774326396,
      1.61005461135313,
      4.476193537783408,
      4.434593301564891,
      1.3102494621076928,
      4.784370492767378,
      0.026129761360578856,
      3.1558737422330094
    ],
    [
      0.5161060207339326,
      1.4553524177365407,
      3.026139774497595,
      1.9306045365368993,
      1.7765048608685337,
      4.894391219656157,
      6.137201687224623,
      3.001112422326396,
      1.60411873935313,
      4.486537217783408,
      4.449769653564891,
      1.3184557981076928,
      4.714962620767378,
      0.03151932936057887,
      3.1658855502330097
    ],
    [
      0.5147568047339326,
      1.4624483217365407,
      3.0266271024975953,
      1.9212641205368994,
      1.7648625888685336,
      4.884374323656157,
      6.139837207224623,
      2.981863686326396,
      1.59690686735313,
      4.506707521783408,
      4.443733301564891,
      1.3334813981076927,
      4.7335955807673775,
      0.033994689360578874,
      3.1682947342330094
    ],
    [
      0.5263112367339325,
      1.4685650577365408,
      3.028000798497595,
      1.8929672245368994,
      1.7509926368685336,
      4.872169843656157,
      6.1395869032246235,
      2.989303174326396,
      1.59940158735313,
      4.532098305783408,
      4.443177397564892,
      1.3439212701076928,
      4.762652156767378,
      0.04472595336057887,
      3.1569234702330093
    ],
    [
      0.5466741167339325,
      1.5163301777365408,
      3.040803998497595,
      1.8854043445368993,
      1.7621177568685336,
      4.885010803656157,
      6.137489303224624,
      2.993045254326396,
      1.5997481473531299,
      4.5607463057834075,
      4.457826677564892,
      1.3393337501076927,
      4.760205756767378,
      0.03688531336057886,
      3.1646949902330093
    ],
    [
      0.5226557167339325,
      1.5534400977365408,
      3.0211724784975953,
      1.8749728245368993,
      1.7516347168685336,
      4.884366163656157,
      6.1229339432246235,
      2.983663334326396,
      1.5916127873531298,
      4.546928705783407,
      4.458367957564892,
      1.3406292701076927,
      4.779624956767377,
      0.042444193360578863,
      3.150983470233009
    ],
    [
      0.5233782767339326,
      1.5231536657365408,
      3.0223895664975955,
      1.8571347445368993,
      1.7416230048685335,
      4.877347379656157,
      6.124646199224624,
      2.9786529023263957,
      1.5828647233531299,
      4.5568027537834075,
      4.456739253564892,
      1.3405939101076927,
      4.764546876767377,
      0.04710243336057887,
      3.1324882062330093
    ],
    [
      0.5167755567339325,
      1.5295138257365408,
      2.9982310064975954,
      1.8619422645368993,
      1.7489092448685335,
      4.8822022596561565,
      6.133348919224623,
      2.9770425023263956,
      1.5730572033531298,
      4.589837793783407,
      4.457272053564893,
      1.3407732701076926,
      4.722702716767377,
      0.055755073360578854,
      3.105556686233009
    ],
    [
      0.5216371247339324,
      1.5348634577365408,
      3.0000143024975956,
      1.8610516405368993,
      1.7377481568685336,
      4.882496147656156,
      6.131412663224624,
      2.9765402303263957,
      1.5677700353531299,
      4.599003873783407,
      4.464770677564893,
      1.3350745821076926,
      4.744076540767377,
      0.06517971336057886,
      3.095628366233009
    ],
    [
      0.5110058287339324,
      1.5225865937365408,
      2.9997096624975956,
      1.8393452725368993,
      1.7260209248685336,
      4.880947091656156,
      6.134022711224624,
      2.9856708543263957,
      1.5675313153531298,
      4.622844385783407,
      4.469490549564893,
      1.3324141021076925,
      4.792296572767377,
      0.057499073360578856,
      3.092107214233009
    ],
    [
      0.5054160687339324,
      1.5738592977365409,
      2.9921039024975955,
      1.8536988085368993,
      1.7364911968685337,
      4.886149907656156,
      6.118514359224624,
      2.9727927743263955,
      1.5804091393531299,
      4.609747681783407,
      4.487757429564892,
      1.3340452061076924,
      4.709198844767377,
      0.045303105360578855,
      3.0871213582330093
    ],
    [
      0.5021693807339325,
      1.5840421137365408,
      2.9847947824975956,
      1.8560505845368993,
      1.7287959328685336,
      4.887983155656156,
      6.120379479224623,
      2.9786593343263954,
      1.5739771713531299,
      4.599316961783407,
      4.4902999255648925,
      1.3239207581076924,
      4.736609948767376,
      0.049362081360578854,
      3.0870682062330093
    ]
  ],
  "cost_vals": [],
  "step_size": 0.1,
  "opt_step_times": [
    0.12464213371276855,
    0.12322282791137695,
    0.12247705459594727,
    0.128892183303833,
    0.11711311340332031,
    0.12124204635620117,
    0.12530207633972168,
    0.1336960792541504,
    0.12053394317626953,
    0.12670683860778809,
    0.12391519546508789,
    0.12608599662780762,
    0.12048101425170898,
    0.13873577117919922,
    0.1249699592590332,
    0.13085126876831055,
    0.14051413536071777,
    0.21250104904174805,
    0.16060304641723633,
    0.17285776138305664
  ],
  "opt_settings": [
    0.5021693807339325,
    1.5840421137365408,
    2.9847947824975956,
    1.8560505845368993,
    1.7287959328685336,
    4.887983155656156,
    6.120379479224623,
    2.9786593343263954,
    1.5739771713531299,
    4.599316961783407,
    4.4902999255648925,
    1.3239207581076924,
    4.736609948767376,
    0.049362081360578854,
    3.0870682062330093
  ],
  "min_cost": null,
  "datetime": "2023-04-19T20-39-30Z",
  "step_only": true,
  "ibm_device": "default.qubit",
  "shots": 100,
  "prep_node_name": "5-qubit_zero_state",
  "num_qubits": 5,
  "cov_mats": [
    [
      [
        0.9744,
        -0.0656,
        -1.1102230246251565e-16,
        0.10719999999999999,
        0.09679999999999997
      ],
      [
        -0.0656,
        0.9744,
        -1.1102230246251565e-16,
        0.027199999999999974,
        0.05679999999999991
      ],
      [
        -1.1102230246251565e-16,
        -1.1102230246251565e-16,
        0.0,
        0.0,
        0.0
      ],
      [
        0.10719999999999999,
        0.027199999999999974,
        0.0,
        0.9936,
        -0.1416
      ],
      [
        0.09679999999999997,
        0.05679999999999991,
        0.0,
        -0.1416,
        0.9996
      ]
    ],
    [
      [
        1.0,
        -0.26,
        0.019999999999999962,
        0.14,
        0.1
      ],
      [
        -0.26,
        0.9964,
        -0.02120000000000001,
        0.04120000000000001,
        0.013200000000000049
      ],
      [
        0.019999999999999962,
        -0.02120000000000001,
        0.03959999999999986,
        -0.019600000000000013,
        0.024400000000000005
      ],
      [
        0.14,
        0.04120000000000001,
        -0.019600000000000013,
        0.9996,
        -0.12439999999999996
      ],
      [
        0.1,
        0.013200000000000049,
        0.024400000000000005,
        -0.12439999999999996,
        0.9516
      ]
    ],
    [
      [
        0.9936,
        -0.10400000000000004,
        0.021600000000000022,
        -0.1472,
        0.008800000000000042
      ],
      [
        -0.10400000000000004,
        0.96,
        0.016000000000000125,
        -0.07200000000000001,
        -0.07199999999999997
      ],
      [
        0.021600000000000022,
        0.016000000000000125,
        0.03960000000000008,
        -0.023200000000000026,
        0.022800000000000015
      ],
      [
        -0.1472,
        -0.07200000000000001,
        -0.023200000000000026,
        0.9743999999999999,
        0.002399999999999996
      ],
      [
        0.008800000000000042,
        -0.07199999999999997,
        0.022800000000000015,
        0.002399999999999996,
        0.9804
      ]
    ],
    [
      [
        0.99,
        0.10600000000000004,
        -1.1102230246251565e-16,
        0.033999999999999975,
        -0.09000000000000005
      ],
      [
        0.10600000000000004,
        0.9804,
        -1.1102230246251565e-16,
        -0.04840000000000004,
        -0.054000000000000006
      ],
      [
        -1.1102230246251565e-16,
        -1.1102230246251565e-16,
        0.0,
        0.0,
        0.0
      ],
      [
        0.033999999999999975,
        -0.04840000000000004,
        0.0,
        0.9964,
        -0.046000000000000006
      ],
      [
        -0.09000000000000005,
        -0.054000000000000006,
        0.0,
        -0.046000000000000006,
        0.99
      ]
    ],
    [
      [
        0.9936,
        -0.22800000000000006,
        0.018400000000000083,
        -0.021599999999999994,
        -0.0031999999999999503
      ],
      [
        -0.22800000000000006,
        0.99,
        -0.022000000000000006,
        0.03799999999999998,
        0.136
      ],
      [
        0.018400000000000083,
        -0.022000000000000006,
        0.03959999999999986,
        -0.02040000000000001,
        0.019200000000000016
      ],
      [
        -0.021599999999999994,
        0.03799999999999998,
        -0.02040000000000001,
        0.9996,
        -0.10079999999999997
      ],
      [
        -0.0031999999999999503,
        0.136,
        0.019200000000000016,
        -0.10079999999999997,
        0.9984
      ]
    ],
    [
      [
        0.9936,
        -0.003200000000000057,
        -0.021600000000000077,
        0.033600000000000005,
        -0.07680000000000001
      ],
      [
        -0.003200000000000057,
        0.9984,
        0.019200000000000016,
        0.0368,
        -0.07839999999999998
      ],
      [
        -0.021600000000000077,
        0.019200000000000016,
        0.03960000000000008,
        -0.021600000000000008,
        0.020800000000000013
      ],
      [
        0.033600000000000005,
        0.0368,
        -0.021600000000000008,
        0.9936,
        0.04319999999999999
      ],
      [
        -0.07680000000000001,
        -0.07839999999999998,
        0.020800000000000013,
        0.04319999999999999,
        0.9984
      ]
    ],
    [
      [
        0.9743999999999999,
        0.014399999999999961,
        0.016800000000000065,
        -0.17920000000000003,
        -0.016800000000000013
      ],
      [
        0.014399999999999961,
        0.9744,
        -0.023200000000000026,
        0.02079999999999999,
        -0.0968
      ],
      [
        0.016800000000000065,
        -0.023200000000000026,
        0.03960000000000008,
        0.017600000000000005,
        0.020400000000000012
      ],
      [
        -0.17920000000000003,
        0.02079999999999999,
        0.017600000000000005,
        0.9856,
        0.06239999999999997
      ],
      [
        -0.016800000000000013,
        -0.0968,
        0.020400000000000012,
        0.06239999999999997,
        0.9996
      ]
    ],
    [
      [
        0.9936,
        0.052799999999999986,
        -0.03680000000000008,
        -0.021599999999999963,
        0.1416
      ],
      [
        0.052799999999999986,
        0.9743999999999999,
        -0.0464,
        -0.0968,
        0.056800000000000024
      ],
      [
        -0.03680000000000008,
        -0.0464,
        0.07840000000000003,
        0.0008000000000000021,
        -0.0008000000000000021
      ],
      [
        -0.021599999999999963,
        -0.0968,
        0.0008000000000000021,
        0.9996,
        0.08040000000000001
      ],
      [
        0.1416,
        0.056800000000000024,
        -0.0008000000000000021,
        0.08040000000000001,
        0.9996
      ]
    ],
    [
      [
        0.9804,
        -0.13960000000000003,
        0.0,
        -0.042800000000000005,
        -0.02519999999999999
      ],
      [
        -0.13960000000000003,
        0.9804,
        0.0,
        0.03720000000000004,
        0.09480000000000001
      ],
      [
        0.0,
        0.0,
        0.0,
        0.0,
        0.0
      ],
      [
        -0.042800000000000005,
        0.03720000000000004,
        0.0,
        0.9996,
        -0.08359999999999995
      ],
      [
        -0.02519999999999999,
        0.09480000000000001,
        0.0,
        -0.08359999999999995,
        0.9676
      ]
    ],
    [
      [
        1.0,
        0.020000000000000018,
        -0.020000000000000018,
        -0.12000000000000005,
        0.18000000000000005
      ],
      [
        0.020000000000000018,
        0.9964,
        -0.021200000000000017,
        -0.0648,
        -0.11879999999999999
      ],
      [
        -0.020000000000000018,
        -0.021200000000000017,
        0.03960000000000008,
        -0.021600000000000008,
        -0.019600000000000006
      ],
      [
        -0.12000000000000005,
        -0.0648,
        -0.021600000000000008,
        0.9936,
        -0.09839999999999997
      ],
      [
        0.18000000000000005,
        -0.11879999999999999,
        -0.019600000000000006,
        -0.09839999999999997,
        0.9996
      ]
    ],
    [
      [
        0.99,
        -0.102,
        0.01800000000000003,
        -0.068,
        0.06600000000000006
      ],
      [
        -0.102,
        0.9516,
        0.01560000000000003,
        0.16240000000000004,
        0.017200000000000056
      ],
      [
        0.01800000000000003,
        0.01560000000000003,
        0.03959999999999986,
        -0.021599999999999994,
        0.0252
      ],
      [
        -0.068,
        0.16240000000000004,
        -0.021599999999999994,
        0.9936,
        -0.03919999999999996
      ],
      [
        0.06600000000000006,
        0.017200000000000056,
        0.0252,
        -0.03919999999999996,
        0.9324000000000002
      ]
    ],
    [
      [
        0.9743999999999999,
        0.10479999999999993,
        -0.023199999999999915,
        -0.059200000000000016,
        -0.052800000000000055
      ],
      [
        0.10479999999999993,
        0.9516,
        0.015600000000000114,
        -0.1664000000000001,
        -0.03760000000000004
      ],
      [
        -0.023199999999999915,
        0.015600000000000114,
        0.03960000000000008,
        -0.022400000000000017,
        -0.021600000000000008
      ],
      [
        -0.059200000000000016,
        -0.1664000000000001,
        -0.022400000000000017,
        0.9856,
        0.03040000000000001
      ],
      [
        -0.052800000000000055,
        -0.03760000000000004,
        -0.021600000000000008,
        0.03040000000000001,
        0.9936
      ]
    ],
    [
      [
        0.9803999999999999,
        0.04239999999999995,
        0.01720000000000002,
        0.01440000000000001,
        0.08280000000000001
      ],
      [
        0.04239999999999995,
        0.9743999999999999,
        -0.016799999999999954,
        0.12640000000000004,
        -0.10319999999999996
      ],
      [
        0.01720000000000002,
        -0.016799999999999954,
        0.03960000000000008,
        -0.020800000000000013,
        -0.019600000000000006
      ],
      [
        0.01440000000000001,
        0.12640000000000004,
        -0.020800000000000013,
        0.9984,
        0.10079999999999997
      ],
      [
        0.08280000000000001,
        -0.10319999999999996,
        -0.019600000000000006,
        0.10079999999999997,
        0.9996
      ]
    ],
    [
      [
        0.9804,
        -0.07160000000000001,
        -1.1102230246251565e-16,
        0.05960000000000004,
        -0.23119999999999996
      ],
      [
        -0.07160000000000001,
        0.9964,
        0.0,
        0.07159999999999998,
        -0.0951999999999999
      ],
      [
        -1.1102230246251565e-16,
        0.0,
        0.0,
        0.0,
        0.0
      ],
      [
        0.05960000000000004,
        0.07159999999999998,
        0.0,
        0.9803999999999999,
        0.2712
      ],
      [
        -0.23119999999999996,
        -0.0951999999999999,
        0.0,
        0.2712,
        0.9936
      ]
    ],
    [
      [
        0.9216,
        -0.011200000000000007,
        0.011199999999999932,
        -0.10399999999999998,
        0.18240000000000006
      ],
      [
        -0.011200000000000007,
        0.9984,
        0.0016000000000001083,
        0.16799999999999998,
        0.0031999999999999668
      ],
      [
        0.011199999999999932,
        0.0016000000000001083,
        0.07840000000000003,
        -0.008000000000000007,
        -0.0032000000000000084
      ],
      [
        -0.10399999999999998,
        0.16799999999999998,
        -0.008000000000000007,
        0.96,
        -0.136
      ],
      [
        0.18240000000000006,
        0.0031999999999999668,
        -0.0032000000000000084,
        -0.136,
        0.9936
      ]
    ],
    [
      [
        0.9964,
        -0.11640000000000002,
        -0.002399999999999944,
        -0.008400000000000029,
        -0.12120000000000003
      ],
      [
        -0.11640000000000002,
        0.9964,
        -0.03760000000000014,
        -0.11159999999999999,
        0.12120000000000003
      ],
      [
        -0.002399999999999944,
        -0.03760000000000014,
        0.07840000000000003,
        0.03440000000000003,
        0.03920000000000007
      ],
      [
        -0.008400000000000029,
        -0.11159999999999999,
        0.03440000000000003,
        0.9804,
        0.03719999999999997
      ],
      [
        -0.12120000000000003,
        0.12120000000000003,
        0.03920000000000007,
        0.03719999999999997,
        0.9996000000000003
      ]
    ],
    [
      [
        1.0,
        0.16,
        -0.019999999999999962,
        0.14000000000000007,
        -0.04000000000000001
      ],
      [
        0.16,
        0.9856,
        -0.01760000000000002,
        -0.20799999999999996,
        0.02880000000000001
      ],
      [
        -0.019999999999999962,
        -0.01760000000000002,
        0.03960000000000008,
        -0.022000000000000006,
        0.015200000000000019
      ],
      [
        0.14000000000000007,
        -0.20799999999999996,
        -0.022000000000000006,
        0.99,
        -0.12400000000000004
      ],
      [
        -0.04000000000000001,
        0.02880000000000001,
        0.015200000000000019,
        -0.12400000000000004,
        0.9424
      ]
    ],
    [
      [
        0.9804,
        -0.05960000000000004,
        0.0,
        -0.031200000000000006,
        0.05999999999999997
      ],
      [
        -0.05960000000000004,
        0.9803999999999999,
        5.551115123125783e-17,
        0.048799999999999975,
        -0.13999999999999999
      ],
      [
        0.0,
        5.551115123125783e-17,
        0.0,
        0.0,
        0.0
      ],
      [
        -0.031200000000000006,
        0.048799999999999975,
        0.0,
        0.9936,
        0.03999999999999998
      ],
      [
        0.05999999999999997,
        -0.13999999999999999,
        0.0,
        0.03999999999999998,
        0.9999999999999999
      ]
    ],
    [
      [
        0.9804,
        -0.03160000000000003,
        0.017199999999999965,
        -0.008399999999999953,
        -0.020000000000000046
      ],
      [
        -0.03160000000000003,
        0.9964,
        0.021200000000000017,
        0.08360000000000002,
        -0.06
      ],
      [
        0.017199999999999965,
        0.021200000000000017,
        0.03960000000000008,
        0.01880000000000001,
        -0.02000000000000001
      ],
      [
        -0.008399999999999953,
        0.08360000000000002,
        0.01880000000000001,
        0.9964,
        -0.13999999999999996
      ],
      [
        -0.020000000000000046,
        -0.06,
        -0.02000000000000001,
        -0.13999999999999996,
        1.0
      ]
    ],
    [
      [
        0.9984,
        0.088,
        -0.019200000000000016,
        0.2815999999999999,
        0.10240000000000006
      ],
      [
        0.088,
        0.96,
        0.016000000000000125,
        0.07199999999999997,
        0.08799999999999997
      ],
      [
        -0.019200000000000016,
        0.016000000000000125,
        0.03960000000000008,
        -0.020800000000000013,
        0.01880000000000001
      ],
      [
        0.2815999999999999,
        0.07199999999999997,
        -0.020800000000000013,
        0.9983999999999998,
        0.057600000000000026
      ],
      [
        0.10240000000000006,
        0.08799999999999997,
        0.01880000000000001,
        0.057600000000000026,
        0.9964
      ]
    ]
  ]
}