{
  "settings_list": [
    [
      4.370508711754424,
      1.6548291038374208,
      5.44921344761445,
      1.062717780245973,
      5.069186171762094,
      2.2055463934132096,
      1.3404730604513067,
      2.4493218550762874,
      2.4345111352074325,
      4.121128807865287,
      4.907371590561154,
      1.7231520801554323,
      4.719757749857391,
      1.6320818915248017,
      4.901158231508525
    ],
    [
      4.390442663754424,
      1.6379846238374207,
      5.44496051961445,
      1.060113748245973,
      5.041539387762094,
      2.2134293374132095,
      1.3703604204513067,
      2.4453630710762875,
      2.4522978872074326,
      4.139249063865288,
      4.899488326561154,
      1.7319479841554324,
      4.702218229857391,
      1.6400049635248017,
      4.893060055508525
    ],
    [
      4.394933671754424,
      1.6283746398374208,
      5.44204698361445,
      1.098379988245973,
      5.006252347762094,
      2.2028674174132092,
      1.4193168364513067,
      2.4353784310762876,
      2.4522419512074327,
      4.135445287865288,
      4.906383814561154,
      1.7490868001554323,
      4.717904245857391,
      1.6431222755248018,
      4.8725589355085255
    ],
    [
      4.401409767754424,
      1.6099455518374208,
      5.42587587961445,
      1.121991636245973,
      4.984334811762094,
      2.2092598014132094,
      1.4766271404513067,
      2.4127949430762876,
      2.4304654392074325,
      4.165505639865287,
      4.8651184065611535,
      1.7455890081554322,
      4.735985621857391,
      1.6533414115248017,
      4.859212183508525
    ],
    [
      4.401097095754424,
      1.6046408478374208,
      5.41864778361445,
      1.140694196245973,
      4.949807739762093,
      2.207955001413209,
      1.4348350764513067,
      2.4122818230762877,
      2.4405790712074324,
      4.168669799865287,
      4.860589894561153,
      1.7683829601554322,
      4.733944853857391,
      1.6620809315248017,
      4.851410295508525
    ],
    [
      4.395717639754424,
      1.6352580638374208,
      5.4078539276144495,
      1.1515895562459728,
      4.914832635762093,
      2.2149025854132094,
      1.4192617004513066,
      2.4180324790762877,
      2.4338274552074326,
      4.181450343865287,
      4.850266566561153,
      1.780788976155432,
      4.713550613857391,
      1.6476662115248017,
      4.8353770155085245
    ],
    [
      4.403823175754424,
      1.6290282398374207,
      5.39692771961445,
      1.1529286282459728,
      4.899449659762094,
      2.2321490494132092,
      1.4508955564513066,
      2.4169620150762876,
      2.4117285112074325,
      4.187823335865287,
      4.842055174561153,
      1.791761456155432,
      4.713216917857391,
      1.6576487395248019,
      4.822838199508524
    ],
    [
      4.404480135754424,
      1.6085369758374206,
      5.401620903614449,
      1.1433385482459728,
      4.888252859762093,
      2.233222521413209,
      1.4826926764513066,
      2.4102943670762875,
      2.4123975672074325,
      4.213021095865288,
      4.822234822561153,
      1.821027504155432,
      4.734011925857391,
      1.6655172835248018,
      4.836374391508524
    ],
    [
      4.410063463754424,
      1.5967747998374207,
      5.429617479614449,
      1.169526996245973,
      4.845770427762093,
      2.230244441413209,
      1.5197314284513066,
      2.4096528630762877,
      2.3949890872074326,
      4.208930439865288,
      4.823345702561153,
      1.824259824155432,
      4.719942997857391,
      1.665552067524802,
      4.841162743508525
    ],
    [
      4.420556263754424,
      1.6562752798374207,
      5.422058759614449,
      1.1664687562459728,
      4.811466747762093,
      2.238562521413209,
      1.4753195884513066,
      2.436374463076288,
      2.3992937272074326,
      4.224789959865288,
      4.720708582561153,
      1.806793904155432,
      4.705506837857391,
      1.669875587524802,
      4.858437623508525
    ],
    [
      4.429881511754424,
      1.6568496798374208,
      5.43165299961445,
      1.1697056202459728,
      4.811867835762094,
      2.254326169413209,
      1.4331696364513065,
      2.4403098230762876,
      2.4202399032074324,
      4.213950407865288,
      4.713488486561153,
      1.8095466721554319,
      4.711778901857391,
      1.668892995524802,
      4.850967479508525
    ],
    [
      4.4290853517544235,
      1.6382192798374209,
      5.42993498361445,
      1.1729076682459727,
      4.822625211762094,
      2.244849689413209,
      1.5028329964513065,
      2.4434273910762876,
      2.4428171832074326,
      4.217992007865288,
      4.687008486561153,
      1.7997298401554318,
      4.7061170778573915,
      1.666442819524802,
      4.865626039508525
    ],
    [
      4.450273319754424,
      1.6098392478374208,
      5.432853127614449,
      1.1798737162459727,
      4.8032758037620935,
      2.257296601413209,
      1.5150619564513066,
      2.454975615076288,
      2.4475419832074325,
      4.2124491918652875,
      4.650048390561153,
      1.7933389921554317,
      4.707964437857392,
      1.687981027524802,
      4.849540663508525
    ],
    [
      4.445231911754424,
      1.6210469278374209,
      5.42942541561445,
      1.1749932042459728,
      4.789240603762093,
      2.2534828414132093,
      1.5778425004513066,
      2.4661969910762878,
      2.4300520632074325,
      4.210882855865288,
      4.619195910561153,
      1.7898982241554318,
      4.704744213857392,
      1.700839779524802,
      4.865847479508525
    ],
    [
      4.449373991754424,
      1.613666127837421,
      5.4429486156144495,
      1.1619340042459727,
      4.768801883762094,
      2.2439714814132095,
      1.6047541804513066,
      2.4648168310762877,
      2.4299651832074325,
      4.229849735865288,
      4.645677830561153,
      1.7776302241554318,
      4.702303733857392,
      1.699975459524802,
      4.855157079508525
    ],
    [
      4.445302375754424,
      1.621625103837421,
      5.42625274361445,
      1.1758734602459726,
      4.752617051762093,
      2.2506226174132093,
      1.5314229804513064,
      2.4485117430762875,
      2.4293071992074324,
      4.223909255865288,
      4.647784710561154,
      1.782531984155432,
      4.695142837857392,
      1.701580195524802,
      4.874010263508525
    ],
    [
      4.419032423754424,
      1.6197687838374208,
      5.43916787961445,
      1.1790934922459726,
      4.748952155762093,
      2.2611678974132094,
      1.5216588844513064,
      2.4578316150762873,
      2.4250347512074324,
      4.217640967865288,
      4.594310534561154,
      1.785816016155432,
      4.701905461857392,
      1.708874787524802,
      4.885794647508526
    ],
    [
      4.406335207754424,
      1.660085071837421,
      5.42514624761445,
      1.1569324682459725,
      4.745462107762093,
      2.2378233854132095,
      1.4687475244513064,
      2.4514031990762875,
      2.4339774712074322,
      4.208049543865288,
      4.550334982561154,
      1.782961616155432,
      4.698818485857393,
      1.706990499524802,
      4.901313623508526
    ],
    [
      4.396940519754423,
      1.621975631837421,
      5.4050291276144495,
      1.1740533642459725,
      4.749750619762093,
      2.2269710334132093,
      1.4868636204513064,
      2.4386471030762875,
      2.4600368632074323,
      4.199837191865288,
      4.564747270561154,
      1.786798032155432,
      4.712978613857393,
      1.704821795524802,
      4.894168279508525
    ],
    [
      4.406466247754423,
      1.619720655837421,
      5.4054493196144495,
      1.1676878282459724,
      4.733788923762093,
      2.2425911294132095,
      1.4541088684513064,
      2.4378594870762877,
      2.4618370232074325,
      4.211278631865287,
      4.587793638561154,
      1.784149296155432,
      4.706146101857393,
      1.686312931524802,
      4.899279959508525
    ],
    [
      4.419560487754423,
      1.6101339358374211,
      5.4118682956144495,
      1.1670761482459724,
      4.751003035762093,
      2.2872846654132095,
      1.5288469804513063,
      2.439764255076288,
      2.4915585912074323,
      4.234595591865287,
      4.630855366561153,
      1.778869680155432,
      4.716382261857393,
      1.663319203524802,
      4.873388631508525
    ]
  ],
  "cost_vals": [],
  "step_size": 0.1,
  "opt_step_times": [
    0.14975190162658691,
    0.1417098045349121,
    0.15714716911315918,
    0.1546339988708496,
    0.14766216278076172,
    0.14383983612060547,
    0.1399219036102295,
    0.14653301239013672,
    0.14851999282836914,
    0.15381312370300293,
    0.13820695877075195,
    0.1424388885498047,
    0.14455008506774902,
    0.1355268955230713,
    0.14429426193237305,
    0.218275785446167,
    0.1357572078704834,
    0.13538408279418945,
    0.14722800254821777,
    0.14288568496704102
  ],
  "opt_settings": [
    4.419560487754423,
    1.6101339358374211,
    5.4118682956144495,
    1.1670761482459724,
    4.751003035762093,
    2.2872846654132095,
    1.5288469804513063,
    2.439764255076288,
    2.4915585912074323,
    4.234595591865287,
    4.630855366561153,
    1.778869680155432,
    4.716382261857393,
    1.663319203524802,
    4.873388631508525
  ],
  "min_cost": null,
  "datetime": "2023-05-30T16-38-04Z",
  "step_only": true,
  "ibm_device": "default.qubit",
  "shots": 100,
  "prep_node_name": "5-qubit_zero_state",
  "num_qubits": 5,
  "error": false,
  "cov_mats": [
    [
      [
        0.9996,
        0.061599999999999995,
        -0.005199999999999993,
        -0.10240000000000003,
        0.01599999999999997
      ],
      [
        0.061599999999999995,
        0.9936,
        -0.039199999999999985,
        0.08960000000000003,
        -0.14400000000000007
      ],
      [
        -0.005199999999999993,
        -0.039199999999999985,
        0.9323999999999999,
        0.14879999999999996,
        -0.07200000000000004
      ],
      [
        -0.10240000000000003,
        0.08960000000000003,
        0.14879999999999996,
        0.9856,
        -0.023999999999999955
      ],
      [
        0.01599999999999997,
        -0.14400000000000007,
        -0.07200000000000004,
        -0.023999999999999955,
        0.9600000000000002
      ]
    ],
    [
      [
        1.0,
        -0.019999999999999962,
        -0.040000000000000036,
        -0.10000000000000003,
        -0.06
      ],
      [
        -0.019999999999999962,
        0.9323999999999999,
        0.05120000000000003,
        0.08520000000000004,
        -0.05560000000000012
      ],
      [
        -0.040000000000000036,
        0.05120000000000003,
        0.9856,
        -0.10239999999999998,
        0.18719999999999995
      ],
      [
        -0.10000000000000003,
        0.08520000000000004,
        -0.10239999999999998,
        0.9996,
        0.16120000000000007
      ],
      [
        -0.06,
        -0.05560000000000012,
        0.18719999999999995,
        0.16120000000000007,
        0.9964
      ]
    ],
    [
      [
        0.9964,
        -0.1328,
        0.03400000000000002,
        0.11160000000000002,
        -0.04120000000000006
      ],
      [
        -0.1328,
        0.9856,
        -0.128,
        -0.04319999999999994,
        0.022399999999999903
      ],
      [
        0.03400000000000002,
        -0.128,
        0.99,
        0.06600000000000003,
        -0.16199999999999995
      ],
      [
        0.11160000000000002,
        -0.04319999999999994,
        0.06600000000000003,
        0.9803999999999999,
        0.03719999999999998
      ],
      [
        -0.04120000000000006,
        0.022399999999999903,
        -0.16199999999999995,
        0.03719999999999998,
        0.9996
      ]
    ],
    [
      [
        0.9936,
        0.156,
        -0.10160000000000002,
        -0.00960000000000001,
        0.05919999999999999
      ],
      [
        0.156,
        0.91,
        -0.08599999999999995,
        0.02400000000000005,
        0.09200000000000004
      ],
      [
        -0.10160000000000002,
        -0.08599999999999995,
        0.9996,
        -0.02239999999999996,
        -0.05519999999999998
      ],
      [
        -0.00960000000000001,
        0.02400000000000005,
        -0.02239999999999996,
        0.9855999999999999,
        -0.051199999999999954
      ],
      [
        0.05919999999999999,
        0.09200000000000004,
        -0.05519999999999998,
        -0.051199999999999954,
        0.9423999999999999
      ]
    ],
    [
      [
        0.9996,
        0.03640000000000004,
        -0.03639999999999999,
        0.08279999999999996,
        0.03800000000000001
      ],
      [
        0.03640000000000004,
        0.9676,
        -0.1276,
        0.14520000000000005,
        -0.01799999999999999
      ],
      [
        -0.03639999999999999,
        -0.1276,
        0.9676,
        -0.10520000000000002,
        -0.18200000000000002
      ],
      [
        0.08279999999999996,
        0.14520000000000005,
        -0.10520000000000002,
        0.9803999999999999,
        -0.066
      ],
      [
        0.03800000000000001,
        -0.01799999999999999,
        -0.18200000000000002,
        -0.066,
        0.99
      ]
    ],
    [
      [
        0.9804,
        -0.13440000000000005,
        0.28880000000000006,
        0.02040000000000004,
        -0.2264
      ],
      [
        -0.13440000000000005,
        0.9984,
        -0.11679999999999996,
        0.025600000000000022,
        0.15039999999999995
      ],
      [
        0.28880000000000006,
        -0.11679999999999996,
        0.9936,
        0.008799999999999964,
        -0.10079999999999999
      ],
      [
        0.02040000000000004,
        0.025600000000000022,
        0.008799999999999964,
        0.9804,
        0.05360000000000002
      ],
      [
        -0.2264,
        0.15039999999999995,
        -0.10079999999999999,
        0.05360000000000002,
        0.9423999999999999
      ]
    ],
    [
      [
        0.9984,
        0.08160000000000002,
        0.05759999999999999,
        0.016000000000000018,
        -0.03039999999999997
      ],
      [
        0.08160000000000002,
        0.9984,
        0.02239999999999996,
        0.02399999999999996,
        -0.08959999999999999
      ],
      [
        0.05759999999999999,
        0.02239999999999996,
        0.9964,
        0.07400000000000004,
        0.15440000000000004
      ],
      [
        0.016000000000000018,
        0.02399999999999996,
        0.07400000000000004,
        0.99,
        0.164
      ],
      [
        -0.03039999999999997,
        -0.08959999999999999,
        0.15440000000000004,
        0.164,
        0.9424000000000002
      ]
    ],
    [
      [
        0.9516,
        0.06000000000000005,
        -0.1488,
        -0.20039999999999997,
        -0.0023999999999999785
      ],
      [
        0.06000000000000005,
        1.0,
        -0.12000000000000005,
        -0.14000000000000004,
        -0.12000000000000008
      ],
      [
        -0.1488,
        -0.12000000000000005,
        0.9984,
        0.06720000000000005,
        -0.03679999999999995
      ],
      [
        -0.20039999999999997,
        -0.14000000000000004,
        0.06720000000000005,
        0.9676,
        0.08559999999999994
      ],
      [
        -0.0023999999999999785,
        -0.12000000000000008,
        -0.03679999999999995,
        0.08559999999999994,
        0.9936000000000003
      ]
    ],
    [
      [
        0.9964,
        -0.1660000000000001,
        0.22719999999999996,
        -0.09040000000000002,
        0.03640000000000007
      ],
      [
        -0.1660000000000001,
        0.99,
        0.032000000000000015,
        -0.003999999999999965,
        -0.12600000000000003
      ],
      [
        0.22719999999999996,
        0.032000000000000015,
        0.9856,
        0.06080000000000001,
        -0.17279999999999998
      ],
      [
        -0.09040000000000002,
        -0.003999999999999965,
        0.06080000000000001,
        0.9744,
        -0.050400000000000014
      ],
      [
        0.03640000000000007,
        -0.12600000000000003,
        -0.17279999999999998,
        -0.050400000000000014,
        0.9964
      ]
    ],
    [
      [
        0.9936,
        0.006399999999999947,
        -0.13840000000000002,
        -0.11120000000000001,
        0.11359999999999999
      ],
      [
        0.006399999999999947,
        0.9936,
        0.018400000000000017,
        0.11120000000000001,
        0.04639999999999999
      ],
      [
        -0.13840000000000002,
        0.018400000000000017,
        0.9996,
        -0.07720000000000002,
        -0.05840000000000005
      ],
      [
        -0.11120000000000001,
        0.11120000000000001,
        -0.07720000000000002,
        0.9803999999999999,
        0.08879999999999996
      ],
      [
        0.11359999999999999,
        0.04639999999999999,
        -0.05840000000000005,
        0.08879999999999996,
        0.9936
      ]
    ],
    [
      [
        0.9996,
        -0.01759999999999999,
        0.018400000000000076,
        -0.05599999999999995,
        -0.08199999999999996
      ],
      [
        -0.01759999999999999,
        0.9855999999999999,
        0.04959999999999999,
        -0.064,
        -0.12800000000000003
      ],
      [
        0.018400000000000076,
        0.04959999999999999,
        0.9936,
        -0.023999999999999976,
        -0.10799999999999998
      ],
      [
        -0.05599999999999995,
        -0.064,
        -0.023999999999999976,
        0.96,
        -0.04000000000000003
      ],
      [
        -0.08199999999999996,
        -0.12800000000000003,
        -0.10799999999999998,
        -0.04000000000000003,
        0.99
      ]
    ],
    [
      [
        0.9996,
        0.055999999999999966,
        -0.04199999999999998,
        0.08040000000000004,
        0.08040000000000001
      ],
      [
        0.055999999999999966,
        0.96,
        -0.08000000000000006,
        -0.13600000000000007,
        0.264
      ],
      [
        -0.04199999999999998,
        -0.08000000000000006,
        0.99,
        0.082,
        -0.03799999999999994
      ],
      [
        0.08040000000000004,
        -0.13600000000000007,
        0.082,
        0.9996,
        -0.00039999999999997183
      ],
      [
        0.08040000000000001,
        0.264,
        -0.03799999999999994,
        -0.00039999999999997183,
        0.9996
      ]
    ],
    [
      [
        0.9936,
        0.09520000000000002,
        0.05840000000000002,
        0.18480000000000002,
        -0.003200000000000006
      ],
      [
        0.09520000000000002,
        0.9964,
        -0.04120000000000001,
        -0.11640000000000005,
        -0.10240000000000006
      ],
      [
        0.05840000000000002,
        -0.04120000000000001,
        0.9996,
        -0.15879999999999997,
        -0.02080000000000002
      ],
      [
        0.18480000000000002,
        -0.11640000000000005,
        -0.15879999999999997,
        0.9964,
        0.10240000000000005
      ],
      [
        -0.003200000000000006,
        -0.10240000000000006,
        -0.02080000000000002,
        0.10240000000000005,
        0.9984
      ]
    ],
    [
      [
        0.9516,
        0.03080000000000008,
        0.13119999999999996,
        -0.1623999999999999,
        -0.07560000000000001
      ],
      [
        0.03080000000000008,
        0.9803999999999999,
        0.0656,
        0.08879999999999999,
        -0.04280000000000002
      ],
      [
        0.13119999999999996,
        0.0656,
        0.9984,
        -0.03679999999999997,
        0.06079999999999994
      ],
      [
        -0.1623999999999999,
        0.08879999999999999,
        -0.03679999999999997,
        0.9936,
        -0.02159999999999998
      ],
      [
        -0.07560000000000001,
        -0.04280000000000002,
        0.06079999999999994,
        -0.02159999999999998,
        0.9996
      ]
    ],
    [
      [
        0.9996,
        -0.04120000000000001,
        0.1424,
        -0.062400000000000025,
        0.017600000000000053
      ],
      [
        -0.04120000000000001,
        0.9964,
        -0.05279999999999996,
        -0.06720000000000001,
        -0.1872000000000001
      ],
      [
        0.1424,
        -0.05279999999999996,
        0.9856,
        -0.06559999999999998,
        0.05440000000000009
      ],
      [
        -0.062400000000000025,
        -0.06720000000000001,
        -0.06559999999999998,
        0.9856,
        0.025599999999999987
      ],
      [
        0.017600000000000053,
        -0.1872000000000001,
        0.05440000000000009,
        0.025599999999999987,
        0.9856
      ]
    ],
    [
      [
        0.9984,
        0.10559999999999999,
        -0.003199999999999978,
        -0.11679999999999996,
        -0.11839999999999999
      ],
      [
        0.10559999999999999,
        0.9803999999999999,
        0.03120000000000006,
        0.008800000000000066,
        0.054400000000000025
      ],
      [
        -0.003199999999999978,
        0.03120000000000006,
        0.9936,
        -0.15360000000000004,
        0.04320000000000001
      ],
      [
        -0.11679999999999996,
        0.008800000000000066,
        -0.15360000000000004,
        0.9936,
        -0.08320000000000001
      ],
      [
        -0.11839999999999999,
        0.054400000000000025,
        0.04320000000000001,
        -0.08320000000000001,
        0.9984
      ]
    ],
    [
      [
        1.0,
        -0.01999999999999999,
        -0.10000000000000003,
        -0.08000000000000002,
        -0.04000000000000001
      ],
      [
        -0.01999999999999999,
        0.9996,
        -0.19960000000000006,
        -0.1,
        -0.018400000000000014
      ],
      [
        -0.10000000000000003,
        -0.19960000000000006,
        0.9996,
        -0.019999999999999993,
        0.01839999999999999
      ],
      [
        -0.08000000000000002,
        -0.1,
        -0.019999999999999993,
        1.0,
        0.12000000000000001
      ],
      [
        -0.04000000000000001,
        -0.018400000000000014,
        0.01839999999999999,
        0.12000000000000001,
        0.9935999999999999
      ]
    ],
    [
      [
        0.9936,
        0.15360000000000001,
        -0.10480000000000003,
        -0.012000000000000014,
        0.042399999999999986
      ],
      [
        0.15360000000000001,
        0.9936,
        0.015200000000000068,
        -0.05200000000000002,
        0.0824
      ],
      [
        -0.10480000000000003,
        0.015200000000000068,
        0.9964,
        0.0059999999999999516,
        -0.0532
      ],
      [
        -0.012000000000000014,
        -0.05200000000000002,
        0.0059999999999999516,
        0.99,
        -0.057999999999999996
      ],
      [
        0.042399999999999986,
        0.0824,
        -0.0532,
        -0.057999999999999996,
        0.9516
      ]
    ],
    [
      [
        0.99,
        -0.038000000000000034,
        -0.16600000000000006,
        -0.08400000000000003,
        -0.00399999999999999
      ],
      [
        -0.038000000000000034,
        0.9996,
        -0.03880000000000001,
        -0.02319999999999994,
        -0.023199999999999884
      ],
      [
        -0.16600000000000006,
        -0.03880000000000001,
        0.9964,
        0.14960000000000004,
        -0.1704
      ],
      [
        -0.08400000000000003,
        -0.02319999999999994,
        0.14960000000000004,
        0.9743999999999999,
        -0.06559999999999996
      ],
      [
        -0.00399999999999999,
        -0.023199999999999884,
        -0.1704,
        -0.06559999999999996,
        0.9743999999999999
      ]
    ],
    [
      [
        0.9516,
        -0.14679999999999999,
        -0.08440000000000002,
        0.05319999999999998,
        -0.013200000000000017
      ],
      [
        -0.14679999999999999,
        0.9964,
        -0.03879999999999998,
        0.03640000000000001,
        -0.11640000000000005
      ],
      [
        -0.08440000000000002,
        -0.03879999999999998,
        0.9996,
        -0.11880000000000004,
        -0.041199999999999896
      ],
      [
        0.05319999999999998,
        0.03640000000000001,
        -0.11880000000000004,
        0.9964,
        0.08360000000000005
      ],
      [
        -0.013200000000000017,
        -0.11640000000000005,
        -0.041199999999999896,
        0.08360000000000005,
        0.9964
      ]
    ],
    [
      [
        0.9984,
        0.14080000000000004,
        0.06560000000000002,
        -0.1568,
        0.23840000000000006
      ],
      [
        0.14080000000000004,
        0.9996,
        -0.0027999999999999926,
        -0.1816,
        0.1808000000000001
      ],
      [
        0.06560000000000002,
        -0.0027999999999999926,
        0.9804,
        0.08880000000000005,
        0.10560000000000005
      ],
      [
        -0.1568,
        -0.1816,
        0.08880000000000005,
        0.9936,
        -0.07680000000000006
      ],
      [
        0.23840000000000006,
        0.1808000000000001,
        0.10560000000000005,
        -0.07680000000000006,
        0.9984000000000002
      ]
    ]
  ]
}