{
  "settings_list": [
    [
      4.491842292127283,
      3.086134809902203,
      3.0489944074547957,
      2.3561214506824038,
      3.9875450984331224,
      5.2148467510578955,
      0.4943906959660025,
      0.1898598155094996,
      3.6930152697505316,
      0.6107094166151057,
      1.304177762205085,
      0.6452279603339285,
      3.0812224527738215,
      1.8961315520634492,
      4.302437893259288
    ],
    [
      4.541557140127283,
      3.100511417902203,
      3.078191303454796,
      2.3305994986824037,
      4.071094826433122,
      5.233786591057895,
      0.5531096399660025,
      0.1796455115094996,
      3.7008800697505317,
      0.6250846166151057,
      1.3618738262050851,
      0.6435039283339284,
      3.0822125327738212,
      1.7768302720634492,
      4.309029317259288
    ],
    [
      4.590560340127283,
      3.073386425902203,
      3.109179495454796,
      2.2536674026824035,
      4.150300810433122,
      5.240246111057895,
      0.6200897679660025,
      0.24014333550949957,
      3.707295333750532,
      0.6249083286151057,
      1.4113940822050852,
      0.6255334643339284,
      3.102596756773821,
      1.6983510080634492,
      4.304932293259288
    ],
    [
      4.609225684127282,
      3.069458361902203,
      3.103407463454796,
      2.2058477546824036,
      4.224365706433122,
      5.225680863057895,
      0.6695108239660025,
      0.27928906350949956,
      3.6890842617505317,
      0.6328765846151057,
      1.5096665942050853,
      0.6320308723339284,
      3.121137812773821,
      1.6106597440634491,
      4.309777093259288
    ],
    [
      4.6630586441272825,
      3.062515641902203,
      3.096398823454796,
      2.1997939946824037,
      4.280088586433123,
      5.205503583057895,
      0.7247997839660025,
      0.29525194350949957,
      3.7075169017505316,
      0.6261105046151056,
      1.6172390742050853,
      0.6494868723339284,
      3.128490772773821,
      1.557807264063449,
      4.313672773259288
    ],
    [
      4.718483284127283,
      3.0698056899022026,
      3.083569255454796,
      2.1849517866824035,
      4.321445290433123,
      5.2221669110578945,
      0.7875052559660025,
      0.2937699595094995,
      3.7225647417505314,
      0.6213543126151057,
      1.5885337622050852,
      0.6565712883339284,
      3.126800948773821,
      1.6015059520634491,
      4.3358530612592885
    ],
    [
      4.715555572127283,
      3.089697337902203,
      3.090772103454796,
      2.1522601066824034,
      4.372402954433123,
      5.235905439057895,
      0.8818511439660025,
      0.3261458635094995,
      3.7198655097505315,
      0.6219629526151056,
      1.5895093142050853,
      0.6596513523339285,
      3.108084052773821,
      1.625686400063449,
      4.3497725812592885
    ],
    [
      4.700099572127282,
      3.102573657902203,
      3.088658983454796,
      2.1346442666824035,
      4.399639914433123,
      5.2351060790578945,
      0.9944146639660025,
      0.3454996235094995,
      3.7251299897505317,
      0.6456650326151055,
      1.5589285142050853,
      0.6694670323339285,
      3.091728052773821,
      1.6313014400634491,
      4.346351621259289
    ],
    [
      4.6750022281272825,
      3.090096089902203,
      3.094366503454796,
      2.1295990186824034,
      4.421668714433123,
      5.227429535057895,
      1.0979306959660027,
      0.3729915915094995,
      3.722298245750532,
      0.6549780566151056,
      1.554403202205085,
      0.6801145843339285,
      3.101483700773821,
      1.640912960063449,
      4.339203461259289
    ],
    [
      4.687620404127283,
      3.101076953902203,
      3.094760295454796,
      2.1135613866824032,
      4.456286762433122,
      5.242865695057895,
      1.2146310479660027,
      0.3881385995094995,
      3.7057331897505317,
      0.6642629206151056,
      1.488941698205085,
      0.6935572083339284,
      3.089271156773821,
      1.576310336063449,
      4.330149125259289
    ],
    [
      4.705323700127282,
      3.079183961902203,
      3.0807442954547963,
      2.0932635306824032,
      4.479958570433123,
      5.249988127057895,
      1.2634054479660028,
      0.3950086155094995,
      3.708932293750532,
      0.6666682966151056,
      1.499313794205085,
      0.6856432243339284,
      3.084200820773821,
      1.522996672063449,
      4.328454661259289
    ],
    [
      4.759615028127282,
      3.0638909699022028,
      3.0931492874547963,
      2.1016287146824033,
      4.522452266433123,
      5.243010911057895,
      1.3986809679660028,
      0.4350802315094995,
      3.6937661497505316,
      0.6638338646151056,
      1.4823313942050849,
      0.6946251763339284,
      3.104654772773821,
      1.569200320063449,
      4.353804997259289
    ],
    [
      4.7689219081272824,
      3.049705369902203,
      3.0826603274547963,
      2.0882463146824035,
      4.547356586433123,
      5.218989151057895,
      1.4632147279660028,
      0.43145655150949946,
      3.6708867897505315,
      0.6557321046151057,
      1.4938072342050848,
      0.6813253363339283,
      3.089744692773821,
      1.616383680063449,
      4.333836997259288
    ],
    [
      4.731803444127283,
      3.040337817902203,
      3.0999180554547965,
      2.0704018346824036,
      4.536866090433123,
      5.212545503057894,
      1.4997073999660029,
      0.43566058350949943,
      3.6806563897505313,
      0.6803934806151057,
      1.5292432662050848,
      0.6663260403339283,
      3.069681972773821,
      1.577606336063449,
      4.324273221259288
    ],
    [
      4.746305940127282,
      3.045637113902203,
      3.1214276234547964,
      2.0878940906824037,
      4.545927434433123,
      5.196675967057894,
      1.5343049679660028,
      0.42554327150949944,
      3.6939139577505316,
      0.6813739926151058,
      1.4738847382050848,
      0.6435214963339283,
      3.0803671247738214,
      1.557926144063449,
      4.317369701259288
    ],
    [
      4.740713652127282,
      3.061168057902203,
      3.1410969354547964,
      2.0845691946824036,
      4.581212618433123,
      5.193089279057894,
      1.5204679439660027,
      0.42718067950949945,
      3.7179584377505317,
      0.6804520086151058,
      1.4977081302050848,
      0.6361400883339283,
      3.0960446607738215,
      1.596312704063449,
      4.321964229259288
    ],
    [
      4.732849652127283,
      3.0379808579022027,
      3.1476521354547966,
      2.0754811946824034,
      4.5823950184331235,
      5.188524479057894,
      1.5027951439660028,
      0.42850467950949944,
      3.7225896377505316,
      0.6866616086151058,
      1.5290345302050847,
      0.6339632883339283,
      3.0908150607738216,
      1.591427904063449,
      4.321734629259288
    ],
    [
      4.7259450761272825,
      3.067123897902203,
      3.1446274954547966,
      2.0553808426824034,
      4.587017738433124,
      5.164461503057894,
      1.4857623119660028,
      0.4175442955094994,
      3.7160602297505316,
      0.7107540246151058,
      1.5856249942050848,
      0.6325001203339283,
      3.0950679887738217,
      1.5759431040634488,
      4.324447717259289
    ],
    [
      4.712706484127283,
      3.053734201902203,
      3.1529325834547968,
      2.0583700906824034,
      4.538953002433124,
      5.1519504630578945,
      1.5095982799660028,
      0.4360228235094994,
      3.730283845750532,
      0.7117082006151059,
      1.5401615702050848,
      0.6169927603339282,
      3.1163395087738217,
      1.5382017600634488,
      4.360822501259289
    ],
    [
      4.753508020127283,
      3.027775545902203,
      3.1486840074547966,
      2.0684060586824033,
      4.544263978433124,
      5.1643326710578945,
      1.4812844239660028,
      0.4500221835094994,
      3.722369605750532,
      0.7188892566151058,
      1.5207319382050848,
      0.6071915443339282,
      3.130775860773822,
      1.5532530240634488,
      4.359209957259289
    ],
    [
      4.721215668127283,
      3.021958073902203,
      3.1465449994547967,
      2.054950954682403,
      4.537359338433124,
      5.156329151057895,
      1.4890994639660027,
      0.44763287150949943,
      3.731399045750532,
      0.7235704726151058,
      1.5018143062050848,
      0.6181386163339282,
      3.126671284773822,
      1.5324738240634488,
      4.358159717259289
    ]
  ],
  "cost_vals": [],
  "step_size": 0.1,
  "opt_step_times": [
    0.18850421905517578,
    0.16275811195373535,
    0.14423084259033203,
    0.1261920928955078,
    0.14147400856018066,
    0.13903522491455078,
    0.13686203956604004,
    0.132066011428833,
    0.14069509506225586,
    0.13312792778015137,
    0.13670086860656738,
    0.13688874244689941,
    0.12553811073303223,
    0.12677979469299316,
    0.1414651870727539,
    0.19495582580566406,
    0.12842392921447754,
    0.11787796020507812,
    0.1175081729888916,
    0.132857084274292
  ],
  "opt_settings": [
    4.721215668127283,
    3.021958073902203,
    3.1465449994547967,
    2.054950954682403,
    4.537359338433124,
    5.156329151057895,
    1.4890994639660027,
    0.44763287150949943,
    3.731399045750532,
    0.7235704726151058,
    1.5018143062050848,
    0.6181386163339282,
    3.126671284773822,
    1.5324738240634488,
    4.358159717259289
  ],
  "min_cost": null,
  "datetime": "2023-05-30T16-36-09Z",
  "step_only": true,
  "ibm_device": "default.qubit",
  "shots": 100,
  "prep_node_name": "5-qubit_zero_state",
  "num_qubits": 5,
  "error": false,
  "cov_mats": [
    [
      [
        0.99,
        -0.017999999999999933,
        0.033999999999999905,
        -0.027999999999999962,
        0.07799999999999999
      ],
      [
        -0.017999999999999933,
        0.6636,
        0.06119999999999981,
        -0.02639999999999995,
        -0.0436
      ],
      [
        0.033999999999999905,
        0.06119999999999981,
        0.26039999999999985,
        -0.04880000000000004,
        -0.04120000000000007
      ],
      [
        -0.027999999999999962,
        -0.02639999999999995,
        -0.04880000000000004,
        0.9936,
        0.026399999999999958
      ],
      [
        0.07799999999999999,
        -0.0436,
        -0.04120000000000007,
        0.026399999999999958,
        0.8236
      ]
    ],
    [
      [
        0.9964,
        -0.12880000000000008,
        -0.0728,
        -0.05079999999999996,
        0.14200000000000002
      ],
      [
        -0.12880000000000008,
        0.7696000000000001,
        0.057599999999999874,
        -0.026400000000000076,
        -0.003999999999999948
      ],
      [
        -0.0728,
        0.057599999999999874,
        0.22560000000000002,
        -0.0184,
        0.03599999999999992
      ],
      [
        -0.05079999999999996,
        -0.026400000000000076,
        -0.0184,
        0.9676,
        0.026000000000000002
      ],
      [
        0.14200000000000002,
        -0.003999999999999948,
        0.03599999999999992,
        0.026000000000000002,
        0.91
      ]
    ],
    [
      [
        0.9803999999999999,
        0.06079999999999996,
        0.10799999999999997,
        -0.002400000000000079,
        0.020799999999999937
      ],
      [
        0.06079999999999996,
        0.9216,
        -0.06400000000000006,
        0.19520000000000004,
        0.08160000000000003
      ],
      [
        0.10799999999999997,
        -0.06400000000000006,
        0.3599999999999999,
        0.032,
        -0.06400000000000006
      ],
      [
        -0.002400000000000079,
        0.19520000000000004,
        0.032,
        0.9743999999999999,
        -0.04479999999999994
      ],
      [
        0.020799999999999937,
        0.08160000000000003,
        -0.06400000000000006,
        -0.04479999999999994,
        0.9216000000000002
      ]
    ],
    [
      [
        0.9743999999999999,
        -0.044800000000000055,
        0.015199999999999936,
        -0.0992,
        0.1640000000000001
      ],
      [
        -0.044800000000000055,
        0.9216,
        0.04159999999999997,
        0.006400000000000003,
        0.07200000000000005
      ],
      [
        0.015199999999999936,
        0.04159999999999997,
        0.39159999999999995,
        0.006399999999999989,
        0.12200000000000004
      ],
      [
        -0.0992,
        0.006400000000000003,
        0.006399999999999989,
        0.9856,
        0.00800000000000007
      ],
      [
        0.1640000000000001,
        0.07200000000000005,
        0.12200000000000004,
        0.00800000000000007,
        0.99
      ]
    ],
    [
      [
        0.9216,
        -0.015999999999999973,
        -0.06399999999999995,
        0.1712,
        0.19680000000000003
      ],
      [
        -0.015999999999999973,
        0.96,
        5.551115123125783e-17,
        0.048,
        -0.007999999999999983
      ],
      [
        -0.06399999999999995,
        5.551115123125783e-17,
        0.3599999999999999,
        -0.007999999999999993,
        -0.1720000000000001
      ],
      [
        0.1712,
        0.048,
        -0.007999999999999993,
        0.9984,
        -0.02239999999999999
      ],
      [
        0.19680000000000003,
        -0.007999999999999983,
        -0.1720000000000001,
        -0.02239999999999999,
        0.9964
      ]
    ],
    [
      [
        1.0,
        2.7755575615628914e-17,
        -0.09999999999999998,
        0.13999999999999996,
        2.7755575615628914e-17
      ],
      [
        2.7755575615628914e-17,
        0.96,
        0.008000000000000007,
        -0.03200000000000003,
        -0.05599999999999998
      ],
      [
        -0.09999999999999998,
        0.008000000000000007,
        0.5644,
        0.09240000000000011,
        -0.10080000000000004
      ],
      [
        0.13999999999999996,
        -0.03200000000000003,
        0.09240000000000011,
        0.9803999999999999,
        -0.11680000000000001
      ],
      [
        2.7755575615628914e-17,
        -0.05599999999999998,
        -0.10080000000000004,
        -0.11680000000000001,
        0.9855999999999999
      ]
    ],
    [
      [
        0.9964,
        -0.14919999999999997,
        -0.005200000000000003,
        0.10000000000000006,
        0.06480000000000001
      ],
      [
        -0.14919999999999997,
        0.9676,
        -0.06439999999999997,
        -0.06000000000000005,
        0.1256000000000001
      ],
      [
        -0.005200000000000003,
        -0.06439999999999997,
        0.6636,
        -0.059999999999999956,
        0.013599999999999966
      ],
      [
        0.10000000000000006,
        -0.06000000000000005,
        -0.059999999999999956,
        1.0,
        -0.12000000000000005
      ],
      [
        0.06480000000000001,
        0.1256000000000001,
        0.013599999999999966,
        -0.12000000000000005,
        0.9936000000000003
      ]
    ],
    [
      [
        0.9856,
        0.17120000000000002,
        -0.06720000000000004,
        0.035199999999999974,
        0.17599999999999996
      ],
      [
        0.17120000000000002,
        0.9424,
        0.06559999999999996,
        0.030399999999999944,
        -0.04799999999999999
      ],
      [
        -0.06720000000000004,
        0.06559999999999996,
        0.6863999999999999,
        -0.062400000000000025,
        0.007999999999999993
      ],
      [
        0.035199999999999974,
        0.030399999999999944,
        -0.062400000000000025,
        0.9984,
        0.032000000000000056
      ],
      [
        0.17599999999999996,
        -0.04799999999999999,
        0.007999999999999993,
        0.032000000000000056,
        0.96
      ]
    ],
    [
      [
        0.9324,
        -0.13280000000000003,
        -0.15520000000000003,
        -0.05399999999999995,
        -0.13120000000000004
      ],
      [
        -0.13280000000000003,
        0.9216,
        0.054399999999999976,
        -0.11199999999999997,
        -0.1535999999999999
      ],
      [
        -0.15520000000000003,
        0.054399999999999976,
        0.7296,
        -0.007999999999999938,
        -0.022400000000000066
      ],
      [
        -0.05399999999999995,
        -0.11199999999999997,
        -0.007999999999999938,
        0.99,
        0.03200000000000003
      ],
      [
        -0.13120000000000004,
        -0.1535999999999999,
        -0.022400000000000066,
        0.03200000000000003,
        0.9855999999999999
      ]
    ],
    [
      [
        0.9743999999999999,
        -0.035199999999999974,
        0.051200000000000065,
        0.059200000000000016,
        0.05679999999999987
      ],
      [
        -0.035199999999999974,
        0.9216,
        -0.08960000000000001,
        -0.07360000000000003,
        0.18560000000000001
      ],
      [
        0.051200000000000065,
        -0.08960000000000001,
        0.8976,
        0.001599999999999907,
        -0.09359999999999996
      ],
      [
        0.059200000000000016,
        -0.07360000000000003,
        0.001599999999999907,
        0.9856,
        -0.1776
      ],
      [
        0.05679999999999987,
        0.18560000000000001,
        -0.09359999999999996,
        -0.1776,
        0.9996000000000003
      ]
    ],
    [
      [
        1.0,
        0.1,
        0.14,
        0.08000000000000007,
        0.11999999999999997
      ],
      [
        0.1,
        0.9516,
        -0.030800000000000025,
        -0.011200000000000003,
        -0.08239999999999997
      ],
      [
        0.14,
        -0.030800000000000025,
        0.9803999999999999,
        0.06559999999999991,
        0.11120000000000001
      ],
      [
        0.08000000000000007,
        -0.011200000000000003,
        0.06559999999999991,
        0.9983999999999998,
        0.07680000000000002
      ],
      [
        0.11999999999999997,
        -0.08239999999999997,
        0.11120000000000001,
        0.07680000000000002,
        0.9936
      ]
    ],
    [
      [
        0.9984,
        -0.08799999999999993,
        0.10240000000000003,
        0.07999999999999996,
        -0.12160000000000008
      ],
      [
        -0.08799999999999993,
        0.96,
        -0.007999999999999959,
        -0.039999999999999925,
        0.11199999999999992
      ],
      [
        0.10240000000000003,
        -0.007999999999999959,
        0.9964,
        -0.14,
        -0.17759999999999998
      ],
      [
        0.07999999999999996,
        -0.039999999999999925,
        -0.14,
        1.0,
        -0.12000000000000005
      ],
      [
        -0.12160000000000008,
        0.11199999999999992,
        -0.17759999999999998,
        -0.12000000000000005,
        0.9984000000000002
      ]
    ],
    [
      [
        0.9996,
        -0.08520000000000004,
        -0.022399999999999958,
        0.08040000000000001,
        0.07959999999999999
      ],
      [
        -0.08520000000000004,
        0.9324,
        0.02880000000000001,
        0.0852,
        0.2348
      ],
      [
        -0.022399999999999958,
        0.02880000000000001,
        0.9856,
        -0.05759999999999999,
        -0.14240000000000005
      ],
      [
        0.08040000000000001,
        0.0852,
        -0.05759999999999999,
        0.9996,
        0.20040000000000008
      ],
      [
        0.07959999999999999,
        0.2348,
        -0.14240000000000005,
        0.20040000000000008,
        0.9996000000000003
      ]
    ],
    [
      [
        0.9984,
        0.022399999999999993,
        -0.16480000000000009,
        -0.0032000000000000314,
        -0.08160000000000003
      ],
      [
        0.022399999999999993,
        0.9964,
        -0.052800000000000014,
        0.0648,
        0.022399999999999955
      ],
      [
        -0.16480000000000009,
        -0.052800000000000014,
        0.9856,
        0.03040000000000006,
        0.15520000000000003
      ],
      [
        -0.0032000000000000314,
        0.0648,
        0.03040000000000006,
        0.9936,
        -0.0832
      ],
      [
        -0.08160000000000003,
        0.022399999999999955,
        0.15520000000000003,
        -0.0832,
        0.9984000000000001
      ]
    ],
    [
      [
        0.9804,
        0.08279999999999996,
        0.15120000000000008,
        0.0832,
        0.054799999999999946
      ],
      [
        0.08279999999999996,
        0.9996,
        -0.10159999999999998,
        -0.05759999999999999,
        0.20359999999999995
      ],
      [
        0.15120000000000008,
        -0.10159999999999998,
        0.9936,
        -0.11040000000000004,
        -0.2056
      ],
      [
        0.0832,
        -0.05759999999999999,
        -0.11040000000000004,
        0.9856,
        -0.0016000000000000805
      ],
      [
        0.054799999999999946,
        0.20359999999999995,
        -0.2056,
        -0.0016000000000000805,
        0.9676
      ]
    ],
    [
      [
        1.0,
        0.18000000000000002,
        -0.020000000000000018,
        0.08000000000000004,
        0.05999999999999997
      ],
      [
        0.18000000000000002,
        0.99,
        -0.034,
        -0.09599999999999995,
        0.05800000000000008
      ],
      [
        -0.020000000000000018,
        -0.034,
        0.9964,
        -0.022399999999999965,
        0.029200000000000004
      ],
      [
        0.08000000000000004,
        -0.09599999999999995,
        -0.022399999999999965,
        0.9984,
        -0.027200000000000057
      ],
      [
        0.05999999999999997,
        0.05800000000000008,
        0.029200000000000004,
        -0.027200000000000057,
        0.9676
      ]
    ],
    [
      [
        0.9984,
        -0.09920000000000007,
        0.1568,
        0.13759999999999997,
        -0.2816
      ],
      [
        -0.09920000000000007,
        0.9996,
        0.1816,
        0.0011999999999999433,
        -0.059199999999999996
      ],
      [
        0.1568,
        0.1816,
        0.9936,
        0.13520000000000001,
        -0.08320000000000005
      ],
      [
        0.13759999999999997,
        0.0011999999999999433,
        0.13520000000000001,
        0.9964000000000001,
        -0.10240000000000003
      ],
      [
        -0.2816,
        -0.059199999999999996,
        -0.08320000000000005,
        -0.10240000000000003,
        0.9984
      ]
    ],
    [
      [
        0.9804,
        0.008000000000000021,
        -0.072,
        -0.05440000000000004,
        -0.18000000000000013
      ],
      [
        0.008000000000000021,
        0.96,
        -0.03999999999999997,
        0.031999999999999966,
        -0.04000000000000006
      ],
      [
        -0.072,
        -0.03999999999999997,
        0.96,
        0.031999999999999994,
        0.0
      ],
      [
        -0.05440000000000004,
        0.031999999999999966,
        0.031999999999999994,
        0.9984,
        0.12000000000000008
      ],
      [
        -0.18000000000000013,
        -0.04000000000000006,
        0.0,
        0.12000000000000008,
        1.0
      ]
    ],
    [
      [
        0.9996,
        -0.1,
        0.01999999999999999,
        0.055999999999999994,
        0.01999999999999999
      ],
      [
        -0.1,
        1.0,
        -0.03999999999999998,
        0.03999999999999998,
        0.15999999999999998
      ],
      [
        0.01999999999999999,
        -0.03999999999999998,
        1.0,
        0.24000000000000005,
        0.07999999999999996
      ],
      [
        0.055999999999999994,
        0.03999999999999998,
        0.24000000000000005,
        0.96,
        -0.03999999999999995
      ],
      [
        0.01999999999999999,
        0.15999999999999998,
        0.07999999999999996,
        -0.03999999999999995,
        1.0
      ]
    ],
    [
      [
        0.99,
        0.068,
        0.01399999999999995,
        -0.0020000000000000026,
        -0.033999999999999996
      ],
      [
        0.068,
        0.9936,
        0.008800000000000014,
        -0.018400000000000073,
        -0.06480000000000001
      ],
      [
        0.01399999999999995,
        0.008800000000000014,
        0.9804,
        0.04280000000000001,
        -0.008400000000000072
      ],
      [
        -0.0020000000000000026,
        -0.018400000000000073,
        0.04280000000000001,
        0.9996,
        0.04120000000000004
      ],
      [
        -0.033999999999999996,
        -0.06480000000000001,
        -0.008400000000000072,
        0.04120000000000004,
        0.9964
      ]
    ],
    [
      [
        0.9936,
        -0.12,
        -0.15600000000000003,
        -0.11359999999999996,
        -0.09839999999999999
      ],
      [
        -0.12,
        1.0,
        0.21999999999999997,
        0.12,
        -0.10000000000000003
      ],
      [
        -0.15600000000000003,
        0.21999999999999997,
        0.9099999999999999,
        -0.12400000000000001,
        -0.08599999999999997
      ],
      [
        -0.11359999999999996,
        0.12,
        -0.12400000000000001,
        0.9936,
        -0.1816
      ],
      [
        -0.09839999999999999,
        -0.10000000000000003,
        -0.08599999999999997,
        -0.1816,
        0.9996
      ]
    ]
  ]
}