{
  "settings_list": [
    [
      3.6544060514355388,
      6.013946596655228,
      4.938120274916957,
      6.279806921560748,
      5.686408363244546,
      1.5474130263807695,
      2.3091568722574536,
      3.4125255252300475,
      2.5149249648303282,
      5.970870678732159,
      2.209113834598429,
      4.368928132513471,
      1.938097597816387,
      3.5561961787261183,
      1.0090901562337349
    ],
    [
      3.7058680674355386,
      6.008223716655228,
      4.923905874916957,
      6.246052937560749,
      5.598113451244545,
      1.5296251223807695,
      2.1593454162574535,
      3.4314823252300477,
      2.5411675248303283,
      5.950445462732159,
      2.1025172265984287,
      4.355035780513471,
      1.870575677816387,
      3.553077202726118,
      1.033155436233735
    ],
    [
      3.7773864354355386,
      5.964570212655228,
      4.906146034916957,
      6.233702345560749,
      5.512457803244545,
      1.5256227863807694,
      2.0288942482574535,
      3.4533250772300477,
      2.5500312688303284,
      5.927189206732159,
      1.9855111465984285,
      4.36239027651347,
      1.8020543658163868,
      3.5431211707261183,
      1.0198862522337349
    ],
    [
      3.8474039714355386,
      5.897675620655228,
      4.904398578916957,
      6.210284233560749,
      5.444471627244545,
      1.5172712983807695,
      1.9180971922574535,
      3.461769493230048,
      2.5659723888303283,
      5.882716630732158,
      1.8672496425984284,
      4.33909274051347,
      1.6989741738163868,
      3.540912658726118,
      1.0036727482337349
    ],
    [
      3.9373060514355385,
      5.877525348655228,
      4.891720434916957,
      6.1992511455607495,
      5.322360651244545,
      1.5044247063807694,
      1.8402138002574535,
      3.4523707092300477,
      2.5886248048303284,
      5.848380118732158,
      1.7692067625984285,
      4.32590387651347,
      1.7142637738163868,
      3.551902994726118,
      1.011001004233735
    ],
    [
      4.0241999394355386,
      5.834694308655227,
      4.899756338916957,
      6.19037338556075,
      5.182718475244545,
      1.5077288983807695,
      1.7799249042574536,
      3.4611445332300477,
      2.5897740528303284,
      5.828459478732158,
      1.7011087785984285,
      4.30692858051347,
      1.707753117816387,
      3.563280658726118,
      1.004771500233735
    ],
    [
      4.110957699435539,
      5.7707464686552274,
      4.8884814589169565,
      6.18858074556075,
      5.044403275244545,
      1.5328159383807696,
      1.7175236242574536,
      3.5186939732300475,
      2.5875762928303283,
      5.787184918732159,
      1.6628390185984285,
      4.290480580513471,
      1.652046877816387,
      3.560524178726118,
      1.027882220233735
    ],
    [
      4.225500931435539,
      5.735970148655228,
      4.904577074916957,
      6.18548455356075,
      4.959858507244546,
      1.5170176663807695,
      1.6410498962574536,
      3.5288210772300475,
      2.612388324830328,
      5.801174806732159,
      1.5717953065984285,
      4.27934086851347,
      1.628101405816387,
      3.552842258726118,
      1.031197676233735
    ],
    [
      4.301037827435539,
      5.691042532655228,
      4.9372559869169566,
      6.19983706556075,
      4.858097867244545,
      1.5114599063807694,
      1.5792625042574535,
      3.5285228372300477,
      2.6235992048303283,
      5.790275606732159,
      1.4772908585984286,
      4.25939245251347,
      1.555737629816387,
      3.5519332027261177,
      1.045243116233735
    ],
    [
      4.359338467435538,
      5.676965572655228,
      4.933406866916957,
      6.189506025560751,
      4.896607307244546,
      1.5206474263807694,
      1.6341081042574535,
      3.5414925972300475,
      2.5972865648303283,
      5.797790486732159,
      1.5543044585984287,
      4.2637337325134705,
      1.593144509816387,
      3.5676277627261177,
      1.051599916233735
    ],
    [
      4.441695971435538,
      5.646875332655228,
      4.926357650916956,
      6.17428452156075,
      4.906429771244546,
      1.5297610263807695,
      1.6398220242574535,
      3.5398198932300473,
      2.5793578608303283,
      5.782498838732159,
      1.5952278505984288,
      4.242156260513471,
      1.534524349816387,
      3.5504726907261177,
      1.050076972233735
    ],
    [
      4.507610019435538,
      5.638032708655229,
      4.961324306916956,
      6.17518896956075,
      4.8351033712445455,
      1.5204523543807695,
      1.6762547922574536,
      3.5496261652300474,
      2.5793474288303284,
      5.773155414732159,
      1.6232824425984287,
      4.239540452513471,
      1.636134589816387,
      3.535267058726118,
      1.043534572233735
    ],
    [
      4.527547683435539,
      5.641216196655229,
      4.943870482916956,
      6.198486377560751,
      4.781737995244545,
      1.5171777303807696,
      1.6427158482574535,
      3.5528997652300474,
      2.5775122928303285,
      5.774768982732159,
      1.5592675945984287,
      4.239962084513471,
      1.610039741816387,
      3.546129778726118,
      1.049914604233735
    ],
    [
      4.570231971435539,
      5.633395268655229,
      4.941568274916956,
      6.181142505560751,
      4.704197643244545,
      1.5217552663807696,
      1.6159378642574536,
      3.5593596692300475,
      2.5564669168303285,
      5.748841174732159,
      1.5518414185984286,
      4.229105508513471,
      1.611001405816387,
      3.554519154726118,
      1.045752812233735
    ],
    [
      4.633997347435539,
      5.6394587886552285,
      4.941236114916956,
      6.1872736415607505,
      4.717645643244546,
      1.5184334423807697,
      1.6470575442574535,
      3.5562842452300476,
      2.5487980528303282,
      5.748190326732159,
      1.5836407465984286,
      4.242844484513471,
      1.569634621816387,
      3.542513266726118,
      1.035556492233735
    ],
    [
      4.620631459435539,
      5.639250468655229,
      4.949206386916956,
      6.17253108156075,
      4.718659883244546,
      1.5233494103807697,
      1.5654793042574535,
      3.5564744532300474,
      2.5647000368303283,
      5.755702646732159,
      1.6214813545984286,
      4.233105412513471,
      1.548989213816387,
      3.528046450726118,
      1.034839980233735
    ],
    [
      4.6843370594355385,
      5.645115044655229,
      4.930351730916955,
      6.17322829756075,
      4.647592235244546,
      1.5178404183807697,
      1.5101007442574534,
      3.5175120212300475,
      2.548173956830328,
      5.769264246732159,
      1.5613914985984285,
      4.246531844513471,
      1.570947357816387,
      3.532839666726118,
      1.032605228233735
    ],
    [
      4.626302243435538,
      5.668262052655229,
      4.923562482916956,
      6.17026432956075,
      4.697083051244546,
      1.5322562903807697,
      1.6038914642574533,
      3.5423355732300474,
      2.537827844830328,
      5.770285174732159,
      1.6127168105984284,
      4.238924292513471,
      1.578158749816387,
      3.540132466726118,
      1.038039852233735
    ],
    [
      4.583302051435538,
      5.645130276655229,
      4.911429362916956,
      6.18707712956075,
      4.6191502512445455,
      1.5245824343807697,
      1.5698197842574533,
      3.5324748372300476,
      2.520886020830328,
      5.744003190732159,
      1.6486827625984284,
      4.212085508513471,
      1.530405917816387,
      3.529372914726118,
      1.044586156233735
    ],
    [
      4.617813251435538,
      5.661962436655229,
      4.948406322916956,
      6.1911312095607505,
      4.691220331244545,
      1.5434510743807697,
      1.5652121042574534,
      3.5329253972300476,
      2.521989540830328,
      5.743791190732159,
      1.5920299625984284,
      4.216946308513472,
      1.5526620778163869,
      3.532148274726118,
      1.0463962362337351
    ],
    [
      4.661652771435538,
      5.6688838126552294,
      4.942245170916956,
      6.19410967356075,
      4.620771403244545,
      1.5451887703807696,
      1.5885288722574533,
      3.5221860052300475,
      2.516788836830328,
      5.750891254732159,
      1.5699656745984285,
      4.227312996513472,
      1.545841341816387,
      3.514186738726118,
      1.0624055162337351
    ]
  ],
  "cost_vals": [],
  "step_size": 0.1,
  "opt_step_times": [
    0.14093518257141113,
    0.17190194129943848,
    0.1460862159729004,
    0.14073586463928223,
    0.1425478458404541,
    0.13950681686401367,
    0.13764572143554688,
    0.14121198654174805,
    0.14130091667175293,
    0.13967609405517578,
    0.1397533416748047,
    0.13970208168029785,
    0.14084410667419434,
    0.14249610900878906,
    0.1387650966644287,
    0.20476603507995605,
    0.13610196113586426,
    0.1444389820098877,
    0.13778305053710938,
    0.13577795028686523
  ],
  "opt_settings": [
    4.661652771435538,
    5.6688838126552294,
    4.942245170916956,
    6.19410967356075,
    4.620771403244545,
    1.5451887703807696,
    1.5885288722574533,
    3.5221860052300475,
    2.516788836830328,
    5.750891254732159,
    1.5699656745984285,
    4.227312996513472,
    1.545841341816387,
    3.514186738726118,
    1.0624055162337351
  ],
  "min_cost": null,
  "datetime": "2023-05-30T16-37-07Z",
  "step_only": true,
  "ibm_device": "default.qubit",
  "shots": 100,
  "prep_node_name": "5-qubit_zero_state",
  "num_qubits": 5,
  "error": false,
  "cov_mats": [
    [
      [
        0.3599999999999999,
        0.02399999999999991,
        0.008000000000000007,
        0.09599999999999992,
        0.04799999999999993
      ],
      [
        0.02399999999999991,
        0.22560000000000013,
        0.05120000000000002,
        -0.017600000000000005,
        0.043200000000000016
      ],
      [
        0.008000000000000007,
        0.05120000000000002,
        0.4224,
        -0.11519999999999997,
        0.04639999999999994
      ],
      [
        0.09599999999999992,
        -0.017600000000000005,
        -0.11519999999999997,
        0.7696,
        0.05280000000000007
      ],
      [
        0.04799999999999993,
        0.043200000000000016,
        0.04639999999999994,
        0.05280000000000007,
        0.8704000000000001
      ]
    ],
    [
      [
        0.4223999999999998,
        0.01760000000000006,
        0.0016000000000001013,
        -0.06559999999999999,
        -0.0719999999999999
      ],
      [
        0.01760000000000006,
        0.4224,
        -0.0015999999999999348,
        -0.014400000000000024,
        -0.08800000000000002
      ],
      [
        0.0016000000000001013,
        -0.0015999999999999348,
        0.5644000000000001,
        -0.010400000000000076,
        -0.07800000000000004
      ],
      [
        -0.06559999999999999,
        -0.014400000000000024,
        -0.010400000000000076,
        0.6864000000000001,
        0.028000000000000053
      ],
      [
        -0.0719999999999999,
        -0.08800000000000002,
        -0.07800000000000004,
        0.028000000000000053,
        0.9099999999999999
      ]
    ],
    [
      [
        0.36,
        -0.03600000000000014,
        0.007999999999999952,
        0.016000000000000125,
        -0.036000000000000004
      ],
      [
        -0.03600000000000014,
        0.39159999999999995,
        0.01919999999999994,
        -0.045599999999999974,
        0.01959999999999998
      ],
      [
        0.007999999999999952,
        0.01919999999999994,
        0.8704000000000001,
        0.052800000000000125,
        -0.0048000000000000265
      ],
      [
        0.016000000000000125,
        -0.045599999999999974,
        0.052800000000000125,
        0.7696,
        0.0664
      ],
      [
        -0.036000000000000004,
        0.01959999999999998,
        -0.0048000000000000265,
        0.0664,
        0.9676000000000002
      ]
    ],
    [
      [
        0.5644000000000001,
        -0.03760000000000008,
        0.017600000000000005,
        -0.011600000000000027,
        0.06679999999999994
      ],
      [
        -0.03760000000000008,
        0.5904000000000001,
        0.049600000000000005,
        -0.09360000000000002,
        0.11280000000000003
      ],
      [
        0.017600000000000005,
        0.049600000000000005,
        0.8704000000000001,
        0.0736,
        0.027199999999999933
      ],
      [
        -0.011600000000000027,
        -0.09360000000000002,
        0.0736,
        0.9323999999999999,
        0.034799999999999984
      ],
      [
        0.06679999999999994,
        0.11280000000000003,
        0.027199999999999933,
        0.034799999999999984,
        0.9996000000000003
      ]
    ],
    [
      [
        0.6399999999999999,
        -0.09599999999999992,
        0.03200000000000003,
        0.09599999999999995,
        0.04799999999999995
      ],
      [
        -0.09599999999999992,
        0.5903999999999998,
        0.0432,
        -0.002399999999999902,
        -0.05119999999999994
      ],
      [
        0.03200000000000003,
        0.0432,
        0.9856,
        -0.019199999999999995,
        -0.0096
      ],
      [
        0.09599999999999995,
        -0.002399999999999902,
        -0.019199999999999995,
        0.8844000000000001,
        -0.03279999999999994
      ],
      [
        0.04799999999999995,
        -0.05119999999999994,
        -0.0096,
        -0.03279999999999994,
        0.9936
      ]
    ],
    [
      [
        0.7884,
        -0.08999999999999991,
        0.1888,
        0.06319999999999998,
        -0.04160000000000004
      ],
      [
        -0.08999999999999991,
        0.75,
        -0.04000000000000002,
        -0.10000000000000012,
        0.08
      ],
      [
        0.1888,
        -0.04000000000000002,
        0.9216,
        0.022400000000000034,
        0.0688
      ],
      [
        0.06319999999999998,
        -0.10000000000000012,
        0.022400000000000034,
        0.9936,
        -0.03680000000000006
      ],
      [
        -0.04160000000000004,
        0.08,
        0.0688,
        -0.03680000000000006,
        0.9984
      ]
    ],
    [
      [
        0.75,
        -0.13000000000000006,
        -0.05999999999999994,
        0.10000000000000007,
        -0.10999999999999999
      ],
      [
        -0.13000000000000006,
        0.8556,
        0.07919999999999999,
        -0.019999999999999907,
        0.001999999999999974
      ],
      [
        -0.05999999999999994,
        0.07919999999999999,
        0.9743999999999999,
        -0.11999999999999997,
        0.08400000000000005
      ],
      [
        0.10000000000000007,
        -0.019999999999999907,
        -0.11999999999999997,
        1.0,
        0.020000000000000018
      ],
      [
        -0.10999999999999999,
        0.001999999999999974,
        0.08400000000000005,
        0.020000000000000018,
        0.9900000000000002
      ]
    ],
    [
      [
        0.8976,
        0.023200000000000068,
        -0.15679999999999997,
        -0.04079999999999992,
        0.011200000000000043
      ],
      [
        0.023200000000000068,
        0.9324,
        0.04239999999999998,
        0.06439999999999992,
        -0.1816000000000001
      ],
      [
        -0.15679999999999997,
        0.04239999999999998,
        0.9424,
        -0.08559999999999997,
        -0.12160000000000003
      ],
      [
        -0.04079999999999992,
        0.06439999999999992,
        -0.08559999999999997,
        0.9964,
        -0.06960000000000001
      ],
      [
        0.011200000000000043,
        -0.1816000000000001,
        -0.12160000000000003,
        -0.06960000000000001,
        0.9743999999999999
      ]
    ],
    [
      [
        0.7884,
        0.07959999999999996,
        -0.06960000000000005,
        -0.11839999999999996,
        0.1863999999999999
      ],
      [
        0.07959999999999996,
        0.9323999999999999,
        0.07759999999999993,
        -0.009600000000000018,
        -0.018399999999999986
      ],
      [
        -0.06960000000000005,
        0.07759999999999993,
        0.9423999999999999,
        0.12959999999999997,
        -0.04160000000000001
      ],
      [
        -0.11839999999999996,
        -0.009600000000000018,
        0.12959999999999997,
        0.9984,
        0.03359999999999998
      ],
      [
        0.1863999999999999,
        -0.018399999999999986,
        -0.04160000000000001,
        0.03359999999999998,
        0.9743999999999999
      ]
    ],
    [
      [
        0.8064,
        -0.05439999999999999,
        -0.01120000000000001,
        0.028800000000000027,
        -0.012799999999999957
      ],
      [
        -0.05439999999999999,
        0.9424,
        -0.024800000000000023,
        -0.024800000000000023,
        -0.051199999999999975
      ],
      [
        -0.01120000000000001,
        -0.024800000000000023,
        0.9996,
        0.03959999999999998,
        -0.05759999999999997
      ],
      [
        0.028800000000000027,
        -0.024800000000000023,
        0.03959999999999998,
        0.9996,
        -0.1376
      ],
      [
        -0.012799999999999957,
        -0.051199999999999975,
        -0.05759999999999997,
        -0.1376,
        0.9856
      ]
    ],
    [
      [
        0.9856,
        -0.006399999999999968,
        0.04160000000000001,
        -0.006400000000000069,
        -0.16319999999999996
      ],
      [
        -0.006399999999999968,
        0.9216,
        0.04959999999999996,
        -0.11839999999999987,
        -0.019200000000000043
      ],
      [
        0.04160000000000001,
        0.04959999999999996,
        0.9675999999999999,
        -0.08040000000000001,
        -0.02520000000000001
      ],
      [
        -0.006400000000000069,
        -0.11839999999999987,
        -0.08040000000000001,
        0.9515999999999999,
        -0.1291999999999999
      ],
      [
        -0.16319999999999996,
        -0.019200000000000043,
        -0.02520000000000001,
        -0.1291999999999999,
        0.9804
      ]
    ],
    [
      [
        0.9984,
        -0.14240000000000003,
        0.023999999999999962,
        0.08639999999999998,
        0.0624
      ],
      [
        -0.14240000000000003,
        0.9964,
        0.20600000000000013,
        0.06960000000000001,
        0.08360000000000002
      ],
      [
        0.023999999999999962,
        0.20600000000000013,
        0.99,
        0.044000000000000025,
        0.033999999999999975
      ],
      [
        0.08639999999999998,
        0.06960000000000001,
        0.044000000000000025,
        0.9744,
        0.17039999999999997
      ],
      [
        0.0624,
        0.08360000000000002,
        0.033999999999999975,
        0.17039999999999997,
        0.9964
      ]
    ],
    [
      [
        0.9744,
        0.027200000000000012,
        0.07359999999999994,
        0.09040000000000001,
        0.0696
      ],
      [
        0.027200000000000012,
        0.9936,
        -0.0432,
        0.015199999999999957,
        0.024799999999999996
      ],
      [
        0.07359999999999994,
        -0.0432,
        0.9983999999999998,
        -0.022400000000000045,
        0.10240000000000003
      ],
      [
        0.09040000000000001,
        0.015199999999999957,
        -0.022400000000000045,
        0.9964,
        0.08360000000000002
      ],
      [
        0.0696,
        0.024799999999999996,
        0.10240000000000003,
        0.08360000000000002,
        0.9964000000000004
      ]
    ],
    [
      [
        1.0,
        -0.06,
        -0.04000000000000001,
        -0.06,
        -0.01999999999999999
      ],
      [
        -0.06,
        0.9996,
        -0.023199999999999995,
        -0.07960000000000002,
        0.040400000000000005
      ],
      [
        -0.04000000000000001,
        -0.023199999999999995,
        0.9743999999999999,
        0.1432,
        -0.016800000000000013
      ],
      [
        -0.06,
        -0.07960000000000002,
        0.1432,
        0.9996,
        -0.040400000000000005
      ],
      [
        -0.01999999999999999,
        0.040400000000000005,
        -0.016800000000000013,
        -0.040400000000000005,
        0.9996
      ]
    ],
    [
      [
        0.9856,
        -0.08319999999999997,
        -0.04480000000000001,
        -0.019199999999999974,
        -0.057600000000000096
      ],
      [
        -0.08319999999999997,
        0.9804,
        -0.21439999999999998,
        0.04239999999999998,
        0.0772
      ],
      [
        -0.04480000000000001,
        -0.21439999999999998,
        0.9984,
        0.0336,
        -0.019200000000000047
      ],
      [
        -0.019199999999999974,
        0.04239999999999998,
        0.0336,
        0.9743999999999999,
        -0.13680000000000006
      ],
      [
        -0.057600000000000096,
        0.0772,
        -0.019200000000000047,
        -0.13680000000000006,
        0.9995999999999999
      ]
    ],
    [
      [
        0.99,
        0.136,
        0.00800000000000007,
        -0.045999999999999985,
        0.033999999999999975
      ],
      [
        0.136,
        0.9984,
        -0.004799999999999976,
        0.017600000000000043,
        -0.2624
      ],
      [
        0.00800000000000007,
        -0.004799999999999976,
        0.9856,
        0.17279999999999998,
        0.012799999999999962
      ],
      [
        -0.045999999999999985,
        0.017600000000000043,
        0.17279999999999998,
        0.9964,
        -0.04360000000000001
      ],
      [
        0.033999999999999975,
        -0.2624,
        0.012799999999999962,
        -0.04360000000000001,
        0.9964
      ]
    ],
    [
      [
        0.9984,
        0.1648,
        0.15519999999999998,
        -0.28800000000000003,
        -0.11039999999999996
      ],
      [
        0.1648,
        0.9856,
        0.13440000000000007,
        -0.015999999999999938,
        0.13120000000000004
      ],
      [
        0.15519999999999998,
        0.13440000000000007,
        0.9856,
        -0.024000000000000004,
        -0.05119999999999996
      ],
      [
        -0.28800000000000003,
        -0.015999999999999938,
        -0.024000000000000004,
        0.9600000000000001,
        0.047999999999999994
      ],
      [
        -0.11039999999999996,
        0.13120000000000004,
        -0.05119999999999996,
        0.047999999999999994,
        0.9423999999999999
      ]
    ],
    [
      [
        0.9964,
        -0.14000000000000007,
        0.045999999999999985,
        0.12119999999999996,
        -0.14480000000000007
      ],
      [
        -0.14000000000000007,
        1.0,
        0.020000000000000018,
        -0.06000000000000005,
        0.19999999999999998
      ],
      [
        0.045999999999999985,
        0.020000000000000018,
        0.99,
        -0.162,
        -0.092
      ],
      [
        0.12119999999999996,
        -0.06000000000000005,
        -0.162,
        0.9996,
        -0.01840000000000002
      ],
      [
        -0.14480000000000007,
        0.19999999999999998,
        -0.092,
        -0.01840000000000002,
        0.9936
      ]
    ],
    [
      [
        0.9804,
        -0.0020000000000000573,
        -0.13400000000000006,
        0.1804,
        0.008800000000000094
      ],
      [
        -0.0020000000000000573,
        0.9099999999999999,
        0.16999999999999998,
        0.07800000000000001,
        0.036000000000000094
      ],
      [
        -0.13400000000000006,
        0.16999999999999998,
        0.99,
        0.14600000000000005,
        -0.027999999999999955
      ],
      [
        0.1804,
        0.07800000000000001,
        0.14600000000000005,
        0.9804,
        -0.07120000000000003
      ],
      [
        0.008800000000000094,
        0.036000000000000094,
        -0.027999999999999955,
        -0.07120000000000003,
        0.9936
      ]
    ],
    [
      [
        0.9676,
        0.050800000000000026,
        0.16160000000000005,
        -0.12160000000000006,
        0.12360000000000006
      ],
      [
        0.050800000000000026,
        0.9964,
        -0.14719999999999997,
        0.14720000000000005,
        -0.0812
      ],
      [
        0.16160000000000005,
        -0.14719999999999997,
        0.9856,
        0.09440000000000001,
        0.01759999999999993
      ],
      [
        -0.12160000000000006,
        0.14720000000000005,
        0.09440000000000001,
        0.9855999999999999,
        -0.05759999999999997
      ],
      [
        0.12360000000000006,
        -0.0812,
        0.01759999999999993,
        -0.05759999999999997,
        0.9996
      ]
    ],
    [
      [
        0.9984,
        -0.052799999999999986,
        0.06240000000000003,
        -0.10400000000000004,
        0.03679999999999998
      ],
      [
        -0.052799999999999986,
        0.9676,
        -0.010799999999999985,
        0.13800000000000004,
        0.0344000000000001
      ],
      [
        0.06240000000000003,
        -0.010799999999999985,
        0.9964,
        0.12600000000000006,
        -0.015200000000000016
      ],
      [
        -0.10400000000000004,
        0.13800000000000004,
        0.12600000000000006,
        0.99,
        -0.18800000000000003
      ],
      [
        0.03679999999999998,
        0.0344000000000001,
        -0.015200000000000016,
        -0.18800000000000003,
        0.9936
      ]
    ]
  ]
}