{
  "settings_list": [
    [
      0.13492922347495487,
      5.425641719165058,
      0.20847908704370513,
      2.931877038061066,
      2.2511351978177725,
      3.998751168164472,
      0.35346459573540945,
      4.611274385602149,
      4.204630488795478,
      3.998972245801801,
      2.502865309848959,
      5.57873536612739,
      3.6115907955171314,
      1.277322918831797,
      2.276280509921804
    ],
    [
      0.1675253834749549,
      5.280916279165058,
      0.21395204704370513,
      2.878082158061066,
      2.1308673578177726,
      4.023195008164472,
      0.37283803573540947,
      4.73179854560215,
      4.199269528795478,
      4.070437205801801,
      2.4522173098489586,
      5.58057600612739,
      3.6416519155171314,
      1.3387869188317971,
      2.2871262699218042
    ],
    [
      0.20346765547495493,
      5.137128247165058,
      0.2210646230437051,
      2.839534830061066,
      2.0198439978177727,
      4.031534080164472,
      0.37199976373540944,
      4.75948366560215,
      4.1918742007954775,
      4.1511511898018005,
      2.3880107178489585,
      5.58437939812739,
      3.6667127795171313,
      1.361610470831797,
      2.2859001579218043
    ],
    [
      0.2033748554749549,
      5.021604023165058,
      0.2326867670437051,
      2.8249182540610662,
      1.8963195178177727,
      4.001410688164472,
      0.39312616373540943,
      4.715073297602149,
      4.168734104795478,
      4.196604245801801,
      2.3450822058489584,
      5.54846298212739,
      3.662704715517131,
      1.415299302831797,
      2.2748678379218044
    ],
    [
      0.2321223754749549,
      4.9340810791650584,
      0.22670398304370512,
      2.803666414061066,
      1.8210701738177728,
      4.034519040164472,
      0.39688494773540944,
      4.75035156960215,
      4.172687960795478,
      4.265019157801801,
      2.2994119338489583,
      5.56579757412739,
      3.653574859517131,
      1.5117506948317971,
      2.2831163499218046
    ],
    [
      0.22281901547495492,
      4.8800162791650585,
      0.24264382304370513,
      2.796970894061066,
      1.7716346538177727,
      4.033153440164472,
      0.4080404677354094,
      4.77631892960215,
      4.1677794807954776,
      4.2967865178018005,
      2.275823773848958,
      5.55200653412739,
      3.646247339517131,
      1.513713254831797,
      2.2786819499218045
    ],
    [
      0.2516631754749549,
      4.832381719165059,
      0.23525182304370512,
      2.800780814061066,
      1.6678765738177728,
      4.068999840164472,
      0.3950606277354094,
      4.755161169602149,
      4.152540440795478,
      4.384053717801801,
      2.241866653848958,
      5.5566695741273895,
      3.671140139517131,
      1.5599206148317972,
      2.2679581099218047
    ],
    [
      0.24369882347495492,
      4.769063831165059,
      0.22342350304370515,
      2.781239054061066,
      1.6651448618177727,
      4.0666551681644725,
      0.4130861957354094,
      4.745195377602149,
      4.158859288795478,
      4.423044533801801,
      2.245220125848958,
      5.538683686127389,
      3.669847851517131,
      1.6076990788317973,
      2.264857309921805
    ],
    [
      0.2144906314749549,
      4.7732808551650585,
      0.20530881504370516,
      2.7740613260610663,
      1.6280184298177727,
      4.086206080164472,
      0.4226816197354094,
      4.764712145602149,
      4.163780152795478,
      4.456647445801801,
      2.2426253738489583,
      5.547040422127389,
      3.675188939517131,
      1.6100009028317972,
      2.2707305259218047
    ],
    [
      0.2247394634749549,
      4.758701015165059,
      0.19142964704370513,
      2.768810510061066,
      1.5988404458177727,
      4.085689856164472,
      0.4375682757354094,
      4.686324049602149,
      4.171668536795478,
      4.468756117801801,
      2.2240452778489583,
      5.550356134127389,
      3.679667275517131,
      1.6108623428317972,
      2.251388317921805
    ],
    [
      0.2211897674749549,
      4.774662359165059,
      0.18562510304370514,
      2.763806222061066,
      1.6032161258177726,
      4.082458624164472,
      0.4076568517354094,
      4.760903889602149,
      4.161760824795477,
      4.516936853801801,
      2.2049709738489582,
      5.545331622127389,
      3.6933594355171313,
      1.5754229828317972,
      2.2714753579218048
    ],
    [
      0.2423509834749549,
      4.8330911591650585,
      0.19832321504370515,
      2.791811342061066,
      1.6009428458177726,
      4.077210880164472,
      0.38685992373540934,
      4.705495761602149,
      4.164534584795478,
      4.5495841498018015,
      2.208862173848958,
      5.547498534127389,
      3.7081535475171314,
      1.6408700228317972,
      2.264098461921805
    ],
    [
      0.2483707274749549,
      4.802151223165058,
      0.19590587104370513,
      2.787539662061066,
      1.5848815978177726,
      4.088348672164472,
      0.3844579397354093,
      4.723761073602149,
      4.180735768795477,
      4.555544437801801,
      2.2065003818489584,
      5.543757062127389,
      3.7154404595171315,
      1.6104746948317972,
      2.253023709921805
    ],
    [
      0.22736413547495488,
      4.824411575165058,
      0.17656814304370513,
      2.782334414061066,
      1.5740150378177726,
      4.098267776164472,
      0.40058606773540933,
      4.653954353602149,
      4.168904088795477,
      4.6443306138018015,
      2.2020850218489585,
      5.551401094127389,
      3.7096739315171314,
      1.6148302788317972,
      2.242270813921805
    ],
    [
      0.2462089034749549,
      4.757725975165058,
      0.17719729504370513,
      2.779975438061066,
      1.5751005418177726,
      4.088559648164472,
      0.39430373173540934,
      4.696961137602149,
      4.1581900407954775,
      4.6224127898018015,
      2.1997174058489586,
      5.536420390127389,
      3.7024491635171315,
      1.6029747908317973,
      2.227531229921805
    ],
    [
      0.24744458347495488,
      4.742400375165058,
      0.18049521504370508,
      2.7827760780610657,
      1.5243811818177726,
      4.089773728164472,
      0.40579477173540934,
      4.695760977602149,
      4.162109400795478,
      4.641248789801802,
      2.2068466858489586,
      5.5422239101273885,
      3.7116280435171314,
      1.6030579908317972,
      2.224128029921805
    ],
    [
      0.2526058634749549,
      4.763386935165058,
      0.1781340950437051,
      2.7972240780610655,
      1.5123331818177725,
      4.108537888164472,
      0.40607173173540934,
      4.72805585760215,
      4.174066040795478,
      4.641992629801802,
      2.1971378858489587,
      5.534996390127389,
      3.715404043517131,
      1.5922373508317973,
      2.239593309921805
    ],
    [
      0.2602705034749549,
      4.820412471165058,
      0.1802467350437051,
      2.7978531980610657,
      1.5297382378177724,
      4.121379360164472,
      0.40713233973540935,
      4.735614385602149,
      4.149593336795478,
      4.633924917801802,
      2.192469469848959,
      5.544720166127389,
      3.719730059517131,
      1.5345673348317972,
      2.234751965921805
    ],
    [
      0.28070029547495484,
      4.7343860711650585,
      0.17358964704370508,
      2.7894179980610656,
      1.5740810218177723,
      4.117263968164472,
      0.39563224373540934,
      4.7836968496021495,
      4.159031576795478,
      4.626884117801802,
      2.204278845848959,
      5.537494118127389,
      3.717913355517131,
      1.563403430831797,
      2.217286877921805
    ],
    [
      0.28025357547495483,
      4.706745111165058,
      0.17666228704370507,
      2.7796183180610656,
      1.5600925418177722,
      4.108513888164471,
      0.39765144373540934,
      4.69457236960215,
      4.164849176795478,
      4.626467477801802,
      2.2148727658489586,
      5.532909798127389,
      3.736728715517131,
      1.508341670831797,
      2.229784157921805
    ],
    [
      0.3054490954749548,
      4.734876567165058,
      0.17917972704370508,
      2.7808412940610654,
      1.5311324778177722,
      4.104305312164471,
      0.40180549173540936,
      4.646329937602149,
      4.169255704795478,
      4.587882389801802,
      2.2075396458489585,
      5.537741990127389,
      3.7312283635171313,
      1.483621798831797,
      2.236062685921805
    ]
  ],
  "cost_vals": [],
  "step_size": 0.1,
  "opt_step_times": [
    0.12978816032409668,
    0.1411299705505371,
    0.1419048309326172,
    0.13677310943603516,
    0.13150715827941895,
    0.13396906852722168,
    0.12813282012939453,
    0.12701416015625,
    0.1423940658569336,
    0.12787795066833496,
    0.12682509422302246,
    0.12809967994689941,
    0.1282351016998291,
    0.12539410591125488,
    0.1236257553100586,
    0.18820786476135254,
    0.12499380111694336,
    0.13653302192687988,
    0.1276228427886963,
    0.1310901641845703
  ],
  "opt_settings": [
    0.3054490954749548,
    4.734876567165058,
    0.17917972704370508,
    2.7808412940610654,
    1.5311324778177722,
    4.104305312164471,
    0.40180549173540936,
    4.646329937602149,
    4.169255704795478,
    4.587882389801802,
    2.2075396458489585,
    5.537741990127389,
    3.7312283635171313,
    1.483621798831797,
    2.236062685921805
  ],
  "min_cost": null,
  "datetime": "2023-05-30T16-39-04Z",
  "step_only": true,
  "ibm_device": "default.qubit",
  "shots": 100,
  "prep_node_name": "5-qubit_zero_state",
  "num_qubits": 5,
  "error": false,
  "cov_mats": [
    [
      [
        0.5644,
        0.04359999999999997,
        0.09240000000000004,
        -0.0832,
        0.1452000000000001
      ],
      [
        0.04359999999999997,
        0.7083999999999999,
        -0.12439999999999994,
        -0.02080000000000015,
        -0.08119999999999994
      ],
      [
        0.09240000000000004,
        -0.12439999999999994,
        0.9803999999999999,
        0.012800000000000034,
        -0.0708
      ],
      [
        -0.0832,
        -0.02080000000000015,
        0.012800000000000034,
        0.7296,
        -0.1455999999999999
      ],
      [
        0.1452000000000001,
        -0.08119999999999994,
        -0.0708,
        -0.1455999999999999,
        0.9516000000000002
      ]
    ],
    [
      [
        0.5643999999999998,
        0.10239999999999999,
        -0.026000000000000023,
        0.023199999999999832,
        0.04559999999999999
      ],
      [
        0.10239999999999999,
        0.8704,
        0.06399999999999996,
        0.0671999999999999,
        0.01759999999999995
      ],
      [
        -0.026000000000000023,
        0.06399999999999996,
        0.99,
        -0.10800000000000005,
        0.11600000000000002
      ],
      [
        0.023199999999999832,
        0.0671999999999999,
        -0.10800000000000005,
        0.7695999999999998,
        -0.1232
      ],
      [
        0.04559999999999999,
        0.01759999999999995,
        0.11600000000000002,
        -0.1232,
        0.9744000000000002
      ]
    ],
    [
      [
        0.75,
        0.06,
        -0.06,
        -0.010000000000000037,
        -0.21000000000000002
      ],
      [
        0.06,
        0.84,
        0.088,
        0.0040000000000000036,
        -0.044
      ],
      [
        -0.06,
        0.088,
        0.9936,
        0.032800000000000024,
        0.1112
      ],
      [
        -0.010000000000000037,
        0.0040000000000000036,
        0.032800000000000024,
        0.8844,
        0.0876000000000001
      ],
      [
        -0.21000000000000002,
        -0.044,
        0.1112,
        0.0876000000000001,
        0.9804
      ]
    ],
    [
      [
        0.8555999999999999,
        -0.021599999999999966,
        -0.1028,
        0.028000000000000025,
        -0.01720000000000003
      ],
      [
        -0.021599999999999966,
        0.8976,
        0.04079999999999996,
        0.07200000000000004,
        -0.0008000000000000472
      ],
      [
        -0.1028,
        0.04079999999999996,
        0.9964,
        0.03599999999999999,
        0.04359999999999998
      ],
      [
        0.028000000000000025,
        0.07200000000000004,
        0.03599999999999999,
        0.84,
        -0.11599999999999999
      ],
      [
        -0.01720000000000003,
        -0.0008000000000000472,
        0.04359999999999998,
        -0.11599999999999999,
        0.9964
      ]
    ],
    [
      [
        0.96,
        0.06399999999999997,
        -0.08800000000000009,
        0.040000000000000036,
        0.04800000000000003
      ],
      [
        0.06399999999999997,
        0.9676,
        -0.10720000000000003,
        -0.011999999999999927,
        -0.0948
      ],
      [
        -0.08800000000000009,
        -0.10720000000000003,
        0.9984,
        -0.13599999999999998,
        -0.09440000000000004
      ],
      [
        0.040000000000000036,
        -0.011999999999999927,
        -0.13599999999999998,
        0.8400000000000001,
        0.03600000000000003
      ],
      [
        0.04800000000000003,
        -0.0948,
        -0.09440000000000004,
        0.03600000000000003,
        0.9804
      ]
    ],
    [
      [
        0.9323999999999999,
        -0.14320000000000008,
        0.16079999999999994,
        0.012400000000000008,
        0.09559999999999999
      ],
      [
        -0.14320000000000008,
        0.8976,
        0.025600000000000046,
        -0.10320000000000007,
        0.039199999999999964
      ],
      [
        0.16079999999999994,
        0.025600000000000046,
        0.9936,
        0.08080000000000005,
        -0.10479999999999998
      ],
      [
        0.012400000000000008,
        -0.10320000000000007,
        0.08080000000000005,
        0.9323999999999999,
        0.05560000000000004
      ],
      [
        0.09559999999999999,
        0.039199999999999964,
        -0.10479999999999998,
        0.05560000000000004,
        0.9964000000000002
      ]
    ],
    [
      [
        0.96,
        0.12000000000000001,
        -0.16,
        -0.08000000000000004,
        0.08800000000000002
      ],
      [
        0.12000000000000001,
        0.99,
        0.13000000000000003,
        -0.13000000000000003,
        -0.016000000000000028
      ],
      [
        -0.16,
        0.13000000000000003,
        0.99,
        -0.07,
        0.016000000000000063
      ],
      [
        -0.08000000000000004,
        -0.13000000000000003,
        -0.07,
        0.99,
        -0.01600000000000006
      ],
      [
        0.08800000000000002,
        -0.016000000000000028,
        0.016000000000000063,
        -0.01600000000000006,
        0.9984000000000003
      ]
    ],
    [
      [
        0.9856,
        -0.006400000000000034,
        0.022399999999999993,
        -0.03679999999999999,
        0.017600000000000053
      ],
      [
        -0.006400000000000034,
        0.9516,
        -0.11559999999999994,
        0.009199999999999955,
        -0.04439999999999997
      ],
      [
        0.022399999999999993,
        -0.11559999999999994,
        0.9996,
        0.002799999999999947,
        -0.11960000000000005
      ],
      [
        -0.03679999999999999,
        0.009199999999999955,
        0.002799999999999947,
        0.9804,
        0.11720000000000005
      ],
      [
        0.017600000000000053,
        -0.04439999999999997,
        -0.11960000000000005,
        0.11720000000000005,
        0.9996
      ]
    ],
    [
      [
        0.9856,
        -0.06880000000000006,
        -0.12000000000000004,
        -0.03519999999999998,
        0.040000000000000015
      ],
      [
        -0.06880000000000006,
        0.9424000000000002,
        0.04000000000000006,
        -0.030399999999999983,
        0.07999999999999989
      ],
      [
        -0.12000000000000004,
        0.04000000000000006,
        1.0,
        -0.08000000000000004,
        -5.551115123125781e-17
      ],
      [
        -0.03519999999999998,
        -0.030399999999999983,
        -0.08000000000000004,
        0.9984,
        -0.12000000000000008
      ],
      [
        0.040000000000000015,
        0.07999999999999989,
        -5.551115123125781e-17,
        -0.12000000000000008,
        1.0
      ]
    ],
    [
      [
        0.9984,
        -0.016000000000000014,
        0.04000000000000001,
        0.04319999999999998,
        0.17920000000000003
      ],
      [
        -0.016000000000000014,
        0.99,
        0.020000000000000018,
        0.05199999999999999,
        0.041999999999999996
      ],
      [
        0.04000000000000001,
        0.020000000000000018,
        1.0,
        0.0,
        -0.06000000000000005
      ],
      [
        0.04319999999999998,
        0.05199999999999999,
        0.0,
        0.9936,
        0.14160000000000003
      ],
      [
        0.17920000000000003,
        0.041999999999999996,
        -0.06000000000000005,
        0.14160000000000003,
        0.9996
      ]
    ],
    [
      [
        0.9964,
        -0.024799999999999968,
        0.06240000000000003,
        0.010799999999999978,
        0.0060000000000000105
      ],
      [
        -0.024799999999999968,
        0.9936,
        0.003199999999999976,
        -0.005599999999999992,
        -0.011999999999999981
      ],
      [
        0.06240000000000003,
        0.003199999999999976,
        0.9984,
        0.052799999999999965,
        0.09600000000000003
      ],
      [
        0.010799999999999978,
        -0.005599999999999992,
        0.052799999999999965,
        0.9676,
        0.262
      ],
      [
        0.0060000000000000105,
        -0.011999999999999981,
        0.09600000000000003,
        0.262,
        0.99
      ]
    ],
    [
      [
        0.9516,
        0.035600000000000034,
        -0.07959999999999998,
        -0.06199999999999997,
        0.22880000000000003
      ],
      [
        0.035600000000000034,
        0.9996,
        -0.0836,
        -0.28200000000000003,
        0.020800000000000044
      ],
      [
        -0.07959999999999998,
        -0.0836,
        0.9676,
        0.061999999999999944,
        -0.012800000000000021
      ],
      [
        -0.06199999999999997,
        -0.28200000000000003,
        0.061999999999999944,
        0.99,
        -0.05600000000000007
      ],
      [
        0.22880000000000003,
        0.020800000000000044,
        -0.012800000000000021,
        -0.05600000000000007,
        0.9984000000000003
      ]
    ],
    [
      [
        0.9216,
        0.05759999999999993,
        -0.08319999999999994,
        -0.09600000000000004,
        0.06879999999999999
      ],
      [
        0.05759999999999993,
        0.9936,
        -0.05519999999999997,
        0.024000000000000035,
        0.03680000000000004
      ],
      [
        -0.08319999999999994,
        -0.05519999999999997,
        0.9964,
        -0.12800000000000006,
        -0.017599999999999966
      ],
      [
        -0.09600000000000004,
        0.024000000000000035,
        -0.12800000000000006,
        0.96,
        -0.08799999999999997
      ],
      [
        0.06879999999999999,
        0.03680000000000004,
        -0.017599999999999966,
        -0.08799999999999997,
        0.9984
      ]
    ],
    [
      [
        0.9936,
        -0.01199999999999999,
        0.04960000000000004,
        0.10719999999999999,
        0.12320000000000005
      ],
      [
        -0.01199999999999999,
        0.99,
        0.128,
        0.07600000000000003,
        0.016000000000000084
      ],
      [
        0.04960000000000004,
        0.128,
        0.9856,
        0.019199999999999984,
        -0.004799999999999993
      ],
      [
        0.10719999999999999,
        0.07600000000000003,
        0.019199999999999984,
        0.9743999999999999,
        0.08639999999999995
      ],
      [
        0.12320000000000005,
        0.016000000000000084,
        -0.004799999999999993,
        0.08639999999999995,
        0.9984
      ]
    ],
    [
      [
        0.9996,
        0.019199999999999988,
        -0.07880000000000001,
        0.020799999999999964,
        -0.04199999999999998
      ],
      [
        0.019199999999999988,
        0.9984,
        0.0624,
        -0.19840000000000002,
        0.096
      ],
      [
        -0.07880000000000001,
        0.0624,
        0.9964,
        -0.02239999999999999,
        0.045999999999999985
      ],
      [
        0.020799999999999964,
        -0.19840000000000002,
        -0.02239999999999999,
        0.9984,
        -0.05600000000000005
      ],
      [
        -0.04199999999999998,
        0.096,
        0.045999999999999985,
        -0.05600000000000005,
        0.99
      ]
    ],
    [
      [
        0.9936,
        -0.07680000000000006,
        -0.14400000000000002,
        -0.08320000000000002,
        -0.1632
      ],
      [
        -0.07680000000000006,
        0.9984,
        -0.088,
        0.08160000000000002,
        0.08160000000000005
      ],
      [
        -0.14400000000000002,
        -0.088,
        0.96,
        0.008000000000000005,
        -0.15200000000000002
      ],
      [
        -0.08320000000000002,
        0.08160000000000002,
        0.008000000000000005,
        0.9984,
        0.07840000000000004
      ],
      [
        -0.1632,
        0.08160000000000005,
        -0.15200000000000002,
        0.07840000000000004,
        0.9984000000000004
      ]
    ],
    [
      [
        0.9964,
        -0.13319999999999993,
        0.17520000000000002,
        -0.012800000000000037,
        -0.09759999999999998
      ],
      [
        -0.13319999999999993,
        0.9516,
        0.12239999999999998,
        0.0064000000000000445,
        -0.011199999999999927
      ],
      [
        0.17520000000000002,
        0.12239999999999998,
        0.9936,
        0.0896,
        0.003199999999999948
      ],
      [
        -0.012800000000000037,
        0.0064000000000000445,
        0.0896,
        0.9856,
        0.11519999999999996
      ],
      [
        -0.09759999999999998,
        -0.011199999999999927,
        0.003199999999999948,
        0.11519999999999996,
        0.9984
      ]
    ],
    [
      [
        0.9516,
        -0.12719999999999998,
        -0.035599999999999986,
        -0.015199999999999984,
        -0.030799999999999987
      ],
      [
        -0.12719999999999998,
        0.9423999999999999,
        -0.02480000000000001,
        0.11840000000000003,
        -0.02640000000000002
      ],
      [
        -0.035599999999999986,
        -0.02480000000000001,
        0.9996,
        -0.016799999999999968,
        -0.07719999999999999
      ],
      [
        -0.015199999999999984,
        0.11840000000000003,
        -0.016799999999999968,
        0.9743999999999999,
        0.1576
      ],
      [
        -0.030799999999999987,
        -0.02640000000000002,
        -0.07719999999999999,
        0.1576,
        0.9804000000000003
      ]
    ],
    [
      [
        0.9856,
        -0.008000000000000037,
        0.019200000000000026,
        -0.048,
        -0.01279999999999996
      ],
      [
        -0.008000000000000037,
        0.99,
        -0.036000000000000046,
        -0.049999999999999975,
        0.034
      ],
      [
        0.019200000000000026,
        -0.036000000000000046,
        0.9744,
        0.12400000000000003,
        -0.1096
      ],
      [
        -0.048,
        -0.049999999999999975,
        0.12400000000000003,
        0.99,
        0.03399999999999996
      ],
      [
        -0.01279999999999996,
        0.034,
        -0.1096,
        0.03399999999999996,
        0.9964000000000002
      ]
    ],
    [
      [
        0.99,
        0.005999999999999974,
        0.13599999999999998,
        -0.04600000000000001,
        0.14200000000000004
      ],
      [
        0.005999999999999974,
        0.9964,
        -0.0576,
        0.043599999999999986,
        0.2508000000000001
      ],
      [
        0.13599999999999998,
        -0.0576,
        0.9984,
        0.17759999999999998,
        0.1328
      ],
      [
        -0.04600000000000001,
        0.043599999999999986,
        0.17759999999999998,
        0.9964,
        0.029199999999999955
      ],
      [
        0.14200000000000004,
        0.2508000000000001,
        0.1328,
        0.029199999999999955,
        0.9675999999999999
      ]
    ],
    [
      [
        0.9676,
        0.02720000000000007,
        -0.09080000000000002,
        -0.14720000000000003,
        -0.1472
      ],
      [
        0.02720000000000007,
        0.9984,
        0.02239999999999996,
        -0.15840000000000004,
        -0.03840000000000003
      ],
      [
        -0.09080000000000002,
        0.02239999999999996,
        0.9964,
        -0.10240000000000003,
        -0.10240000000000003
      ],
      [
        -0.14720000000000003,
        -0.15840000000000004,
        -0.10240000000000003,
        0.9984,
        0.038400000000000004
      ],
      [
        -0.1472,
        -0.03840000000000003,
        -0.10240000000000003,
        0.038400000000000004,
        0.9984
      ]
    ]
  ]
}