{
  "settings_list": [
    [
      2.6078363376462383,
      5.827764157242313,
      6.255331039086095,
      2.7794647792034284,
      0.7602178175119154,
      3.0769968663862626,
      1.4445668299247785,
      5.572518569571504,
      2.6986082591295673,
      4.3364051826172485,
      3.8769283951024565,
      1.5835661223786264,
      3.2480598564844785,
      5.456105980747207,
      0.43111000187616205
    ],
    [
      2.5533416176462382,
      5.794034365242313,
      6.240149471086095,
      2.750362443203428,
      0.8519014015119154,
      3.0600774423862624,
      1.4665926859247784,
      5.5626484895715045,
      2.695033731129567,
      4.425928510617249,
      3.9139666031024563,
      1.5895636903786263,
      3.2432096804844783,
      5.341997180747207,
      0.44253041787616204
    ],
    [
      2.4828996336462383,
      5.718046045242312,
      6.227057503086095,
      2.722937675203428,
      0.9372572415119155,
      3.0432793943862624,
      1.5301781259247784,
      5.545863305571505,
      2.6867027551295672,
      4.453627678617249,
      3.917966827102456,
      1.5917300583786262,
      3.2639375204844785,
      5.219700956747206,
      0.429673585876162
    ],
    [
      2.3946713136462385,
      5.651207741242312,
      6.2125076790860945,
      2.664641867203428,
      1.0444366655119155,
      3.0338052183862625,
      1.5460406219247784,
      5.518119753571504,
      2.7097906271295673,
      4.480617054617249,
      3.9263698031024563,
      1.5985077543786264,
      3.2791946084844783,
      5.085646780747206,
      0.431211665876162
    ],
    [
      2.3294405936462383,
      5.5924483812423125,
      6.222141599086094,
      2.6262335472034284,
      1.1632909055119156,
      3.0670087383862623,
      1.5501828619247784,
      5.514488393571504,
      2.7298827871295672,
      4.5318460146172495,
      3.946214923102456,
      1.5856661543786263,
      3.271228528484478,
      4.922104220747206,
      0.432536465876162
    ],
    [
      2.2341509936462383,
      5.513577981242312,
      6.243131999086094,
      2.5972463472034284,
      1.2568141055119155,
      3.0735239383862623,
      1.5349636619247784,
      5.515046793571504,
      2.7385675871295674,
      4.542215614617249,
      3.9624341231024562,
      1.5952837543786262,
      3.272073328484478,
      4.851805020747206,
      0.446330065876162
    ],
    [
      2.1331805616462383,
      5.457239485242312,
      6.2211305270860935,
      2.5894709872034283,
      1.3503553535119155,
      3.069477794386262,
      1.5127410059247783,
      5.510200137571505,
      2.7401534431295675,
      4.6270039666172496,
      3.952329355102456,
      1.5984859303786263,
      3.279033456484478,
      4.796404444747206,
      0.44168411387616197
    ],
    [
      2.071276401646238,
      5.422167805242312,
      6.217310367086093,
      2.6070525872034285,
      1.4050495935119156,
      3.059094114386262,
      1.4789162059247782,
      5.484241737571504,
      2.7201179231295676,
      4.57607388661725,
      3.973231595102456,
      1.6007995303786262,
      3.2832985764844778,
      4.764208124747206,
      0.421922833876162
    ],
    [
      2.006167665646238,
      5.400405757242312,
      6.228824479086094,
      2.5989530032034285,
      1.4887603135119156,
      3.0766825943862623,
      1.4649279819247782,
      5.487907785571505,
      2.7156587871295677,
      4.62073231861725,
      3.981506411102456,
      1.6046848423786262,
      3.2557872804844776,
      4.799009916747206,
      0.436103697876162
    ],
    [
      1.9232243056462381,
      5.355359037242311,
      6.229913119086094,
      2.5930397232034283,
      1.4628396735119156,
      3.069969634386262,
      1.4857254219247782,
      5.490084425571505,
      2.7003787871295675,
      4.59007407861725,
      3.9834305711024562,
      1.602354282378626,
      3.2555424804844777,
      4.724170876747206,
      0.431093137876162
    ],
    [
      1.871214705646238,
      5.339163837242311,
      6.2291643190860935,
      2.6063709232034284,
      1.5214348735119156,
      3.0647856343862623,
      1.5622182219247782,
      5.468846025571505,
      2.7239851871295673,
      4.60609327861725,
      3.993123371102456,
      1.619464682378626,
      3.2752160804844777,
      4.718570876747206,
      0.434213137876162
    ],
    [
      1.848893105646238,
      5.317388349242311,
      6.226600671086094,
      2.6070363312034286,
      1.5756915775119156,
      3.062594722386262,
      1.5993402059247783,
      5.461284233571505,
      2.7279876191295673,
      4.58073782261725,
      3.966372203102456,
      1.630583210378626,
      3.2753275044844776,
      4.750975612747206,
      0.430646161876162
    ],
    [
      1.8299517936462382,
      5.3074231332423105,
      6.242176479086094,
      2.6080397872034284,
      1.5962868415119156,
      3.0463347543862622,
      1.6187764939247784,
      5.464396553571505,
      2.7396121311295674,
      4.63596153461725,
      3.969677515102456,
      1.6292131943786259,
      3.2855990884844775,
      4.824906524747206,
      0.42814843387616197
    ],
    [
      1.798410929646238,
      5.29309942124231,
      6.248010463086094,
      2.6117524912034282,
      1.5804289215119156,
      3.0507540823862622,
      1.6156564299247784,
      5.468260553571505,
      2.7406374751295672,
      4.63607583861725,
      3.957898443102456,
      1.6149909863786258,
      3.2823738724844773,
      4.769696412747206,
      0.414655121876162
    ],
    [
      1.7723263216462382,
      5.28011942124231,
      6.248019647086093,
      2.6197626352034282,
      1.5882269695119156,
      3.053331778386262,
      1.6246620939247784,
      5.469825193571505,
      2.7307489631295674,
      4.64952595061725,
      3.9570216751024563,
      1.6237837863786257,
      3.2865208164844772,
      4.715873244747206,
      0.438462737876162
    ],
    [
      1.7620351216462382,
      5.27586934124231,
      6.2580375670860935,
      2.6212312752034284,
      1.5570796095119155,
      3.0501794583862623,
      1.6166566539247784,
      5.472855433571505,
      2.7346099231295673,
      4.673057790617251,
      3.953758475102456,
      1.6297575463786258,
      3.274552976484477,
      4.731182524747206,
      0.432244977876162
    ],
    [
      1.7940800816462381,
      5.27827609324231,
      6.242589951086093,
      2.6148335472034283,
      1.6235787775119155,
      3.0499430423862623,
      1.5834507019247783,
      5.450471881571505,
      2.7401083231295673,
      4.628712222617251,
      3.9701304111024562,
      1.6433729063786258,
      3.2882428004844773,
      4.650480796747206,
      0.454430929876162
    ],
    [
      1.7543782576462381,
      5.2887657572423095,
      6.239227519086093,
      2.6107470832034285,
      1.5417202815119155,
      3.0538988183862625,
      1.6001990539247783,
      5.441728329571505,
      2.7575346271295675,
      4.594612766617251,
      3.973698475102456,
      1.6394934823786258,
      3.3074595044844775,
      4.709997212747206,
      0.433331793876162
    ],
    [
      1.7213682736462381,
      5.28688178924231,
      6.2454445430860925,
      2.6027111792034283,
      1.5311413055119156,
      3.0480930263862627,
      1.6059307019247784,
      5.437002345571504,
      2.7478871071295674,
      4.645110686617251,
      3.983081675102456,
      1.6402872423786259,
      3.3157216484844776,
      4.699184188747206,
      0.441689553876162
    ],
    [
      1.687812689646238,
      5.25563743724231,
      6.2396297910860925,
      2.602264331203428,
      1.5680097535119157,
      3.0472408023862627,
      1.6084741259247783,
      5.428253737571504,
      2.7405112671295675,
      4.6969250226172505,
      3.983232971102456,
      1.6419542183786258,
      3.3271943524844776,
      4.685399068747206,
      0.465230289876162
    ],
    [
      1.667535569646238,
      5.25745375724231,
      6.264448735086092,
      2.611144715203428,
      1.6331159295119158,
      3.050653410386263,
      1.6434533259247783,
      5.425824041571504,
      2.7601468511295675,
      4.73286908661725,
      3.9871532271024557,
      1.6394950823786258,
      3.3445432164844777,
      4.720743324747206,
      0.475300177876162
    ]
  ],
  "cost_vals": [],
  "step_size": 0.1,
  "opt_step_times": [
    0.11308908462524414,
    0.11316180229187012,
    0.11364197731018066,
    0.11113691329956055,
    0.11262893676757812,
    0.11335611343383789,
    0.11589884757995605,
    0.15778827667236328,
    0.12350201606750488,
    0.1175849437713623,
    0.1248471736907959,
    0.11362409591674805,
    0.11462903022766113,
    0.1307508945465088,
    0.11833596229553223,
    0.19554495811462402,
    0.1125948429107666,
    0.11540699005126953,
    0.11446785926818848,
    0.11161303520202637
  ],
  "opt_settings": [
    1.667535569646238,
    5.25745375724231,
    6.264448735086092,
    2.611144715203428,
    1.6331159295119158,
    3.050653410386263,
    1.6434533259247783,
    5.425824041571504,
    2.7601468511295675,
    4.73286908661725,
    3.9871532271024557,
    1.6394950823786258,
    3.3445432164844777,
    4.720743324747206,
    0.475300177876162
  ],
  "min_cost": null,
  "datetime": "2023-05-30T16-34-23Z",
  "step_only": true,
  "ibm_device": "default.qubit",
  "shots": 100,
  "prep_node_name": "5-qubit_zero_state",
  "num_qubits": 5,
  "error": false,
  "cov_mats": [
    [
      [
        0.26039999999999985,
        -0.03359999999999996,
        0.10560000000000008,
        0.006799999999999973,
        -0.047599999999999976
      ],
      [
        -0.03359999999999996,
        0.4224,
        0.009600000000000036,
        0.06879999999999992,
        0.0384000000000001
      ],
      [
        0.10560000000000008,
        0.009600000000000036,
        0.9983999999999998,
        -0.004799999999999995,
        -0.0864
      ],
      [
        0.006799999999999973,
        0.06879999999999992,
        -0.004799999999999995,
        0.8556000000000001,
        -0.02920000000000017
      ],
      [
        -0.047599999999999976,
        0.0384000000000001,
        -0.0864,
        -0.02920000000000017,
        0.5644000000000001
      ]
    ],
    [
      [
        0.48160000000000003,
        -0.048800000000000066,
        -0.05040000000000003,
        0.11520000000000005,
        -0.07200000000000001
      ],
      [
        -0.048800000000000066,
        0.7083999999999999,
        -0.06279999999999994,
        -0.01359999999999996,
        0.05599999999999994
      ],
      [
        -0.05040000000000003,
        -0.06279999999999994,
        0.9676,
        0.031200000000000002,
        0.128
      ],
      [
        0.11520000000000005,
        -0.01359999999999996,
        0.031200000000000002,
        0.9743999999999999,
        -0.0639999999999999
      ],
      [
        -0.07200000000000001,
        0.05599999999999994,
        0.128,
        -0.0639999999999999,
        0.6399999999999999
      ]
    ],
    [
      [
        0.7296,
        -0.1488,
        0.12480000000000008,
        0.08160000000000008,
        0.1312
      ],
      [
        -0.1488,
        0.8064,
        -0.01439999999999994,
        -0.2048,
        0.0064000000000000445
      ],
      [
        0.12480000000000008,
        -0.01439999999999994,
        0.9424,
        -0.019200000000000113,
        -0.01440000000000001
      ],
      [
        0.08160000000000008,
        -0.2048,
        -0.019200000000000113,
        0.9936,
        0.0352
      ],
      [
        0.1312,
        0.0064000000000000445,
        -0.01440000000000001,
        0.0352,
        0.8064
      ]
    ],
    [
      [
        0.7884,
        0.03600000000000003,
        -0.02639999999999998,
        0.07840000000000003,
        0.009999999999999953
      ],
      [
        0.03600000000000003,
        0.8400000000000001,
        0.10400000000000004,
        0.055999999999999966,
        -0.060000000000000026
      ],
      [
        -0.02639999999999998,
        0.10400000000000004,
        0.9743999999999999,
        -0.0064000000000000645,
        0.06000000000000004
      ],
      [
        0.07840000000000003,
        0.055999999999999966,
        -0.0064000000000000645,
        0.9984,
        0.04000000000000001
      ],
      [
        0.009999999999999953,
        -0.060000000000000026,
        0.06000000000000004,
        0.04000000000000001,
        0.75
      ]
    ],
    [
      [
        0.7884,
        -0.0072000000000000675,
        0.206,
        0.0828,
        -0.08600000000000008
      ],
      [
        -0.0072000000000000675,
        0.8976,
        -0.06799999999999996,
        -0.0023999999999999716,
        0.10799999999999996
      ],
      [
        0.206,
        -0.06799999999999996,
        0.99,
        0.021999999999999995,
        -0.07000000000000003
      ],
      [
        0.0828,
        -0.0023999999999999716,
        0.021999999999999995,
        0.9676,
        0.018000000000000002
      ],
      [
        -0.08600000000000008,
        0.10799999999999996,
        -0.07000000000000003,
        0.018000000000000002,
        0.99
      ]
    ],
    [
      [
        0.84,
        -0.144,
        -0.10400000000000001,
        0.02799999999999994,
        -0.07600000000000003
      ],
      [
        -0.144,
        0.8704,
        0.09439999999999997,
        -0.05279999999999994,
        -0.03039999999999999
      ],
      [
        -0.10400000000000001,
        0.09439999999999997,
        0.9984,
        -0.0608,
        -0.0944
      ],
      [
        0.02799999999999994,
        -0.05279999999999994,
        -0.0608,
        0.9996,
        0.04279999999999993
      ],
      [
        -0.07600000000000003,
        -0.03039999999999999,
        -0.0944,
        0.04279999999999993,
        0.9804
      ]
    ],
    [
      [
        0.8976,
        -0.0784,
        -0.13439999999999996,
        -0.028000000000000046,
        0.05600000000000002
      ],
      [
        -0.0784,
        0.9856,
        0.08960000000000001,
        -0.1280000000000001,
        0.096
      ],
      [
        -0.13439999999999996,
        0.08960000000000001,
        0.9936,
        0.09200000000000003,
        -0.18399999999999997
      ],
      [
        -0.028000000000000046,
        -0.1280000000000001,
        0.09200000000000003,
        0.99,
        -0.08000000000000002
      ],
      [
        0.05600000000000002,
        0.096,
        -0.18399999999999997,
        -0.08000000000000002,
        0.96
      ]
    ],
    [
      [
        0.9099999999999999,
        -0.04000000000000006,
        0.11000000000000001,
        -0.05199999999999997,
        -0.13799999999999998
      ],
      [
        -0.04000000000000006,
        0.96,
        9.71445146547012e-17,
        -0.12799999999999997,
        0.048000000000000057
      ],
      [
        0.11000000000000001,
        9.71445146547012e-17,
        0.99,
        0.004000000000000042,
        -0.034000000000000016
      ],
      [
        -0.05199999999999997,
        -0.12799999999999997,
        0.004000000000000042,
        0.9743999999999999,
        0.14959999999999996
      ],
      [
        -0.13799999999999998,
        0.048000000000000057,
        -0.034000000000000016,
        0.14959999999999996,
        0.9963999999999998
      ]
    ],
    [
      [
        0.9516,
        -0.03959999999999997,
        0.10200000000000006,
        0.01319999999999998,
        -0.04639999999999998
      ],
      [
        -0.03959999999999997,
        0.9676,
        -0.02199999999999994,
        0.09080000000000005,
        0.07839999999999994
      ],
      [
        0.10200000000000006,
        -0.02199999999999994,
        0.99,
        -0.04600000000000003,
        0.07199999999999993
      ],
      [
        0.01319999999999998,
        0.09080000000000005,
        -0.04600000000000003,
        0.9964000000000001,
        -0.012799999999999973
      ],
      [
        -0.04639999999999998,
        0.07839999999999994,
        0.07199999999999993,
        -0.012799999999999973,
        0.9856
      ]
    ],
    [
      [
        0.8556,
        0.017199999999999962,
        -0.04879999999999997,
        -0.08600000000000003,
        0.05039999999999997
      ],
      [
        0.017199999999999962,
        0.9964,
        0.03440000000000003,
        0.057999999999999996,
        0.06479999999999994
      ],
      [
        -0.04879999999999997,
        0.03440000000000003,
        0.9424,
        0.027999999999999983,
        0.14079999999999998
      ],
      [
        -0.08600000000000003,
        0.057999999999999996,
        0.027999999999999983,
        0.91,
        0.07599999999999998
      ],
      [
        0.05039999999999997,
        0.06479999999999994,
        0.14079999999999998,
        0.07599999999999998,
        0.9936
      ]
    ],
    [
      [
        0.9423999999999999,
        0.02639999999999995,
        0.05120000000000001,
        -0.007200000000000012,
        -0.07439999999999998
      ],
      [
        0.02639999999999995,
        0.9804,
        -0.07679999999999998,
        0.030799999999999998,
        -0.3284000000000001
      ],
      [
        0.05120000000000001,
        -0.07679999999999998,
        0.9856,
        -0.03360000000000003,
        0.012799999999999962
      ],
      [
        -0.007200000000000012,
        0.030799999999999998,
        -0.03360000000000003,
        0.9516,
        0.09320000000000002
      ],
      [
        -0.07439999999999998,
        -0.3284000000000001,
        0.012799999999999962,
        0.09320000000000002,
        0.9964
      ]
    ],
    [
      [
        0.8844000000000001,
        -0.04679999999999995,
        -0.08640000000000006,
        0.14159999999999995,
        -0.006800000000000023
      ],
      [
        -0.04679999999999995,
        0.9996,
        -0.059199999999999996,
        -0.015199999999999929,
        0.07959999999999999
      ],
      [
        -0.08640000000000006,
        -0.059199999999999996,
        0.9984,
        0.11039999999999993,
        0.10079999999999999
      ],
      [
        0.14159999999999995,
        -0.015199999999999929,
        0.11039999999999993,
        0.9424,
        -0.055200000000000006
      ],
      [
        -0.006800000000000023,
        0.07959999999999999,
        0.10079999999999999,
        -0.055200000000000006,
        0.9996
      ]
    ],
    [
      [
        0.9516,
        0.06000000000000005,
        -0.06,
        0.006399999999999947,
        -0.2639999999999999
      ],
      [
        0.06000000000000005,
        1.0,
        -0.040000000000000036,
        0.04000000000000001,
        0.11999999999999994
      ],
      [
        -0.06,
        -0.040000000000000036,
        1.0,
        -2.7755575615628914e-17,
        0.04000000000000009
      ],
      [
        0.006399999999999947,
        0.04000000000000001,
        -2.7755575615628914e-17,
        0.9856,
        0.02399999999999999
      ],
      [
        -0.2639999999999999,
        0.11999999999999994,
        0.04000000000000009,
        0.02399999999999999,
        0.96
      ]
    ],
    [
      [
        0.9996,
        -0.16039999999999993,
        -0.21999999999999997,
        0.021599999999999987,
        -0.04119999999999998
      ],
      [
        -0.16039999999999993,
        0.9996,
        0.020000000000000018,
        -0.01839999999999996,
        0.03880000000000001
      ],
      [
        -0.21999999999999997,
        0.020000000000000018,
        1.0,
        -0.12000000000000005,
        -0.14
      ],
      [
        0.021599999999999987,
        -0.01839999999999996,
        -0.12000000000000005,
        0.9936,
        -0.09519999999999987
      ],
      [
        -0.04119999999999998,
        0.03880000000000001,
        -0.14,
        -0.09519999999999987,
        0.9964
      ]
    ],
    [
      [
        0.99,
        -0.038000000000000006,
        0.16799999999999993,
        -0.18199999999999997,
        0.07000000000000009
      ],
      [
        -0.038000000000000006,
        0.9996,
        0.062399999999999976,
        -0.04359999999999993,
        -0.11799999999999994
      ],
      [
        0.16799999999999993,
        0.062399999999999976,
        0.9855999999999999,
        0.12160000000000007,
        0.04799999999999996
      ],
      [
        -0.18199999999999997,
        -0.04359999999999993,
        0.12160000000000007,
        0.9676,
        0.018000000000000044
      ],
      [
        0.07000000000000009,
        -0.11799999999999994,
        0.04799999999999996,
        0.018000000000000044,
        0.99
      ]
    ],
    [
      [
        0.9856,
        0.06559999999999996,
        -0.009600000000000013,
        -0.1136,
        0.07679999999999998
      ],
      [
        0.06559999999999996,
        0.9856,
        0.03040000000000001,
        -0.11360000000000003,
        -0.003199999999999977
      ],
      [
        -0.009600000000000013,
        0.03040000000000001,
        0.9936,
        0.03760000000000009,
        0.03119999999999997
      ],
      [
        -0.1136,
        -0.11360000000000003,
        0.03760000000000009,
        0.9516,
        0.04920000000000005
      ],
      [
        0.07679999999999998,
        -0.003199999999999977,
        0.03119999999999997,
        0.04920000000000005,
        0.9804
      ]
    ],
    [
      [
        0.9996,
        0.11960000000000003,
        -0.041999999999999975,
        0.04200000000000003,
        0.1384
      ],
      [
        0.11960000000000003,
        0.9996,
        0.03799999999999998,
        0.002000000000000059,
        -0.14160000000000003
      ],
      [
        -0.041999999999999975,
        0.03799999999999998,
        0.99,
        0.04999999999999999,
        0.05199999999999991
      ],
      [
        0.04200000000000003,
        0.002000000000000059,
        0.04999999999999999,
        0.99,
        0.027999999999999976
      ],
      [
        0.1384,
        -0.14160000000000003,
        0.05199999999999991,
        0.027999999999999976,
        0.9936
      ]
    ],
    [
      [
        0.9996,
        -0.158,
        -0.018400000000000017,
        -0.020000000000000018,
        -0.03960000000000001
      ],
      [
        -0.158,
        0.99,
        -0.10800000000000004,
        -0.09999999999999998,
        0.03800000000000006
      ],
      [
        -0.018400000000000017,
        -0.10800000000000004,
        0.9936,
        0.08000000000000002,
        0.018400000000000045
      ],
      [
        -0.020000000000000018,
        -0.09999999999999998,
        0.08000000000000002,
        1.0,
        0.019999999999999962
      ],
      [
        -0.03960000000000001,
        0.03800000000000006,
        0.018400000000000045,
        0.019999999999999962,
        0.9996
      ]
    ],
    [
      [
        0.9964,
        0.07639999999999997,
        -0.28359999999999996,
        -0.01999999999999999,
        0.14720000000000003
      ],
      [
        0.07639999999999997,
        0.9964,
        -0.20360000000000003,
        0.06,
        -0.05279999999999998
      ],
      [
        -0.28359999999999996,
        -0.20360000000000003,
        0.9964,
        0.09999999999999998,
        -0.09280000000000004
      ],
      [
        -0.01999999999999999,
        0.06,
        0.09999999999999998,
        1.0,
        -0.2
      ],
      [
        0.14720000000000003,
        -0.05279999999999998,
        -0.09280000000000004,
        -0.2,
        0.9856
      ]
    ],
    [
      [
        0.99,
        -0.06399999999999995,
        -0.010000000000000007,
        -0.05199999999999998,
        0.012000000000000063
      ],
      [
        -0.06399999999999995,
        0.9984,
        -0.06399999999999995,
        0.20320000000000013,
        0.11680000000000001
      ],
      [
        -0.010000000000000007,
        -0.06399999999999995,
        0.99,
        0.2280000000000001,
        -0.027999999999999973
      ],
      [
        -0.05199999999999998,
        0.20320000000000013,
        0.2280000000000001,
        0.9935999999999999,
        -0.03360000000000002
      ],
      [
        0.012000000000000063,
        0.11680000000000001,
        -0.027999999999999973,
        -0.03360000000000002,
        0.9936
      ]
    ],
    [
      [
        0.9804,
        0.1112,
        0.066,
        0.09479999999999997,
        -0.19720000000000004
      ],
      [
        0.1112,
        0.9936,
        0.06799999999999999,
        -0.04560000000000001,
        0.1384
      ],
      [
        0.066,
        0.06799999999999999,
        0.99,
        0.102,
        -0.15800000000000003
      ],
      [
        0.09479999999999997,
        -0.04560000000000001,
        0.102,
        0.9676,
        -0.1564
      ],
      [
        -0.19720000000000004,
        0.1384,
        -0.15800000000000003,
        -0.1564,
        0.9996
      ]
    ]
  ]
}