{
  "settings_list": [
    [
      5.812083491899434,
      0.5999817112261868,
      6.247048565870687,
      2.2983701029735175,
      4.382203491985421,
      5.917040645757732,
      3.3831612149787884,
      0.4822132840444997,
      5.512320011254985,
      4.5833924593558795,
      5.211901252275721,
      5.279619571068146,
      1.1581299780662546,
      1.0266122268388516,
      4.265710149075384
    ],
    [
      5.797840419899434,
      0.6160848792261868,
      6.258293109870687,
      2.2743862309735174,
      4.416015203985421,
      5.9205916217577315,
      3.3952776949787884,
      0.5283447400444997,
      5.511413003254986,
      4.557988555355879,
      5.209447236275722,
      5.275432435068146,
      1.2150039620662545,
      1.0497451548388517,
      4.282497349075385
    ],
    [
      5.781003043899434,
      0.6421120792261868,
      6.276907893870687,
      2.2573291749735174,
      4.442546883985421,
      5.910387013757732,
      3.4320066869787884,
      0.5765552360444997,
      5.513118411254986,
      4.565730955355879,
      5.1935367402757215,
      5.295323091068147,
      1.2807933700662546,
      1.0649445468388516,
      4.2868903090753845
    ],
    [
      5.765012259899434,
      0.6463761432261869,
      6.275367925870687,
      2.2458409189735176,
      4.480317763985421,
      5.931910085757732,
      3.4523525429787885,
      0.6241069800444997,
      5.503261259254986,
      4.574770571355879,
      5.195535716275722,
      5.288876883068147,
      1.3067364100662546,
      1.1030674268388516,
      4.280166981075385
    ],
    [
      5.784321859899434,
      0.6827782232261869,
      6.266704405870687,
      2.2580327589735174,
      4.498623203985421,
      5.918901605757732,
      3.5013111029787884,
      0.6848313000444997,
      5.530435179254986,
      4.603701611355879,
      5.213435396275722,
      5.263885363068146,
      1.3365741700662546,
      1.0941504668388515,
      4.291354181075385
    ],
    [
      5.7570385318994335,
      0.6954017112261869,
      6.271081493870687,
      2.2551184549735175,
      4.538514915985421,
      5.924053221757732,
      3.5128244469787884,
      0.7132507560444996,
      5.518990955254986,
      4.584894699355879,
      5.223002500275722,
      5.255536435068146,
      1.3562167940662546,
      1.0763739548388516,
      4.301752645075385
    ],
    [
      5.733965251899433,
      0.7262266712261869,
      6.268316693870688,
      2.2440195749735175,
      4.585201635985421,
      5.926939621757732,
      3.5331380469787885,
      0.7492981160444996,
      5.498542955254986,
      4.596177259355879,
      5.225171460275722,
      5.237199795068146,
      1.4019467140662547,
      1.0846133148388515,
      4.309900485075385
    ],
    [
      5.711139395899433,
      0.7454557272261869,
      6.2650770138706875,
      2.2615229349735175,
      4.650272483985422,
      5.913888485757733,
      3.5550805749787884,
      0.8008608680444995,
      5.509754987254986,
      4.627023083355879,
      5.212607748275722,
      5.235337395068146,
      1.4450086020662547,
      1.0883071388388514,
      4.308088645075385
    ],
    [
      5.702132195899433,
      0.7846501272261869,
      6.2897418138706875,
      2.2358885349735176,
      4.626671683985422,
      5.910663685757733,
      3.578377374978788,
      0.8475456680444995,
      5.519985387254986,
      4.670208683355879,
      5.224922148275722,
      5.2340197950681455,
      1.4710126020662546,
      1.0914703388388514,
      4.3254966450753844
    ],
    [
      5.675802467899433,
      0.8259356312261869,
      6.291736821870687,
      2.2202557669735175,
      4.688113475985422,
      5.903974661757733,
      3.5629255989787882,
      0.8551221160444995,
      5.519601515254987,
      4.66529578735588,
      5.221190692275722,
      5.240011603068146,
      1.4972014020662547,
      1.1018478108388514,
      4.323014085075385
    ],
    [
      5.644799267899433,
      0.8875077912261868,
      6.288554581870687,
      2.2253621669735173,
      4.698836515985422,
      5.908716101757733,
      3.5747179189787883,
      0.8889059560444995,
      5.520498475254987,
      4.6492588273558795,
      5.225642372275722,
      5.249774163068146,
      1.5233746820662548,
      1.1067902108388514,
      4.335456005075384
    ],
    [
      5.6026472038994335,
      0.9325733912261869,
      6.317842133870688,
      2.197880438973517,
      4.723176739985423,
      5.898890565757733,
      3.586082142978788,
      0.9777827560444996,
      5.527575595254987,
      4.63488353135588,
      5.216042628275722,
      5.263220435068146,
      1.5400295300662548,
      1.1328545948388515,
      4.331611397075385
    ],
    [
      5.587476163899433,
      0.9699477272261868,
      6.323978357870687,
      2.198042774973517,
      4.7521567399854225,
      5.898026949757733,
      3.585125598978788,
      0.9838642920444995,
      5.518739275254987,
      4.62568541935588,
      5.230107428275722,
      5.257551571068147,
      1.5616543940662546,
      1.1454498908388515,
      4.3181545650753845
    ],
    [
      5.555426307899433,
      1.017641615226187,
      6.304644693870687,
      2.202005110973517,
      4.758126403985423,
      5.886395365757733,
      3.611194110978788,
      0.9743020200444996,
      5.506522987254987,
      4.6063362033558795,
      5.235147684275722,
      5.263270515068147,
      1.5743909060662546,
      1.1217015708388516,
      4.312344581075385
    ],
    [
      5.519649539899433,
      1.0785176472261868,
      6.304653397870687,
      2.182580982973517,
      4.770371651985423,
      5.899573093757732,
      3.614977662978788,
      0.9725448360444996,
      5.507599979254986,
      4.61934586735588,
      5.222348836275722,
      5.249870579068147,
      1.5914434500662547,
      1.1339378588388516,
      4.306166149075385
    ],
    [
      5.499860867899433,
      1.1341861272261868,
      6.306557333870686,
      2.170468342973517,
      4.792412867985423,
      5.907398757757733,
      3.617572414978788,
      0.9934339240444996,
      5.4935739312549865,
      4.620184907355879,
      5.216835748275722,
      5.251817139068147,
      1.6075996100662546,
      1.1411342748388515,
      4.297685765075385
    ],
    [
      5.472915843899433,
      1.210733199226187,
      6.300707093870686,
      2.168355062973517,
      4.7645543079854225,
      5.914581605757733,
      3.596762046978788,
      0.9884618920444996,
      5.480818603254987,
      4.608880971355879,
      5.215958820275722,
      5.257466419068147,
      1.6126558660662547,
      1.1364956828388515,
      4.292393093075384
    ],
    [
      5.450590819899434,
      1.276059535226187,
      6.3083509658706864,
      2.1489419429735173,
      4.806210915985423,
      5.920891141757733,
      3.616114046978788,
      1.0060986920444996,
      5.4633776432549865,
      4.566598347355879,
      5.2213047722757215,
      5.275733331068147,
      1.6324493060662546,
      1.1520329628388515,
      4.289776805075385
    ],
    [
      5.4105979238994335,
      1.357473615226187,
      6.314866229870686,
      2.150978806973517,
      4.802573987985423,
      5.912228869757733,
      3.605802174978788,
      0.9408871720444997,
      5.4561995312549865,
      4.5239044593558795,
      5.219448836275721,
      5.273024211068147,
      1.6387924740662545,
      1.1568124188388516,
      4.298259749075385
    ],
    [
      5.382447331899433,
      1.445651247226187,
      6.323562709870687,
      2.149294294973517,
      4.804656611985423,
      5.924222885757733,
      3.6277903989787883,
      0.9593612520444997,
      5.442815531254986,
      4.5240832113558795,
      5.190915012275721,
      5.266874131068147,
      1.6630711300662546,
      1.1551563548388515,
      4.294166693075384
    ],
    [
      5.408240963899433,
      1.5350472472261871,
      6.330453653870687,
      2.169935830973517,
      4.849178499985423,
      5.935459781757733,
      3.603344190978788,
      0.9232840360444997,
      5.420565067254986,
      4.53437588335588,
      5.183164836275721,
      5.278105235068147,
      1.6686019140662547,
      1.1433987548388516,
      4.2896745010753845
    ]
  ],
  "cost_vals": [],
  "step_size": 0.1,
  "opt_step_times": [
    68.29159331321716,
    63.92014002799988,
    86.59084558486938,
    58.89941072463989,
    73.79043364524841,
    75.67653965950012,
    57.06064462661743,
    116.93416976928711,
    68.59432005882263,
    100.66530919075012,
    2796.042862176895,
    4462.141962766647,
    454.26285195350647,
    70.27999973297119,
    70.52362132072449,
    92.31798839569092,
    79.3858642578125,
    69.1818528175354,
    68.65000033378601,
    60.33126521110535
  ],
  "opt_settings": [
    5.408240963899433,
    1.5350472472261871,
    6.330453653870687,
    2.169935830973517,
    4.849178499985423,
    5.935459781757733,
    3.603344190978788,
    0.9232840360444997,
    5.420565067254986,
    4.53437588335588,
    5.183164836275721,
    5.278105235068147,
    1.6686019140662547,
    1.1433987548388516,
    4.2896745010753845
  ],
  "min_cost": null,
  "datetime": "2023-05-23T14-41-15Z",
  "step_only": true,
  "ibm_device": "ibmq_belem",
  "shots": 100,
  "prep_node_name": "5-qubit_zero_state",
  "num_qubits": 5,
  "error": false,
  "cov_mats": [
    [
      [
        0.22560000000000013,
        -0.03440000000000004,
        -0.07199999999999995,
        0.04959999999999998,
        -0.036800000000000055
      ],
      [
        -0.03440000000000004,
        0.8556,
        0.16800000000000007,
        0.0696,
        -0.07680000000000001
      ],
      [
        -0.07199999999999995,
        0.16800000000000007,
        0.6399999999999999,
        0.047999999999999925,
        0.09600000000000009
      ],
      [
        0.04959999999999998,
        0.0696,
        0.047999999999999925,
        0.9936,
        0.011199999999999936
      ],
      [
        -0.036800000000000055,
        -0.07680000000000001,
        0.09600000000000009,
        0.011199999999999936,
        0.8704
      ]
    ],
    [
      [
        0.2943999999999999,
        0.00479999999999986,
        0.04960000000000003,
        0.16319999999999998,
        -0.025600000000000067
      ],
      [
        0.00479999999999986,
        0.9216,
        0.043200000000000155,
        0.014400000000000038,
        -0.035200000000000065
      ],
      [
        0.04960000000000003,
        0.043200000000000155,
        0.8064,
        -0.09120000000000006,
        -0.03039999999999987
      ],
      [
        0.16319999999999998,
        0.014400000000000038,
        -0.09120000000000006,
        0.9996,
        -0.006800000000000092
      ],
      [
        -0.025600000000000067,
        -0.035200000000000065,
        -0.03039999999999987,
        -0.006800000000000092,
        0.8844000000000001
      ]
    ],
    [
      [
        0.11640000000000006,
        0.03200000000000003,
        0.030000000000000027,
        0.05640000000000005,
        -0.0020000000000000018
      ],
      [
        0.03200000000000003,
        0.96,
        -0.07999999999999996,
        -0.088,
        -0.12000000000000004
      ],
      [
        0.030000000000000027,
        -0.07999999999999996,
        0.75,
        0.050000000000000044,
        0.19000000000000009
      ],
      [
        0.05640000000000005,
        -0.088,
        0.050000000000000044,
        0.9964,
        0.09800000000000006
      ],
      [
        -0.0020000000000000018,
        -0.12000000000000004,
        0.19000000000000009,
        0.09800000000000006,
        0.9100000000000001
      ]
    ],
    [
      [
        0.2944,
        0.0015999999999999903,
        0.0464,
        -0.036799999999999916,
        0.016000000000000014
      ],
      [
        0.0015999999999999903,
        0.9323999999999999,
        0.03960000000000012,
        -0.045199999999999935,
        -0.025999999999999978
      ],
      [
        0.0464,
        0.03960000000000012,
        0.7884,
        -0.11080000000000004,
        0.08600000000000005
      ],
      [
        -0.036799999999999916,
        -0.045199999999999935,
        -0.11080000000000004,
        0.9996,
        -0.0020000000000000035
      ],
      [
        0.016000000000000014,
        -0.025999999999999978,
        0.08600000000000005,
        -0.0020000000000000035,
        0.9900000000000002
      ]
    ],
    [
      [
        0.2943999999999999,
        0.05439999999999989,
        0.06880000000000008,
        0.0016000000000001013,
        -0.01760000000000006
      ],
      [
        0.05439999999999989,
        0.8844,
        0.008800000000000044,
        0.06160000000000006,
        0.0724
      ],
      [
        0.06880000000000008,
        0.008800000000000044,
        0.8975999999999998,
        -0.1568000000000001,
        -0.055199999999999964
      ],
      [
        0.0016000000000001013,
        0.06160000000000006,
        -0.1568000000000001,
        0.9424000000000002,
        -0.06639999999999999
      ],
      [
        -0.01760000000000006,
        0.0724,
        -0.055199999999999964,
        -0.06639999999999999,
        0.9804000000000003
      ]
    ],
    [
      [
        0.22560000000000002,
        -0.011200000000000071,
        0.004000000000000059,
        -0.030399999999999983,
        -0.03279999999999998
      ],
      [
        -0.011200000000000071,
        0.9424,
        0.17200000000000007,
        0.060799999999999965,
        -0.07440000000000004
      ],
      [
        0.004000000000000059,
        0.17200000000000007,
        0.9100000000000001,
        0.00400000000000008,
        -0.18199999999999997
      ],
      [
        -0.030399999999999983,
        0.060799999999999965,
        0.00400000000000008,
        0.9936,
        -0.10480000000000003
      ],
      [
        -0.03279999999999998,
        -0.07440000000000004,
        -0.18199999999999997,
        -0.10480000000000003,
        0.9964000000000002
      ]
    ],
    [
      [
        0.11639999999999984,
        0.032,
        0.004400000000000043,
        -0.024800000000000003,
        0.032
      ],
      [
        0.032,
        0.96,
        -0.16799999999999998,
        -0.06399999999999999,
        0.07999999999999999
      ],
      [
        0.004400000000000043,
        -0.16799999999999998,
        0.9323999999999999,
        -0.04080000000000002,
        -0.047999999999999966
      ],
      [
        -0.024800000000000003,
        -0.06399999999999999,
        -0.04080000000000002,
        0.9936,
        0.015999999999999962
      ],
      [
        0.032,
        0.07999999999999999,
        -0.047999999999999966,
        0.015999999999999962,
        0.96
      ]
    ],
    [
      [
        0.22560000000000013,
        0.047199999999999936,
        -0.028800000000000048,
        0.08720000000000001,
        0.019199999999999967
      ],
      [
        0.047199999999999936,
        0.9964,
        -0.045599999999999925,
        0.11639999999999999,
        -0.029600000000000053
      ],
      [
        -0.028800000000000048,
        -0.045599999999999925,
        0.9423999999999999,
        -0.12559999999999996,
        -0.04160000000000003
      ],
      [
        0.08720000000000001,
        0.11639999999999999,
        -0.12559999999999996,
        0.9964,
        0.17039999999999997
      ],
      [
        0.019199999999999967,
        -0.029600000000000053,
        -0.04160000000000003,
        0.17039999999999997,
        0.9744000000000003
      ]
    ],
    [
      [
        0.36,
        -0.028000000000000025,
        -0.007999999999999868,
        0.14800000000000002,
        0.092
      ],
      [
        -0.028000000000000025,
        0.9964,
        0.19440000000000007,
        -0.036399999999999925,
        0.11640000000000005
      ],
      [
        -0.007999999999999868,
        0.19440000000000007,
        0.9424000000000002,
        0.16560000000000005,
        -0.12559999999999996
      ],
      [
        0.14800000000000002,
        -0.036399999999999925,
        0.16560000000000005,
        0.9964000000000001,
        0.0035999999999999067
      ],
      [
        0.092,
        0.11640000000000005,
        -0.12559999999999996,
        0.0035999999999999067,
        0.9964
      ]
    ],
    [
      [
        0.22560000000000013,
        0.132,
        -0.068,
        -0.07999999999999996,
        0.016799999999999954
      ],
      [
        0.132,
        0.99,
        -0.05000000000000001,
        0.05999999999999994,
        0.06600000000000002
      ],
      [
        -0.068,
        -0.05000000000000001,
        0.99,
        -0.05999999999999997,
        -0.013999999999999966
      ],
      [
        -0.07999999999999996,
        0.05999999999999994,
        -0.05999999999999997,
        1.0,
        -0.13999999999999999
      ],
      [
        0.016799999999999954,
        0.06600000000000002,
        -0.013999999999999966,
        -0.13999999999999999,
        0.9804
      ]
    ],
    [
      [
        0.4223999999999998,
        0.03519999999999998,
        -0.01919999999999998,
        -0.10080000000000001,
        0.020799999999999985
      ],
      [
        0.03519999999999998,
        0.9996,
        0.018400000000000045,
        -0.1384000000000001,
        0.0984
      ],
      [
        -0.01919999999999998,
        0.018400000000000045,
        0.9936,
        -0.07360000000000011,
        -0.046399999999999976
      ],
      [
        -0.10080000000000001,
        -0.1384000000000001,
        -0.07360000000000011,
        0.9936,
        0.08640000000000002
      ],
      [
        0.020799999999999985,
        0.0984,
        -0.046399999999999976,
        0.08640000000000002,
        0.9936
      ]
    ],
    [
      [
        0.3599999999999999,
        0.052000000000000046,
        0.048000000000000015,
        0.12800000000000003,
        0.016000000000000014
      ],
      [
        0.052000000000000046,
        0.9964,
        0.22959999999999997,
        0.0976,
        0.027199999999999978
      ],
      [
        0.048000000000000015,
        0.22959999999999997,
        0.9743999999999999,
        0.0864,
        0.10079999999999992
      ],
      [
        0.12800000000000003,
        0.0976,
        0.0864,
        0.9984,
        0.004799999999999998
      ],
      [
        0.016000000000000014,
        0.027199999999999978,
        0.10079999999999992,
        0.004799999999999998,
        0.9856000000000001
      ]
    ],
    [
      [
        0.2255999999999998,
        0.009599999999999984,
        -0.019199999999999995,
        -0.07520000000000002,
        -0.02080000000000004
      ],
      [
        0.009599999999999984,
        0.9936,
        0.13280000000000003,
        0.07680000000000005,
        0.06720000000000002
      ],
      [
        -0.019199999999999995,
        0.13280000000000003,
        0.9743999999999999,
        -0.15360000000000004,
        -0.014400000000000024
      ],
      [
        -0.07520000000000002,
        0.07680000000000005,
        -0.15360000000000004,
        0.9984,
        -0.1264
      ],
      [
        -0.02080000000000004,
        0.06720000000000002,
        -0.014400000000000024,
        -0.1264,
        0.9743999999999999
      ]
    ],
    [
      [
        0.6399999999999999,
        -0.09599999999999997,
        0.032,
        -0.031999999999999966,
        -0.07200000000000001
      ],
      [
        -0.09599999999999997,
        0.9984,
        0.0752,
        -0.17920000000000005,
        -0.11520000000000008
      ],
      [
        0.032,
        0.0752,
        0.9856,
        0.02239999999999998,
        -0.025600000000000032
      ],
      [
        -0.031999999999999966,
        -0.17920000000000005,
        0.02239999999999998,
        0.9996,
        0.057600000000000096
      ],
      [
        -0.07200000000000001,
        -0.11520000000000008,
        -0.025600000000000032,
        0.057600000000000096,
        0.9856
      ]
    ],
    [
      [
        0.2943999999999999,
        0.015999999999999945,
        0.06720000000000004,
        0.10879999999999998,
        0.012799999999999992
      ],
      [
        0.015999999999999945,
        0.99,
        0.068,
        0.14199999999999996,
        -0.10800000000000004
      ],
      [
        0.06720000000000004,
        0.068,
        0.9936,
        0.11439999999999999,
        0.046399999999999976
      ],
      [
        0.10879999999999998,
        0.14199999999999996,
        0.11439999999999999,
        0.9676,
        -0.03440000000000004
      ],
      [
        0.012799999999999992,
        -0.10800000000000004,
        0.046399999999999976,
        -0.03440000000000004,
        0.9936
      ]
    ],
    [
      [
        0.51,
        -0.062,
        -0.08999999999999996,
        0.026000000000000002,
        0.015999999999999986
      ],
      [
        -0.062,
        0.9324,
        0.22600000000000015,
        -0.04519999999999998,
        0.028799999999999944
      ],
      [
        -0.08999999999999996,
        0.22600000000000015,
        0.99,
        -0.15800000000000006,
        -0.00799999999999993
      ],
      [
        0.026000000000000002,
        -0.04519999999999998,
        -0.15800000000000006,
        0.9996,
        0.09760000000000005
      ],
      [
        0.015999999999999986,
        0.028799999999999944,
        -0.00799999999999993,
        0.09760000000000005,
        0.9856
      ]
    ],
    [
      [
        0.48160000000000003,
        -0.06880000000000008,
        0.022399999999999948,
        -0.05759999999999994,
        0.022400000000000024
      ],
      [
        -0.06880000000000008,
        0.9984,
        -0.0032000000000000266,
        0.03680000000000001,
        -0.043199999999999954
      ],
      [
        0.022399999999999948,
        -0.0032000000000000266,
        0.9936,
        0.07359999999999997,
        0.15360000000000004
      ],
      [
        -0.05759999999999994,
        0.03680000000000001,
        0.07359999999999997,
        0.9936,
        -0.006399999999999938
      ],
      [
        0.022400000000000024,
        -0.043199999999999954,
        0.15360000000000004,
        -0.006399999999999938,
        0.9936
      ]
    ],
    [
      [
        0.5903999999999998,
        -0.007199999999999892,
        0.0,
        0.1272,
        -0.07680000000000009
      ],
      [
        -0.007199999999999892,
        0.9996,
        0.09999999999999992,
        0.00039999999999997297,
        0.06239999999999997
      ],
      [
        0.0,
        0.09999999999999992,
        1.0,
        0.020000000000000018,
        0.12000000000000002
      ],
      [
        0.1272,
        0.00039999999999997297,
        0.020000000000000018,
        0.9996,
        -0.022400000000000017
      ],
      [
        -0.07680000000000009,
        0.06239999999999997,
        0.12000000000000002,
        -0.022400000000000017,
        0.9856000000000003
      ]
    ],
    [
      [
        0.7083999999999999,
        0.10599999999999996,
        -0.09080000000000005,
        -0.05999999999999999,
        0.029200000000000025
      ],
      [
        0.10599999999999996,
        0.99,
        0.158,
        -0.18000000000000008,
        0.118
      ],
      [
        -0.09080000000000005,
        0.158,
        0.9996,
        0.019999999999999993,
        0.11960000000000003
      ],
      [
        -0.05999999999999999,
        -0.18000000000000008,
        0.019999999999999993,
        1.0,
        0.06
      ],
      [
        0.029200000000000025,
        0.118,
        0.11960000000000003,
        0.06,
        0.9996000000000003
      ]
    ],
    [
      [
        0.7296,
        0.07679999999999995,
        -0.0784,
        0.12,
        -0.009600000000000008
      ],
      [
        0.07679999999999995,
        0.9743999999999999,
        -0.0672,
        0.040000000000000056,
        0.14320000000000005
      ],
      [
        -0.0784,
        -0.0672,
        0.9936,
        -0.19999999999999998,
        -0.02159999999999999
      ],
      [
        0.12,
        0.040000000000000056,
        -0.19999999999999998,
        1.0,
        0.060000000000000026
      ],
      [
        -0.009600000000000008,
        0.14320000000000005,
        -0.02159999999999999,
        0.060000000000000026,
        0.9996000000000003
      ]
    ],
    [
      [
        0.7696000000000001,
        0.07120000000000004,
        0.16880000000000003,
        0.132,
        0.07279999999999995
      ],
      [
        0.07120000000000004,
        0.9964,
        -0.036399999999999946,
        -0.126,
        -0.1284
      ],
      [
        0.16880000000000003,
        -0.036399999999999946,
        0.9964,
        0.045999999999999985,
        0.04839999999999996
      ],
      [
        0.132,
        -0.126,
        0.045999999999999985,
        0.99,
        -0.01399999999999997
      ],
      [
        0.07279999999999995,
        -0.1284,
        0.04839999999999996,
        -0.01399999999999997,
        0.9804
      ]
    ]
  ]
}