{
  "settings_list": [
    [
      1.2119631007953175,
      4.909775227558455,
      1.0998763044692634,
      1.5395065797600858,
      5.294772507004933,
      5.2097666926293815,
      0.12390960870377424,
      6.198019172993011,
      1.3374137010757963,
      4.624902760094995,
      1.612055636035268,
      5.869245999167074,
      3.6636080113169345,
      0.026620692130118504,
      4.2914626767117054
    ],
    [
      1.2205907167953176,
      4.881857979558456,
      1.0918672804692635,
      1.5385188037600857,
      5.287490299004933,
      5.211399492629382,
      0.12330250470377423,
      6.189957924993012,
      1.3316451890757963,
      4.621559720094995,
      1.617632148035268,
      5.876286223167074,
      3.6969527153169346,
      0.0332816841301185,
      4.294534004711705
    ],
    [
      1.2318591967953176,
      4.863938747558456,
      1.0991301284692636,
      1.5502517957600856,
      5.2867283150049325,
      5.2107318446293815,
      0.12187095270377422,
      6.178625828993011,
      1.3431001650757963,
      4.620151464094994,
      1.608096788035268,
      5.8687808151670735,
      3.7457182833169345,
      0.029319444130118492,
      4.290512884711705
    ],
    [
      1.2223283167953176,
      4.888563707558456,
      1.1057397284692636,
      1.5721580357600857,
      5.281464635004933,
      5.2091408046293814,
      0.1350047127037742,
      6.179372068993011,
      1.3286908850757964,
      4.622409704094994,
      1.6040788680352678,
      5.8984134551670735,
      3.7861461233169345,
      0.023019924130118483,
      4.293979124711705
    ],
    [
      1.2303885407953177,
      4.881905339558456,
      1.1204520804692637,
      1.5964318597600857,
      5.288781499004933,
      5.220094308629381,
      0.1322568087037742,
      6.175742180993011,
      1.3437330930757962,
      4.629922152094994,
      1.6031378440352677,
      5.896068175167073,
      3.8666097073169343,
      0.02144238813011847,
      4.288111700711705
    ],
    [
      1.2307838047953177,
      4.866550971558456,
      1.1174412644692637,
      1.6024199557600858,
      5.277358267004932,
      5.211892324629381,
      0.13853111270377422,
      6.1674329329930115,
      1.3383378930757963,
      4.627994984094994,
      1.5757087240352676,
      5.887121743167073,
      3.9176630193169344,
      0.01179963613011846,
      4.290901588711705
    ],
    [
      1.2398119007953177,
      4.867460667558456,
      1.1235272804692638,
      1.5859833477600858,
      5.272620859004933,
      5.209918564629381,
      0.14739293670377424,
      6.173624548993011,
      1.3469123570757964,
      4.618292456094994,
      1.5580220680352677,
      5.8928332311670735,
      4.021325227316934,
      0.016730836130118464,
      4.287501908711705
    ],
    [
      1.2350848607953175,
      4.898638907558456,
      1.1044732004692637,
      1.6314054277600858,
      5.280121659004933,
      5.178593124629381,
      0.15347037670377425,
      6.176839908993011,
      1.3514768370757964,
      4.620751336094994,
      1.5521481480352677,
      5.882452431167073,
      4.118017707316934,
      -0.010060843869881566,
      4.304982868711705
    ],
    [
      1.2199560287953175,
      4.901785147558456,
      1.1044551524692636,
      1.6242187397600858,
      5.264329403004933,
      5.179805668629381,
      0.16665335270377424,
      6.167970404993011,
      1.3375628530757964,
      4.598405096094994,
      1.5483685640352676,
      5.889214543167073,
      4.246228139316934,
      -0.003892907869881561,
      4.315035988711705
    ],
    [
      1.2125139167953174,
      4.870621115558456,
      1.1011953444692637,
      1.6289360837600857,
      5.292024027004933,
      5.1825166446293816,
      0.17590464870377423,
      6.148155556993011,
      1.3393602930757964,
      4.6009385680949935,
      1.5338369160352676,
      5.895672335167073,
      4.387714603316934,
      -0.027054059869881568,
      4.321363316711706
    ],
    [
      1.2211317727953175,
      4.862766267558456,
      1.0866382884692636,
      1.6611481797600858,
      5.299327579004933,
      5.175774116629381,
      0.17066944870377423,
      6.149643300993011,
      1.3482153330757964,
      4.590461768094993,
      1.5181702280352676,
      5.894720015167073,
      4.501151787316934,
      -0.04108170786988158,
      4.3305969807117055
    ],
    [
      1.2207464927953176,
      4.849616827558456,
      1.0711266084692637,
      1.7095452997600857,
      5.310044699004933,
      5.173181156629381,
      0.17066464870377424,
      6.1404698609930115,
      1.3430028530757965,
      4.580017608094994,
      1.5179270280352675,
      5.913451855167073,
      4.601870187316934,
      -0.03334666786988158,
      4.347177780711705
    ],
    [
      1.2154060767953176,
      4.862638523558456,
      1.0717351204692638,
      1.7093407557600857,
      5.307159579004932,
      5.175074788629381,
      0.18158509670377426,
      6.1322893809930115,
      1.3395437810757964,
      4.573092296094994,
      1.5275795080352674,
      5.907878991167073,
      4.652168555316934,
      -0.024730731869881603,
      4.348572468711706
    ],
    [
      1.2190012127953176,
      4.833584059558456,
      1.0604212004692637,
      1.6849550917600857,
      5.304470299004932,
      5.182231012629381,
      0.18451271270377426,
      6.129850212993011,
      1.3431143410757964,
      4.569672648094993,
      1.5173110920352675,
      5.909101775167073,
      4.6329908273169345,
      -0.020974827869881602,
      4.346232372711706
    ],
    [
      1.2122848607953176,
      4.859741147558456,
      1.0535453284692637,
      1.6439364357600856,
      5.297391739004932,
      5.197664004629381,
      0.17520221670377426,
      6.116654692993011,
      1.3390766450757965,
      4.582667816094993,
      1.5233093640352675,
      5.909824143167073,
      4.598611787316934,
      -0.017162987869881602,
      4.359879348711706
    ],
    [
      1.2144638367953176,
      4.864720891558456,
      1.0601096804692638,
      1.6330060037600855,
      5.290192059004932,
      5.201113796629381,
      0.17198404070377427,
      6.110826436993011,
      1.3357901490757964,
      4.5777196560949935,
      1.5294505800352676,
      5.924306479167074,
      4.624998123316934,
      -0.00604621986988158,
      4.362363764711706
    ],
    [
      1.2195818847953175,
      4.840410139558456,
      1.0658369764692637,
      1.6042294277600855,
      5.276288699004932,
      5.195136516629381,
      0.17496413670377428,
      6.086282628993011,
      1.3286797490757964,
      4.589930888094994,
      1.5361001480352676,
      5.919987215167073,
      4.637471147316934,
      -0.011249387869881576,
      4.348901332711706
    ],
    [
      1.2172327647953174,
      4.852418459558455,
      1.0633608164692636,
      1.5956185477600855,
      5.286115579004933,
      5.183299716629381,
      0.1796668567037743,
      6.083102788993012,
      1.3166576690757965,
      4.603892168094994,
      1.5267391880352676,
      5.926455055167073,
      4.639723627316934,
      0.0004683721301184142,
      4.3472027727117055
    ],
    [
      1.2122614047953173,
      4.837016283558455,
      1.0774202084692637,
      1.6348509957600854,
      5.275334971004932,
      5.194355684629381,
      0.1805678807037743,
      6.077217796993011,
      1.3211807410757965,
      4.602733000094994,
      1.5302628040352677,
      5.918342703167073,
      4.671764683316934,
      -0.0028786998698815953,
      4.3493458127117055
    ],
    [
      1.2149287647953173,
      4.821884923558455,
      1.0772973284692637,
      1.6430381957600855,
      5.275902971004933,
      5.201985924629381,
      0.16989684070377428,
      6.067371716993011,
      1.3113901810757964,
      4.600059880094994,
      1.5267130440352676,
      5.903589423167073,
      4.667039723316934,
      0.006697940130118374,
      4.342841172711705
    ],
    [
      1.2108162847953172,
      4.837162043558456,
      1.0730056484692638,
      1.6585271557600854,
      5.291107771004933,
      5.195582244629381,
      0.17741012070377427,
      6.062985796993011,
      1.2916156210757963,
      4.584854280094994,
      1.5217676040352677,
      5.9030606231670735,
      4.7110166833169345,
      0.018659860130118378,
      4.341243732711705
    ]
  ],
  "cost_vals": [],
  "step_size": 0.1,
  "opt_step_times": [
    72.8708279132843,
    88.66276001930237,
    80.05706787109375,
    99.5568482875824,
    89.7142698764801,
    74.40445613861084,
    86.32134819030762,
    68.69417905807495,
    79.9416708946228,
    79.88409399986267,
    112.07559704780579,
    89.72562670707703,
    90.38776707649231,
    68.47343516349792,
    77.57265400886536,
    74.01587414741516,
    108.56535720825195,
    77.56427526473999,
    85.67403602600098,
    86.5450370311737
  ],
  "opt_settings": [
    1.2108162847953172,
    4.837162043558456,
    1.0730056484692638,
    1.6585271557600854,
    5.291107771004933,
    5.195582244629381,
    0.17741012070377427,
    6.062985796993011,
    1.2916156210757963,
    4.584854280094994,
    1.5217676040352677,
    5.9030606231670735,
    4.7110166833169345,
    0.018659860130118378,
    4.341243732711705
  ],
  "min_cost": null,
  "datetime": "2023-04-19T21-20-12Z",
  "step_only": true,
  "ibm_device": "ibmq_qasm_simulator",
  "shots": 100,
  "prep_node_name": "5-qubit_zero_state",
  "num_qubits": 5,
  "cov_mats": [
    [
      [
        0.9516,
        0.17120000000000002,
        -0.006800000000000028,
        0.06880000000000004,
        0.10040000000000004
      ],
      [
        0.17120000000000002,
        0.9984,
        -0.01760000000000002,
        0.041600000000000005,
        0.01280000000000002
      ],
      [
        -0.006800000000000028,
        -0.01760000000000002,
        0.11639999999999984,
        -0.06240000000000002,
        -0.029199999999999893
      ],
      [
        0.06880000000000004,
        0.041600000000000005,
        -0.06240000000000002,
        0.9984,
        0.06720000000000009
      ],
      [
        0.10040000000000004,
        0.01280000000000002,
        -0.029199999999999893,
        0.06720000000000009,
        0.3275999999999999
      ]
    ],
    [
      [
        0.9936,
        -0.04319999999999998,
        0.0032000000000000084,
        0.07040000000000002,
        -0.09279999999999997
      ],
      [
        -0.04319999999999998,
        0.9984,
        0.0015999999999999973,
        0.035199999999999954,
        -0.0063999999999999405
      ],
      [
        0.0032000000000000084,
        0.0015999999999999973,
        0.07840000000000003,
        0.004799999999999999,
        0.006399999999999961
      ],
      [
        0.07040000000000002,
        0.035199999999999954,
        0.004799999999999999,
        0.9856,
        0.02079999999999993
      ],
      [
        -0.09279999999999997,
        -0.0063999999999999405,
        0.006399999999999961,
        0.02079999999999993,
        0.2944
      ]
    ],
    [
      [
        0.9996,
        0.06160000000000002,
        0.0015999999999999973,
        -0.10240000000000003,
        -0.0024000000000000514
      ],
      [
        0.06160000000000002,
        0.9936,
        0.07360000000000005,
        -0.15040000000000003,
        0.049599999999999936
      ],
      [
        0.0015999999999999973,
        0.07360000000000005,
        0.15360000000000018,
        -0.030399999999999996,
        0.009600000000000053
      ],
      [
        -0.10240000000000003,
        -0.15040000000000003,
        -0.030399999999999996,
        0.9855999999999999,
        0.0656000000000001
      ],
      [
        -0.0024000000000000514,
        0.049599999999999936,
        0.009600000000000053,
        0.0656000000000001,
        0.22560000000000013
      ]
    ],
    [
      [
        0.9936,
        -0.027200000000000002,
        0.021600000000000022,
        -0.008800000000000011,
        -0.040800000000000024
      ],
      [
        -0.027200000000000002,
        0.9743999999999999,
        0.016799999999999954,
        0.19759999999999997,
        -0.018400000000000097
      ],
      [
        0.021600000000000022,
        0.016799999999999954,
        0.03960000000000008,
        -0.022800000000000015,
        -0.03480000000000005
      ],
      [
        -0.008800000000000011,
        0.19759999999999997,
        -0.022800000000000015,
        0.9803999999999999,
        -0.023600000000000093
      ],
      [
        -0.040800000000000024,
        -0.018400000000000097,
        -0.03480000000000005,
        -0.023600000000000093,
        0.4524
      ]
    ],
    [
      [
        0.9984,
        0.12480000000000001,
        -0.01920000000000007,
        0.044799999999999986,
        -0.007999999999999952
      ],
      [
        0.12480000000000001,
        0.9856,
        -0.022400000000000017,
        -0.014400000000000019,
        -0.056000000000000064
      ],
      [
        -0.01920000000000007,
        -0.022400000000000017,
        0.03960000000000008,
        0.017600000000000005,
        0.0040000000000000036
      ],
      [
        0.044799999999999986,
        -0.014400000000000019,
        0.017600000000000005,
        0.9855999999999999,
        0.10399999999999993
      ],
      [
        -0.007999999999999952,
        -0.056000000000000064,
        0.0040000000000000036,
        0.10399999999999993,
        0.3599999999999999
      ]
    ],
    [
      [
        0.9676,
        -0.012800000000000047,
        -0.016400000000000026,
        0.0272,
        -0.03199999999999999
      ],
      [
        -0.012800000000000047,
        0.9984,
        0.019200000000000016,
        0.11840000000000005,
        -0.06399999999999996
      ],
      [
        -0.016400000000000026,
        0.019200000000000016,
        0.03960000000000008,
        0.01920000000000001,
        0.008000000000000007
      ],
      [
        0.0272,
        0.11840000000000005,
        0.01920000000000001,
        0.9984,
        -0.10400000000000004
      ],
      [
        -0.03199999999999999,
        -0.06399999999999996,
        0.008000000000000007,
        -0.10400000000000004,
        0.6399999999999999
      ]
    ],
    [
      [
        0.9804,
        -0.048799999999999996,
        0.0,
        0.07680000000000003,
        0.02959999999999989
      ],
      [
        -0.048799999999999996,
        0.9936,
        0.0,
        0.03039999999999998,
        0.14880000000000002
      ],
      [
        0.0,
        0.0,
        0.0,
        0.0,
        0.0
      ],
      [
        0.07680000000000003,
        0.03039999999999998,
        0.0,
        0.9856,
        -0.0368
      ],
      [
        0.02959999999999989,
        0.14880000000000002,
        0.0,
        -0.0368,
        0.5904000000000001
      ]
    ],
    [
      [
        0.9743999999999999,
        -0.09920000000000004,
        0.0,
        0.0568,
        -0.10639999999999993
      ],
      [
        -0.09920000000000004,
        0.9856,
        0.0,
        -0.14240000000000005,
        -0.004799999999999978
      ],
      [
        0.0,
        0.0,
        0.0,
        0.0,
        0.0
      ],
      [
        0.0568,
        -0.14240000000000005,
        0.0,
        0.9996,
        -0.15080000000000002
      ],
      [
        -0.10639999999999993,
        -0.004799999999999978,
        0.0,
        -0.15080000000000002,
        0.7884
      ]
    ],
    [
      [
        0.9996,
        0.14479999999999998,
        0.020399999999999963,
        -0.020799999999999992,
        -0.048800000000000045
      ],
      [
        0.14479999999999998,
        0.9423999999999999,
        -0.024800000000000016,
        0.009599999999999985,
        -0.05440000000000006
      ],
      [
        0.020399999999999963,
        -0.024800000000000016,
        0.03960000000000008,
        0.020800000000000013,
        0.00880000000000003
      ],
      [
        -0.020799999999999992,
        0.009599999999999985,
        0.020800000000000013,
        0.9984,
        0.06240000000000005
      ],
      [
        -0.048800000000000045,
        -0.05440000000000006,
        0.00880000000000003,
        0.06240000000000005,
        0.6863999999999999
      ]
    ],
    [
      [
        0.9984,
        0.0768,
        -0.01919999999999996,
        -0.03520000000000001,
        -0.06560000000000002
      ],
      [
        0.0768,
        0.9936,
        0.021600000000000022,
        0.009599999999999996,
        0.10880000000000005
      ],
      [
        -0.01919999999999996,
        0.021600000000000022,
        0.03960000000000008,
        0.017600000000000005,
        0.012799999999999923
      ],
      [
        -0.03520000000000001,
        0.009599999999999996,
        0.017600000000000005,
        0.9856,
        -0.04319999999999999
      ],
      [
        -0.06560000000000002,
        0.10880000000000005,
        0.012799999999999923,
        -0.04319999999999999,
        0.8704000000000001
      ]
    ],
    [
      [
        0.99,
        -0.06400000000000006,
        -0.044000000000000025,
        0.162,
        0.01200000000000005
      ],
      [
        -0.06400000000000006,
        0.9984,
        0.03840000000000004,
        0.020799999999999992,
        0.07680000000000002
      ],
      [
        -0.044000000000000025,
        0.03840000000000004,
        0.0783999999999998,
        0.0007999999999999986,
        0.03680000000000003
      ],
      [
        0.162,
        0.020799999999999992,
        0.0007999999999999986,
        0.9996,
        0.10160000000000004
      ],
      [
        0.01200000000000005,
        0.07680000000000002,
        0.03680000000000003,
        0.10160000000000004,
        0.9936
      ]
    ],
    [
      [
        0.9324,
        -0.174,
        -0.014800000000000035,
        -0.021600000000000036,
        0.12080000000000005
      ],
      [
        -0.174,
        0.99,
        -0.02199999999999995,
        0.116,
        0.012000000000000007
      ],
      [
        -0.014800000000000035,
        -0.02199999999999995,
        0.03959999999999986,
        -0.016800000000000037,
        0.01840000000000002
      ],
      [
        -0.021600000000000036,
        0.116,
        -0.016800000000000037,
        0.9744,
        -0.06720000000000001
      ],
      [
        0.12080000000000005,
        0.012000000000000007,
        0.01840000000000002,
        -0.06720000000000001,
        0.9936
      ]
    ],
    [
      [
        0.9804,
        0.12280000000000005,
        -0.03440000000000004,
        -0.013600000000000043,
        -0.03119999999999997
      ],
      [
        0.12280000000000005,
        0.9996,
        -0.040799999999999975,
        0.02480000000000001,
        -0.05839999999999997
      ],
      [
        -0.03440000000000004,
        -0.040799999999999975,
        0.0783999999999998,
        -0.030400000000000038,
        0.0031999999999999945
      ],
      [
        -0.013600000000000043,
        0.02480000000000001,
        -0.030400000000000038,
        0.9424,
        0.10079999999999997
      ],
      [
        -0.03119999999999997,
        -0.05839999999999997,
        0.0031999999999999945,
        0.10079999999999997,
        0.9936
      ]
    ],
    [
      [
        0.9964,
        -0.01039999999999998,
        -0.037600000000000085,
        -0.11639999999999996,
        0.1588
      ],
      [
        -0.01039999999999998,
        0.9743999999999999,
        -0.04640000000000005,
        -0.029600000000000008,
        0.10319999999999999
      ],
      [
        -0.037600000000000085,
        -0.04640000000000005,
        0.07840000000000003,
        -0.04240000000000002,
        -0.03919999999999996
      ],
      [
        -0.11639999999999996,
        -0.029600000000000008,
        -0.04240000000000002,
        0.9964,
        0.20120000000000007
      ],
      [
        0.1588,
        0.10319999999999999,
        -0.03919999999999996,
        0.20120000000000007,
        0.9996
      ]
    ],
    [
      [
        0.9964,
        -0.010399999999999961,
        0.0,
        0.11880000000000004,
        -0.12319999999999998
      ],
      [
        -0.010399999999999961,
        0.9743999999999999,
        0.0,
        -0.05679999999999997,
        0.19519999999999998
      ],
      [
        0.0,
        0.0,
        0.0,
        0.0,
        0.0
      ],
      [
        0.11880000000000004,
        -0.05679999999999997,
        0.0,
        0.9996,
        -0.014400000000000041
      ],
      [
        -0.12319999999999998,
        0.19519999999999998,
        0.0,
        -0.014400000000000041,
        0.9216
      ]
    ],
    [
      [
        0.96,
        -0.14400000000000002,
        0.0,
        0.14399999999999996,
        -0.11999999999999997
      ],
      [
        -0.14400000000000002,
        0.9936,
        5.551115123125783e-17,
        -0.02159999999999996,
        0.11999999999999995
      ],
      [
        0.0,
        5.551115123125783e-17,
        0.0,
        0.0,
        0.0
      ],
      [
        0.14399999999999996,
        -0.02159999999999996,
        0.0,
        0.9996,
        -0.10000000000000006
      ],
      [
        -0.11999999999999997,
        0.11999999999999995,
        0.0,
        -0.10000000000000006,
        1.0
      ]
    ],
    [
      [
        0.9984,
        -0.059199999999999996,
        0.020800000000000075,
        -0.038400000000000004,
        0.064
      ],
      [
        -0.059199999999999996,
        0.9996,
        0.019600000000000017,
        0.09920000000000001,
        0.15800000000000008
      ],
      [
        0.020800000000000075,
        0.019600000000000017,
        0.03960000000000008,
        0.01920000000000001,
        0.018000000000000002
      ],
      [
        -0.038400000000000004,
        0.09920000000000001,
        0.01920000000000001,
        0.9984,
        0.055999999999999994
      ],
      [
        0.064,
        0.15800000000000008,
        0.018000000000000002,
        0.055999999999999994,
        0.99
      ]
    ],
    [
      [
        0.9996,
        0.13599999999999998,
        -0.0008000000000000021,
        0.024000000000000077,
        0.09920000000000004
      ],
      [
        0.13599999999999998,
        0.96,
        -0.008000000000000007,
        -0.03999999999999993,
        0.03199999999999998
      ],
      [
        -0.0008000000000000021,
        -0.008000000000000007,
        0.07840000000000003,
        0.008000000000000007,
        -0.0015999999999999973
      ],
      [
        0.024000000000000077,
        -0.03999999999999993,
        0.008000000000000007,
        0.96,
        0.04800000000000001
      ],
      [
        0.09920000000000004,
        0.03199999999999998,
        -0.0015999999999999973,
        0.04800000000000001,
        0.9984
      ]
    ],
    [
      [
        0.9856,
        0.031999999999999966,
        0.022400000000000073,
        0.017600000000000015,
        0.007999999999999986
      ],
      [
        0.031999999999999966,
        0.99,
        -0.02200000000000002,
        0.122,
        0.04999999999999993
      ],
      [
        0.022400000000000073,
        -0.02200000000000002,
        0.03960000000000008,
        -0.019600000000000006,
        -0.018000000000000002
      ],
      [
        0.017600000000000015,
        0.122,
        -0.019600000000000006,
        0.9996,
        -0.0020000000000000026
      ],
      [
        0.007999999999999986,
        0.04999999999999993,
        -0.018000000000000002,
        -0.0020000000000000026,
        0.99
      ]
    ],
    [
      [
        0.9996,
        0.020799999999999992,
        -0.019600000000000017,
        0.19559999999999997,
        -0.039599999999999955
      ],
      [
        0.020799999999999992,
        0.9984,
        -0.02080000000000002,
        -0.13119999999999998,
        0.1792
      ],
      [
        -0.019600000000000017,
        -0.02080000000000002,
        0.03960000000000008,
        -0.015600000000000003,
        0.019599999999999902
      ],
      [
        0.19559999999999997,
        -0.13119999999999998,
        -0.015600000000000003,
        0.9516,
        -0.15559999999999996
      ],
      [
        -0.039599999999999955,
        0.1792,
        0.019599999999999902,
        -0.15559999999999996,
        0.9995999999999999
      ]
    ]
  ]
}