{
  "settings_list": [
    [
      1.3360653373687992,
      0.04597323952763645,
      1.718194500067741,
      2.33330790576269,
      5.841318706318169,
      2.8320477241209163,
      2.1941116074103477,
      6.2163842615566045,
      5.524462840729066,
      0.7237998682921163,
      4.067653900243676,
      0.8224376740361591,
      5.1963992674666395,
      3.82519059206481,
      1.6683170577467406
    ],
    [
      1.1133453373687991,
      0.022293239527636434,
      1.745074500067741,
      2.8862679057626903,
      5.904678706318169,
      2.647087724120916,
      2.277311607410348,
      6.320704261556605,
      5.685102840729066,
      0.5356398682921162,
      3.876933900243676,
      0.8685176740361591,
      5.51447926746664,
      3.60439059206481,
      1.3700770577467405
    ],
    [
      1.055745337368799,
      0.09909323952763671,
      2.052274500067741,
      2.8862679057626903,
      6.787878706318169,
      2.9350877241209163,
      2.6805116074103483,
      6.570304261556605,
      5.781102840729066,
      0.22843986829211593,
      3.4161339002436755,
      0.4269176740361589,
      6.58967926746664,
      3.37399059206481,
      1.7156770577467406
    ],
    [
      0.6800653373687988,
      0.23541323952763693,
      1.919154500067741,
      2.9061079057626906,
      6.70467870631817,
      2.8819677241209165,
      3.2718716074103487,
      6.364864261556605,
      5.839342840729065,
      -0.4998801317078845,
      3.3342139002436757,
      0.6246776740361589,
      6.515439267466641,
      3.06295059206481,
      1.6868770577467407
    ],
    [
      0.10086533736879821,
      -0.1690667604723633,
      1.7969145000677407,
      2.6590679057626905,
      5.678118706318169,
      3.196847724120917,
      3.3704316074103486,
      6.081984261556604,
      5.487342840729065,
      -0.01796013170788424,
      3.426373900243676,
      1.2512376740361595,
      6.33303926746664,
      2.98487059206481,
      1.5339170577467405
    ],
    [
      -0.12889466263120197,
      -0.16746676047236342,
      1.4669945000677407,
      3.153787905762691,
      6.436838706318169,
      3.230127724120917,
      3.5339516074103487,
      6.350144261556604,
      5.267502840729065,
      -0.4198801317078844,
      3.1223739002436757,
      1.7673976740361592,
      5.64151926746664,
      3.10775059206481,
      1.5671970577467407
    ],
    [
      -0.8136946626312024,
      -1.217066760472364,
      1.4061945000677405,
      3.393787905762691,
      5.915238706318169,
      3.662127724120917,
      2.591551607410348,
      7.063744261556605,
      5.139502840729065,
      -0.8870801317078847,
      2.8887739002436756,
      0.936997674036159,
      6.41111926746664,
      3.59095059206481,
      0.41679705774674014
    ],
    [
      -0.7986546626312022,
      -1.394026760472364,
      1.4295545000677405,
      3.4062679057626912,
      6.059238706318169,
      3.580527724120917,
      2.868991607410348,
      6.986624261556605,
      5.104942840729065,
      -0.7149201317078846,
      2.8337339002436757,
      0.952997674036159,
      6.37015926746664,
      3.33303059206481,
      0.5502370577467401
    ],
    [
      -0.9708146626312023,
      -1.0823467604723638,
      1.811954500067741,
      3.534587905762691,
      6.234918706318169,
      3.903407724120917,
      3.087871607410348,
      6.4659842615566046,
      5.038062840729065,
      -0.01604013170788421,
      3.128453900243676,
      0.9785976740361589,
      6.24183926746664,
      3.05975059206481,
      0.17423705774673987
    ],
    [
      0.11206533736879776,
      -1.0401067604723635,
      0.6810745000677407,
      3.142907905762691,
      6.474918706318169,
      4.095407724120917,
      2.901631607410348,
      6.341184261556604,
      5.675502840729065,
      -0.24452013170788411,
      2.9710139002436757,
      0.9977976740361589,
      5.324079267466639,
      3.0290305920648097,
      -0.4516829422532604
    ],
    [
      0.20102533736879782,
      -0.6529067604723633,
      -0.08820549993225968,
      3.1448279057626913,
      6.286758706318169,
      3.6294877241209167,
      3.623551607410348,
      5.895744261556604,
      4.717422840729064,
      0.04603986829211615,
      2.836613900243676,
      0.7481976740361587,
      6.32375926746664,
      3.1000705920648097,
      -0.3108829422532604
    ],
    [
      -0.8837746626312031,
      0.10165323952763705,
      -0.12468549993225936,
      3.5576279057626916,
      6.43843870631817,
      3.9078877241209167,
      2.375551607410347,
      5.638464261556603,
      3.8707028407290633,
      -0.6547601317078839,
      3.2686139002436763,
      0.6886776740361589,
      6.3544792674666395,
      2.7333505920648093,
      0.057757057746740115
    ],
    [
      -0.4709746626312027,
      0.11701323952763715,
      -0.13364549993225927,
      3.0494679057626914,
      6.32387870631817,
      4.229807724120917,
      2.534911607410347,
      5.054144261556603,
      4.224622840729063,
      0.06779986829211648,
      3.5226939002436763,
      0.5267576740361588,
      6.9202392674666395,
      3.3029505920648097,
      0.07375705774674
    ],
    [
      -0.3404146626312027,
      0.23285323952763726,
      0.2189945000677408,
      2.9957079057626914,
      5.98403870631817,
      4.363567724120918,
      2.592511607410347,
      4.890944261556602,
      4.505582840729064,
      0.3289198682921168,
      2.929413900243676,
      0.15747767403615825,
      6.328239267466639,
      3.46935059206481,
      0.2055970577467401
    ],
    [
      -0.2786546626312026,
      0.10229323952763719,
      0.4084345000677413,
      2.404027905762691,
      6.062758706318171,
      4.819567724120918,
      2.4865916074103467,
      4.303744261556602,
      4.369262840729063,
      0.2217198682921166,
      2.865733900243676,
      0.6198776740361583,
      6.072239267466639,
      3.12375059206481,
      0.11343705774674026
    ],
    [
      -0.08153466263120265,
      -0.11850676047236283,
      0.4205945000677412,
      2.6689879057626915,
      6.0838787063181705,
      5.110767724120918,
      2.3125116074103467,
      4.720384261556602,
      4.291822840729063,
      0.16155986829211655,
      2.952773900243676,
      0.7881976740361584,
      6.444719267466639,
      3.05719059206481,
      0.04623705774674032
    ],
    [
      0.014465337368797154,
      0.4638932395276375,
      0.2861945000677413,
      3.6737879057626923,
      6.288678706318171,
      5.507567724120918,
      2.0181116074103467,
      5.520384261556603,
      3.555822840729063,
      -0.33124013170788374,
      2.607173900243676,
      0.8457976740361585,
      6.476719267466639,
      3.20439059206481,
      -0.21616294225325983
    ],
    [
      -0.13657466263120285,
      -0.11338676047236274,
      0.3693945000677412,
      3.480507905762692,
      6.488358706318171,
      5.214447724120918,
      2.528831607410347,
      5.747584261556603,
      3.413742840729063,
      -0.4458001317078839,
      2.977093900243676,
      0.6441976740361584,
      6.176559267466639,
      3.16023059206481,
      0.032797057746740216
    ],
    [
      0.5034253373687972,
      -0.09418676047236245,
      0.5421945000677413,
      3.8581079057626924,
      5.777958706318171,
      5.368047724120918,
      3.0408316074103476,
      6.502784261556603,
      3.368942840729063,
      -0.029800131707883537,
      3.117893900243676,
      0.9897976740361585,
      6.016559267466639,
      3.84503059206481,
      0.28879705774674025
    ],
    [
      0.1360653373687971,
      -0.23306676047236258,
      0.3098745000677411,
      3.8933079057626925,
      6.044198706318172,
      5.167727724120917,
      3.108031607410348,
      6.546304261556603,
      3.1865428407290626,
      0.046359868292116496,
      3.1562939002436763,
      0.6659576740361584,
      5.746479267466639,
      3.0098305920648096,
      0.43919705774674045
    ],
    [
      0.40614533736879715,
      0.2366932395276375,
      0.1025145000677411,
      3.044667905762692,
      6.0493187063181715,
      5.029487724120917,
      2.6254716074103475,
      6.029184261556603,
      3.0457428407290625,
      -0.06244013170788343,
      3.2177339002436764,
      0.5110776740361584,
      6.591279267466639,
      3.01623059206481,
      0.5953570577467406
    ]
  ],
  "cost_vals": [],
  "step_size": 0.1,
  "opt_step_times": [
    0.20569610595703125,
    0.13380193710327148,
    0.13930392265319824,
    0.15297794342041016,
    0.13596796989440918,
    0.12543106079101562,
    0.1289677619934082,
    0.12806200981140137,
    0.12479114532470703,
    0.13166022300720215,
    0.14647293090820312,
    0.13199901580810547,
    0.1372969150543213,
    0.16286993026733398,
    0.13254594802856445,
    0.19636106491088867,
    0.1326460838317871,
    0.15225601196289062,
    0.12865519523620605,
    0.13125991821289062
  ],
  "opt_settings": [
    0.40614533736879715,
    0.2366932395276375,
    0.1025145000677411,
    3.044667905762692,
    6.0493187063181715,
    5.029487724120917,
    2.6254716074103475,
    6.029184261556603,
    3.0457428407290625,
    -0.06244013170788343,
    3.2177339002436764,
    0.5110776740361584,
    6.591279267466639,
    3.01623059206481,
    0.5953570577467406
  ],
  "min_cost": null,
  "datetime": "2023-05-30T16-41-58Z",
  "step_only": true,
  "ibm_device": "default.qubit",
  "shots": 10,
  "prep_node_name": "5-qubit_ghz_state",
  "num_qubits": 5,
  "error": false,
  "cov_mats": [
    [
      [
        0.8400000000000001,
        -0.08000000000000004,
        -0.04000000000000006,
        -0.07999999999999999,
        -0.32000000000000006
      ],
      [
        -0.08000000000000004,
        0.96,
        0.08000000000000004,
        0.16,
        -0.16
      ],
      [
        -0.04000000000000006,
        0.08000000000000004,
        0.8400000000000001,
        0.07999999999999999,
        -0.07999999999999999
      ],
      [
        -0.07999999999999999,
        0.16,
        0.07999999999999999,
        0.96,
        0.24000000000000002
      ],
      [
        -0.32000000000000006,
        -0.16,
        -0.07999999999999999,
        0.24000000000000002,
        0.96
      ]
    ],
    [
      [
        0.96,
        -0.32,
        -0.4,
        -0.24000000000000007,
        -0.4
      ],
      [
        -0.32,
        0.8400000000000001,
        0.19999999999999998,
        0.08000000000000004,
        0.6000000000000001
      ],
      [
        -0.4,
        0.19999999999999998,
        1.0,
        0.8,
        0.20000000000000007
      ],
      [
        -0.24000000000000007,
        0.08000000000000004,
        0.8,
        0.96,
        0.0
      ],
      [
        -0.4,
        0.6000000000000001,
        0.20000000000000007,
        0.0,
        1.0
      ]
    ],
    [
      [
        1.0,
        -0.2,
        5.551115123125783e-17,
        -0.4,
        -0.4
      ],
      [
        -0.2,
        1.0,
        0.4000000000000001,
        0.8,
        0.8
      ],
      [
        5.551115123125783e-17,
        0.4000000000000001,
        0.96,
        0.6400000000000001,
        0.6400000000000001
      ],
      [
        -0.4,
        0.8,
        0.6400000000000001,
        0.96,
        0.96
      ],
      [
        -0.4,
        0.8,
        0.6400000000000001,
        0.96,
        0.96
      ]
    ],
    [
      [
        0.36,
        -0.24000000000000007,
        -0.24000000000000007,
        -0.24000000000000007,
        -0.24000000000000007
      ],
      [
        -0.24000000000000007,
        0.96,
        0.96,
        0.96,
        0.96
      ],
      [
        -0.24000000000000007,
        0.96,
        0.96,
        0.96,
        0.96
      ],
      [
        -0.24000000000000007,
        0.96,
        0.96,
        0.96,
        0.96
      ],
      [
        -0.24000000000000007,
        0.96,
        0.96,
        0.96,
        0.96
      ]
    ],
    [
      [
        0.96,
        -0.4,
        -0.96,
        -0.96,
        -0.96
      ],
      [
        -0.4,
        1.0,
        0.4,
        0.4,
        0.4
      ],
      [
        -0.96,
        0.4,
        0.96,
        0.96,
        0.96
      ],
      [
        -0.96,
        0.4,
        0.96,
        0.96,
        0.96
      ],
      [
        -0.96,
        0.4,
        0.96,
        0.96,
        0.96
      ]
    ],
    [
      [
        1.0,
        -1.0,
        -1.0,
        -1.0,
        -0.8
      ],
      [
        -1.0,
        1.0,
        1.0,
        1.0,
        0.8
      ],
      [
        -1.0,
        1.0,
        1.0,
        1.0,
        0.8
      ],
      [
        -1.0,
        1.0,
        1.0,
        1.0,
        0.8
      ],
      [
        -0.8,
        0.8,
        0.8,
        0.8,
        0.96
      ]
    ],
    [
      [
        0.8400000000000001,
        0.19999999999999998,
        0.04000000000000006,
        0.07999999999999999,
        -0.19999999999999998
      ],
      [
        0.19999999999999998,
        1.0,
        0.6000000000000001,
        0.8,
        0.6000000000000001
      ],
      [
        0.04000000000000006,
        0.6000000000000001,
        0.8400000000000001,
        0.48,
        0.6000000000000001
      ],
      [
        0.07999999999999999,
        0.8,
        0.48,
        0.96,
        0.4
      ],
      [
        -0.19999999999999998,
        0.6000000000000001,
        0.6000000000000001,
        0.4,
        1.0
      ]
    ],
    [
      [
        0.36,
        -0.23999999999999996,
        -0.2800000000000001,
        -0.23999999999999996,
        -0.2800000000000001
      ],
      [
        -0.23999999999999996,
        0.96,
        0.7200000000000001,
        0.56,
        0.7200000000000001
      ],
      [
        -0.2800000000000001,
        0.7200000000000001,
        0.8400000000000001,
        0.7200000000000001,
        0.8400000000000001
      ],
      [
        -0.23999999999999996,
        0.56,
        0.7200000000000001,
        0.96,
        0.7200000000000001
      ],
      [
        -0.2800000000000001,
        0.7200000000000001,
        0.8400000000000001,
        0.7200000000000001,
        0.8400000000000001
      ]
    ],
    [
      [
        0.96,
        -0.23999999999999996,
        -0.23999999999999996,
        -0.23999999999999996,
        -0.23999999999999996
      ],
      [
        -0.23999999999999996,
        0.96,
        0.96,
        0.96,
        0.96
      ],
      [
        -0.23999999999999996,
        0.96,
        0.96,
        0.96,
        0.96
      ],
      [
        -0.23999999999999996,
        0.96,
        0.96,
        0.96,
        0.96
      ],
      [
        -0.23999999999999996,
        0.96,
        0.96,
        0.96,
        0.96
      ]
    ],
    [
      [
        0.84,
        -0.48000000000000004,
        -0.48000000000000004,
        -0.48000000000000004,
        0.08000000000000002
      ],
      [
        -0.48000000000000004,
        0.96,
        0.96,
        0.96,
        0.24
      ],
      [
        -0.48000000000000004,
        0.96,
        0.96,
        0.96,
        0.24
      ],
      [
        -0.48000000000000004,
        0.96,
        0.96,
        0.96,
        0.24
      ],
      [
        0.08000000000000002,
        0.24,
        0.24,
        0.24,
        0.96
      ]
    ],
    [
      [
        0.96,
        -0.96,
        -0.72,
        -0.96,
        -0.96
      ],
      [
        -0.96,
        0.96,
        0.72,
        0.96,
        0.96
      ],
      [
        -0.72,
        0.72,
        0.8400000000000001,
        0.7200000000000001,
        0.7200000000000001
      ],
      [
        -0.96,
        0.96,
        0.7200000000000001,
        0.96,
        0.96
      ],
      [
        -0.96,
        0.96,
        0.7200000000000001,
        0.96,
        0.96
      ]
    ],
    [
      [
        0.96,
        -0.6400000000000001,
        -0.15999999999999998,
        -0.8,
        -0.8
      ],
      [
        -0.6400000000000001,
        0.96,
        0.24000000000000002,
        0.8,
        0.8
      ],
      [
        -0.15999999999999998,
        0.24000000000000002,
        0.96,
        0.4,
        0.4
      ],
      [
        -0.8,
        0.8,
        0.4,
        1.0,
        1.0
      ],
      [
        -0.8,
        0.8,
        0.4,
        1.0,
        1.0
      ]
    ],
    [
      [
        1.0,
        -0.8,
        -0.4000000000000001,
        -0.8,
        -0.4000000000000001
      ],
      [
        -0.8,
        0.96,
        0.56,
        0.96,
        0.56
      ],
      [
        -0.4000000000000001,
        0.56,
        0.96,
        0.56,
        0.56
      ],
      [
        -0.8,
        0.96,
        0.56,
        0.96,
        0.56
      ],
      [
        -0.4000000000000001,
        0.56,
        0.56,
        0.56,
        0.96
      ]
    ],
    [
      [
        0.96,
        -0.56,
        -0.32000000000000006,
        -0.6400000000000001,
        -0.6400000000000001
      ],
      [
        -0.56,
        0.96,
        0.7200000000000001,
        0.6400000000000001,
        0.6400000000000001
      ],
      [
        -0.32000000000000006,
        0.7200000000000001,
        0.8400000000000001,
        0.48,
        0.48
      ],
      [
        -0.6400000000000001,
        0.6400000000000001,
        0.48,
        0.96,
        0.56
      ],
      [
        -0.6400000000000001,
        0.6400000000000001,
        0.48,
        0.56,
        0.96
      ]
    ],
    [
      [
        0.6399999999999999,
        -0.6399999999999999,
        0.24000000000000002,
        -0.6399999999999999,
        -0.6399999999999999
      ],
      [
        -0.6399999999999999,
        0.6399999999999999,
        -0.24000000000000002,
        0.6399999999999999,
        0.6399999999999999
      ],
      [
        0.24000000000000002,
        -0.24000000000000002,
        0.8400000000000001,
        -0.24000000000000002,
        -0.24000000000000002
      ],
      [
        -0.6399999999999999,
        0.6399999999999999,
        -0.24000000000000002,
        0.6399999999999999,
        0.6399999999999999
      ],
      [
        -0.6399999999999999,
        0.6399999999999999,
        -0.24000000000000002,
        0.6399999999999999,
        0.6399999999999999
      ]
    ],
    [
      [
        0.96,
        -0.7200000000000001,
        -0.4,
        -0.96,
        -0.96
      ],
      [
        -0.7200000000000001,
        0.84,
        0.19999999999999998,
        0.7200000000000001,
        0.7200000000000001
      ],
      [
        -0.4,
        0.19999999999999998,
        1.0,
        0.4000000000000001,
        0.4000000000000001
      ],
      [
        -0.96,
        0.7200000000000001,
        0.4000000000000001,
        0.96,
        0.96
      ],
      [
        -0.96,
        0.7200000000000001,
        0.4000000000000001,
        0.96,
        0.96
      ]
    ],
    [
      [
        0.8400000000000001,
        -0.8400000000000001,
        -0.8400000000000001,
        -0.8400000000000001,
        -0.8400000000000001
      ],
      [
        -0.8400000000000001,
        0.8400000000000001,
        0.8400000000000001,
        0.8400000000000001,
        0.8400000000000001
      ],
      [
        -0.8400000000000001,
        0.8400000000000001,
        0.8400000000000001,
        0.8400000000000001,
        0.8400000000000001
      ],
      [
        -0.8400000000000001,
        0.8400000000000001,
        0.8400000000000001,
        0.8400000000000001,
        0.8400000000000001
      ],
      [
        -0.8400000000000001,
        0.8400000000000001,
        0.8400000000000001,
        0.8400000000000001,
        0.8400000000000001
      ]
    ],
    [
      [
        0.6399999999999999,
        -0.6399999999999999,
        -0.6399999999999999,
        -0.6399999999999999,
        -0.6399999999999999
      ],
      [
        -0.6399999999999999,
        0.6399999999999999,
        0.6399999999999999,
        0.6399999999999999,
        0.6399999999999999
      ],
      [
        -0.6399999999999999,
        0.6399999999999999,
        0.6399999999999999,
        0.6399999999999999,
        0.6399999999999999
      ],
      [
        -0.6399999999999999,
        0.6399999999999999,
        0.6399999999999999,
        0.6399999999999999,
        0.6399999999999999
      ],
      [
        -0.6399999999999999,
        0.6399999999999999,
        0.6399999999999999,
        0.6399999999999999,
        0.6399999999999999
      ]
    ],
    [
      [
        0.8400000000000001,
        -0.7200000000000001,
        -0.8400000000000001,
        -0.8400000000000001,
        -0.8400000000000001
      ],
      [
        -0.7200000000000001,
        0.96,
        0.72,
        0.72,
        0.72
      ],
      [
        -0.8400000000000001,
        0.72,
        0.8400000000000001,
        0.8400000000000001,
        0.8400000000000001
      ],
      [
        -0.8400000000000001,
        0.72,
        0.8400000000000001,
        0.8400000000000001,
        0.8400000000000001
      ],
      [
        -0.8400000000000001,
        0.72,
        0.8400000000000001,
        0.8400000000000001,
        0.8400000000000001
      ]
    ],
    [
      [
        1.0,
        -0.8,
        -1.0,
        -1.0,
        -0.8
      ],
      [
        -0.8,
        0.96,
        0.8,
        0.8,
        0.6400000000000001
      ],
      [
        -1.0,
        0.8,
        1.0,
        1.0,
        0.8
      ],
      [
        -1.0,
        0.8,
        1.0,
        1.0,
        0.8
      ],
      [
        -0.8,
        0.6400000000000001,
        0.8,
        0.8,
        0.96
      ]
    ],
    [
      [
        0.8400000000000001,
        -0.8400000000000001,
        -0.8400000000000001,
        -0.8400000000000001,
        -0.8400000000000001
      ],
      [
        -0.8400000000000001,
        0.8400000000000001,
        0.8400000000000001,
        0.8400000000000001,
        0.8400000000000001
      ],
      [
        -0.8400000000000001,
        0.8400000000000001,
        0.8400000000000001,
        0.8400000000000001,
        0.8400000000000001
      ],
      [
        -0.8400000000000001,
        0.8400000000000001,
        0.8400000000000001,
        0.8400000000000001,
        0.8400000000000001
      ],
      [
        -0.8400000000000001,
        0.8400000000000001,
        0.8400000000000001,
        0.8400000000000001,
        0.8400000000000001
      ]
    ]
  ]
}