{
  "settings_list": [
    [
      2.7151859731790924,
      5.661815712969239,
      3.3381470385987297,
      3.8946037352348344,
      4.185550312346898,
      3.6223505443154806,
      3.8635334452358485,
      2.9464597844737526,
      5.401576267940775,
      1.1317794541551909,
      1.4566962480132153,
      1.3358842013598338,
      5.4377830987337905,
      3.435254861057937,
      4.666194080612046
    ],
    [
      2.6639859731790922,
      5.757815712969239,
      3.54294703859873,
      4.304203735234835,
      4.137550312346898,
      3.8079505443154806,
      3.8571334452358483,
      2.8184597844737524,
      5.139176267940774,
      1.5765794541551912,
      1.6102962480132155,
      1.3390842013598339,
      5.645783098733791,
      3.211254861057937,
      4.438994080612046
    ],
    [
      2.9020659731790923,
      5.804535712969239,
      3.1755870385987297,
      4.270923735234835,
      4.159950312346898,
      3.7311505443154807,
      3.4468934452358484,
      2.9490197844737525,
      5.027816267940774,
      1.3218594541551911,
      1.6000562480132154,
      1.238604201359834,
      5.707223098733791,
      3.395574861057937,
      4.457554080612046
    ],
    [
      2.5379059731790923,
      5.867575712969239,
      3.27478703859873,
      3.8526837352348346,
      4.151950312346898,
      3.8837905443154805,
      3.4209734452358482,
      3.3813397844737527,
      4.777256267940774,
      1.141379454155191,
      1.7526962480132156,
      1.423564201359834,
      6.094743098733791,
      3.393014861057937,
      4.434834080612046
    ],
    [
      2.618545973179092,
      6.43589571296924,
      3.42262703859873,
      3.4501237352348344,
      3.996430312346898,
      4.384910544315481,
      3.580333445235848,
      3.417819784473753,
      4.522536267940774,
      0.35545945415519054,
      1.8352562480132157,
      1.501644201359834,
      6.1901030987337915,
      3.286774861057937,
      4.659474080612046
    ],
    [
      3.131825973179092,
      6.789175712969239,
      3.43286703859873,
      3.5704437352348344,
      3.5445903123468976,
      4.286350544315481,
      3.1220934452358478,
      3.2373397844737526,
      4.466216267940774,
      0.3106594541551903,
      1.7597362480132157,
      1.837004201359834,
      6.357783098733791,
      3.417334861057937,
      4.701714080612047
    ],
    [
      3.048625973179092,
      6.848695712969239,
      3.69782703859873,
      2.909003735234834,
      2.6284303123468975,
      4.556430544315481,
      3.3928134452358476,
      2.6037397844737526,
      4.132776267940773,
      0.25689945415519033,
      2.347256248013216,
      2.527244201359834,
      6.409623098733792,
      3.426294861057937,
      4.509074080612047
    ],
    [
      2.639665973179092,
      6.620215712969239,
      3.8360670385987303,
      2.7336437352348337,
      3.4380303123468976,
      4.1231505443154814,
      2.5812934452358474,
      2.734299784473753,
      4.441256267940774,
      -0.2064605458448101,
      3.316216248013216,
      2.5202042013598343,
      6.752023098733792,
      3.565814861057937,
      4.403474080612047
    ],
    [
      3.1542259731790923,
      6.546295712969239,
      3.6770270385987303,
      3.1899637352348336,
      2.3404303123468972,
      3.6677905443154812,
      2.216173445235847,
      3.0910997844737533,
      4.374696267940774,
      0.37561945415519027,
      3.6336562480132164,
      2.8206842013598346,
      6.357463098733792,
      3.417974861057937,
      4.189714080612047
    ],
    [
      3.3302259731790924,
      6.088695712969239,
      3.04022703859873,
      3.231563735234834,
      3.3356303123468978,
      3.475790544315481,
      3.0033734452358476,
      3.3886997844737534,
      4.656296267940774,
      -0.5011805458448102,
      3.486456248013216,
      3.1150842013598345,
      6.411863098733792,
      2.8195748610579368,
      4.535314080612047
    ],
    [
      3.083825973179092,
      6.271095712969239,
      2.6818270385987297,
      3.301963735234834,
      3.828430312346898,
      3.152590544315481,
      2.568173445235847,
      2.860699784473753,
      5.120296267940774,
      -0.28038054584481004,
      3.3552562480132164,
      2.743884201359834,
      6.1910630987337925,
      2.4067748610579365,
      4.797714080612048
    ],
    [
      3.031665973179092,
      6.80549571296924,
      2.95958703859873,
      3.017483735234834,
      3.439310312346898,
      3.167310544315481,
      2.744493445235847,
      3.1483797844737533,
      5.3727762679407745,
      0.30393945415519025,
      2.9418162480132164,
      2.7710842013598342,
      6.160983098733793,
      2.7766948610579365,
      4.664914080612047
    ],
    [
      2.8089459731790916,
      6.692215712969239,
      4.152547038598731,
      2.5918837352348336,
      3.4047503123468976,
      2.9183505443154814,
      2.808493445235847,
      2.619099784473753,
      5.466216267940775,
      0.06585945415519026,
      3.4250162480132165,
      2.190604201359834,
      6.6582630987337925,
      2.6986148610579366,
      4.685394080612047
    ],
    [
      2.8819059731790917,
      6.376695712969239,
      3.91894703859873,
      3.4379637352348342,
      3.8834703123468977,
      2.7385105443154814,
      3.2264134452358477,
      3.0120597844737533,
      5.622376267940775,
      -0.6970205458448102,
      2.3600562480132155,
      2.6776442013598345,
      6.133463098733792,
      3.533814861057937,
      4.805714080612047
    ],
    [
      3.187185973179092,
      6.551415712969239,
      4.22486703859873,
      2.896203735234834,
      2.869390312346897,
      2.9023505443154813,
      4.038573445235848,
      2.857179784473753,
      5.622376267940775,
      -0.25862054584481,
      2.6931762480132155,
      2.9074042013598347,
      6.105303098733792,
      3.281334861057937,
      4.696914080612047
    ],
    [
      3.272945973179092,
      6.470775712969239,
      4.29526703859873,
      3.922123735234835,
      3.3999503123468973,
      2.8690705443154814,
      2.544173445235846,
      3.5733397844737538,
      5.292776267940775,
      -0.8275805458448102,
      2.773816248013216,
      3.7547642013598352,
      6.301783098733792,
      2.787254861057937,
      4.566994080612047
    ],
    [
      3.066865973179092,
      6.421495712969239,
      3.8991070385987303,
      3.4549237352348348,
      2.771470312346897,
      3.0873105443154816,
      2.8424134452358465,
      3.257179784473754,
      5.215976267940775,
      -0.52294054584481,
      2.836536248013216,
      3.9538042013598353,
      5.944663098733792,
      3.200054861057937,
      4.478034080612047
    ],
    [
      3.111345973179092,
      5.909495712969239,
      4.967587038598731,
      3.1717237352348344,
      3.3785103123468976,
      3.002830544315482,
      3.065133445235847,
      3.3390997844737536,
      5.501736267940775,
      -0.10950054584480984,
      3.3062962480132168,
      2.535884201359835,
      6.321303098733792,
      3.324854861057937,
      4.794514080612047
    ],
    [
      2.500785973179092,
      6.2653357129692395,
      4.821667038598731,
      3.651083735234835,
      3.1602703123468974,
      3.281230544315482,
      2.7764934452358467,
      3.244379784473753,
      5.382696267940775,
      -0.4000605458448098,
      3.4253362480132163,
      3.0926842013598352,
      5.569943098733791,
      2.083254861057937,
      4.9724340806120475
    ],
    [
      3.0607859731790925,
      6.71749571296924,
      4.848867038598731,
      3.543883735234835,
      3.5993103123468977,
      2.7119505443154814,
      2.825453445235847,
      3.0584597844737527,
      5.686696267940775,
      -0.84582054584481,
      3.6026162480132164,
      3.0146042013598353,
      5.891543098733791,
      2.4202148610579375,
      4.564434080612047
    ],
    [
      3.385905973179093,
      5.721335712969239,
      4.877667038598731,
      3.021643735234835,
      3.492430312346898,
      1.633550544315481,
      2.6644934452358466,
      3.0558997844737528,
      5.432616267940775,
      0.14745945415519035,
      3.1997362480132163,
      2.709644201359835,
      6.005143098733791,
      3.0259748610579376,
      4.599314080612047
    ]
  ],
  "cost_vals": [],
  "step_size": 0.1,
  "opt_step_times": [
    0.20876479148864746,
    0.12537002563476562,
    0.12344074249267578,
    0.12268495559692383,
    0.12272906303405762,
    0.11844205856323242,
    0.13245511054992676,
    0.14311599731445312,
    0.11967182159423828,
    0.12287282943725586,
    0.11819314956665039,
    0.1253809928894043,
    0.1311039924621582,
    0.12456583976745605,
    0.14257597923278809,
    0.20226407051086426,
    0.11873793601989746,
    0.11941790580749512,
    0.1214437484741211,
    0.12277698516845703
  ],
  "opt_settings": [
    3.385905973179093,
    5.721335712969239,
    4.877667038598731,
    3.021643735234835,
    3.492430312346898,
    1.633550544315481,
    2.6644934452358466,
    3.0558997844737528,
    5.432616267940775,
    0.14745945415519035,
    3.1997362480132163,
    2.709644201359835,
    6.005143098733791,
    3.0259748610579376,
    4.599314080612047
  ],
  "min_cost": null,
  "datetime": "2023-05-30T16-34-27Z",
  "step_only": true,
  "ibm_device": "default.qubit",
  "shots": 10,
  "prep_node_name": "5-qubit_ghz_state",
  "num_qubits": 5,
  "error": false,
  "cov_mats": [
    [
      [
        0.96,
        0.24000000000000005,
        -0.56,
        0.0,
        0.32000000000000006
      ],
      [
        0.24000000000000005,
        0.96,
        -0.24000000000000005,
        0.0,
        -0.32
      ],
      [
        -0.56,
        -0.24000000000000005,
        0.96,
        0.0,
        -0.32000000000000006
      ],
      [
        0.0,
        0.0,
        0.0,
        1.0,
        -0.2
      ],
      [
        0.32000000000000006,
        -0.32,
        -0.32000000000000006,
        -0.2,
        0.8400000000000001
      ]
    ],
    [
      [
        1.0,
        0.0,
        -0.6000000000000001,
        0.20000000000000007,
        0.6000000000000001
      ],
      [
        0.0,
        0.96,
        -0.08000000000000004,
        -0.4,
        -0.4
      ],
      [
        -0.6000000000000001,
        -0.08000000000000004,
        0.8400000000000001,
        0.19999999999999998,
        -0.6000000000000001
      ],
      [
        0.20000000000000007,
        -0.4,
        0.19999999999999998,
        1.0,
        0.20000000000000007
      ],
      [
        0.6000000000000001,
        -0.4,
        -0.6000000000000001,
        0.20000000000000007,
        1.0
      ]
    ],
    [
      [
        0.6400000000000001,
        -0.5600000000000002,
        -0.5600000000000002,
        -0.08000000000000007,
        0.5600000000000002
      ],
      [
        -0.5600000000000002,
        0.8400000000000001,
        0.8400000000000001,
        -0.07999999999999993,
        -0.8400000000000001
      ],
      [
        -0.5600000000000002,
        0.8400000000000001,
        0.8400000000000001,
        -0.07999999999999993,
        -0.8400000000000001
      ],
      [
        -0.08000000000000007,
        -0.07999999999999993,
        -0.07999999999999993,
        0.96,
        0.07999999999999993
      ],
      [
        0.5600000000000002,
        -0.8400000000000001,
        -0.8400000000000001,
        0.07999999999999993,
        0.8400000000000001
      ]
    ],
    [
      [
        0.36,
        0.08000000000000007,
        -0.2399999999999999,
        -0.12000000000000002,
        0.27999999999999997
      ],
      [
        0.08000000000000007,
        0.6400000000000001,
        0.08000000000000002,
        0.24000000000000002,
        -0.1600000000000002
      ],
      [
        -0.2399999999999999,
        0.08000000000000002,
        0.96,
        0.08000000000000002,
        -0.7200000000000002
      ],
      [
        -0.12000000000000002,
        0.24000000000000002,
        0.08000000000000002,
        0.84,
        -0.36000000000000004
      ],
      [
        0.27999999999999997,
        -0.1600000000000002,
        -0.7200000000000002,
        -0.36000000000000004,
        0.8400000000000001
      ]
    ],
    [
      [
        0.96,
        -0.96,
        -0.8,
        0.2399999999999999,
        0.8
      ],
      [
        -0.96,
        0.96,
        0.8,
        -0.2399999999999999,
        -0.8
      ],
      [
        -0.8,
        0.8,
        1.0,
        -0.4,
        -1.0
      ],
      [
        0.2399999999999999,
        -0.2399999999999999,
        -0.4,
        0.96,
        0.4
      ],
      [
        0.8,
        -0.8,
        -1.0,
        0.4,
        1.0
      ]
    ],
    [
      [
        1.0,
        -0.8,
        -0.8,
        0.4,
        0.6000000000000001
      ],
      [
        -0.8,
        0.96,
        0.96,
        -0.5599999999999999,
        -0.8
      ],
      [
        -0.8,
        0.96,
        0.96,
        -0.5599999999999999,
        -0.8
      ],
      [
        0.4,
        -0.5599999999999999,
        -0.5599999999999999,
        0.96,
        0.4
      ],
      [
        0.6000000000000001,
        -0.8,
        -0.8,
        0.4,
        1.0
      ]
    ],
    [
      [
        0.36,
        -0.2800000000000001,
        -0.2800000000000001,
        0.23999999999999996,
        0.2800000000000001
      ],
      [
        -0.2800000000000001,
        0.8400000000000001,
        0.8400000000000001,
        -0.7200000000000001,
        -0.8400000000000001
      ],
      [
        -0.2800000000000001,
        0.8400000000000001,
        0.8400000000000001,
        -0.7200000000000001,
        -0.8400000000000001
      ],
      [
        0.23999999999999996,
        -0.7200000000000001,
        -0.7200000000000001,
        0.96,
        0.7200000000000001
      ],
      [
        0.2800000000000001,
        -0.8400000000000001,
        -0.8400000000000001,
        0.7200000000000001,
        0.8400000000000001
      ]
    ],
    [
      [
        1.0,
        -0.6000000000000001,
        -0.8,
        0.8,
        0.8
      ],
      [
        -0.6000000000000001,
        1.0,
        0.8,
        -0.8,
        -0.4
      ],
      [
        -0.8,
        0.8,
        0.96,
        -0.96,
        -0.6400000000000001
      ],
      [
        0.8,
        -0.8,
        -0.96,
        0.96,
        0.6400000000000001
      ],
      [
        0.8,
        -0.4,
        -0.6400000000000001,
        0.6400000000000001,
        0.96
      ]
    ],
    [
      [
        0.96,
        -0.56,
        -0.56,
        0.7200000000000001,
        0.96
      ],
      [
        -0.56,
        0.96,
        0.16000000000000003,
        -0.32000000000000006,
        -0.56
      ],
      [
        -0.56,
        0.16000000000000003,
        0.96,
        -0.32000000000000006,
        -0.56
      ],
      [
        0.7200000000000001,
        -0.32000000000000006,
        -0.32000000000000006,
        0.8400000000000001,
        0.7200000000000001
      ],
      [
        0.96,
        -0.56,
        -0.56,
        0.7200000000000001,
        0.96
      ]
    ],
    [
      [
        1.0,
        -1.0,
        -1.0,
        1.0,
        0.8
      ],
      [
        -1.0,
        1.0,
        1.0,
        -1.0,
        -0.8
      ],
      [
        -1.0,
        1.0,
        1.0,
        -1.0,
        -0.8
      ],
      [
        1.0,
        -1.0,
        -1.0,
        1.0,
        0.8
      ],
      [
        0.8,
        -0.8,
        -0.8,
        0.8,
        0.96
      ]
    ],
    [
      [
        1.0,
        -0.6000000000000001,
        -0.8,
        1.0,
        0.8
      ],
      [
        -0.6000000000000001,
        1.0,
        0.4,
        -0.6000000000000001,
        -0.4
      ],
      [
        -0.8,
        0.4,
        0.96,
        -0.8,
        -0.6400000000000001
      ],
      [
        1.0,
        -0.6000000000000001,
        -0.8,
        1.0,
        0.8
      ],
      [
        0.8,
        -0.4,
        -0.6400000000000001,
        0.8,
        0.96
      ]
    ],
    [
      [
        0.8400000000000001,
        -0.8400000000000001,
        -0.8400000000000001,
        0.56,
        0.8400000000000001
      ],
      [
        -0.8400000000000001,
        0.8400000000000001,
        0.8400000000000001,
        -0.56,
        -0.8400000000000001
      ],
      [
        -0.8400000000000001,
        0.8400000000000001,
        0.8400000000000001,
        -0.56,
        -0.8400000000000001
      ],
      [
        0.56,
        -0.56,
        -0.56,
        0.6400000000000001,
        0.5600000000000002
      ],
      [
        0.8400000000000001,
        -0.8400000000000001,
        -0.8400000000000001,
        0.5600000000000002,
        0.8400000000000001
      ]
    ],
    [
      [
        0.96,
        -0.08000000000000004,
        -0.8,
        0.8,
        0.8
      ],
      [
        -0.08000000000000004,
        0.6399999999999999,
        0.4,
        -0.4,
        -0.4
      ],
      [
        -0.8,
        0.4,
        1.0,
        -1.0,
        -1.0
      ],
      [
        0.8,
        -0.4,
        -1.0,
        1.0,
        1.0
      ],
      [
        0.8,
        -0.4,
        -1.0,
        1.0,
        1.0
      ]
    ],
    [
      [
        0.96,
        -0.8,
        -0.72,
        0.8,
        0.96
      ],
      [
        -0.8,
        1.0,
        0.6,
        -0.6000000000000001,
        -0.8
      ],
      [
        -0.72,
        0.6,
        0.8400000000000001,
        -0.6,
        -0.7200000000000001
      ],
      [
        0.8,
        -0.6000000000000001,
        -0.6,
        1.0,
        0.8
      ],
      [
        0.96,
        -0.8,
        -0.7200000000000001,
        0.8,
        0.96
      ]
    ],
    [
      [
        0.8400000000000001,
        -0.8400000000000001,
        -0.56,
        0.7200000000000001,
        0.7200000000000001
      ],
      [
        -0.8400000000000001,
        0.8400000000000001,
        0.56,
        -0.7200000000000001,
        -0.7200000000000001
      ],
      [
        -0.56,
        0.56,
        0.6400000000000001,
        -0.48000000000000004,
        -0.48000000000000004
      ],
      [
        0.7200000000000001,
        -0.7200000000000001,
        -0.48000000000000004,
        0.96,
        0.56
      ],
      [
        0.7200000000000001,
        -0.7200000000000001,
        -0.48000000000000004,
        0.56,
        0.96
      ]
    ],
    [
      [
        1.0,
        -0.4000000000000001,
        -1.0,
        0.8,
        1.0
      ],
      [
        -0.4000000000000001,
        0.96,
        0.4,
        -0.16,
        -0.4
      ],
      [
        -1.0,
        0.4,
        1.0,
        -0.8,
        -1.0
      ],
      [
        0.8,
        -0.16,
        -0.8,
        0.96,
        0.8
      ],
      [
        1.0,
        -0.4,
        -1.0,
        0.8,
        1.0
      ]
    ],
    [
      [
        0.8400000000000001,
        -0.8400000000000001,
        -0.8400000000000001,
        0.8400000000000001,
        0.8400000000000001
      ],
      [
        -0.8400000000000001,
        0.8400000000000001,
        0.8400000000000001,
        -0.8400000000000001,
        -0.8400000000000001
      ],
      [
        -0.8400000000000001,
        0.8400000000000001,
        0.8400000000000001,
        -0.8400000000000001,
        -0.8400000000000001
      ],
      [
        0.8400000000000001,
        -0.8400000000000001,
        -0.8400000000000001,
        0.8400000000000001,
        0.8400000000000001
      ],
      [
        0.8400000000000001,
        -0.8400000000000001,
        -0.8400000000000001,
        0.8400000000000001,
        0.8400000000000001
      ]
    ],
    [
      [
        0.6400000000000001,
        -0.6400000000000001,
        -0.6400000000000001,
        0.5600000000000002,
        0.6400000000000001
      ],
      [
        -0.6400000000000001,
        0.6400000000000001,
        0.6400000000000001,
        -0.5600000000000002,
        -0.6400000000000001
      ],
      [
        -0.6400000000000001,
        0.6400000000000001,
        0.6400000000000001,
        -0.5600000000000002,
        -0.6400000000000001
      ],
      [
        0.5600000000000002,
        -0.5600000000000002,
        -0.5600000000000002,
        0.8400000000000001,
        0.56
      ],
      [
        0.6400000000000001,
        -0.6400000000000001,
        -0.6400000000000001,
        0.56,
        0.6400000000000001
      ]
    ],
    [
      [
        0.96,
        -0.56,
        -0.72,
        0.72,
        0.56
      ],
      [
        -0.56,
        0.96,
        0.72,
        -0.72,
        -0.96
      ],
      [
        -0.72,
        0.72,
        0.8400000000000001,
        -0.8400000000000001,
        -0.7200000000000001
      ],
      [
        0.72,
        -0.72,
        -0.8400000000000001,
        0.8400000000000001,
        0.7200000000000001
      ],
      [
        0.56,
        -0.96,
        -0.7200000000000001,
        0.7200000000000001,
        0.96
      ]
    ],
    [
      [
        1.0,
        -0.8,
        -1.0,
        0.6000000000000001,
        0.6000000000000001
      ],
      [
        -0.8,
        0.96,
        0.8,
        -0.7200000000000001,
        -0.7200000000000001
      ],
      [
        -1.0,
        0.8,
        1.0,
        -0.6000000000000001,
        -0.6000000000000001
      ],
      [
        0.6000000000000001,
        -0.7200000000000001,
        -0.6000000000000001,
        0.8400000000000001,
        0.44000000000000006
      ],
      [
        0.6000000000000001,
        -0.7200000000000001,
        -0.6000000000000001,
        0.44000000000000006,
        0.8400000000000001
      ]
    ],
    [
      [
        0.96,
        -0.56,
        -0.56,
        0.56,
        0.56
      ],
      [
        -0.56,
        0.96,
        0.96,
        -0.96,
        -0.96
      ],
      [
        -0.56,
        0.96,
        0.96,
        -0.96,
        -0.96
      ],
      [
        0.56,
        -0.96,
        -0.96,
        0.96,
        0.96
      ],
      [
        0.56,
        -0.96,
        -0.96,
        0.96,
        0.96
      ]
    ]
  ]
}