{
  "settings_list": [
    [
      1.1476470780686454,
      6.02512296978931,
      2.6665395768309055,
      1.940194637334584,
      4.622194879336817,
      2.2351206613049173,
      4.088920513732768,
      4.934895672728829,
      6.215620935590183,
      2.6174896131491336,
      3.8116826122291934,
      2.849006684783634,
      2.611179310364944,
      2.006196818379118,
      0.5726735746912343
    ],
    [
      1.0388470780686454,
      5.88752296978931,
      2.6553395768309054,
      2.076194637334584,
      4.9565948793368175,
      2.279920661304917,
      3.887320513732768,
      4.960495672728829,
      6.433220935590183,
      2.631889613149134,
      3.8820826122291936,
      2.855406684783634,
      2.545579310364944,
      2.090996818379118,
      0.5598735746912342
    ],
    [
      0.8394870780686454,
      5.94800296978931,
      2.5842995768309054,
      2.169954637334584,
      5.2452348793368175,
      2.172400661304917,
      3.7807605137327682,
      5.199855672728829,
      6.406020935590183,
      2.583569613149134,
      3.8004826122291937,
      2.9821266847836343,
      2.519979310364944,
      1.8634768183791177,
      0.5272335746912342
    ],
    [
      0.7774070780686454,
      5.9342429697893095,
      2.5282995768309053,
      2.4441946373345838,
      5.226994879336818,
      2.036400661304917,
      3.711320513732768,
      5.183535672728829,
      6.399300935590183,
      2.681489613149134,
      3.7201626122291938,
      3.003246684783634,
      2.7119793103649443,
      1.7828368183791177,
      0.7189135746912343
    ],
    [
      0.5930870780686452,
      5.957922969789309,
      2.5705395768309054,
      2.4032346373345836,
      5.028594879336818,
      1.977520661304917,
      3.615960513732768,
      5.432495672728829,
      6.449860935590183,
      2.741649613149134,
      3.6049626122291936,
      3.208686684783634,
      2.5814193103649443,
      1.9121168183791177,
      0.7681935746912343
    ],
    [
      0.5450870780686452,
      5.987362969789309,
      2.4956595768309056,
      2.3693146373345835,
      5.078514879336818,
      1.957680661304917,
      3.569240513732768,
      5.520175672728829,
      6.4652209355901835,
      2.705809613149134,
      3.6209626122291936,
      3.122926684783634,
      2.5974193103649443,
      1.8289168183791176,
      0.8001935746912343
    ],
    [
      0.18988707806864502,
      6.288162969789309,
      2.6588595768309053,
      2.3661146373345834,
      5.040114879336818,
      1.5224806613049167,
      3.614040513732768,
      5.843375672728829,
      6.513220935590184,
      2.792209613149134,
      3.5537626122291934,
      3.250926684783634,
      3.0582193103649447,
      1.9185168183791177,
      0.6497935746912343
    ],
    [
      0.010687078068644884,
      6.515362969789309,
      2.7810995768309055,
      2.497314637334583,
      5.037554879336818,
      1.4930406613049167,
      3.374040513732768,
      5.978415672728829,
      6.358980935590184,
      2.7960496131491337,
      3.0731226122291933,
      3.6842066847836343,
      3.213099310364945,
      2.691636818379118,
      0.6139535746912343
    ],
    [
      -0.31571292193135536,
      6.364962969789309,
      3.1426995768309056,
      2.4749146373345834,
      4.989554879336818,
      1.936240661304917,
      3.0972405137327677,
      5.847215672728829,
      6.1925809355901835,
      3.490449613149134,
      3.0731226122291933,
      3.8762066847836345,
      3.251499310364945,
      3.1764368183791185,
      0.5083535746912342
    ],
    [
      0.036287078068644896,
      5.999522969789308,
      3.4838195768309057,
      3.296034637334584,
      4.558834879336818,
      1.5688806613049167,
      3.469720513732768,
      6.61457567272883,
      5.352900935590183,
      3.642769613149134,
      2.720482612229193,
      3.222126684783634,
      3.220779310364945,
      2.942836818379118,
      0.5992335746912344
    ],
    [
      0.8625270780686451,
      7.0228829697893085,
      3.9442995768309057,
      2.5027546373345837,
      4.048434879336817,
      1.6690406613049167,
      3.525400513732768,
      6.53009567272883,
      4.877060935590183,
      3.511249613149134,
      2.8673626122291935,
      4.058286684783635,
      2.680619310364945,
      3.134196818379118,
      -0.088766425308766
    ],
    [
      0.6014070780686449,
      7.018402969789308,
      3.320299576830905,
      2.793314637334584,
      3.383474879336817,
      2.197040661304917,
      2.9436405137327677,
      6.958895672728831,
      4.982020935590183,
      3.2654896131491338,
      3.702562612229194,
      3.921966684783635,
      3.036459310364945,
      3.131636818379118,
      -0.31084642530876594
    ],
    [
      0.20140707806864455,
      7.396962969789309,
      2.627819576830905,
      3.427234637334584,
      3.3562748793368167,
      2.214000661304917,
      3.205720513732768,
      6.856815672728831,
      5.158340935590184,
      2.8632496131491334,
      3.1230426122291934,
      4.367086684783636,
      3.340139310364945,
      3.4391568183791184,
      -0.442046425308766
    ],
    [
      0.6596470780686448,
      6.692962969789309,
      2.819819576830905,
      3.7241946373345844,
      3.0484348793368166,
      2.214000661304917,
      3.0706805137327677,
      6.294895672728831,
      5.183300935590184,
      3.2504496131491334,
      3.1537626122291935,
      4.127086684783635,
      2.7660593103649447,
      2.591156818379118,
      -0.4222064253087659
    ],
    [
      -0.400192921931356,
      6.893602969789309,
      3.4025395768309057,
      3.216674637334584,
      3.330354879336817,
      2.365040661304917,
      2.975960513732767,
      6.4372956727288315,
      5.939460935590184,
      2.861649613149133,
      3.1492826122291935,
      3.493486684783635,
      3.095019310364945,
      3.0295568183791186,
      0.16819357469123436
    ],
    [
      -0.7265929219313563,
      6.605602969789308,
      2.8617395768309053,
      4.307874637334585,
      4.098354879336817,
      3.4402406613049177,
      3.1967605137327677,
      6.533295672728832,
      7.008260935590185,
      2.759249613149133,
      2.682082612229193,
      3.291886684783635,
      2.487019310364945,
      2.216756818379118,
      1.3937935746912358
    ],
    [
      -0.464512921931356,
      6.585122969789308,
      2.442859576830905,
      3.5062746373345846,
      4.036914879336817,
      2.607920661304917,
      3.4063605137327677,
      6.388975672728831,
      6.725380935590184,
      3.2187696131491332,
      2.770082612229193,
      3.7587666847836356,
      2.5481393103649452,
      2.369716818379118,
      1.0427535746912353
    ],
    [
      -0.41651292193135575,
      6.702882969789307,
      2.1234995768309046,
      2.9571546373345843,
      4.3633148793368175,
      2.3340006613049167,
      3.2553205137327677,
      5.7009756727288305,
      6.103940935590185,
      3.110609613149133,
      3.771042612229194,
      3.9955666847836353,
      2.8873393103649456,
      2.6295568183791187,
      0.8462735746912349
    ],
    [
      -0.10291292193135548,
      6.280482969789307,
      2.1554995768309047,
      3.2163546373345846,
      3.713714879336817,
      2.9932006613049174,
      3.0377205137327676,
      5.998575672728831,
      6.347140935590184,
      3.1010096131491327,
      3.0414426122291935,
      3.896366684783635,
      3.3865393103649457,
      3.189556818379119,
      1.262273574691235
    ],
    [
      0.37900707806864464,
      4.992802969789306,
      2.0876595768309048,
      3.614114637334585,
      3.549874879336817,
      2.8978406613049175,
      3.182680513732768,
      6.070575672728831,
      6.1269809355901845,
      3.065169613149133,
      3.916642612229194,
      3.0570066847836346,
      3.0268593103649453,
      3.226356818379119,
      1.8152335746912351
    ],
    [
      0.31660707806864447,
      5.381602969789307,
      1.927659576830905,
      3.0845146373345846,
      3.3978748793368174,
      2.8626406613049173,
      3.003480513732768,
      6.42897567272883,
      6.442180935590185,
      2.617169613149133,
      3.3966426122291935,
      2.8218066847836347,
      2.815659310364945,
      2.882356818379119,
      1.845633574691235
    ]
  ],
  "cost_vals": [],
  "step_size": 0.1,
  "opt_step_times": [
    0.21050810813903809,
    0.13831305503845215,
    0.12671685218811035,
    0.12401199340820312,
    0.14593029022216797,
    0.13354110717773438,
    0.16459107398986816,
    0.13357090950012207,
    0.12737417221069336,
    0.12569284439086914,
    0.18305492401123047,
    0.17393207550048828,
    0.23033475875854492,
    0.20315909385681152,
    0.19286704063415527,
    0.27849793434143066,
    0.18275809288024902,
    0.28309202194213867,
    0.23492121696472168,
    0.21277189254760742
  ],
  "opt_settings": [
    0.31660707806864447,
    5.381602969789307,
    1.927659576830905,
    3.0845146373345846,
    3.3978748793368174,
    2.8626406613049173,
    3.003480513732768,
    6.42897567272883,
    6.442180935590185,
    2.617169613149133,
    3.3966426122291935,
    2.8218066847836347,
    2.815659310364945,
    2.882356818379119,
    1.845633574691235
  ],
  "min_cost": null,
  "datetime": "2023-05-30T16-40-46Z",
  "step_only": true,
  "ibm_device": "default.qubit",
  "shots": 10,
  "prep_node_name": "5-qubit_ghz_state",
  "num_qubits": 5,
  "error": false,
  "cov_mats": [
    [
      [
        0.36,
        -0.12000000000000002,
        -0.12000000000000002,
        0.2399999999999999,
        -0.16000000000000003
      ],
      [
        -0.12000000000000002,
        0.84,
        -0.36000000000000004,
        0.32000000000000006,
        0.32000000000000006
      ],
      [
        -0.12000000000000002,
        -0.36000000000000004,
        0.84,
        -0.48,
        -0.48
      ],
      [
        0.2399999999999999,
        0.32000000000000006,
        -0.48,
        0.96,
        0.16000000000000003
      ],
      [
        -0.16000000000000003,
        0.32000000000000006,
        -0.48,
        0.16000000000000003,
        0.96
      ]
    ],
    [
      [
        0.84,
        0.19999999999999998,
        -0.36000000000000004,
        0.7200000000000001,
        0.32000000000000006
      ],
      [
        0.19999999999999998,
        1.0,
        -0.6000000000000001,
        0.4000000000000001,
        0.0
      ],
      [
        -0.36000000000000004,
        -0.6000000000000001,
        0.8400000000000001,
        -0.48000000000000004,
        -0.07999999999999999
      ],
      [
        0.7200000000000001,
        0.4000000000000001,
        -0.48000000000000004,
        0.96,
        0.56
      ],
      [
        0.32000000000000006,
        0.0,
        -0.07999999999999999,
        0.56,
        0.96
      ]
    ],
    [
      [
        0.96,
        -0.32,
        -0.15999999999999998,
        0.6400000000000001,
        0.0
      ],
      [
        -0.32,
        0.8400000000000001,
        0.7200000000000002,
        -0.48,
        -0.6000000000000001
      ],
      [
        -0.15999999999999998,
        0.7200000000000002,
        0.96,
        -0.24000000000000005,
        -0.4
      ],
      [
        0.6400000000000001,
        -0.48,
        -0.24000000000000005,
        0.96,
        0.4
      ],
      [
        0.0,
        -0.6000000000000001,
        -0.4,
        0.4,
        1.0
      ]
    ],
    [
      [
        1.0,
        0.0,
        0.20000000000000007,
        0.0,
        -0.20000000000000007
      ],
      [
        0.0,
        0.96,
        0.4,
        -0.56,
        -0.4
      ],
      [
        0.20000000000000007,
        0.4,
        1.0,
        0.0,
        -0.20000000000000007
      ],
      [
        0.0,
        -0.56,
        0.0,
        0.96,
        0.0
      ],
      [
        -0.20000000000000007,
        -0.4,
        -0.20000000000000007,
        0.0,
        1.0
      ]
    ],
    [
      [
        1.0,
        -0.4000000000000001,
        -0.39999999999999997,
        0.6000000000000001,
        0.20000000000000007
      ],
      [
        -0.4000000000000001,
        0.96,
        0.07999999999999997,
        -0.4,
        -0.4
      ],
      [
        -0.39999999999999997,
        0.07999999999999997,
        0.6400000000000001,
        -0.39999999999999997,
        0.0
      ],
      [
        0.6000000000000001,
        -0.4,
        -0.39999999999999997,
        1.0,
        0.20000000000000007
      ],
      [
        0.20000000000000007,
        -0.4,
        0.0,
        0.20000000000000007,
        1.0
      ]
    ],
    [
      [
        0.96,
        -0.48,
        -0.56,
        0.8,
        -0.23999999999999996
      ],
      [
        -0.48,
        0.6399999999999999,
        0.07999999999999996,
        -0.39999999999999997,
        0.32
      ],
      [
        -0.56,
        0.07999999999999996,
        0.96,
        -0.8,
        0.23999999999999996
      ],
      [
        0.8,
        -0.39999999999999997,
        -0.8,
        1.0,
        -0.4
      ],
      [
        -0.23999999999999996,
        0.32,
        0.23999999999999996,
        -0.4,
        0.96
      ]
    ],
    [
      [
        0.96,
        -0.07999999999999999,
        -0.96,
        0.96,
        0.48
      ],
      [
        -0.07999999999999999,
        0.6399999999999999,
        0.08000000000000002,
        -0.08000000000000002,
        -0.24000000000000002
      ],
      [
        -0.96,
        0.08000000000000002,
        0.96,
        -0.96,
        -0.4799999999999999
      ],
      [
        0.96,
        -0.08000000000000002,
        -0.96,
        0.96,
        0.4799999999999999
      ],
      [
        0.48,
        -0.24000000000000002,
        -0.4799999999999999,
        0.4799999999999999,
        0.8400000000000001
      ]
    ],
    [
      [
        0.84,
        0.19999999999999998,
        -0.44000000000000006,
        0.8400000000000001,
        0.8400000000000001
      ],
      [
        0.19999999999999998,
        1.0,
        -0.6000000000000001,
        0.2,
        0.2
      ],
      [
        -0.44000000000000006,
        -0.6000000000000001,
        0.84,
        -0.4400000000000001,
        -0.4400000000000001
      ],
      [
        0.8400000000000001,
        0.2,
        -0.4400000000000001,
        0.8400000000000001,
        0.8400000000000001
      ],
      [
        0.8400000000000001,
        0.2,
        -0.4400000000000001,
        0.8400000000000001,
        0.8400000000000001
      ]
    ],
    [
      [
        1.0,
        -0.39999999999999997,
        -0.8,
        0.8,
        1.0
      ],
      [
        -0.39999999999999997,
        0.6399999999999999,
        0.32,
        -0.48,
        -0.39999999999999997
      ],
      [
        -0.8,
        0.32,
        0.96,
        -0.6400000000000001,
        -0.8
      ],
      [
        0.8,
        -0.48,
        -0.6400000000000001,
        0.96,
        0.8
      ],
      [
        1.0,
        -0.39999999999999997,
        -0.8,
        0.8,
        1.0
      ]
    ],
    [
      [
        0.96,
        -0.24000000000000007,
        -0.96,
        0.8,
        0.96
      ],
      [
        -0.24000000000000007,
        0.36,
        0.24000000000000007,
        -0.19999999999999998,
        -0.24000000000000007
      ],
      [
        -0.96,
        0.24000000000000007,
        0.96,
        -0.8,
        -0.96
      ],
      [
        0.8,
        -0.19999999999999998,
        -0.8,
        1.0,
        0.8
      ],
      [
        0.96,
        -0.24000000000000007,
        -0.96,
        0.8,
        0.96
      ]
    ],
    [
      [
        0.96,
        0.0,
        0.16,
        -0.07999999999999997,
        0.24000000000000005
      ],
      [
        0.0,
        1.0,
        -0.4000000000000001,
        0.39999999999999997,
        0.4000000000000001
      ],
      [
        0.16,
        -0.4000000000000001,
        0.96,
        -0.48000000000000004,
        -0.56
      ],
      [
        -0.07999999999999997,
        0.39999999999999997,
        -0.48000000000000004,
        0.6400000000000001,
        0.48000000000000004
      ],
      [
        0.24000000000000005,
        0.4000000000000001,
        -0.56,
        0.48000000000000004,
        0.96
      ]
    ],
    [
      [
        0.96,
        0.48,
        -0.32000000000000006,
        0.48,
        0.48
      ],
      [
        0.48,
        0.6399999999999999,
        -0.56,
        0.6399999999999999,
        0.6399999999999999
      ],
      [
        -0.32000000000000006,
        -0.56,
        0.8400000000000001,
        -0.5599999999999999,
        -0.5599999999999999
      ],
      [
        0.48,
        0.6399999999999999,
        -0.5599999999999999,
        0.6399999999999999,
        0.6399999999999999
      ],
      [
        0.48,
        0.6399999999999999,
        -0.5599999999999999,
        0.6399999999999999,
        0.6399999999999999
      ]
    ],
    [
      [
        0.96,
        0.32000000000000006,
        -0.08000000000000006,
        0.32000000000000006,
        -0.07999999999999997
      ],
      [
        0.32000000000000006,
        0.6399999999999999,
        -0.16000000000000003,
        0.6399999999999999,
        0.2400000000000001
      ],
      [
        -0.08000000000000006,
        -0.16000000000000003,
        0.84,
        -0.1600000000000001,
        0.24000000000000002
      ],
      [
        0.32000000000000006,
        0.6399999999999999,
        -0.1600000000000001,
        0.6399999999999999,
        0.2400000000000001
      ],
      [
        -0.07999999999999997,
        0.2400000000000001,
        0.24000000000000002,
        0.2400000000000001,
        0.6400000000000001
      ]
    ],
    [
      [
        0.96,
        0.8,
        -0.96,
        0.96,
        0.96
      ],
      [
        0.8,
        1.0,
        -0.8,
        0.8,
        0.8
      ],
      [
        -0.96,
        -0.8,
        0.96,
        -0.96,
        -0.96
      ],
      [
        0.96,
        0.8,
        -0.96,
        0.96,
        0.96
      ],
      [
        0.96,
        0.8,
        -0.96,
        0.96,
        0.96
      ]
    ],
    [
      [
        0.8400000000000001,
        0.04000000000000006,
        -0.04000000000000006,
        0.04000000000000006,
        0.04000000000000006
      ],
      [
        0.04000000000000006,
        0.8400000000000001,
        -0.8400000000000001,
        0.8400000000000001,
        0.8400000000000001
      ],
      [
        -0.04000000000000006,
        -0.8400000000000001,
        0.8400000000000001,
        -0.8400000000000001,
        -0.8400000000000001
      ],
      [
        0.04000000000000006,
        0.8400000000000001,
        -0.8400000000000001,
        0.8400000000000001,
        0.8400000000000001
      ],
      [
        0.04000000000000006,
        0.8400000000000001,
        -0.8400000000000001,
        0.8400000000000001,
        0.8400000000000001
      ]
    ],
    [
      [
        0.96,
        -0.07999999999999999,
        -0.56,
        0.7200000000000001,
        0.07999999999999999
      ],
      [
        -0.07999999999999999,
        0.6399999999999999,
        0.07999999999999996,
        -0.15999999999999998,
        0.16000000000000003
      ],
      [
        -0.56,
        0.07999999999999996,
        0.96,
        -0.7200000000000001,
        -0.48
      ],
      [
        0.7200000000000001,
        -0.15999999999999998,
        -0.7200000000000001,
        0.8400000000000001,
        0.16000000000000003
      ],
      [
        0.07999999999999999,
        0.16000000000000003,
        -0.48,
        0.16000000000000003,
        0.6399999999999999
      ]
    ],
    [
      [
        1.0,
        0.6000000000000001,
        -0.8,
        0.8,
        0.2
      ],
      [
        0.6000000000000001,
        0.8400000000000001,
        -0.7200000000000001,
        0.7200000000000001,
        0.44000000000000006
      ],
      [
        -0.8,
        -0.7200000000000001,
        0.96,
        -0.96,
        -0.32000000000000006
      ],
      [
        0.8,
        0.7200000000000001,
        -0.96,
        0.96,
        0.32000000000000006
      ],
      [
        0.2,
        0.44000000000000006,
        -0.32000000000000006,
        0.32000000000000006,
        0.8400000000000001
      ]
    ],
    [
      [
        0.96,
        0.0,
        -0.56,
        0.8,
        0.4
      ],
      [
        0.0,
        1.0,
        0.0,
        0.20000000000000007,
        0.20000000000000007
      ],
      [
        -0.56,
        0.0,
        0.96,
        -0.4,
        -0.4
      ],
      [
        0.8,
        0.20000000000000007,
        -0.4,
        1.0,
        0.20000000000000007
      ],
      [
        0.4,
        0.20000000000000007,
        -0.4,
        0.20000000000000007,
        1.0
      ]
    ],
    [
      [
        0.96,
        0.72,
        -0.96,
        0.96,
        0.96
      ],
      [
        0.72,
        0.8400000000000001,
        -0.7200000000000001,
        0.7200000000000001,
        0.7200000000000001
      ],
      [
        -0.96,
        -0.7200000000000001,
        0.96,
        -0.96,
        -0.96
      ],
      [
        0.96,
        0.7200000000000001,
        -0.96,
        0.96,
        0.96
      ],
      [
        0.96,
        0.7200000000000001,
        -0.96,
        0.96,
        0.96
      ]
    ],
    [
      [
        0.96,
        0.23999999999999996,
        -0.23999999999999996,
        0.23999999999999996,
        0.23999999999999996
      ],
      [
        0.23999999999999996,
        0.96,
        -0.96,
        0.96,
        0.96
      ],
      [
        -0.23999999999999996,
        -0.96,
        0.96,
        -0.96,
        -0.96
      ],
      [
        0.23999999999999996,
        0.96,
        -0.96,
        0.96,
        0.96
      ],
      [
        0.23999999999999996,
        0.96,
        -0.96,
        0.96,
        0.96
      ]
    ],
    [
      [
        0.96,
        0.96,
        -0.96,
        0.96,
        0.8
      ],
      [
        0.96,
        0.96,
        -0.96,
        0.96,
        0.8
      ],
      [
        -0.96,
        -0.96,
        0.96,
        -0.96,
        -0.8
      ],
      [
        0.96,
        0.96,
        -0.96,
        0.96,
        0.8
      ],
      [
        0.8,
        0.8,
        -0.8,
        0.8,
        1.0
      ]
    ]
  ]
}