{
  "settings_list": [
    [
      2.1966204303241152,
      0.7037783600958183,
      3.9248935565722936,
      3.387691452708007,
      2.1701188630753934,
      2.194209878650224,
      3.0520293009388877,
      1.0340909799847628,
      2.308067179881244,
      0.454701101006513,
      2.2087990282705996,
      5.623497622118171,
      1.4815465875480713,
      0.9226362029018569,
      3.4327553830612847
    ],
    [
      2.2443004303241154,
      0.6880983600958184,
      4.097373556572293,
      3.5780914527080068,
      2.1013188630753934,
      2.305249878650224,
      3.0725093009388877,
      1.1553709799847631,
      2.383587179881244,
      0.5939011010065129,
      2.4823990282705997,
      5.529737622118171,
      1.6386665875480713,
      1.041036202901857,
      3.4074753830612847
    ],
    [
      2.4449404303241153,
      0.8093783600958184,
      4.369053556572293,
      3.7316914527080067,
      2.4344388630753935,
      2.599649878650224,
      3.149629300938888,
      1.071850979984763,
      2.417827179881244,
      0.2563011010065127,
      2.6507190282705997,
      5.180937622118171,
      1.8095465875480714,
      0.991756202901857,
      3.5953153830612847
    ],
    [
      2.3393404303241154,
      0.9309783600958185,
      4.427293556572293,
      3.6497714527080065,
      2.6501188630753933,
      2.508129878650224,
      3.058109300938888,
      1.044970979984763,
      2.406307179881244,
      0.27614110100651273,
      2.5809590282705996,
      5.211017622118171,
      1.8204265875480714,
      0.8739962029018569,
      3.638195383061285
    ],
    [
      2.236940430324115,
      0.7728983600958186,
      4.216413556572292,
      3.6401714527080067,
      2.4488388630753932,
      2.497889878650224,
      3.155709300938888,
      0.43985097998476286,
      2.226147179881244,
      0.28798110100651286,
      2.4699190282705996,
      5.176777622118172,
      1.9234665875480714,
      1.109516202901857,
      3.552115383061285
    ],
    [
      2.310540430324115,
      0.5386583600958186,
      4.204573556572292,
      3.4184114527080065,
      2.6542788630753935,
      2.442849878650224,
      3.018109300938888,
      0.21297097998476275,
      1.9410271798812442,
      0.21278110100651287,
      2.7492790282705997,
      5.346377622118172,
      2.3029865875480713,
      1.138956202901857,
      3.556595383061285
    ],
    [
      2.499340430324115,
      0.28009836009581845,
      4.266333556572293,
      3.0084914527080064,
      2.7797188630753937,
      2.277409878650224,
      2.860349300938888,
      -0.13550902001523743,
      1.9282271798812443,
      0.15710110100651287,
      3.0945590282706,
      5.152457622118171,
      2.5026665875480716,
      0.8915962029018569,
      3.468595383061285
    ],
    [
      2.8401404303241153,
      0.17769836009581835,
      4.352733556572293,
      2.6660914527080064,
      3.149318863075394,
      2.050209878650224,
      2.911549300938888,
      -0.11150902001523749,
      2.1218271798812443,
      -0.14849889899348723,
      3.0449590282706,
      5.042057622118171,
      2.573066587548072,
      0.6419962029018565,
      3.6397953830612852
    ],
    [
      3.6363004303241158,
      0.22249836009581844,
      4.202973556572292,
      3.389931452708007,
      2.6129988630753935,
      2.473249878650224,
      3.572029300938888,
      -0.09358902001523763,
      1.2469471798812437,
      -0.046098898993487306,
      2.8446390282706,
      4.974217622118171,
      2.8245865875480716,
      0.09863620290185593,
      3.9431553830612858
    ],
    [
      3.2055804303241153,
      -0.18966163990418158,
      4.190813556572293,
      3.1672114527080066,
      3.0385988630753937,
      3.0230098786502246,
      3.274429300938888,
      0.773610979984763,
      0.8738271798812434,
      0.13054110100651295,
      3.4871990282706,
      5.550857622118171,
      3.6437865875480715,
      -0.05816379709814401,
      4.560755383061287
    ],
    [
      3.1531004303241152,
      0.015138360095818704,
      3.7645735565722926,
      3.997931452708007,
      3.779078863075394,
      3.531809878650225,
      2.892349300938888,
      0.6628909799847629,
      1.2987871798812438,
      0.24958110100651293,
      2.4171190282705997,
      5.11053762211817,
      3.7596265875480714,
      0.48263620290185627,
      4.823155383061287
    ],
    [
      3.069580430324115,
      -0.4347816399041815,
      4.089693556572293,
      3.3342514527080067,
      3.891398863075394,
      4.110369878650226,
      2.6536293009388876,
      0.0398509799847625,
      0.9803871798812437,
      0.11678110100651287,
      2.5892790282705995,
      4.83501762211817,
      3.9753065875480713,
      0.5591162029018564,
      4.5914753830612876
    ],
    [
      2.9991804303241154,
      -0.02998163990418129,
      3.5364135565722923,
      3.325931452708007,
      4.099078863075394,
      3.4543698786502253,
      2.8641893009388877,
      0.29425097998476263,
      1.4738271798812441,
      -0.21409889899348758,
      2.8846390282706,
      5.18445762211817,
      3.0505065875480706,
      0.5731962029018565,
      4.316915383061287
    ],
    [
      3.2423804303241153,
      -0.29878163990418144,
      3.101213556572292,
      3.607531452708007,
      3.5358788630753937,
      3.8511698786502255,
      3.1457893009388878,
      -0.43534902001523784,
      1.2434271798812437,
      0.15710110100651267,
      3.1790390282706,
      5.5300576221181705,
      2.794506587548071,
      0.4963962029018565,
      4.406515383061287
    ],
    [
      2.0663804303241147,
      0.5680983600958192,
      3.4871335565722923,
      3.500011452708007,
      3.2680388630753936,
      3.4028498786502253,
      3.081469300938888,
      -0.3249490200152378,
      0.7672671798812434,
      0.2579011010065126,
      3.5159990282706,
      5.899657622118171,
      2.5247465875480706,
      0.1920762029018565,
      4.251955383061287
    ],
    [
      2.653900430324115,
      0.20585836009581904,
      3.5261735565722923,
      3.6024114527080067,
      2.4955588630753933,
      3.1692498786502252,
      3.436029300938888,
      -0.028629020015237705,
      0.6642271798812436,
      0.05566110100651256,
      3.1019190282705997,
      5.776137622118171,
      2.6847465875480707,
      0.49159620290185685,
      4.403635383061287
    ],
    [
      2.6884604303241155,
      0.23401836009581908,
      3.4615335565722924,
      3.3643314527080066,
      3.0363588630753937,
      3.063649878650225,
      3.766909300938888,
      0.15633097998476234,
      0.5560671798812435,
      -0.10817889899348762,
      3.2663990282706,
      5.847177622118171,
      3.2869865875480713,
      0.38663620290185696,
      3.990195383061287
    ],
    [
      3.066060430324116,
      0.32809836009581894,
      3.948573556572293,
      3.833451452708007,
      3.045958863075394,
      3.041889878650225,
      3.1320293009388878,
      0.45649097998476273,
      0.2111071798812434,
      0.5926211010065126,
      3.0769590282705996,
      6.336137622118171,
      3.086666587548071,
      -0.24248379709814338,
      3.937715383061287
    ],
    [
      2.4484604303241158,
      -0.8059816399041817,
      3.4871335565722927,
      3.585771452708007,
      2.859078863075394,
      2.9586898786502247,
      2.5579493009388874,
      0.30033097998476255,
      0.5727071798812434,
      -0.04481889899348812,
      3.5787190282705996,
      5.9642976221181705,
      2.877386587548071,
      0.1818362029018567,
      3.704755383061287
    ],
    [
      3.133900430324116,
      0.09577836009581919,
      3.0250535565722925,
      3.2395314527080066,
      3.1662788630753944,
      2.8863698786502248,
      3.830909300938888,
      -0.5463890200152383,
      0.9701471798812439,
      -0.3366588989934884,
      3.5319990282705995,
      6.236297622118171,
      2.284746587548071,
      0.46343620290185694,
      3.9927553830612874
    ],
    [
      3.403340430324116,
      -0.343581639904181,
      3.221213556572293,
      3.2510514527080066,
      3.4392388630753947,
      2.859489878650225,
      2.955389300938888,
      -0.5115090200152382,
      0.8815071798812438,
      0.1686211010065118,
      3.3716790282705995,
      6.428937622118171,
      2.286666587548071,
      0.5267962029018569,
      4.4084353830612875
    ]
  ],
  "cost_vals": [],
  "step_size": 0.1,
  "opt_step_times": [
    0.2172868251800537,
    0.14613604545593262,
    0.14485502243041992,
    0.1416471004486084,
    0.1433858871459961,
    0.15384697914123535,
    0.14293885231018066,
    0.14974308013916016,
    0.15529274940490723,
    0.15703296661376953,
    0.1427021026611328,
    0.14410805702209473,
    0.14912891387939453,
    0.1393260955810547,
    0.1390678882598877,
    0.20600485801696777,
    0.1395399570465088,
    0.1370558738708496,
    0.1442410945892334,
    0.13822102546691895
  ],
  "opt_settings": [
    3.403340430324116,
    -0.343581639904181,
    3.221213556572293,
    3.2510514527080066,
    3.4392388630753947,
    2.859489878650225,
    2.955389300938888,
    -0.5115090200152382,
    0.8815071798812438,
    0.1686211010065118,
    3.3716790282705995,
    6.428937622118171,
    2.286666587548071,
    0.5267962029018569,
    4.4084353830612875
  ],
  "min_cost": null,
  "datetime": "2023-05-30T16-36-28Z",
  "step_only": true,
  "ibm_device": "default.qubit",
  "shots": 10,
  "prep_node_name": "5-qubit_ghz_state",
  "num_qubits": 5,
  "error": false,
  "cov_mats": [
    [
      [
        0.84,
        -0.04000000000000001,
        0.15999999999999998,
        0.04000000000000001,
        0.36
      ],
      [
        -0.04000000000000001,
        0.8400000000000001,
        -0.5599999999999999,
        -0.44000000000000017,
        -0.36
      ],
      [
        0.15999999999999998,
        -0.5599999999999999,
        0.6399999999999999,
        0.1600000000000001,
        0.24000000000000002
      ],
      [
        0.04000000000000001,
        -0.44000000000000017,
        0.1600000000000001,
        0.8400000000000001,
        0.36
      ],
      [
        0.36,
        -0.36,
        0.24000000000000002,
        0.36,
        0.8400000000000001
      ]
    ],
    [
      [
        0.6399999999999999,
        -0.07999999999999996,
        -0.08000000000000007,
        -0.16000000000000003,
        -0.07999999999999996
      ],
      [
        -0.07999999999999996,
        0.96,
        -0.23999999999999996,
        -0.07999999999999999,
        0.16000000000000003
      ],
      [
        -0.08000000000000007,
        -0.23999999999999996,
        0.36,
        0.32,
        0.15999999999999998
      ],
      [
        -0.16000000000000003,
        -0.07999999999999999,
        0.32,
        0.6399999999999999,
        0.32
      ],
      [
        -0.07999999999999996,
        0.16000000000000003,
        0.15999999999999998,
        0.32,
        0.96
      ]
    ],
    [
      [
        0.96,
        0.07999999999999993,
        0.32000000000000006,
        0.32,
        0.07999999999999997
      ],
      [
        0.07999999999999993,
        0.6399999999999999,
        0.16000000000000003,
        -0.24000000000000005,
        -0.16000000000000003
      ],
      [
        0.32000000000000006,
        0.16000000000000003,
        0.6399999999999999,
        0.24000000000000005,
        0.16000000000000003
      ],
      [
        0.32,
        -0.24000000000000005,
        0.24000000000000005,
        0.8400000000000001,
        0.56
      ],
      [
        0.07999999999999997,
        -0.16000000000000003,
        0.16000000000000003,
        0.56,
        0.6400000000000001
      ]
    ],
    [
      [
        0.84,
        -0.48000000000000004,
        0.08000000000000006,
        0.19999999999999998,
        -0.19999999999999998
      ],
      [
        -0.48000000000000004,
        0.96,
        -0.56,
        -0.8,
        0.0
      ],
      [
        0.08000000000000006,
        -0.56,
        0.96,
        0.8,
        -0.4
      ],
      [
        0.19999999999999998,
        -0.8,
        0.8,
        1.0,
        -0.20000000000000007
      ],
      [
        -0.19999999999999998,
        0.0,
        -0.4,
        -0.20000000000000007,
        1.0
      ]
    ],
    [
      [
        0.96,
        -0.4,
        0.4,
        0.24000000000000007,
        -0.16
      ],
      [
        -0.4,
        1.0,
        -1.0,
        -0.8,
        0.0
      ],
      [
        0.4,
        -1.0,
        1.0,
        0.8,
        0.0
      ],
      [
        0.24000000000000007,
        -0.8,
        0.8,
        0.96,
        0.16
      ],
      [
        -0.16,
        0.0,
        0.0,
        0.16,
        0.96
      ]
    ],
    [
      [
        0.96,
        -0.48,
        0.48,
        0.48,
        0.8
      ],
      [
        -0.48,
        0.6399999999999999,
        -0.6399999999999999,
        -0.6399999999999999,
        -0.39999999999999997
      ],
      [
        0.48,
        -0.6399999999999999,
        0.6399999999999999,
        0.6399999999999999,
        0.39999999999999997
      ],
      [
        0.48,
        -0.6399999999999999,
        0.6399999999999999,
        0.6399999999999999,
        0.39999999999999997
      ],
      [
        0.8,
        -0.39999999999999997,
        0.39999999999999997,
        0.39999999999999997,
        1.0
      ]
    ],
    [
      [
        1.0,
        -0.6000000000000001,
        0.6000000000000001,
        0.6000000000000001,
        -5.551115123125783e-17
      ],
      [
        -0.6000000000000001,
        1.0,
        -1.0,
        -1.0,
        -0.4000000000000001
      ],
      [
        0.6000000000000001,
        -1.0,
        1.0,
        1.0,
        0.4000000000000001
      ],
      [
        0.6000000000000001,
        -1.0,
        1.0,
        1.0,
        0.4000000000000001
      ],
      [
        -5.551115123125783e-17,
        -0.4000000000000001,
        0.4000000000000001,
        0.4000000000000001,
        0.96
      ]
    ],
    [
      [
        0.6400000000000001,
        0.0,
        0.6400000000000001,
        0.6400000000000001,
        0.5600000000000002
      ],
      [
        0.0,
        0.0,
        0.0,
        0.0,
        0.0
      ],
      [
        0.6400000000000001,
        0.0,
        0.6400000000000001,
        0.6400000000000001,
        0.5600000000000002
      ],
      [
        0.6400000000000001,
        0.0,
        0.6400000000000001,
        0.6400000000000001,
        0.5600000000000002
      ],
      [
        0.5600000000000002,
        0.0,
        0.5600000000000002,
        0.5600000000000002,
        0.8400000000000001
      ]
    ],
    [
      [
        0.8400000000000001,
        -0.6,
        0.7200000000000001,
        0.8400000000000001,
        0.7200000000000001
      ],
      [
        -0.6,
        1.0,
        -0.8,
        -0.6,
        -0.4
      ],
      [
        0.7200000000000001,
        -0.8,
        0.96,
        0.72,
        0.56
      ],
      [
        0.8400000000000001,
        -0.6,
        0.72,
        0.8400000000000001,
        0.7200000000000001
      ],
      [
        0.7200000000000001,
        -0.4,
        0.56,
        0.7200000000000001,
        0.96
      ]
    ],
    [
      [
        0.8400000000000001,
        -0.8400000000000001,
        0.6,
        0.8400000000000001,
        0.72
      ],
      [
        -0.8400000000000001,
        0.8400000000000001,
        -0.6,
        -0.8400000000000001,
        -0.72
      ],
      [
        0.6,
        -0.6,
        1.0,
        0.6,
        0.4
      ],
      [
        0.8400000000000001,
        -0.8400000000000001,
        0.6,
        0.8400000000000001,
        0.72
      ],
      [
        0.72,
        -0.72,
        0.4,
        0.72,
        0.96
      ]
    ],
    [
      [
        0.8400000000000001,
        -0.4800000000000001,
        0.8400000000000001,
        0.32000000000000006,
        0.6000000000000001
      ],
      [
        -0.4800000000000001,
        0.96,
        -0.4800000000000001,
        0.16,
        -5.551115123125783e-17
      ],
      [
        0.8400000000000001,
        -0.4800000000000001,
        0.8400000000000001,
        0.32000000000000006,
        0.6000000000000001
      ],
      [
        0.32000000000000006,
        0.16,
        0.32000000000000006,
        0.96,
        0.4
      ],
      [
        0.6000000000000001,
        -5.551115123125783e-17,
        0.6000000000000001,
        0.4,
        1.0
      ]
    ],
    [
      [
        0.6399999999999999,
        -0.31999999999999995,
        0.6399999999999999,
        0.6399999999999999,
        0.48
      ],
      [
        -0.31999999999999995,
        0.3599999999999999,
        -0.31999999999999995,
        -0.31999999999999995,
        -0.23999999999999994
      ],
      [
        0.6399999999999999,
        -0.31999999999999995,
        0.6399999999999999,
        0.6399999999999999,
        0.48
      ],
      [
        0.6399999999999999,
        -0.31999999999999995,
        0.6399999999999999,
        0.6399999999999999,
        0.48
      ],
      [
        0.48,
        -0.23999999999999994,
        0.48,
        0.48,
        0.96
      ]
    ],
    [
      [
        1.0,
        -0.20000000000000007,
        0.8,
        0.8,
        0.8
      ],
      [
        -0.20000000000000007,
        0.8400000000000001,
        0.07999999999999993,
        -0.08000000000000004,
        -0.08000000000000004
      ],
      [
        0.8,
        0.07999999999999993,
        0.96,
        0.6400000000000001,
        0.6400000000000001
      ],
      [
        0.8,
        -0.08000000000000004,
        0.6400000000000001,
        0.96,
        0.56
      ],
      [
        0.8,
        -0.08000000000000004,
        0.6400000000000001,
        0.56,
        0.96
      ]
    ],
    [
      [
        0.8400000000000001,
        -0.7200000000000001,
        0.6,
        0.8400000000000001,
        0.7200000000000001
      ],
      [
        -0.7200000000000001,
        0.96,
        -0.8,
        -0.72,
        -0.56
      ],
      [
        0.6,
        -0.8,
        1.0,
        0.6,
        0.4
      ],
      [
        0.8400000000000001,
        -0.72,
        0.6,
        0.8400000000000001,
        0.7200000000000001
      ],
      [
        0.7200000000000001,
        -0.56,
        0.4,
        0.7200000000000001,
        0.96
      ]
    ],
    [
      [
        1.0,
        -0.6000000000000001,
        0.4,
        0.4000000000000001,
        0.2
      ],
      [
        -0.6000000000000001,
        0.8400000000000001,
        -0.48000000000000004,
        -0.7200000000000002,
        -0.44000000000000017
      ],
      [
        0.4,
        -0.48000000000000004,
        0.96,
        0.6400000000000001,
        0.48000000000000004
      ],
      [
        0.4000000000000001,
        -0.7200000000000002,
        0.6400000000000001,
        0.96,
        0.7200000000000002
      ],
      [
        0.2,
        -0.44000000000000017,
        0.48000000000000004,
        0.7200000000000002,
        0.8400000000000001
      ]
    ],
    [
      [
        0.6400000000000001,
        -0.5600000000000002,
        0.5600000000000002,
        0.5600000000000002,
        0.5600000000000002
      ],
      [
        -0.5600000000000002,
        0.8400000000000001,
        -0.8400000000000001,
        -0.8400000000000001,
        -0.44000000000000006
      ],
      [
        0.5600000000000002,
        -0.8400000000000001,
        0.8400000000000001,
        0.8400000000000001,
        0.44000000000000006
      ],
      [
        0.5600000000000002,
        -0.8400000000000001,
        0.8400000000000001,
        0.8400000000000001,
        0.44000000000000006
      ],
      [
        0.5600000000000002,
        -0.44000000000000006,
        0.44000000000000006,
        0.44000000000000006,
        0.8400000000000001
      ]
    ],
    [
      [
        0.84,
        -0.72,
        0.72,
        0.72,
        0.48
      ],
      [
        -0.72,
        0.96,
        -0.96,
        -0.96,
        -0.6400000000000001
      ],
      [
        0.72,
        -0.96,
        0.96,
        0.96,
        0.6400000000000001
      ],
      [
        0.72,
        -0.96,
        0.96,
        0.96,
        0.6400000000000001
      ],
      [
        0.48,
        -0.6400000000000001,
        0.6400000000000001,
        0.6400000000000001,
        0.96
      ]
    ],
    [
      [
        0.96,
        -0.8,
        0.96,
        0.56,
        0.96
      ],
      [
        -0.8,
        1.0,
        -0.8,
        -0.8,
        -0.8
      ],
      [
        0.96,
        -0.8,
        0.96,
        0.56,
        0.96
      ],
      [
        0.56,
        -0.8,
        0.56,
        0.96,
        0.56
      ],
      [
        0.96,
        -0.8,
        0.96,
        0.56,
        0.96
      ]
    ],
    [
      [
        0.96,
        -0.32000000000000006,
        0.07999999999999999,
        0.48,
        0.32000000000000006
      ],
      [
        -0.32000000000000006,
        0.8400000000000001,
        -0.16000000000000014,
        -0.56,
        -0.4400000000000001
      ],
      [
        0.07999999999999999,
        -0.16000000000000014,
        0.6399999999999999,
        0.24,
        0.56
      ],
      [
        0.48,
        -0.56,
        0.24,
        0.6399999999999999,
        0.56
      ],
      [
        0.32000000000000006,
        -0.4400000000000001,
        0.56,
        0.56,
        0.84
      ]
    ],
    [
      [
        0.96,
        -0.96,
        0.96,
        0.96,
        0.48
      ],
      [
        -0.96,
        0.96,
        -0.96,
        -0.96,
        -0.48
      ],
      [
        0.96,
        -0.96,
        0.96,
        0.96,
        0.48
      ],
      [
        0.96,
        -0.96,
        0.96,
        0.96,
        0.48
      ],
      [
        0.48,
        -0.48,
        0.48,
        0.48,
        0.8400000000000001
      ]
    ],
    [
      [
        1.0,
        -0.8,
        0.8,
        1.0,
        0.0
      ],
      [
        -0.8,
        0.96,
        -0.56,
        -0.8,
        -0.24000000000000002
      ],
      [
        0.8,
        -0.56,
        0.96,
        0.8,
        0.24000000000000002
      ],
      [
        1.0,
        -0.8,
        0.8,
        1.0,
        0.0
      ],
      [
        0.0,
        -0.24000000000000002,
        0.24000000000000002,
        0.0,
        0.96
      ]
    ]
  ]
}