{
  "settings_list": [
    [
      4.9853387299513106,
      4.969118903201035,
      0.08818308114025765,
      4.150736571688648,
      0.24585277388641147,
      4.880065545993601,
      1.4484878578962253,
      4.018411030969676,
      2.2840808411124383,
      0.1290279339707483,
      4.866079593962934,
      2.934304335440706,
      1.731760683146968,
      2.1966465733379517,
      4.625724578293631
    ],
    [
      5.023738729951311,
      4.733598903201035,
      0.09842308114025765,
      4.387536571688647,
      0.2932127738864115,
      4.8736655459936005,
      1.5496078578962253,
      4.091371030969676,
      2.3583208411124383,
      0.027907933970748255,
      4.987679593962934,
      2.965024335440706,
      1.584560683146968,
      2.0891265733379516,
      4.63596457829363
    ],
    [
      4.8938187299513105,
      4.764958903201035,
      -0.17613691885974248,
      4.399696571688647,
      0.07241277388641149,
      5.002945545993601,
      1.6884878578962255,
      4.031851030969676,
      2.1740008411124383,
      -0.09561206602925178,
      5.179039593962934,
      2.927904335440706,
      1.573040683146968,
      1.8011265733379516,
      4.5758045782936305
    ],
    [
      4.895098729951311,
      4.611998903201035,
      -0.04493691885974241,
      4.408656571688647,
      0.20681277388641153,
      4.990785545993601,
      1.7627278578962255,
      4.076011030969676,
      2.2207208411124384,
      -0.019452066029251744,
      5.3780795939629344,
      2.873504335440706,
      1.5602406831469682,
      1.8772865733379516,
      4.5393245782936305
    ],
    [
      4.965498729951311,
      4.828318903201035,
      -0.027656918859742422,
      4.249296571688647,
      0.25225277388641154,
      4.911425545993601,
      1.7582478578962255,
      4.177771030969676,
      2.2482408411124384,
      0.1699879339707483,
      5.355679593962934,
      2.790944335440706,
      1.5391206831469681,
      1.9310465733379516,
      4.678204578293631
    ],
    [
      4.762298729951311,
      4.8091189032010355,
      -0.1300569188597425,
      4.162896571688647,
      0.18505277388641148,
      4.948225545993601,
      1.6878478578962255,
      4.185771030969676,
      2.1394408411124384,
      0.04358793397074823,
      5.502879593962934,
      2.9413443354407063,
      1.543920683146968,
      1.9342465733379517,
      4.564604578293631
    ],
    [
      4.593978729951312,
      4.854558903201036,
      -0.08141691885974245,
      4.1654565716886465,
      0.10697277388641148,
      5.078785545993601,
      1.7947278578962256,
      4.498731030969676,
      2.2322408411124384,
      -0.032572066029251806,
      5.316639593962934,
      3.0360643354407064,
      1.4063206831469681,
      2.0078465733379516,
      4.561404578293631
    ],
    [
      4.731578729951312,
      4.900638903201036,
      -0.11661691885974249,
      3.9158565716886464,
      0.14665277388641146,
      4.872705545993601,
      1.8171278578962256,
      4.533931030969676,
      2.3173608411124382,
      0.14854793397074825,
      5.331359593962934,
      3.106464335440706,
      1.3180006831469682,
      2.0244865733379513,
      4.517884578293631
    ],
    [
      4.590778729951312,
      4.869918903201036,
      -0.15437691885974247,
      3.6665765716886463,
      0.03593277388641143,
      4.744065545993601,
      1.7371278578962255,
      4.305451030969675,
      2.235440841112438,
      0.04518793397074826,
      5.305439593962934,
      3.4162243354407065,
      1.285040683146968,
      1.9873665733379513,
      4.555004578293631
    ],
    [
      4.532858729951312,
      4.681758903201036,
      -0.10669691885974235,
      3.7635365716886464,
      -0.013667226113588539,
      4.602305545993601,
      1.9889678578962255,
      4.404011030969675,
      2.3551208411124382,
      -0.12857206602925186,
      5.504799593962934,
      3.3023043354407062,
      1.194480683146968,
      1.9304065733379512,
      4.619004578293631
    ],
    [
      4.546298729951312,
      4.665118903201036,
      -0.30893691885974234,
      3.5702565716886463,
      0.08361277388641145,
      4.680385545993601,
      2.1592078578962255,
      4.161451030969675,
      2.4044008411124382,
      0.1466279339707482,
      5.807519593962934,
      3.2690243354407063,
      1.217520683146968,
      2.012326573337951,
      4.464124578293631
    ],
    [
      4.498298729951312,
      4.7195189032010365,
      -0.19053691885974233,
      3.4198565716886464,
      0.07721277388641135,
      4.661185545993601,
      2.1784078578962256,
      4.100651030969675,
      2.5548008411124385,
      0.1466279339707482,
      5.829919593962934,
      3.313824335440706,
      1.5119206831469683,
      1.9611265733379513,
      4.448124578293631
    ],
    [
      4.403578729951312,
      4.475038903201036,
      -0.04845691885974229,
      3.4070565716886465,
      0.000412773886411269,
      4.736705545993601,
      2.282087857896226,
      4.180011030969675,
      2.5330408411124385,
      0.03398793397074816,
      6.033439593962934,
      3.5608643354407064,
      1.5272806831469683,
      2.0699265733379515,
      4.34828457829363
    ],
    [
      4.331258729951313,
      4.860318903201036,
      0.37010308114025764,
      3.6592165716886464,
      -0.13654722611358877,
      4.811265545993601,
      2.228007857896226,
      4.264171030969675,
      2.916080841112439,
      0.16710793397074813,
      5.7972795939629345,
      4.092704335440707,
      1.4418406831469681,
      2.1844865733379515,
      4.206524578293631
    ],
    [
      4.545018729951313,
      4.504798903201036,
      0.1966630811402577,
      3.3859365716886467,
      -0.2815072261135889,
      4.641665545993601,
      2.356007857896226,
      4.002731030969675,
      2.947440841112439,
      0.22374793397074827,
      5.997919593962934,
      3.8200643354407067,
      1.3138406831469682,
      2.1940865733379518,
      3.9377245782936305
    ],
    [
      4.550778729951314,
      4.653278903201036,
      0.4398630811402578,
      3.2668965716886467,
      0.06281277388641127,
      4.5904655459936015,
      2.624807857896226,
      3.5323310309696745,
      2.955760841112439,
      0.13734793397074824,
      6.065759593962935,
      4.088224335440707,
      1.043120683146968,
      1.929126573337952,
      4.070844578293631
    ],
    [
      4.856378729951314,
      4.981278903201036,
      0.4446630811402577,
      3.567696571688647,
      -0.0955872261135888,
      4.676865545993602,
      3.128807857896226,
      3.674731030969675,
      2.675760841112439,
      -0.006652066029251752,
      6.744159593962935,
      3.8882243354407064,
      0.6367206831469678,
      2.071526573337952,
      4.290044578293631
    ],
    [
      4.689978729951314,
      4.690078903201036,
      0.6030630811402578,
      3.2028965716886466,
      -0.03478722611358881,
      4.692865545993602,
      3.2360078578962264,
      3.351531030969675,
      2.619760841112439,
      0.12454793397074831,
      6.619359593962934,
      4.014624335440707,
      0.5903206831469678,
      2.3003265733379523,
      4.610044578293631
    ],
    [
      4.6970187299513135,
      4.557278903201036,
      0.26002308114025763,
      3.4156965716886467,
      0.014492773886411181,
      4.917185545993602,
      3.2312078578962264,
      3.1617710309696747,
      2.542960841112439,
      -0.14521206602925185,
      6.103519593962934,
      3.962784335440707,
      0.5554406831469679,
      2.935846573337953,
      4.408764578293631
    ],
    [
      4.333498729951313,
      4.682398903201036,
      0.1896230811402577,
      3.009616571688647,
      -0.021987226113588797,
      5.064385545993603,
      3.580647857896227,
      2.774891030969674,
      2.585200841112439,
      -0.01881206602925173,
      6.355999593962935,
      3.893664335440707,
      0.2988006831469678,
      2.873126573337953,
      4.422844578293631
    ],
    [
      4.5734987299513135,
      4.986398903201036,
      0.12562308114025783,
      2.993616571688647,
      0.21801277388641124,
      4.952385545993603,
      3.020647857896227,
      3.270891030969674,
      2.969200841112439,
      0.07718793397074823,
      6.195999593962934,
      3.925664335440707,
      0.45880068314696787,
      3.2251265733379535,
      4.150844578293631
    ]
  ],
  "cost_vals": [],
  "step_size": 0.1,
  "opt_step_times": [
    0.21360993385314941,
    0.16244196891784668,
    0.1704111099243164,
    0.1462090015411377,
    0.15737700462341309,
    0.1448967456817627,
    0.14370489120483398,
    0.18789410591125488,
    0.13350820541381836,
    0.1334819793701172,
    0.13668394088745117,
    0.13666105270385742,
    0.14022088050842285,
    0.15339112281799316,
    0.14486312866210938,
    0.20452308654785156,
    0.14330005645751953,
    0.1430656909942627,
    0.15384387969970703,
    0.206010103225708
  ],
  "opt_settings": [
    4.5734987299513135,
    4.986398903201036,
    0.12562308114025783,
    2.993616571688647,
    0.21801277388641124,
    4.952385545993603,
    3.020647857896227,
    3.270891030969674,
    2.969200841112439,
    0.07718793397074823,
    6.195999593962934,
    3.925664335440707,
    0.45880068314696787,
    3.2251265733379535,
    4.150844578293631
  ],
  "min_cost": null,
  "datetime": "2023-05-30T16-39-42Z",
  "step_only": true,
  "ibm_device": "default.qubit",
  "shots": 10,
  "prep_node_name": "5-qubit_ghz_state",
  "num_qubits": 5,
  "error": false,
  "cov_mats": [
    [
      [
        0.96,
        -0.6400000000000001,
        0.24000000000000013,
        -0.23999999999999994,
        0.56
      ],
      [
        -0.6400000000000001,
        0.96,
        0.24000000000000002,
        0.1600000000000001,
        -0.6400000000000001
      ],
      [
        0.24000000000000013,
        0.24000000000000002,
        0.96,
        -0.1600000000000001,
        -0.16
      ],
      [
        -0.23999999999999994,
        0.1600000000000001,
        -0.1600000000000001,
        0.36,
        0.16000000000000003
      ],
      [
        0.56,
        -0.6400000000000001,
        -0.16,
        0.16000000000000003,
        0.96
      ]
    ],
    [
      [
        0.96,
        0.07999999999999993,
        -0.15999999999999998,
        0.24000000000000005,
        0.08000000000000004
      ],
      [
        0.07999999999999993,
        0.6399999999999999,
        -0.48000000000000004,
        -0.07999999999999996,
        0.24000000000000005
      ],
      [
        -0.15999999999999998,
        -0.48000000000000004,
        0.96,
        -0.24000000000000005,
        -0.48000000000000004
      ],
      [
        0.24000000000000005,
        -0.07999999999999996,
        -0.24000000000000005,
        0.96,
        -0.48
      ],
      [
        0.08000000000000004,
        0.24000000000000005,
        -0.48000000000000004,
        -0.48,
        0.8400000000000001
      ]
    ],
    [
      [
        1.0,
        -0.6,
        0.0,
        -0.20000000000000007,
        -0.19999999999999996
      ],
      [
        -0.6,
        0.8400000000000001,
        0.23999999999999994,
        -0.36,
        0.11999999999999994
      ],
      [
        0.0,
        0.23999999999999994,
        0.6400000000000001,
        -0.1600000000000001,
        0.32000000000000006
      ],
      [
        -0.20000000000000007,
        -0.36,
        -0.1600000000000001,
        0.8400000000000001,
        0.11999999999999994
      ],
      [
        -0.19999999999999996,
        0.11999999999999994,
        0.32000000000000006,
        0.11999999999999994,
        0.36
      ]
    ],
    [
      [
        0.96,
        -0.24000000000000007,
        0.15999999999999998,
        -0.16,
        0.24000000000000005
      ],
      [
        -0.24000000000000007,
        0.96,
        0.15999999999999998,
        -0.16,
        -0.16
      ],
      [
        0.15999999999999998,
        0.15999999999999998,
        0.96,
        -0.16,
        -0.16
      ],
      [
        -0.16,
        -0.16,
        -0.16,
        0.96,
        0.16000000000000003
      ],
      [
        0.24000000000000005,
        -0.16,
        -0.16,
        0.16000000000000003,
        0.96
      ]
    ],
    [
      [
        0.8400000000000001,
        0.08000000000000004,
        -0.32000000000000006,
        -0.32000000000000006,
        0.07999999999999999
      ],
      [
        0.08000000000000004,
        0.96,
        0.16,
        0.16,
        0.16
      ],
      [
        -0.32000000000000006,
        0.16,
        0.96,
        0.16000000000000003,
        -0.24000000000000002
      ],
      [
        -0.32000000000000006,
        0.16,
        0.16000000000000003,
        0.96,
        -0.24000000000000002
      ],
      [
        0.07999999999999999,
        0.16,
        -0.24000000000000002,
        -0.24000000000000002,
        0.96
      ]
    ],
    [
      [
        0.96,
        0.24000000000000007,
        0.15999999999999998,
        0.24000000000000007,
        0.56
      ],
      [
        0.24000000000000007,
        0.96,
        0.24000000000000007,
        -0.24000000000000007,
        0.24000000000000007
      ],
      [
        0.15999999999999998,
        0.24000000000000007,
        0.96,
        -0.15999999999999998,
        -0.24000000000000007
      ],
      [
        0.24000000000000007,
        -0.24000000000000007,
        -0.15999999999999998,
        0.96,
        0.24000000000000007
      ],
      [
        0.56,
        0.24000000000000007,
        -0.24000000000000007,
        0.24000000000000007,
        0.96
      ]
    ],
    [
      [
        0.8400000000000001,
        -0.08000000000000004,
        -0.32,
        -0.32000000000000006,
        -0.04000000000000006
      ],
      [
        -0.08000000000000004,
        0.96,
        -0.15999999999999998,
        -0.16,
        0.08000000000000004
      ],
      [
        -0.32,
        -0.15999999999999998,
        0.96,
        0.56,
        -0.08000000000000004
      ],
      [
        -0.32000000000000006,
        -0.16,
        0.56,
        0.96,
        -0.07999999999999999
      ],
      [
        -0.04000000000000006,
        0.08000000000000004,
        -0.08000000000000004,
        -0.07999999999999999,
        0.8400000000000001
      ]
    ],
    [
      [
        0.96,
        0.0,
        -0.08000000000000004,
        0.0,
        0.0
      ],
      [
        0.0,
        1.0,
        -0.2,
        -0.6000000000000001,
        -0.20000000000000007
      ],
      [
        -0.08000000000000004,
        -0.2,
        0.8400000000000001,
        0.19999999999999998,
        0.19999999999999998
      ],
      [
        0.0,
        -0.6000000000000001,
        0.19999999999999998,
        1.0,
        0.20000000000000007
      ],
      [
        0.0,
        -0.20000000000000007,
        0.19999999999999998,
        0.20000000000000007,
        1.0
      ]
    ],
    [
      [
        0.84,
        -0.08000000000000006,
        -0.48000000000000004,
        0.19999999999999998,
        -0.19999999999999998
      ],
      [
        -0.08000000000000006,
        0.96,
        -0.6400000000000001,
        -0.4,
        -0.4
      ],
      [
        -0.48000000000000004,
        -0.6400000000000001,
        0.96,
        0.0,
        0.8
      ],
      [
        0.19999999999999998,
        -0.4,
        0.0,
        1.0,
        -0.20000000000000007
      ],
      [
        -0.19999999999999998,
        -0.4,
        0.8,
        -0.20000000000000007,
        1.0
      ]
    ],
    [
      [
        0.84,
        -0.04000000000000001,
        0.19999999999999998,
        -0.08000000000000002,
        -0.24000000000000002
      ],
      [
        -0.04000000000000001,
        0.8400000000000001,
        -0.19999999999999998,
        -0.32000000000000006,
        0.23999999999999994
      ],
      [
        0.19999999999999998,
        -0.19999999999999998,
        1.0,
        0.0,
        0.0
      ],
      [
        -0.08000000000000002,
        -0.32000000000000006,
        0.0,
        0.96,
        -0.31999999999999995
      ],
      [
        -0.24000000000000002,
        0.23999999999999994,
        0.0,
        -0.31999999999999995,
        0.6400000000000001
      ]
    ],
    [
      [
        0.3599999999999999,
        -0.08000000000000002,
        0.16,
        0.08000000000000002,
        -0.16
      ],
      [
        -0.08000000000000002,
        0.6400000000000001,
        -0.48000000000000004,
        -0.6400000000000001,
        0.08000000000000002
      ],
      [
        0.16,
        -0.48000000000000004,
        0.96,
        0.48000000000000004,
        -0.16000000000000003
      ],
      [
        0.08000000000000002,
        -0.6400000000000001,
        0.48000000000000004,
        0.6400000000000001,
        -0.08000000000000002
      ],
      [
        -0.16,
        0.08000000000000002,
        -0.16000000000000003,
        -0.08000000000000002,
        0.96
      ]
    ],
    [
      [
        0.6399999999999999,
        0.16000000000000003,
        -0.07999999999999996,
        -0.24000000000000005,
        -0.07999999999999996
      ],
      [
        0.16000000000000003,
        0.6399999999999999,
        -0.32,
        -0.56,
        0.07999999999999996
      ],
      [
        -0.07999999999999996,
        -0.32,
        0.96,
        0.07999999999999999,
        0.16000000000000003
      ],
      [
        -0.24000000000000005,
        -0.56,
        0.07999999999999999,
        0.8400000000000001,
        0.07999999999999999
      ],
      [
        -0.07999999999999996,
        0.07999999999999996,
        0.16000000000000003,
        0.07999999999999999,
        0.96
      ]
    ],
    [
      [
        0.96,
        -0.32000000000000006,
        0.32000000000000006,
        0.32000000000000006,
        0.23999999999999996
      ],
      [
        -0.32000000000000006,
        0.8400000000000001,
        -0.8400000000000001,
        -0.8400000000000001,
        -0.48
      ],
      [
        0.32000000000000006,
        -0.8400000000000001,
        0.8400000000000001,
        0.8400000000000001,
        0.48
      ],
      [
        0.32000000000000006,
        -0.8400000000000001,
        0.8400000000000001,
        0.8400000000000001,
        0.48
      ],
      [
        0.23999999999999996,
        -0.48,
        0.48,
        0.48,
        0.96
      ]
    ],
    [
      [
        0.6399999999999999,
        0.24000000000000005,
        -0.24000000000000005,
        -0.24000000000000005,
        0.0
      ],
      [
        0.24000000000000005,
        0.8400000000000001,
        -0.44000000000000017,
        -0.8400000000000001,
        0.19999999999999998
      ],
      [
        -0.24000000000000005,
        -0.44000000000000017,
        0.8400000000000001,
        0.44000000000000017,
        0.19999999999999998
      ],
      [
        -0.24000000000000005,
        -0.8400000000000001,
        0.44000000000000017,
        0.8400000000000001,
        -0.19999999999999998
      ],
      [
        0.0,
        0.19999999999999998,
        0.19999999999999998,
        -0.19999999999999998,
        1.0
      ]
    ],
    [
      [
        1.0,
        0.4000000000000001,
        -0.20000000000000007,
        -0.20000000000000007,
        0.4000000000000001
      ],
      [
        0.4000000000000001,
        0.96,
        -0.4,
        -0.8,
        0.6400000000000001
      ],
      [
        -0.20000000000000007,
        -0.4,
        1.0,
        0.20000000000000007,
        -0.4000000000000001
      ],
      [
        -0.20000000000000007,
        -0.8,
        0.20000000000000007,
        1.0,
        -0.8
      ],
      [
        0.4000000000000001,
        0.6400000000000001,
        -0.4000000000000001,
        -0.8,
        0.96
      ]
    ],
    [
      [
        0.84,
        -0.19999999999999998,
        0.19999999999999998,
        0.19999999999999998,
        0.24000000000000002
      ],
      [
        -0.19999999999999998,
        1.0,
        -1.0,
        -1.0,
        0.39999999999999997
      ],
      [
        0.19999999999999998,
        -1.0,
        1.0,
        1.0,
        -0.39999999999999997
      ],
      [
        0.19999999999999998,
        -1.0,
        1.0,
        1.0,
        -0.39999999999999997
      ],
      [
        0.24000000000000002,
        0.39999999999999997,
        -0.39999999999999997,
        -0.39999999999999997,
        0.6400000000000001
      ]
    ],
    [
      [
        0.8400000000000001,
        -0.32000000000000006,
        0.6000000000000001,
        0.32000000000000006,
        -0.48000000000000004
      ],
      [
        -0.32000000000000006,
        0.96,
        -0.8,
        -0.96,
        0.6400000000000001
      ],
      [
        0.6000000000000001,
        -0.8,
        1.0,
        0.8,
        -0.8
      ],
      [
        0.32000000000000006,
        -0.96,
        0.8,
        0.96,
        -0.6400000000000001
      ],
      [
        -0.48000000000000004,
        0.6400000000000001,
        -0.8,
        -0.6400000000000001,
        0.96
      ]
    ],
    [
      [
        0.96,
        -0.23999999999999996,
        0.23999999999999996,
        0.23999999999999996,
        -0.5599999999999999
      ],
      [
        -0.23999999999999996,
        0.96,
        -0.96,
        -0.96,
        0.6400000000000001
      ],
      [
        0.23999999999999996,
        -0.96,
        0.96,
        0.96,
        -0.6400000000000001
      ],
      [
        0.23999999999999996,
        -0.96,
        0.96,
        0.96,
        -0.6400000000000001
      ],
      [
        -0.5599999999999999,
        0.6400000000000001,
        -0.6400000000000001,
        -0.6400000000000001,
        0.96
      ]
    ],
    [
      [
        0.96,
        0.0,
        0.0,
        0.0,
        0.0
      ],
      [
        0.0,
        1.0,
        -1.0,
        -1.0,
        1.0
      ],
      [
        0.0,
        -1.0,
        1.0,
        1.0,
        -1.0
      ],
      [
        0.0,
        -1.0,
        1.0,
        1.0,
        -1.0
      ],
      [
        0.0,
        1.0,
        -1.0,
        -1.0,
        1.0
      ]
    ],
    [
      [
        0.96,
        0.4,
        -0.4,
        -0.4,
        0.4
      ],
      [
        0.4,
        1.0,
        -1.0,
        -1.0,
        1.0
      ],
      [
        -0.4,
        -1.0,
        1.0,
        1.0,
        -1.0
      ],
      [
        -0.4,
        -1.0,
        1.0,
        1.0,
        -1.0
      ],
      [
        0.4,
        1.0,
        -1.0,
        -1.0,
        1.0
      ]
    ],
    [
      [
        0.96,
        0.15999999999999998,
        -0.15999999999999998,
        -0.15999999999999998,
        0.56
      ],
      [
        0.15999999999999998,
        0.96,
        -0.96,
        -0.96,
        0.56
      ],
      [
        -0.15999999999999998,
        -0.96,
        0.96,
        0.96,
        -0.56
      ],
      [
        -0.15999999999999998,
        -0.96,
        0.96,
        0.96,
        -0.56
      ],
      [
        0.56,
        0.56,
        -0.56,
        -0.56,
        0.96
      ]
    ]
  ]
}