{
  "settings_list": [
    [
      3.84477030973969,
      3.2831907862826597,
      0.4065930376434007,
      2.9989324870819303,
      5.540634008683528,
      5.115323351611258,
      2.3958901442286598,
      1.1632013324349229,
      1.8890672636958608,
      3.180647876745686,
      1.309680172661078,
      5.576164839929584,
      2.7480475891195297,
      0.3819959993283009,
      3.9735339318367475
    ],
    [
      3.36957030973969,
      3.14879078628266,
      0.5809930376434007,
      2.91253248708193,
      5.763034008683529,
      5.064123351611258,
      2.41829014422866,
      0.827201332434923,
      1.8570672636958607,
      3.0494478767456856,
      1.0136801726610778,
      5.164964839929584,
      3.1192475891195297,
      0.35959599932830094,
      4.304733931836748
    ],
    [
      3.42461030973969,
      3.34015078628266,
      0.025473037643400365,
      2.90869248708193,
      6.280154008683529,
      5.069243351611258,
      3.0518901442286603,
      0.36896133243492263,
      1.5530672636958607,
      2.9912078767456856,
      0.9138401726610775,
      6.185124839929585,
      3.63508758911953,
      0.06775599932830073,
      4.011613931836748
    ],
    [
      2.132450309739689,
      3.0771107862826597,
      1.1064330376434013,
      3.8226124870819307,
      7.123034008683529,
      4.804283351611257,
      3.4800501442286604,
      -0.36639866756507783,
      2.5130672636958615,
      2.417127876745685,
      -0.24391982733892348,
      6.576804839929585,
      2.9611675891195297,
      0.288555999328301,
      2.565853931836747
    ],
    [
      3.0108503097396895,
      3.21247078628266,
      0.9048330376434013,
      3.6245324870819307,
      6.036634008683529,
      5.164603351611257,
      3.3222901442286603,
      -0.08383866756507763,
      2.8045872636958618,
      2.7508878767456855,
      -0.4695198273389235,
      6.416164839929585,
      3.03252758911953,
      0.30775599932830106,
      1.8528939318367463
    ],
    [
      3.55933030973969,
      3.44383078628266,
      1.3861130376434019,
      3.14133248708193,
      6.264154008683529,
      5.227003351611256,
      3.48421014422866,
      0.43872133243492273,
      3.182827263695862,
      3.338407876745686,
      0.44056017266107683,
      6.271844839929584,
      2.83892758911953,
      -0.542164000671699,
      2.188893931836747
    ],
    [
      3.0242903097396896,
      2.4825507862826597,
      1.1301130376434019,
      3.7147724870819303,
      5.860954008683528,
      5.136123351611256,
      2.9734901442286596,
      -0.4291186675650779,
      3.221227263695862,
      3.101607876745686,
      -0.058639827338923645,
      6.125924839929584,
      2.36276758911953,
      0.28343599932830177,
      1.5028139318367462
    ],
    [
      3.2854103097396896,
      2.8511907862826598,
      0.838913037643402,
      2.98709248708193,
      6.090714008683528,
      5.019003351611256,
      2.9280501442286595,
      0.2422413324349224,
      3.0932272636958618,
      3.383207876745686,
      -0.27239982733892365,
      6.003684839929584,
      2.5720475891195296,
      0.3691959993283018,
      1.3492139318367462
    ],
    [
      2.8630103097396895,
      3.17119078628266,
      0.6046730376434019,
      3.26997248708193,
      6.107354008683528,
      5.269883351611257,
      2.382770144228659,
      -0.13279866756507763,
      3.0612272636958617,
      3.764647876745686,
      0.36376017266107685,
      6.035684839929584,
      3.33236758911953,
      -0.09032400067169855,
      1.6116139318367462
    ],
    [
      3.82301030973969,
      2.97919078628266,
      0.796673037643402,
      3.19317248708193,
      6.299354008683528,
      4.962683351611257,
      3.4195701442286595,
      -0.2479986675650776,
      3.1380272636958617,
      2.804647876745685,
      0.09496017266107637,
      5.651684839929584,
      2.79476758911953,
      -0.16712400067169866,
      0.8436139318367455
    ],
    [
      3.4054103097396893,
      3.64959078628266,
      0.10067303764340174,
      3.21237248708193,
      5.9953540086835275,
      4.503483351611257,
      3.0627701442286592,
      -0.5967986675650776,
      4.246827263695862,
      2.350247876745685,
      -0.5114398273389239,
      5.509284839929584,
      3.3947675891195304,
      -0.09032400067169852,
      1.6436139318367458
    ],
    [
      2.720610309739689,
      3.6399907862826604,
      0.3928330376434021,
      3.32917248708193,
      6.270234008683528,
      4.064123351611256,
      2.6282101442286594,
      -0.5199986675650778,
      3.6090672636958616,
      2.822567876745685,
      -0.534159827338924,
      4.897764839929584,
      3.3467675891195303,
      -0.5306440006716986,
      1.7639339318367455
    ],
    [
      2.474530309739689,
      2.64831078628266,
      0.3758730376434023,
      2.81653248708193,
      6.415834008683528,
      3.5505233516112558,
      2.9894901442286597,
      -0.10815866756507764,
      3.2858672636958612,
      2.9985678767456854,
      0.2687201726610766,
      5.042404839929584,
      3.3669275891195305,
      -0.3328840006716983,
      1.973853931836746
    ],
    [
      3.95293030973969,
      3.4489507862826603,
      -0.5476469623565984,
      3.6382924870819306,
      6.536794008683528,
      3.3258833516112554,
      2.7398901442286596,
      -0.6150386675650779,
      3.1629872636958614,
      2.341927876745685,
      0.09784017266107642,
      6.0696048399295845,
      3.764367589119531,
      -0.1735240006716985,
      2.2100139318367464
    ],
    [
      3.5350103097396897,
      3.45855078628266,
      -0.38252696235659844,
      3.2562124870819305,
      5.901914008683528,
      2.9399633516112553,
      2.9389301442286597,
      -0.8076786675650782,
      3.094507263695861,
      2.6356878767456853,
      0.007600172661076515,
      5.749604839929584,
      3.545487589119531,
      -0.1709640006716983,
      2.4352939318367466
    ],
    [
      2.231970309739689,
      3.32479078628266,
      -0.07788696235659825,
      2.39989248708193,
      6.927194008683529,
      2.594363351611255,
      2.1056501442286595,
      0.48960133243492265,
      3.093867263695861,
      3.022247876745686,
      -0.06727982733892358,
      6.219364839929584,
      3.626127589119531,
      -0.3719240006716985,
      1.5693739318367461
    ],
    [
      2.325410309739689,
      3.35487078628266,
      -0.2455669623565981,
      2.50741248708193,
      6.578394008683529,
      3.0174033516112555,
      2.0154101442286594,
      0.7161613324349226,
      3.272427263695861,
      3.009447876745686,
      0.07032017266107653,
      6.142564839929584,
      3.3547675891195308,
      -0.3930440006716984,
      1.590493931836746
    ],
    [
      2.9839703097396897,
      3.30239078628266,
      -0.410046962356598,
      2.81141248708193,
      6.367834008683529,
      3.2906833516112557,
      2.1664501442286594,
      0.9561613324349227,
      3.1553072636958612,
      2.979367876745686,
      0.12472017266107652,
      5.888484839929584,
      2.9790875891195303,
      -0.3757640006716984,
      1.621213931836746
    ],
    [
      2.85085030973969,
      2.9119907862826597,
      -0.374206962356598,
      3.35925248708193,
      5.557594008683528,
      3.307323351611256,
      2.94597014422866,
      0.4684813324349224,
      2.618987263695861,
      3.3326478767456864,
      0.30648017266107663,
      5.234404839929583,
      2.7614875891195303,
      -0.13640400067169856,
      1.0528939318367456
    ],
    [
      3.36541030973969,
      2.99775078628266,
      -0.8458869623565983,
      3.4376524870819303,
      6.258074008683528,
      2.9834833516112558,
      3.2573301442286606,
      0.06400133243492218,
      2.918827263695861,
      3.2942478767456866,
      -0.10375982733892353,
      5.234404839929583,
      3.0053275891195304,
      0.49495599932830203,
      1.0999339318367458
    ],
    [
      2.94589030973969,
      3.05311078628266,
      -1.4814069623565986,
      3.2552524870819304,
      6.126554008683528,
      4.223483351611256,
      3.975410144228661,
      -0.3084786675650779,
      2.671787263695861,
      3.8542478767456867,
      0.2575201726610767,
      4.987364839929583,
      3.0053275891195304,
      0.487275999328302,
      1.1332139318367458
    ]
  ],
  "cost_vals": [],
  "step_size": 0.1,
  "opt_step_times": [
    0.24437880516052246,
    0.12100791931152344,
    0.13272881507873535,
    0.12244367599487305,
    0.1203153133392334,
    0.1473388671875,
    0.12172913551330566,
    0.11903500556945801,
    0.11937618255615234,
    0.1189570426940918,
    0.12021994590759277,
    0.1179649829864502,
    0.11952400207519531,
    0.11972570419311523,
    0.12178397178649902,
    0.2043619155883789,
    0.12386894226074219,
    0.11974406242370605,
    0.12113785743713379,
    0.1253650188446045
  ],
  "opt_settings": [
    2.94589030973969,
    3.05311078628266,
    -1.4814069623565986,
    3.2552524870819304,
    6.126554008683528,
    4.223483351611256,
    3.975410144228661,
    -0.3084786675650779,
    2.671787263695861,
    3.8542478767456867,
    0.2575201726610767,
    4.987364839929583,
    3.0053275891195304,
    0.487275999328302,
    1.1332139318367458
  ],
  "min_cost": null,
  "datetime": "2023-05-30T16-33-31Z",
  "step_only": true,
  "ibm_device": "default.qubit",
  "shots": 10,
  "prep_node_name": "5-qubit_ghz_state",
  "num_qubits": 5,
  "error": false,
  "cov_mats": [
    [
      [
        1.0,
        -0.8,
        -0.2,
        -0.39999999999999997,
        -1.0
      ],
      [
        -0.8,
        0.96,
        0.4,
        0.4800000000000001,
        0.8
      ],
      [
        -0.2,
        0.4,
        1.0,
        0.0,
        0.2
      ],
      [
        -0.39999999999999997,
        0.4800000000000001,
        0.0,
        0.6399999999999999,
        0.39999999999999997
      ],
      [
        -1.0,
        0.8,
        0.2,
        0.39999999999999997,
        1.0
      ]
    ],
    [
      [
        1.0,
        -0.6000000000000001,
        -0.6000000000000001,
        0.20000000000000007,
        -0.6000000000000001
      ],
      [
        -0.6000000000000001,
        1.0,
        0.20000000000000007,
        -0.20000000000000007,
        0.2
      ],
      [
        -0.6000000000000001,
        0.20000000000000007,
        1.0,
        -0.20000000000000007,
        0.6000000000000001
      ],
      [
        0.20000000000000007,
        -0.20000000000000007,
        -0.20000000000000007,
        1.0,
        0.2
      ],
      [
        -0.6000000000000001,
        0.2,
        0.6000000000000001,
        0.2,
        0.8400000000000001
      ]
    ],
    [
      [
        0.96,
        -0.7200000000000001,
        -0.48000000000000004,
        -0.4,
        -0.56
      ],
      [
        -0.7200000000000001,
        0.84,
        0.56,
        0.6000000000000001,
        0.7200000000000001
      ],
      [
        -0.48000000000000004,
        0.56,
        0.6399999999999999,
        0.39999999999999997,
        0.48
      ],
      [
        -0.4,
        0.6000000000000001,
        0.39999999999999997,
        1.0,
        0.8
      ],
      [
        -0.56,
        0.7200000000000001,
        0.48,
        0.8,
        0.96
      ]
    ],
    [
      [
        0.6399999999999999,
        -0.48000000000000004,
        -0.39999999999999997,
        -0.07999999999999996,
        -0.39999999999999997
      ],
      [
        -0.48000000000000004,
        0.96,
        0.4,
        0.16,
        0.4
      ],
      [
        -0.39999999999999997,
        0.4,
        1.0,
        0.8,
        1.0
      ],
      [
        -0.07999999999999996,
        0.16,
        0.8,
        0.96,
        0.8
      ],
      [
        -0.39999999999999997,
        0.4,
        1.0,
        0.8,
        1.0
      ]
    ],
    [
      [
        1.0,
        -0.6000000000000001,
        -1.0,
        -0.8,
        -1.0
      ],
      [
        -0.6000000000000001,
        1.0,
        0.6000000000000001,
        0.8,
        0.6000000000000001
      ],
      [
        -1.0,
        0.6000000000000001,
        1.0,
        0.8,
        1.0
      ],
      [
        -0.8,
        0.8,
        0.8,
        0.96,
        0.8
      ],
      [
        -1.0,
        0.6000000000000001,
        1.0,
        0.8,
        1.0
      ]
    ],
    [
      [
        0.96,
        -0.96,
        -0.8,
        -0.96,
        -0.6400000000000001
      ],
      [
        -0.96,
        0.96,
        0.8,
        0.96,
        0.6400000000000001
      ],
      [
        -0.8,
        0.8,
        1.0,
        0.8,
        0.4
      ],
      [
        -0.96,
        0.96,
        0.8,
        0.96,
        0.6400000000000001
      ],
      [
        -0.6400000000000001,
        0.6400000000000001,
        0.4,
        0.6400000000000001,
        0.96
      ]
    ],
    [
      [
        0.8400000000000001,
        -0.6000000000000001,
        -0.44000000000000006,
        -0.7200000000000001,
        -0.32000000000000006
      ],
      [
        -0.6000000000000001,
        1.0,
        0.6000000000000001,
        0.8,
        0.4000000000000001
      ],
      [
        -0.44000000000000006,
        0.6000000000000001,
        0.8400000000000001,
        0.7200000000000001,
        0.7200000000000001
      ],
      [
        -0.7200000000000001,
        0.8,
        0.7200000000000001,
        0.96,
        0.56
      ],
      [
        -0.32000000000000006,
        0.4000000000000001,
        0.7200000000000001,
        0.56,
        0.96
      ]
    ],
    [
      [
        1.0,
        -1.0,
        -1.0,
        -1.0,
        -1.0
      ],
      [
        -1.0,
        1.0,
        1.0,
        1.0,
        1.0
      ],
      [
        -1.0,
        1.0,
        1.0,
        1.0,
        1.0
      ],
      [
        -1.0,
        1.0,
        1.0,
        1.0,
        1.0
      ],
      [
        -1.0,
        1.0,
        1.0,
        1.0,
        1.0
      ]
    ],
    [
      [
        0.8400000000000001,
        -0.56,
        -0.44000000000000006,
        -0.56,
        -0.8400000000000001
      ],
      [
        -0.56,
        0.6400000000000001,
        0.5600000000000002,
        0.24000000000000016,
        0.5600000000000002
      ],
      [
        -0.44000000000000006,
        0.5600000000000002,
        0.8400000000000001,
        0.16000000000000014,
        0.44000000000000006
      ],
      [
        -0.56,
        0.24000000000000016,
        0.16000000000000014,
        0.6400000000000001,
        0.5600000000000002
      ],
      [
        -0.8400000000000001,
        0.5600000000000002,
        0.44000000000000006,
        0.5600000000000002,
        0.8400000000000001
      ]
    ],
    [
      [
        0.96,
        -0.72,
        -0.72,
        -0.72,
        -0.72
      ],
      [
        -0.72,
        0.8400000000000001,
        0.8400000000000001,
        0.8400000000000001,
        0.8400000000000001
      ],
      [
        -0.72,
        0.8400000000000001,
        0.8400000000000001,
        0.8400000000000001,
        0.8400000000000001
      ],
      [
        -0.72,
        0.8400000000000001,
        0.8400000000000001,
        0.8400000000000001,
        0.8400000000000001
      ],
      [
        -0.72,
        0.8400000000000001,
        0.8400000000000001,
        0.8400000000000001,
        0.8400000000000001
      ]
    ],
    [
      [
        0.8400000000000001,
        -0.8400000000000001,
        -0.8400000000000001,
        -0.6,
        -0.8400000000000001
      ],
      [
        -0.8400000000000001,
        0.8400000000000001,
        0.8400000000000001,
        0.6,
        0.8400000000000001
      ],
      [
        -0.8400000000000001,
        0.8400000000000001,
        0.8400000000000001,
        0.6,
        0.8400000000000001
      ],
      [
        -0.6,
        0.6,
        0.6,
        1.0,
        0.6
      ],
      [
        -0.8400000000000001,
        0.8400000000000001,
        0.8400000000000001,
        0.6,
        0.8400000000000001
      ]
    ],
    [
      [
        0.36,
        -0.32000000000000006,
        -0.32000000000000006,
        -0.32000000000000006,
        -0.2800000000000001
      ],
      [
        -0.32000000000000006,
        0.6400000000000001,
        0.6400000000000001,
        0.6400000000000001,
        0.5600000000000002
      ],
      [
        -0.32000000000000006,
        0.6400000000000001,
        0.6400000000000001,
        0.6400000000000001,
        0.5600000000000002
      ],
      [
        -0.32000000000000006,
        0.6400000000000001,
        0.6400000000000001,
        0.6400000000000001,
        0.5600000000000002
      ],
      [
        -0.2800000000000001,
        0.5600000000000002,
        0.5600000000000002,
        0.5600000000000002,
        0.8400000000000001
      ]
    ],
    [
      [
        0.84,
        0.08000000000000006,
        0.08000000000000006,
        0.08000000000000006,
        -0.04000000000000001
      ],
      [
        0.08000000000000006,
        0.96,
        0.96,
        0.96,
        0.7200000000000002
      ],
      [
        0.08000000000000006,
        0.96,
        0.96,
        0.96,
        0.7200000000000002
      ],
      [
        0.08000000000000006,
        0.96,
        0.96,
        0.96,
        0.7200000000000002
      ],
      [
        -0.04000000000000001,
        0.7200000000000002,
        0.7200000000000002,
        0.7200000000000002,
        0.8400000000000001
      ]
    ],
    [
      [
        0.96,
        -0.24000000000000007,
        -0.4,
        -0.24000000000000007,
        0.0
      ],
      [
        -0.24000000000000007,
        0.96,
        0.8,
        0.56,
        0.4
      ],
      [
        -0.4,
        0.8,
        1.0,
        0.8,
        0.6000000000000001
      ],
      [
        -0.24000000000000007,
        0.56,
        0.8,
        0.96,
        0.4
      ],
      [
        0.0,
        0.4,
        0.6000000000000001,
        0.4,
        1.0
      ]
    ],
    [
      [
        1.0,
        -1.0,
        -0.2,
        -0.8,
        -0.6000000000000001
      ],
      [
        -1.0,
        1.0,
        0.2,
        0.8,
        0.6000000000000001
      ],
      [
        -0.2,
        0.2,
        0.84,
        0.32000000000000006,
        -0.04000000000000001
      ],
      [
        -0.8,
        0.8,
        0.32000000000000006,
        0.96,
        0.48
      ],
      [
        -0.6000000000000001,
        0.6000000000000001,
        -0.04000000000000001,
        0.48,
        0.8400000000000001
      ]
    ],
    [
      [
        0.8400000000000001,
        -0.72,
        -0.24000000000000002,
        -0.72,
        -0.6
      ],
      [
        -0.72,
        0.96,
        0.32000000000000006,
        0.96,
        0.8
      ],
      [
        -0.24000000000000002,
        0.32000000000000006,
        0.6399999999999999,
        0.32000000000000006,
        0.4
      ],
      [
        -0.72,
        0.96,
        0.32000000000000006,
        0.96,
        0.8
      ],
      [
        -0.6,
        0.8,
        0.4,
        0.8,
        1.0
      ]
    ],
    [
      [
        0.6399999999999999,
        -0.32000000000000006,
        0.0799999999999999,
        -0.56,
        -0.56
      ],
      [
        -0.32000000000000006,
        0.96,
        0.15999999999999998,
        0.48000000000000004,
        0.48000000000000004
      ],
      [
        0.0799999999999999,
        0.15999999999999998,
        0.96,
        0.08000000000000004,
        0.08000000000000004
      ],
      [
        -0.56,
        0.48000000000000004,
        0.08000000000000004,
        0.8400000000000001,
        0.8400000000000001
      ],
      [
        -0.56,
        0.48000000000000004,
        0.08000000000000004,
        0.8400000000000001,
        0.8400000000000001
      ]
    ],
    [
      [
        0.8400000000000001,
        -0.7200000000000001,
        0.07999999999999999,
        -0.7200000000000001,
        -0.7200000000000001
      ],
      [
        -0.7200000000000001,
        0.96,
        -0.24000000000000005,
        0.96,
        0.96
      ],
      [
        0.07999999999999999,
        -0.24000000000000005,
        0.96,
        -0.24000000000000005,
        -0.24000000000000005
      ],
      [
        -0.7200000000000001,
        0.96,
        -0.24000000000000005,
        0.96,
        0.96
      ],
      [
        -0.7200000000000001,
        0.96,
        -0.24000000000000005,
        0.96,
        0.96
      ]
    ],
    [
      [
        0.96,
        -0.6400000000000001,
        -0.8,
        -0.96,
        -0.96
      ],
      [
        -0.6400000000000001,
        0.96,
        0.8,
        0.6400000000000001,
        0.6400000000000001
      ],
      [
        -0.8,
        0.8,
        1.0,
        0.8,
        0.8
      ],
      [
        -0.96,
        0.6400000000000001,
        0.8,
        0.96,
        0.96
      ],
      [
        -0.96,
        0.6400000000000001,
        0.8,
        0.96,
        0.96
      ]
    ],
    [
      [
        0.6400000000000001,
        -0.5600000000000002,
        -0.5600000000000002,
        -0.5600000000000002,
        -0.5600000000000002
      ],
      [
        -0.5600000000000002,
        0.8400000000000001,
        0.8400000000000001,
        0.8400000000000001,
        0.8400000000000001
      ],
      [
        -0.5600000000000002,
        0.8400000000000001,
        0.8400000000000001,
        0.8400000000000001,
        0.8400000000000001
      ],
      [
        -0.5600000000000002,
        0.8400000000000001,
        0.8400000000000001,
        0.8400000000000001,
        0.8400000000000001
      ],
      [
        -0.5600000000000002,
        0.8400000000000001,
        0.8400000000000001,
        0.8400000000000001,
        0.8400000000000001
      ]
    ],
    [
      [
        0.8400000000000001,
        -0.8400000000000001,
        -0.7200000000000001,
        -0.7200000000000001,
        -0.8400000000000001
      ],
      [
        -0.8400000000000001,
        0.8400000000000001,
        0.7200000000000001,
        0.7200000000000001,
        0.8400000000000001
      ],
      [
        -0.7200000000000001,
        0.7200000000000001,
        0.96,
        0.96,
        0.72
      ],
      [
        -0.7200000000000001,
        0.7200000000000001,
        0.96,
        0.96,
        0.72
      ],
      [
        -0.8400000000000001,
        0.8400000000000001,
        0.72,
        0.72,
        0.8400000000000001
      ]
    ]
  ]
}