{
  "settings_list": [
    [
      0.7580150366759355,
      4.215311285733706,
      5.862177982783599,
      1.5883543857008087,
      5.0830018491434945,
      0.217850130320752,
      1.7796098831222646,
      5.009196629006235,
      1.3985282496079783,
      3.6281135684096455,
      2.858698621016373,
      4.961524063140609,
      6.11833605951969,
      2.901742968546678,
      1.3112819327581717
    ],
    [
      0.5564150366759354,
      3.960911285733706,
      5.7869779827836,
      1.5419543857008087,
      5.278201849143494,
      0.16185013032075202,
      1.6964098831222647,
      4.951596629006235,
      1.5553282496079783,
      3.5577135684096453,
      2.997898621016373,
      5.214324063140609,
      6.14073605951969,
      2.768942968546678,
      1.2760819327581716
    ],
    [
      0.17913503667593528,
      3.433871285733706,
      5.577057982783599,
      1.2785943857008086,
      5.311801849143494,
      0.11801013032075207,
      1.5485698831222647,
      5.032236629006235,
      1.6324482496079784,
      3.3973935684096452,
      2.856138621016373,
      5.230644063140609,
      6.08025605951969,
      2.698542968546678,
      1.3020019327581718
    ],
    [
      -0.23366496332406494,
      3.123471285733706,
      5.529057982783599,
      1.0993943857008086,
      5.5102018491434945,
      0.14681013032075213,
      1.5549698831222647,
      5.153836629006235,
      1.5908482496079785,
      3.115793568409645,
      2.8977386210163734,
      5.217844063140609,
      6.08985605951969,
      2.727342968546678,
      1.3212019327581719
    ],
    [
      -0.4282249633240651,
      2.785551285733706,
      5.5568979827836,
      0.7224343857008084,
      5.754041849143495,
      0.07289013032075214,
      1.5392898831222648,
      4.773676629006235,
      1.6638082496079787,
      3.046353568409645,
      3.2615786210163735,
      5.016884063140608,
      6.053056059519689,
      2.638702968546678,
      1.402161932758172
    ],
    [
      0.014015036675935122,
      2.842831285733706,
      5.7293779827836,
      -0.09068561429919197,
      5.924921849143495,
      0.10361013032075203,
      1.522329883122265,
      4.9723966290062345,
      1.7214082496079788,
      3.030673568409645,
      3.3780586210163737,
      4.962484063140608,
      6.0709760595196895,
      2.703982968546678,
      0.985841932758172
    ],
    [
      -0.4903049633240651,
      2.3167512857337056,
      4.9831379827835995,
      -0.17708561429919195,
      5.724601849143495,
      -0.3533498696792483,
      1.726489883122265,
      4.678636629006235,
      1.797568249607979,
      2.5077935684096446,
      3.702538621016374,
      5.1564040631406085,
      5.79513605951969,
      2.596462968546678,
      0.4898419327581718
    ],
    [
      -0.39974496332406484,
      2.3532312857337057,
      5.060257982783599,
      -0.5374056142991923,
      6.675321849143495,
      0.05497013032075204,
      2.0912898831222653,
      4.702316629006234,
      2.198208249607979,
      2.5065135684096447,
      3.709258621016374,
      5.652084063140609,
      6.409856059519691,
      3.143342968546678,
      0.30168193275817157
    ],
    [
      -0.5207049633240649,
      2.825551285733706,
      4.328097982783599,
      -0.006205614299192086,
      6.5422018491434955,
      0.23289013032075212,
      2.3728898831222653,
      5.064556629006234,
      2.330048249607979,
      3.334033568409645,
      3.641418621016374,
      5.5471240631406085,
      6.401536059519691,
      3.6086229685466784,
      0.3234419327581716
    ],
    [
      -0.30022496332406484,
      3.016911285733706,
      4.249377982783599,
      0.13075438570080797,
      6.161401849143496,
      0.018170130320752126,
      2.046169883122265,
      4.888556629006234,
      2.343808249607979,
      3.451473568409645,
      3.234378621016374,
      5.760884063140608,
      6.291456059519691,
      3.198062968546678,
      0.2088819327581717
    ],
    [
      0.09369503667593548,
      2.9794712857337062,
      4.371937982783599,
      -0.06348561429919214,
      6.255481849143496,
      -0.8618298696792486,
      1.909529883122265,
      4.947756629006235,
      2.5031682496079792,
      2.9705135684096446,
      3.323658621016374,
      5.892084063140608,
      6.9423360595196915,
      3.188782968546678,
      0.04120193275817152
    ],
    [
      -0.13542496332406462,
      3.195151285733706,
      4.402657982783599,
      0.9272343857008083,
      6.4161218491434955,
      -0.10662986967924837,
      1.5997698831222646,
      4.236716629006235,
      2.4206082496079793,
      3.1695535684096448,
      2.6830186210163736,
      6.030964063140608,
      7.023616059519691,
      3.7916629685466785,
      0.3196019327581716
    ],
    [
      -0.13894496332406464,
      2.936911285733706,
      4.249057982783599,
      0.24947438570080793,
      6.087481849143495,
      -0.025029869679248182,
      1.4519298831222647,
      4.433836629006235,
      2.4903682496079793,
      3.223953568409645,
      3.016778621016374,
      5.787764063140608,
      6.461056059519691,
      3.5487829685466785,
      0.2652019327581716
    ],
    [
      0.2802550366759356,
      3.7250712857337063,
      3.911777982783599,
      0.0008343857008078492,
      5.976121849143495,
      0.4290501303207523,
      1.4116098831222645,
      4.765036629006235,
      2.332608249607979,
      3.163153568409645,
      3.453898621016374,
      5.6501640631406085,
      6.574656059519691,
      2.7270229685466782,
      0.26520193275817167
    ],
    [
      -0.5421449633240649,
      3.7237912857337063,
      4.037857982783599,
      0.5813143857008082,
      6.971961849143495,
      0.1941701303207522,
      0.3863298831222639,
      4.585836629006235,
      2.256448249607979,
      3.534993568409645,
      3.460298621016374,
      6.0303240631406085,
      6.095296059519691,
      3.6351829685466788,
      0.1295219327581715
    ],
    [
      -0.4058249633240649,
      3.7570712857337063,
      4.051937982783599,
      -0.05420561429919224,
      6.903481849143495,
      0.08409013032075215,
      0.038809883122263966,
      4.428396629006235,
      2.152768249607979,
      3.065233568409645,
      3.6087786210163744,
      5.890164063140609,
      6.072896059519691,
      3.2742229685466784,
      -0.1994380672418287
    ],
    [
      -0.22662496332406476,
      3.469071285733706,
      4.109537982783599,
      -0.6494056142991927,
      6.397881849143495,
      0.05849013032075234,
      0.25000988312226413,
      3.8011966290062342,
      2.3383682496079796,
      3.2956335684096447,
      3.7047786210163745,
      6.184564063140609,
      6.15609605951969,
      2.7750229685466783,
      -0.39143806724182906
    ],
    [
      -0.748864963324065,
      3.737551285733706,
      5.0688979827836,
      0.19155438570080774,
      5.907641849143495,
      -0.19206986967924777,
      -0.237030116877736,
      4.020716629006235,
      2.8078082496079797,
      3.4377135684096447,
      3.5316586210163745,
      6.279284063140609,
      6.07001605951969,
      3.1852629685466787,
      0.36152193275817124
    ],
    [
      -0.8807049633240651,
      3.510991285733706,
      5.6730579827836,
      0.4613143857008078,
      6.166521849143495,
      -1.3808698696792487,
      -0.2856701168777359,
      3.9487166290062348,
      2.99628824960798,
      3.0837935684096447,
      3.4116586210163744,
      7.06264406314061,
      5.51161605951969,
      2.758062968546678,
      -0.025358067241829096
    ],
    [
      -0.9181449633240649,
      3.896591285733706,
      5.8951379827836,
      0.8353943857008079,
      5.5031618491434955,
      -2.173509869679249,
      -0.3512701168777359,
      3.895916629006235,
      3.4164482496079804,
      2.6805935684096447,
      2.9962986210163742,
      7.19352406314061,
      5.41401605951969,
      2.484462968546678,
      -0.8864780672418295
    ],
    [
      -0.6083849633240649,
      3.776271285733706,
      5.681377982783601,
      0.676674385700808,
      5.631161849143496,
      -2.348869869679249,
      -0.26295011687773584,
      3.7807166290062346,
      3.2999682496079803,
      2.8905135684096446,
      3.207498621016374,
      7.18968406314061,
      5.55353605951969,
      2.288622968546678,
      -1.0221580672418296
    ]
  ],
  "cost_vals": [],
  "step_size": 0.1,
  "opt_step_times": [
    0.20478105545043945,
    0.1323559284210205,
    0.1292111873626709,
    0.12910699844360352,
    0.12543916702270508,
    0.12888598442077637,
    0.13781309127807617,
    0.12561583518981934,
    0.12747788429260254,
    0.12640690803527832,
    0.12774085998535156,
    0.13206005096435547,
    0.14665818214416504,
    0.13559722900390625,
    0.12652111053466797,
    0.2191619873046875,
    0.17542386054992676,
    0.1395740509033203,
    0.15386176109313965,
    0.1398608684539795
  ],
  "opt_settings": [
    -0.6083849633240649,
    3.776271285733706,
    5.681377982783601,
    0.676674385700808,
    5.631161849143496,
    -2.348869869679249,
    -0.26295011687773584,
    3.7807166290062346,
    3.2999682496079803,
    2.8905135684096446,
    3.207498621016374,
    7.18968406314061,
    5.55353605951969,
    2.288622968546678,
    -1.0221580672418296
  ],
  "min_cost": null,
  "datetime": "2023-05-30T16-35-28Z",
  "step_only": true,
  "ibm_device": "default.qubit",
  "shots": 10,
  "prep_node_name": "5-qubit_ghz_state",
  "num_qubits": 5,
  "error": false,
  "cov_mats": [
    [
      [
        0.96,
        0.15999999999999998,
        -0.16,
        -0.4,
        0.16
      ],
      [
        0.15999999999999998,
        0.96,
        0.24000000000000005,
        0.0,
        -0.24000000000000005
      ],
      [
        -0.16,
        0.24000000000000005,
        0.96,
        0.0,
        0.24000000000000002
      ],
      [
        -0.4,
        0.0,
        0.0,
        1.0,
        -0.8
      ],
      [
        0.16,
        -0.24000000000000005,
        0.24000000000000002,
        -0.8,
        0.96
      ]
    ],
    [
      [
        0.96,
        -0.56,
        0.15999999999999998,
        -0.56,
        0.56
      ],
      [
        -0.56,
        0.96,
        -0.56,
        0.56,
        -0.56
      ],
      [
        0.15999999999999998,
        -0.56,
        0.96,
        -0.16,
        0.16
      ],
      [
        -0.56,
        0.56,
        -0.16,
        0.96,
        -0.96
      ],
      [
        0.56,
        -0.56,
        0.16,
        -0.96,
        0.96
      ]
    ],
    [
      [
        1.0,
        -0.4000000000000001,
        -0.2,
        -1.0,
        1.0
      ],
      [
        -0.4000000000000001,
        0.96,
        0.4,
        0.4,
        -0.4
      ],
      [
        -0.2,
        0.4,
        1.0,
        0.2,
        -0.2
      ],
      [
        -1.0,
        0.4,
        0.2,
        1.0,
        -1.0
      ],
      [
        1.0,
        -0.4,
        -0.2,
        -1.0,
        1.0
      ]
    ],
    [
      [
        1.0,
        -0.4000000000000001,
        -0.2,
        -1.0,
        1.0
      ],
      [
        -0.4000000000000001,
        0.96,
        -5.551115123125783e-17,
        0.4,
        -0.4
      ],
      [
        -0.2,
        -5.551115123125783e-17,
        1.0,
        0.2,
        -0.2
      ],
      [
        -1.0,
        0.4,
        0.2,
        1.0,
        -1.0
      ],
      [
        1.0,
        -0.4,
        -0.2,
        -1.0,
        1.0
      ]
    ],
    [
      [
        0.6399999999999999,
        -0.56,
        -0.15999999999999998,
        -0.64,
        0.64
      ],
      [
        -0.56,
        0.8400000000000001,
        0.04000000000000006,
        0.56,
        -0.56
      ],
      [
        -0.15999999999999998,
        0.04000000000000006,
        0.8400000000000001,
        0.16000000000000014,
        -0.16000000000000014
      ],
      [
        -0.64,
        0.56,
        0.16000000000000014,
        0.6400000000000001,
        -0.6400000000000001
      ],
      [
        0.64,
        -0.56,
        -0.16000000000000014,
        -0.6400000000000001,
        0.6400000000000001
      ]
    ],
    [
      [
        0.96,
        -0.8,
        0.24000000000000002,
        -0.8,
        0.4
      ],
      [
        -0.8,
        1.0,
        -0.4,
        1.0,
        -0.6000000000000001
      ],
      [
        0.24000000000000002,
        -0.4,
        0.96,
        -0.4,
        0.4
      ],
      [
        -0.8,
        1.0,
        -0.4,
        1.0,
        -0.6000000000000001
      ],
      [
        0.4,
        -0.6000000000000001,
        0.4,
        -0.6000000000000001,
        1.0
      ]
    ],
    [
      [
        0.6399999999999999,
        -0.16000000000000003,
        -0.48000000000000004,
        0.08000000000000002,
        0.0
      ],
      [
        -0.16000000000000003,
        0.84,
        -0.08000000000000006,
        0.28,
        -0.6000000000000001
      ],
      [
        -0.48000000000000004,
        -0.08000000000000006,
        0.96,
        -0.16000000000000006,
        0.4
      ],
      [
        0.08000000000000002,
        0.28,
        -0.16000000000000006,
        0.3599999999999999,
        -0.19999999999999998
      ],
      [
        0.0,
        -0.6000000000000001,
        0.4,
        -0.19999999999999998,
        1.0
      ]
    ],
    [
      [
        1.0,
        -0.8,
        0.2,
        -0.2,
        0.6000000000000001
      ],
      [
        -0.8,
        0.96,
        -0.48,
        0.48,
        -0.8
      ],
      [
        0.2,
        -0.48,
        0.84,
        -0.44000000000000006,
        0.6000000000000001
      ],
      [
        -0.2,
        0.48,
        -0.44000000000000006,
        0.84,
        -0.6000000000000001
      ],
      [
        0.6000000000000001,
        -0.8,
        0.6000000000000001,
        -0.6000000000000001,
        1.0
      ]
    ],
    [
      [
        0.96,
        -0.96,
        0.08000000000000006,
        -0.96,
        0.7200000000000001
      ],
      [
        -0.96,
        0.96,
        -0.08000000000000006,
        0.96,
        -0.7200000000000001
      ],
      [
        0.08000000000000006,
        -0.08000000000000006,
        0.84,
        -0.08000000000000006,
        -0.03999999999999995
      ],
      [
        -0.96,
        0.96,
        -0.08000000000000006,
        0.96,
        -0.7200000000000001
      ],
      [
        0.7200000000000001,
        -0.7200000000000001,
        -0.03999999999999995,
        -0.7200000000000001,
        0.84
      ]
    ],
    [
      [
        0.96,
        -0.8,
        -0.4,
        -0.72,
        0.96
      ],
      [
        -0.8,
        1.0,
        0.2,
        0.6000000000000001,
        -0.8
      ],
      [
        -0.4,
        0.2,
        1.0,
        0.2,
        -0.4000000000000001
      ],
      [
        -0.72,
        0.6000000000000001,
        0.2,
        0.84,
        -0.7200000000000001
      ],
      [
        0.96,
        -0.8,
        -0.4000000000000001,
        -0.7200000000000001,
        0.96
      ]
    ],
    [
      [
        1.0,
        -0.8,
        -5.551115123125783e-17,
        -0.8,
        0.8
      ],
      [
        -0.8,
        0.96,
        -0.16000000000000003,
        0.96,
        -0.96
      ],
      [
        -5.551115123125783e-17,
        -0.16000000000000003,
        0.96,
        -0.16000000000000003,
        0.16000000000000003
      ],
      [
        -0.8,
        0.96,
        -0.16000000000000003,
        0.96,
        -0.96
      ],
      [
        0.8,
        -0.96,
        0.16000000000000003,
        -0.96,
        0.96
      ]
    ],
    [
      [
        1.0,
        -0.6000000000000001,
        -0.4,
        -0.8,
        0.8
      ],
      [
        -0.6000000000000001,
        1.0,
        0.8,
        0.4,
        -0.8
      ],
      [
        -0.4,
        0.8,
        0.96,
        0.23999999999999994,
        -0.6400000000000001
      ],
      [
        -0.8,
        0.4,
        0.23999999999999994,
        0.96,
        -0.56
      ],
      [
        0.8,
        -0.8,
        -0.6400000000000001,
        -0.56,
        0.96
      ]
    ],
    [
      [
        0.6399999999999999,
        -0.48000000000000004,
        0.0,
        -0.6399999999999999,
        0.56
      ],
      [
        -0.48000000000000004,
        0.96,
        5.551115123125783e-17,
        0.48000000000000004,
        -0.32
      ],
      [
        0.0,
        5.551115123125783e-17,
        1.0,
        0.0,
        0.2
      ],
      [
        -0.6399999999999999,
        0.48000000000000004,
        0.0,
        0.6399999999999999,
        -0.56
      ],
      [
        0.56,
        -0.32,
        0.2,
        -0.56,
        0.8400000000000001
      ]
    ],
    [
      [
        1.0,
        -0.8,
        0.2,
        -0.8,
        0.6000000000000001
      ],
      [
        -0.8,
        0.96,
        5.551115123125783e-17,
        0.96,
        -0.8
      ],
      [
        0.2,
        5.551115123125783e-17,
        1.0,
        5.551115123125783e-17,
        0.2
      ],
      [
        -0.8,
        0.96,
        5.551115123125783e-17,
        0.96,
        -0.8
      ],
      [
        0.6000000000000001,
        -0.8,
        0.2,
        -0.8,
        1.0
      ]
    ],
    [
      [
        0.96,
        -0.4,
        0.4800000000000001,
        -0.96,
        0.96
      ],
      [
        -0.4,
        1.0,
        0.20000000000000007,
        0.4,
        -0.4
      ],
      [
        0.4800000000000001,
        0.20000000000000007,
        0.8400000000000001,
        -0.4800000000000001,
        0.4800000000000001
      ],
      [
        -0.96,
        0.4,
        -0.4800000000000001,
        0.96,
        -0.96
      ],
      [
        0.96,
        -0.4,
        0.4800000000000001,
        -0.96,
        0.96
      ]
    ],
    [
      [
        0.8400000000000001,
        -0.4400000000000001,
        -0.04000000000000006,
        -0.19999999999999998,
        0.4400000000000001
      ],
      [
        -0.4400000000000001,
        0.84,
        0.04000000000000001,
        0.6000000000000001,
        -0.84
      ],
      [
        -0.04000000000000006,
        0.04000000000000001,
        0.8400000000000001,
        0.19999999999999998,
        -0.04000000000000001
      ],
      [
        -0.19999999999999998,
        0.6000000000000001,
        0.19999999999999998,
        1.0,
        -0.6000000000000001
      ],
      [
        0.4400000000000001,
        -0.84,
        -0.04000000000000001,
        -0.6000000000000001,
        0.84
      ]
    ],
    [
      [
        0.96,
        -0.4,
        0.6400000000000001,
        -0.6400000000000001,
        0.8
      ],
      [
        -0.4,
        1.0,
        -0.4000000000000001,
        0.4000000000000001,
        -0.6000000000000001
      ],
      [
        0.6400000000000001,
        -0.4000000000000001,
        0.96,
        -0.56,
        0.8
      ],
      [
        -0.6400000000000001,
        0.4000000000000001,
        -0.56,
        0.96,
        -0.8
      ],
      [
        0.8,
        -0.6000000000000001,
        0.8,
        -0.8,
        1.0
      ]
    ],
    [
      [
        0.6399999999999999,
        -0.56,
        0.15999999999999998,
        -0.56,
        0.56
      ],
      [
        -0.56,
        0.8400000000000001,
        -0.44000000000000006,
        0.8400000000000001,
        -0.8400000000000001
      ],
      [
        0.15999999999999998,
        -0.44000000000000006,
        0.8400000000000001,
        -0.44000000000000006,
        0.44000000000000006
      ],
      [
        -0.56,
        0.8400000000000001,
        -0.44000000000000006,
        0.8400000000000001,
        -0.8400000000000001
      ],
      [
        0.56,
        -0.8400000000000001,
        0.44000000000000006,
        -0.8400000000000001,
        0.8400000000000001
      ]
    ],
    [
      [
        0.0,
        0.0,
        0.0,
        0.0,
        0.0
      ],
      [
        0.0,
        0.36,
        -0.32000000000000006,
        1.1102230246251565e-16,
        -0.32000000000000006
      ],
      [
        0.0,
        -0.32000000000000006,
        0.6400000000000001,
        -1.1102230246251565e-16,
        0.24000000000000016
      ],
      [
        0.0,
        1.1102230246251565e-16,
        -1.1102230246251565e-16,
        1.1102230246251565e-16,
        -1.1102230246251565e-16
      ],
      [
        0.0,
        -0.32000000000000006,
        0.24000000000000016,
        -1.1102230246251565e-16,
        0.6400000000000001
      ]
    ],
    [
      [
        1.0,
        -0.6000000000000001,
        0.8,
        -0.8,
        1.0
      ],
      [
        -0.6000000000000001,
        0.8400000000000001,
        -0.32000000000000006,
        0.7200000000000001,
        -0.6000000000000001
      ],
      [
        0.8,
        -0.32000000000000006,
        0.96,
        -0.56,
        0.8
      ],
      [
        -0.8,
        0.7200000000000001,
        -0.56,
        0.96,
        -0.8
      ],
      [
        1.0,
        -0.6000000000000001,
        0.8,
        -0.8,
        1.0
      ]
    ],
    [
      [
        1.0,
        -0.6000000000000001,
        0.6000000000000001,
        -0.8,
        -0.2
      ],
      [
        -0.6000000000000001,
        0.8400000000000001,
        -0.19999999999999998,
        0.32000000000000006,
        0.19999999999999998
      ],
      [
        0.6000000000000001,
        -0.19999999999999998,
        1.0,
        -0.8,
        -0.2
      ],
      [
        -0.8,
        0.32000000000000006,
        -0.8,
        0.96,
        -5.551115123125783e-17
      ],
      [
        -0.2,
        0.19999999999999998,
        -0.2,
        -5.551115123125783e-17,
        1.0
      ]
    ]
  ]
}