{
  "settings_list": [
    [
      1.1540331400328763,
      5.977185296090053,
      4.4436331993652605,
      6.20574521555094,
      5.605540894719767,
      3.719721697938217,
      1.8261560431512007,
      3.30691662302544,
      3.6320810176100746,
      4.223196997751427,
      2.6031640543320864,
      4.638515396272784,
      1.634586289511787,
      2.305077755136208,
      1.5020545729964794
    ],
    [
      1.1783531400328762,
      6.017505296090054,
      4.553073199365261,
      6.22174521555094,
      5.509540894719767,
      3.853481697938217,
      1.9458360431512007,
      3.23203662302544,
      3.7101610176100746,
      4.1739169977514265,
      2.5686040543320865,
      4.701875396272785,
      1.618586289511787,
      2.344757755136208,
      1.4252545729964794
    ],
    [
      1.338353140032876,
      6.045025296090054,
      4.478833199365261,
      6.07838521555094,
      5.495460894719767,
      3.5872416979382167,
      1.9618360431512007,
      3.19427662302544,
      3.7850410176100744,
      4.104156997751427,
      2.4303640543320864,
      4.732595396272784,
      1.5731462895117871,
      2.321077755136208,
      1.6070145729964795
    ],
    [
      1.2935531400328761,
      5.9986252960900535,
      4.436913199365261,
      6.02238521555094,
      5.554340894719767,
      3.595881697938217,
      2.050796043151201,
      3.2544366230254402,
      3.8183210176100744,
      4.309596997751427,
      2.3874840543320865,
      4.810675396272784,
      1.4425862895117871,
      2.300917755136208,
      1.6802945729964796
    ],
    [
      1.2333931400328761,
      5.937185296090053,
      4.244913199365261,
      5.959025215550939,
      5.732580894719767,
      3.960681697938217,
      2.312876043151201,
      3.2048366230254404,
      3.6765610176100743,
      4.0043169977514275,
      2.3737240543320866,
      4.951475396272784,
      1.496026289511787,
      2.304117755136208,
      1.8601345729964796
    ],
    [
      1.2263531400328762,
      5.971745296090053,
      4.29611319936526,
      5.867505215550939,
      5.686500894719767,
      3.9498016979382173,
      2.341676043151201,
      3.2790766230254405,
      3.671441017610074,
      4.095196997751428,
      2.2502040543320865,
      4.968755396272784,
      1.413466289511787,
      2.099317755136208,
      1.8486145729964796
    ],
    [
      1.2522731400328762,
      5.942945296090054,
      4.324913199365261,
      5.8428652155509395,
      5.619300894719768,
      3.9152416979382174,
      2.524396043151201,
      3.1062766230254404,
      3.625361017610074,
      4.2503969977514275,
      2.2102040543320864,
      5.106995396272784,
      1.5651462895117871,
      2.162037755136208,
      2.0502145729964796
    ],
    [
      1.2298731400328762,
      5.976225296090053,
      4.37611319936526,
      5.927985215550939,
      5.7799408947197675,
      3.9728416979382173,
      2.587756043151201,
      3.0774766230254404,
      3.7508010176100743,
      4.3009569977514275,
      2.0150040543320866,
      5.170995396272784,
      1.692506289511787,
      2.2586777551362083,
      1.9785345729964796
    ],
    [
      1.2881131400328762,
      5.7535052960900535,
      4.340913199365261,
      5.951025215550939,
      5.8989808947197675,
      4.005481697938217,
      2.743276043151201,
      3.2605166230254405,
      3.7520810176100743,
      4.088476997751427,
      2.2370840543320867,
      5.298355396272784,
      1.349466289511787,
      2.359797755136208,
      2.1455745729964795
    ],
    [
      0.9764331400328761,
      5.396065296090053,
      4.190833199365261,
      6.110065215550939,
      5.974820894719768,
      3.914281697938217,
      2.864556043151201,
      3.3785966230254405,
      3.7751210176100742,
      3.9150369977514274,
      2.362524054332087,
      5.444275396272785,
      1.6665862895117873,
      2.157557755136208,
      1.9625345729964794
    ],
    [
      0.8948331400328761,
      5.413665296090053,
      4.168433199365261,
      6.14686521555094,
      5.858020894719767,
      3.8550816979382168,
      2.9797560431512014,
      3.2233966230254403,
      3.743121017610074,
      3.759836997751427,
      2.5689240543320873,
      5.423475396272784,
      1.7225862895117874,
      2.1351577551362078,
      2.0057345729964795
    ],
    [
      0.8429931400328761,
      5.508385296090053,
      4.06571319936526,
      6.33694521555094,
      6.224740894719767,
      3.968361697938217,
      3.2472760431512016,
      3.2070766230254404,
      3.8106410176100742,
      3.627036997751427,
      2.8722840543320873,
      5.581235396272784,
      1.8189062895117873,
      1.9738777551362077,
      2.0153345729964793
    ],
    [
      0.43851314003287584,
      5.541025296090052,
      4.05355319936526,
      6.13246521555094,
      6.063460894719767,
      3.926441697938217,
      2.888556043151201,
      3.4592366230254408,
      3.9143210176100744,
      3.367516997751427,
      2.9052440543320874,
      5.647795396272784,
      1.9581062895117876,
      2.0311577551362077,
      1.9586945729964793
    ],
    [
      0.31627314003287593,
      5.775265296090053,
      4.2980331993652605,
      6.18174521555094,
      5.938660894719766,
      3.933481697938217,
      3.2034360431512012,
      2.8928366230254405,
      3.389521017610074,
      2.7787169977514266,
      3.5644440543320877,
      5.402675396272784,
      2.554586289511788,
      2.369717755136208,
      1.6687745729964791
    ],
    [
      -0.12148685996712438,
      6.389025296090053,
      4.11563319936526,
      6.702705215550941,
      6.362340894719766,
      3.499561697938217,
      3.005676043151201,
      3.0496366230254406,
      3.7428010176100743,
      2.9879969977514267,
      2.7394840543320873,
      5.733555396272784,
      2.446426289511788,
      3.8481177551362094,
      2.0169345729964796
    ],
    [
      0.43403314003287596,
      5.9071052960900525,
      3.86411319936526,
      6.255985215550941,
      6.425700894719767,
      3.9155616979382173,
      2.6696760431512008,
      3.726756623025441,
      4.028241017610075,
      3.4084769977514267,
      3.2502040543320874,
      5.546675396272784,
      2.5865862895117884,
      3.487157755136209,
      2.1391745729964797
    ],
    [
      0.458033140032876,
      5.974305296090052,
      3.72811319936526,
      5.94718521555094,
      6.480100894719767,
      5.217961697938218,
      2.1176760431512007,
      3.0195566230254403,
      4.202641017610075,
      3.7588769977514267,
      2.829404054332087,
      5.231475396272784,
      3.088986289511789,
      3.9079577551362092,
      1.7295745729964795
    ],
    [
      -0.16340685996712434,
      6.794785296090053,
      2.892913199365259,
      6.39774521555094,
      6.439140894719767,
      5.6365216979382184,
      2.9983160431512013,
      3.0086766230254405,
      4.4029610176100755,
      3.4299169977514268,
      3.3535640543320877,
      4.917235396272784,
      3.7424262895117897,
      2.9748377551362086,
      1.7967745729964797
    ],
    [
      -0.27860685996712425,
      6.487585296090053,
      2.5857131993652587,
      6.32094521555094,
      6.592740894719767,
      5.137321697938218,
      2.9215160431512017,
      2.9318766230254405,
      4.902161017610076,
      2.969116997751426,
      2.9311640543320876,
      4.725235396272784,
      2.3600262895117887,
      3.435637755136209,
      2.33437457299648
    ],
    [
      -0.34260685996712437,
      7.1141452960900535,
      3.182833199365259,
      5.89086521555094,
      6.789220894719767,
      4.316201697938218,
      3.098796043151202,
      2.5081966230254404,
      4.879761017610075,
      3.369756997751426,
      3.300444054332088,
      4.810995396272784,
      2.152666289511789,
      3.2794777551362086,
      1.6617345729964796
    ],
    [
      0.2756331400328761,
      6.920865296090053,
      3.277553199365259,
      6.294705215550939,
      5.737700894719766,
      4.359081697938218,
      3.402796043151202,
      2.2752366230254406,
      4.803601017610076,
      2.9595169977514257,
      2.411484054332087,
      4.789875396272784,
      2.7779462895117897,
      2.8154777551362082,
      1.7871745729964796
    ]
  ],
  "cost_vals": [],
  "step_size": 0.1,
  "opt_step_times": [
    0.21595072746276855,
    0.1461961269378662,
    0.1476302146911621,
    0.14969205856323242,
    0.14169597625732422,
    0.14945697784423828,
    0.15952682495117188,
    0.15081787109375,
    0.15079402923583984,
    0.14109206199645996,
    0.14789414405822754,
    0.13488101959228516,
    0.14360690116882324,
    0.1394948959350586,
    0.14697718620300293,
    0.2137432098388672,
    0.14440298080444336,
    0.14984393119812012,
    0.1470348834991455,
    0.1584796905517578
  ],
  "opt_settings": [
    0.2756331400328761,
    6.920865296090053,
    3.277553199365259,
    6.294705215550939,
    5.737700894719766,
    4.359081697938218,
    3.402796043151202,
    2.2752366230254406,
    4.803601017610076,
    2.9595169977514257,
    2.411484054332087,
    4.789875396272784,
    2.7779462895117897,
    2.8154777551362082,
    1.7871745729964796
  ],
  "min_cost": null,
  "datetime": "2023-05-30T16-38-35Z",
  "step_only": true,
  "ibm_device": "default.qubit",
  "shots": 10,
  "prep_node_name": "5-qubit_ghz_state",
  "num_qubits": 5,
  "error": false,
  "cov_mats": [
    [
      [
        1.0,
        0.20000000000000007,
        0.2,
        0.20000000000000007,
        -0.2
      ],
      [
        0.20000000000000007,
        1.0,
        0.2,
        0.20000000000000007,
        -0.2
      ],
      [
        0.2,
        0.2,
        0.8400000000000001,
        0.6000000000000001,
        0.36
      ],
      [
        0.20000000000000007,
        0.20000000000000007,
        0.6000000000000001,
        1.0,
        0.2
      ],
      [
        -0.2,
        -0.2,
        0.36,
        0.2,
        0.8400000000000001
      ]
    ],
    [
      [
        0.6399999999999999,
        0.24,
        0.07999999999999996,
        0.07999999999999996,
        -0.24000000000000005
      ],
      [
        0.24,
        0.6400000000000001,
        0.48000000000000004,
        0.48000000000000004,
        -0.23999999999999994
      ],
      [
        0.07999999999999996,
        0.48000000000000004,
        0.96,
        0.56,
        -0.07999999999999999
      ],
      [
        0.07999999999999996,
        0.48000000000000004,
        0.56,
        0.96,
        -0.07999999999999999
      ],
      [
        -0.24000000000000005,
        -0.23999999999999994,
        -0.07999999999999999,
        -0.07999999999999999,
        0.8400000000000001
      ]
    ],
    [
      [
        0.84,
        -0.19999999999999998,
        -0.36000000000000004,
        0.48,
        0.08000000000000002
      ],
      [
        -0.19999999999999998,
        1.0,
        0.2,
        0.0,
        -0.4000000000000001
      ],
      [
        -0.36000000000000004,
        0.2,
        0.8400000000000001,
        0.07999999999999999,
        0.07999999999999999
      ],
      [
        0.48,
        0.0,
        0.07999999999999999,
        0.96,
        0.16000000000000003
      ],
      [
        0.08000000000000002,
        -0.4000000000000001,
        0.07999999999999999,
        0.16000000000000003,
        0.96
      ]
    ],
    [
      [
        0.84,
        -0.12,
        -0.19999999999999998,
        -0.3600000000000001,
        -0.15999999999999998
      ],
      [
        -0.12,
        0.36,
        0.19999999999999998,
        0.2799999999999999,
        0.08000000000000024
      ],
      [
        -0.19999999999999998,
        0.19999999999999998,
        1.0,
        -0.2,
        0.0
      ],
      [
        -0.3600000000000001,
        0.2799999999999999,
        -0.2,
        0.84,
        -0.1600000000000001
      ],
      [
        -0.15999999999999998,
        0.08000000000000024,
        0.0,
        -0.1600000000000001,
        0.6399999999999999
      ]
    ],
    [
      [
        0.96,
        0.24000000000000005,
        0.32000000000000006,
        -0.07999999999999999,
        -0.4
      ],
      [
        0.24000000000000005,
        0.96,
        0.08000000000000004,
        0.08000000000000004,
        0.4
      ],
      [
        0.32000000000000006,
        0.08000000000000004,
        0.8400000000000001,
        0.44000000000000006,
        -0.19999999999999998
      ],
      [
        -0.07999999999999999,
        0.08000000000000004,
        0.44000000000000006,
        0.8400000000000001,
        -0.19999999999999998
      ],
      [
        -0.4,
        0.4,
        -0.19999999999999998,
        -0.19999999999999998,
        1.0
      ]
    ],
    [
      [
        0.84,
        0.19999999999999998,
        0.44000000000000006,
        -0.36000000000000004,
        0.48000000000000004
      ],
      [
        0.19999999999999998,
        1.0,
        0.6000000000000001,
        -0.2,
        0.8
      ],
      [
        0.44000000000000006,
        0.6000000000000001,
        0.84,
        0.04000000000000001,
        0.48000000000000004
      ],
      [
        -0.36000000000000004,
        -0.2,
        0.04000000000000001,
        0.8400000000000001,
        -0.32
      ],
      [
        0.48000000000000004,
        0.8,
        0.48000000000000004,
        -0.32,
        0.96
      ]
    ],
    [
      [
        0.96,
        0.24000000000000007,
        0.4,
        0.16,
        0.0
      ],
      [
        0.24000000000000007,
        0.96,
        0.8,
        0.24000000000000005,
        0.0
      ],
      [
        0.4,
        0.8,
        1.0,
        0.4000000000000001,
        -0.20000000000000007
      ],
      [
        0.16,
        0.24000000000000005,
        0.4000000000000001,
        0.96,
        0.0
      ],
      [
        0.0,
        0.0,
        -0.20000000000000007,
        0.0,
        1.0
      ]
    ],
    [
      [
        0.84,
        0.08000000000000006,
        0.08000000000000006,
        0.19999999999999998,
        0.16000000000000006
      ],
      [
        0.08000000000000006,
        0.96,
        0.96,
        -0.4,
        -0.07999999999999997
      ],
      [
        0.08000000000000006,
        0.96,
        0.96,
        -0.4,
        -0.07999999999999997
      ],
      [
        0.19999999999999998,
        -0.4,
        -0.4,
        1.0,
        0.0
      ],
      [
        0.16000000000000006,
        -0.07999999999999997,
        -0.07999999999999997,
        0.0,
        0.6400000000000001
      ]
    ],
    [
      [
        0.96,
        0.15999999999999998,
        -5.551115123125783e-17,
        0.32,
        -0.32
      ],
      [
        0.15999999999999998,
        0.96,
        0.8,
        0.32,
        -0.7200000000000002
      ],
      [
        -5.551115123125783e-17,
        0.8,
        1.0,
        0.6000000000000001,
        -0.6000000000000001
      ],
      [
        0.32,
        0.32,
        0.6000000000000001,
        0.8400000000000001,
        -0.44000000000000017
      ],
      [
        -0.32,
        -0.7200000000000002,
        -0.6000000000000001,
        -0.44000000000000017,
        0.8400000000000001
      ]
    ],
    [
      [
        0.96,
        -0.15999999999999998,
        -0.15999999999999998,
        -0.48000000000000004,
        -5.551115123125783e-17
      ],
      [
        -0.15999999999999998,
        0.96,
        0.96,
        0.07999999999999993,
        -0.4
      ],
      [
        -0.15999999999999998,
        0.96,
        0.96,
        0.07999999999999993,
        -0.4
      ],
      [
        -0.48000000000000004,
        0.07999999999999993,
        0.07999999999999993,
        0.6399999999999999,
        -0.39999999999999997
      ],
      [
        -5.551115123125783e-17,
        -0.4,
        -0.4,
        -0.39999999999999997,
        1.0
      ]
    ],
    [
      [
        0.6399999999999999,
        0.31999999999999995,
        0.31999999999999995,
        0.31999999999999995,
        0.0
      ],
      [
        0.31999999999999995,
        0.3599999999999999,
        0.3599999999999999,
        0.3599999999999999,
        0.19999999999999998
      ],
      [
        0.31999999999999995,
        0.3599999999999999,
        0.3599999999999999,
        0.3599999999999999,
        0.19999999999999998
      ],
      [
        0.31999999999999995,
        0.3599999999999999,
        0.3599999999999999,
        0.3599999999999999,
        0.19999999999999998
      ],
      [
        0.0,
        0.19999999999999998,
        0.19999999999999998,
        0.19999999999999998,
        1.0
      ]
    ],
    [
      [
        1.0,
        0.8,
        0.8,
        0.8,
        0.4
      ],
      [
        0.8,
        0.96,
        0.96,
        0.96,
        0.23999999999999994
      ],
      [
        0.8,
        0.96,
        0.96,
        0.96,
        0.23999999999999994
      ],
      [
        0.8,
        0.96,
        0.96,
        0.96,
        0.23999999999999994
      ],
      [
        0.4,
        0.23999999999999994,
        0.23999999999999994,
        0.23999999999999994,
        0.96
      ]
    ],
    [
      [
        0.96,
        0.56,
        0.32000000000000006,
        0.56,
        0.32000000000000006
      ],
      [
        0.56,
        0.96,
        0.7200000000000001,
        0.96,
        -0.08000000000000002
      ],
      [
        0.32000000000000006,
        0.7200000000000001,
        0.8400000000000001,
        0.7200000000000001,
        -0.36000000000000004
      ],
      [
        0.56,
        0.96,
        0.7200000000000001,
        0.96,
        -0.08000000000000002
      ],
      [
        0.32000000000000006,
        -0.08000000000000002,
        -0.36000000000000004,
        -0.08000000000000002,
        0.84
      ]
    ],
    [
      [
        0.8400000000000001,
        0.44000000000000006,
        0.7200000000000001,
        0.44000000000000006,
        0.32000000000000006
      ],
      [
        0.44000000000000006,
        0.8400000000000001,
        0.7200000000000001,
        0.44000000000000006,
        0.32000000000000006
      ],
      [
        0.7200000000000001,
        0.7200000000000001,
        0.96,
        0.7200000000000001,
        0.56
      ],
      [
        0.44000000000000006,
        0.44000000000000006,
        0.7200000000000001,
        0.8400000000000001,
        0.7200000000000001
      ],
      [
        0.32000000000000006,
        0.32000000000000006,
        0.56,
        0.7200000000000001,
        0.96
      ]
    ],
    [
      [
        1.0,
        1.0,
        1.0,
        0.8,
        1.0
      ],
      [
        1.0,
        1.0,
        1.0,
        0.8,
        1.0
      ],
      [
        1.0,
        1.0,
        1.0,
        0.8,
        1.0
      ],
      [
        0.8,
        0.8,
        0.8,
        0.96,
        0.8
      ],
      [
        1.0,
        1.0,
        1.0,
        0.8,
        1.0
      ]
    ],
    [
      [
        0.8400000000000001,
        0.56,
        0.44000000000000006,
        0.5599999999999999,
        0.16000000000000003
      ],
      [
        0.56,
        0.6400000000000001,
        0.5600000000000002,
        0.64,
        0.24
      ],
      [
        0.44000000000000006,
        0.5600000000000002,
        0.8400000000000001,
        0.5599999999999999,
        0.16000000000000003
      ],
      [
        0.5599999999999999,
        0.64,
        0.5599999999999999,
        0.6399999999999999,
        0.23999999999999988
      ],
      [
        0.16000000000000003,
        0.24,
        0.16000000000000003,
        0.23999999999999988,
        0.6399999999999999
      ]
    ],
    [
      [
        0.96,
        0.96,
        0.56,
        0.07999999999999999,
        0.96
      ],
      [
        0.96,
        0.96,
        0.56,
        0.07999999999999999,
        0.96
      ],
      [
        0.56,
        0.56,
        0.96,
        -0.32000000000000006,
        0.56
      ],
      [
        0.07999999999999999,
        0.07999999999999999,
        -0.32000000000000006,
        0.8400000000000001,
        0.07999999999999999
      ],
      [
        0.96,
        0.96,
        0.56,
        0.07999999999999999,
        0.96
      ]
    ],
    [
      [
        1.0,
        0.8,
        0.8,
        0.8,
        0.6
      ],
      [
        0.8,
        0.96,
        0.96,
        0.96,
        0.72
      ],
      [
        0.8,
        0.96,
        0.96,
        0.96,
        0.72
      ],
      [
        0.8,
        0.96,
        0.96,
        0.96,
        0.72
      ],
      [
        0.6,
        0.72,
        0.72,
        0.72,
        0.8400000000000001
      ]
    ],
    [
      [
        0.8400000000000001,
        0.8400000000000001,
        0.8400000000000001,
        0.8400000000000001,
        0.44000000000000006
      ],
      [
        0.8400000000000001,
        0.8400000000000001,
        0.8400000000000001,
        0.8400000000000001,
        0.44000000000000006
      ],
      [
        0.8400000000000001,
        0.8400000000000001,
        0.8400000000000001,
        0.8400000000000001,
        0.44000000000000006
      ],
      [
        0.8400000000000001,
        0.8400000000000001,
        0.8400000000000001,
        0.8400000000000001,
        0.44000000000000006
      ],
      [
        0.44000000000000006,
        0.44000000000000006,
        0.44000000000000006,
        0.44000000000000006,
        0.8400000000000001
      ]
    ],
    [
      [
        0.96,
        0.56,
        0.56,
        0.56,
        0.16
      ],
      [
        0.56,
        0.96,
        0.56,
        0.56,
        0.56
      ],
      [
        0.56,
        0.56,
        0.96,
        0.96,
        0.15999999999999998
      ],
      [
        0.56,
        0.56,
        0.96,
        0.96,
        0.15999999999999998
      ],
      [
        0.16,
        0.56,
        0.15999999999999998,
        0.15999999999999998,
        0.96
      ]
    ],
    [
      [
        0.6399999999999999,
        0.39999999999999997,
        0.24000000000000005,
        0.39999999999999997,
        0.32000000000000006
      ],
      [
        0.39999999999999997,
        1.0,
        0.2,
        1.0,
        0.8
      ],
      [
        0.24000000000000005,
        0.2,
        0.8400000000000001,
        0.19999999999999998,
        0.32
      ],
      [
        0.39999999999999997,
        1.0,
        0.19999999999999998,
        1.0,
        0.8
      ],
      [
        0.32000000000000006,
        0.8,
        0.32,
        0.8,
        0.96
      ]
    ]
  ]
}