{
  "settings_list": [
    [
      3.9927545807739535,
      4.188401591068229,
      2.406935936958609,
      1.1397928935105748,
      0.2970504825426768,
      4.497209462802908,
      5.117582407528203,
      3.794325686661248,
      5.9116090833183,
      5.413028933590521,
      4.470697298149749,
      5.173763562110833,
      0.530037886669953,
      2.3073662721586885,
      1.5202347596009158
    ],
    [
      4.040114580773953,
      4.083441591068229,
      2.4382959369586095,
      0.9369128935105747,
      0.35657048254267687,
      4.654649462802908,
      5.5489424075282034,
      3.726485686661248,
      5.905849083318301,
      5.407268933590521,
      4.432937298149749,
      5.103363562110832,
      0.575477886669953,
      2.4142462721586884,
      1.5464747596009158
    ],
    [
      3.8743545807739537,
      4.0495215910682285,
      2.4370159369586095,
      0.8690728935105745,
      0.5184904825426769,
      4.863929462802908,
      5.693582407528203,
      3.786005686661248,
      5.857209083318301,
      5.15382893359052,
      4.608937298149749,
      5.197443562110832,
      0.6701978866699532,
      2.253606272158688,
      1.725034759600916
    ],
    [
      3.970994580773954,
      3.901361591068228,
      2.3928559369586093,
      0.6162728935105743,
      0.38121048254267687,
      4.896249462802908,
      5.938382407528204,
      3.7453656866612484,
      6.018169083318301,
      5.36694893359052,
      4.251817298149749,
      5.060483562110832,
      0.3674778866699531,
      2.451366272158688,
      1.2392747596009157
    ],
    [
      3.612594580773954,
      3.914161591068228,
      2.3192559369586094,
      0.3186728935105742,
      0.3044104825426769,
      4.659449462802908,
      5.999182407528204,
      3.5565656866612483,
      5.902969083318301,
      5.315748933590521,
      3.922217298149749,
      4.865283562110832,
      0.11467788666995304,
      2.6433662721586884,
      1.0440747596009157
    ],
    [
      3.4532345807739535,
      3.7900015910682283,
      2.5125359369586096,
      0.11387289351057406,
      -0.04310951745732333,
      4.869369462802909,
      6.2897424075282045,
      3.339605686661248,
      6.082169083318301,
      5.4053489335905205,
      3.714217298149749,
      4.795523562110833,
      -0.060042113330047,
      3.182886272158689,
      0.9461547596009157
    ],
    [
      3.2426745807739534,
      3.425201591068228,
      2.3032559369586094,
      -0.25540710648942605,
      0.1584904825426768,
      5.046009462802909,
      6.0446224075282045,
      3.447125686661248,
      5.986809083318301,
      5.946788933590521,
      3.3999772981497487,
      4.522243562110832,
      0.13515788666995307,
      2.9883262721586887,
      1.065834759600916
    ],
    [
      2.481394580773953,
      1.242161591068227,
      2.7227759369586098,
      1.397712893510575,
      -0.08150951745732324,
      5.802489462802909,
      6.546702407528205,
      2.8020056866612477,
      5.940729083318301,
      7.021988933590522,
      2.603177298149748,
      3.971203562110832,
      0.22731788666995326,
      2.5198462721586887,
      0.12887475960091543
    ],
    [
      2.480114580773953,
      1.3548015910682272,
      2.69045593695861,
      0.8943528935105748,
      -0.23766951745732343,
      5.76280946280291,
      6.5428624075282045,
      2.6784856866612476,
      5.7733690833183005,
      6.685028933590521,
      2.526377298149748,
      3.917763562110832,
      0.3383578866699533,
      2.4596862721586885,
      0.30327475960091543
    ],
    [
      2.405554580773953,
      1.4274415910682272,
      2.66645593695861,
      0.4220328935105748,
      0.1498504825426766,
      5.609849462802909,
      6.569102407528205,
      2.9364056866612476,
      5.8693690833183005,
      6.492388933590521,
      2.854057298149748,
      3.894723562110832,
      0.5713178866699533,
      2.7083262721586885,
      0.07703475960091533
    ],
    [
      2.293554580773953,
      1.383921591068227,
      2.4638959369586098,
      -0.46788710648942544,
      0.24969048254267662,
      5.560889462802909,
      6.616782407528205,
      3.454485686661248,
      5.6079290833183,
      6.189348933590521,
      2.799977298149748,
      3.965443562110832,
      0.3988378866699533,
      3.150566272158689,
      0.3848747596009155
    ],
    [
      2.456754580773953,
      0.395121591068227,
      2.93429593695861,
      -0.6502871064894254,
      0.00969048254267657,
      4.735289462802909,
      6.530382407528204,
      3.396885686661248,
      6.5967290833183005,
      5.997348933590521,
      3.4815772981497486,
      4.138243562110832,
      -0.33076211333004674,
      3.256166272158689,
      0.38487475960091555
    ],
    [
      2.810674580773953,
      -0.1107984089317735,
      2.8411759369586096,
      -0.38564710648942563,
      0.29801048254267654,
      5.055289462802909,
      6.160782407528204,
      2.4298456866612472,
      6.5727290833183005,
      5.864228933590521,
      3.1487772981497484,
      3.7488035621108313,
      0.011317886669953703,
      3.156646272158689,
      0.2421547596009155
    ],
    [
      2.689714580773953,
      -0.09159840893177346,
      3.22901593695861,
      -0.7216471064894256,
      0.6340104825426764,
      3.8360894628029083,
      5.715342407528204,
      2.6967256866612472,
      6.4056890833183004,
      7.135268933590522,
      3.5270172981497483,
      2.9808035621108306,
      0.7025178866699539,
      2.757286272158689,
      1.0024747596009158
    ],
    [
      2.878514580773953,
      -0.039438408931773514,
      3.2251759369586095,
      -1.0051671064894259,
      0.6631304825426766,
      3.835769462802908,
      5.985742407528204,
      2.8650456866612473,
      6.3186490833183,
      7.055908933590522,
      3.489577298149748,
      2.862403562110831,
      0.4407578866699537,
      2.959206272158689,
      1.1743147596009158
    ],
    [
      3.364914580773953,
      0.29976159106822675,
      3.6219759369586098,
      -0.30116710648942535,
      -0.41846951745732397,
      4.181369462802908,
      6.011342407528204,
      2.8842456866612474,
      6.0690490833183,
      6.959908933590522,
      3.329577298149748,
      3.137603562110831,
      -0.25044211333004657,
      3.183206272158689,
      0.7775147596009155
    ],
    [
      3.061874580773953,
      -0.20647840893177372,
      3.8754159369586096,
      -0.3658071064894253,
      -0.35990951745732414,
      3.857529462802908,
      6.198542407528204,
      3.7402456866612477,
      6.620729083318301,
      7.243748933590521,
      3.696297298149748,
      2.2256035621108308,
      0.2737178866699536,
      2.853606272158689,
      0.16919475960091512
    ],
    [
      3.458034580773953,
      -0.033678408931773596,
      4.07701593695861,
      -0.21476710648942535,
      -0.336229517457324,
      4.174969462802908,
      6.184462407528204,
      3.4503256866612477,
      6.398009083318301,
      7.1976689335905215,
      3.780777298149748,
      2.564163562110831,
      -0.09364211333004652,
      3.3118462721586894,
      -0.001685240399084964
    ],
    [
      2.5309945807739522,
      0.15480159106822636,
      3.8594159369586096,
      -0.1904471064894252,
      -0.5147895174573242,
      4.254649462802908,
      6.770062407528204,
      2.3469656866612474,
      6.544569083318301,
      6.413028933590521,
      3.389097298149748,
      2.432003562110831,
      0.10827788666995355,
      3.2603262721586894,
      -0.048725240399085025
    ],
    [
      3.4013945807739527,
      0.001201591068226121,
      3.5138159369586095,
      -0.13924710648942512,
      0.7780104825426767,
      4.536249462802908,
      6.616462407528204,
      3.050965686661248,
      6.083769083318301,
      6.157028933590521,
      3.312297298149748,
      2.329603562110831,
      0.06987788666995351,
      3.055526272158689,
      -0.048725240399084734
    ],
    [
      2.7965945807739523,
      -1.6115984089317743,
      4.25301593695861,
      -0.1392471064894251,
      -0.2971895174573237,
      3.7970494628029074,
      5.8100624075282035,
      3.722965686661248,
      6.150969083318301,
      6.694628933590521,
      2.7074972981497476,
      1.5232035621108304,
      -0.8037221133300466,
      2.853926272158689,
      0.15287475960091546
    ]
  ],
  "cost_vals": [],
  "step_size": 0.1,
  "opt_step_times": [
    0.23299598693847656,
    0.12944483757019043,
    0.13544821739196777,
    0.13262486457824707,
    0.13695716857910156,
    0.15134692192077637,
    0.14255309104919434,
    0.12883496284484863,
    0.12872910499572754,
    0.14557909965515137,
    0.13878297805786133,
    0.14622998237609863,
    0.1357119083404541,
    0.13454413414001465,
    0.13100409507751465,
    0.12664008140563965,
    0.1296250820159912,
    0.12795066833496094,
    0.21654510498046875,
    0.127824068069458
  ],
  "opt_settings": [
    2.7965945807739523,
    -1.6115984089317743,
    4.25301593695861,
    -0.1392471064894251,
    -0.2971895174573237,
    3.7970494628029074,
    5.8100624075282035,
    3.722965686661248,
    6.150969083318301,
    6.694628933590521,
    2.7074972981497476,
    1.5232035621108304,
    -0.8037221133300466,
    2.853926272158689,
    0.15287475960091546
  ],
  "min_cost": null,
  "datetime": "2023-04-19T20-34-07Z",
  "step_only": true,
  "ibm_device": "default.qubit",
  "shots": 10,
  "prep_node_name": "5-qubit_ghz_state",
  "num_qubits": 5,
  "cov_mats": [
    [
      [
        0.6400000000000001,
        0.08000000000000002,
        -0.24,
        -0.32,
        -0.16
      ],
      [
        0.08000000000000002,
        0.96,
        -0.48,
        -0.24,
        -0.32000000000000006
      ],
      [
        -0.24,
        -0.48,
        0.6399999999999999,
        -0.07999999999999996,
        0.56
      ],
      [
        -0.32,
        -0.24,
        -0.07999999999999996,
        0.96,
        0.08
      ],
      [
        -0.16,
        -0.32000000000000006,
        0.56,
        0.08,
        0.84
      ]
    ],
    [
      [
        0.96,
        0.24000000000000007,
        -0.4,
        0.0,
        -0.48
      ],
      [
        0.24000000000000007,
        0.96,
        0.0,
        -0.4,
        -0.32
      ],
      [
        -0.4,
        0.0,
        1.0,
        -0.20000000000000007,
        0.0
      ],
      [
        0.0,
        -0.4,
        -0.20000000000000007,
        1.0,
        0.0
      ],
      [
        -0.48,
        -0.32,
        0.0,
        0.0,
        0.6400000000000001
      ]
    ],
    [
      [
        0.84,
        -0.19999999999999998,
        0.08000000000000002,
        -0.4400000000000001,
        -0.36000000000000004
      ],
      [
        -0.19999999999999998,
        1.0,
        0.0,
        -0.2,
        0.2
      ],
      [
        0.08000000000000002,
        0.0,
        0.96,
        0.32000000000000006,
        0.48
      ],
      [
        -0.4400000000000001,
        -0.2,
        0.32000000000000006,
        0.8400000000000001,
        0.36
      ],
      [
        -0.36000000000000004,
        0.2,
        0.48,
        0.36,
        0.8400000000000001
      ]
    ],
    [
      [
        1.0,
        1.0,
        -0.8,
        -0.6000000000000001,
        -1.0
      ],
      [
        1.0,
        1.0,
        -0.8,
        -0.6000000000000001,
        -1.0
      ],
      [
        -0.8,
        -0.8,
        0.96,
        0.4,
        0.8
      ],
      [
        -0.6000000000000001,
        -0.6000000000000001,
        0.4,
        1.0,
        0.6000000000000001
      ],
      [
        -1.0,
        -1.0,
        0.8,
        0.6000000000000001,
        1.0
      ]
    ],
    [
      [
        0.96,
        0.56,
        -0.56,
        -0.32000000000000006,
        -0.56
      ],
      [
        0.56,
        0.96,
        -0.96,
        -0.32000000000000006,
        -0.96
      ],
      [
        -0.56,
        -0.96,
        0.96,
        0.32000000000000006,
        0.96
      ],
      [
        -0.32000000000000006,
        -0.32000000000000006,
        0.32000000000000006,
        0.8400000000000001,
        0.32000000000000006
      ],
      [
        -0.56,
        -0.96,
        0.96,
        0.32000000000000006,
        0.96
      ]
    ],
    [
      [
        0.96,
        0.72,
        -0.72,
        -0.4,
        -0.72
      ],
      [
        0.72,
        0.84,
        -0.84,
        -0.6,
        -0.84
      ],
      [
        -0.72,
        -0.84,
        0.84,
        0.6,
        0.84
      ],
      [
        -0.4,
        -0.6,
        0.6,
        1.0,
        0.6
      ],
      [
        -0.72,
        -0.84,
        0.84,
        0.6,
        0.8400000000000001
      ]
    ],
    [
      [
        0.96,
        -0.56,
        0.32000000000000006,
        0.32000000000000006,
        0.16
      ],
      [
        -0.56,
        0.96,
        -0.7200000000000001,
        -0.32000000000000006,
        -0.56
      ],
      [
        0.32000000000000006,
        -0.7200000000000001,
        0.8400000000000001,
        0.44000000000000006,
        0.7200000000000002
      ],
      [
        0.32000000000000006,
        -0.32000000000000006,
        0.44000000000000006,
        0.8400000000000001,
        0.32
      ],
      [
        0.16,
        -0.56,
        0.7200000000000002,
        0.32,
        0.96
      ]
    ],
    [
      [
        0.6399999999999999,
        0.0,
        0.0,
        0.07999999999999996,
        0.0
      ],
      [
        0.0,
        1.0,
        -0.6000000000000001,
        -0.4000000000000001,
        -0.6000000000000001
      ],
      [
        0.0,
        -0.6000000000000001,
        1.0,
        0.8,
        1.0
      ],
      [
        0.07999999999999996,
        -0.4000000000000001,
        0.8,
        0.96,
        0.8
      ],
      [
        0.0,
        -0.6000000000000001,
        1.0,
        0.8,
        1.0
      ]
    ],
    [
      [
        0.96,
        0.15999999999999998,
        0.15999999999999998,
        0.0,
        -0.16
      ],
      [
        0.15999999999999998,
        0.96,
        -0.6400000000000001,
        -0.8,
        -0.56
      ],
      [
        0.15999999999999998,
        -0.6400000000000001,
        0.96,
        0.8,
        0.6400000000000001
      ],
      [
        0.0,
        -0.8,
        0.8,
        1.0,
        0.8
      ],
      [
        -0.16,
        -0.56,
        0.6400000000000001,
        0.8,
        0.96
      ]
    ],
    [
      [
        0.96,
        0.48,
        -0.24000000000000005,
        -0.24000000000000005,
        0.0
      ],
      [
        0.48,
        0.8400000000000001,
        -0.72,
        -0.72,
        -0.6
      ],
      [
        -0.24000000000000005,
        -0.72,
        0.96,
        0.96,
        0.8
      ],
      [
        -0.24000000000000005,
        -0.72,
        0.96,
        0.96,
        0.8
      ],
      [
        0.0,
        -0.6,
        0.8,
        0.8,
        1.0
      ]
    ],
    [
      [
        0.96,
        -0.8,
        0.7200000000000001,
        0.48000000000000004,
        0.56
      ],
      [
        -0.8,
        1.0,
        -0.6000000000000001,
        -0.39999999999999997,
        -0.4000000000000001
      ],
      [
        0.7200000000000001,
        -0.6000000000000001,
        0.8400000000000001,
        0.56,
        0.7200000000000001
      ],
      [
        0.48000000000000004,
        -0.39999999999999997,
        0.56,
        0.6400000000000001,
        0.48000000000000004
      ],
      [
        0.56,
        -0.4000000000000001,
        0.7200000000000001,
        0.48000000000000004,
        0.96
      ]
    ],
    [
      [
        1.0,
        -1.0,
        0.8,
        1.0,
        1.0
      ],
      [
        -1.0,
        1.0,
        -0.8,
        -1.0,
        -1.0
      ],
      [
        0.8,
        -0.8,
        0.96,
        0.8,
        0.8
      ],
      [
        1.0,
        -1.0,
        0.8,
        1.0,
        1.0
      ],
      [
        1.0,
        -1.0,
        0.8,
        1.0,
        1.0
      ]
    ],
    [
      [
        0.96,
        0.08000000000000002,
        0.96,
        0.32000000000000006,
        0.6400000000000001
      ],
      [
        0.08000000000000002,
        0.84,
        0.08000000000000006,
        0.36000000000000004,
        -0.08000000000000006
      ],
      [
        0.96,
        0.08000000000000006,
        0.96,
        0.32,
        0.6400000000000001
      ],
      [
        0.32000000000000006,
        0.36000000000000004,
        0.32,
        0.8400000000000001,
        0.08000000000000004
      ],
      [
        0.6400000000000001,
        -0.08000000000000006,
        0.6400000000000001,
        0.08000000000000004,
        0.96
      ]
    ],
    [
      [
        0.84,
        -0.32000000000000006,
        0.7200000000000001,
        0.8400000000000001,
        0.5599999999999998
      ],
      [
        -0.32000000000000006,
        0.96,
        -0.16,
        -0.32000000000000006,
        -0.07999999999999999
      ],
      [
        0.7200000000000001,
        -0.16,
        0.96,
        0.7200000000000002,
        0.48000000000000004
      ],
      [
        0.8400000000000001,
        -0.32000000000000006,
        0.7200000000000002,
        0.8400000000000001,
        0.5599999999999999
      ],
      [
        0.5599999999999998,
        -0.07999999999999999,
        0.48000000000000004,
        0.5599999999999999,
        0.6399999999999999
      ]
    ],
    [
      [
        0.8400000000000001,
        -0.8400000000000001,
        0.8400000000000001,
        0.44000000000000006,
        0.8400000000000001
      ],
      [
        -0.8400000000000001,
        0.8400000000000001,
        -0.8400000000000001,
        -0.44000000000000006,
        -0.8400000000000001
      ],
      [
        0.8400000000000001,
        -0.8400000000000001,
        0.8400000000000001,
        0.44000000000000006,
        0.8400000000000001
      ],
      [
        0.44000000000000006,
        -0.44000000000000006,
        0.44000000000000006,
        0.8400000000000001,
        0.44000000000000006
      ],
      [
        0.8400000000000001,
        -0.8400000000000001,
        0.8400000000000001,
        0.44000000000000006,
        0.8400000000000001
      ]
    ],
    [
      [
        0.96,
        -0.96,
        0.48000000000000004,
        0.6400000000000001,
        0.96
      ],
      [
        -0.96,
        0.96,
        -0.48000000000000004,
        -0.6400000000000001,
        -0.96
      ],
      [
        0.48000000000000004,
        -0.48000000000000004,
        0.6399999999999999,
        0.32000000000000006,
        0.48000000000000004
      ],
      [
        0.6400000000000001,
        -0.6400000000000001,
        0.32000000000000006,
        0.96,
        0.6400000000000001
      ],
      [
        0.96,
        -0.96,
        0.48000000000000004,
        0.6400000000000001,
        0.96
      ]
    ],
    [
      [
        0.8400000000000001,
        -0.44000000000000006,
        0.56,
        0.04000000000000006,
        0.56
      ],
      [
        -0.44000000000000006,
        0.8400000000000001,
        -0.56,
        -0.44000000000000006,
        -0.56
      ],
      [
        0.56,
        -0.56,
        0.6400000000000001,
        0.1600000000000001,
        0.6400000000000001
      ],
      [
        0.04000000000000006,
        -0.44000000000000006,
        0.1600000000000001,
        0.8400000000000001,
        0.16000000000000014
      ],
      [
        0.56,
        -0.56,
        0.6400000000000001,
        0.16000000000000014,
        0.6400000000000001
      ]
    ],
    [
      [
        0.8400000000000001,
        -0.44000000000000006,
        0.04000000000000006,
        0.44000000000000006,
        0.44000000000000006
      ],
      [
        -0.44000000000000006,
        0.8400000000000001,
        -0.44000000000000006,
        -0.8400000000000001,
        -0.8400000000000001
      ],
      [
        0.04000000000000006,
        -0.44000000000000006,
        0.8400000000000001,
        0.44000000000000006,
        0.44000000000000006
      ],
      [
        0.44000000000000006,
        -0.8400000000000001,
        0.44000000000000006,
        0.8400000000000001,
        0.8400000000000001
      ],
      [
        0.44000000000000006,
        -0.8400000000000001,
        0.44000000000000006,
        0.8400000000000001,
        0.8400000000000001
      ]
    ],
    [
      [
        0.8400000000000001,
        0.0,
        0.44000000000000006,
        0.5599999999999999,
        0.5599999999999999
      ],
      [
        0.0,
        0.0,
        0.0,
        0.0,
        0.0
      ],
      [
        0.44000000000000006,
        0.0,
        0.8400000000000001,
        0.5599999999999999,
        0.5599999999999999
      ],
      [
        0.5599999999999999,
        0.0,
        0.5599999999999999,
        0.6399999999999999,
        0.6399999999999999
      ],
      [
        0.5599999999999999,
        0.0,
        0.5599999999999999,
        0.6399999999999999,
        0.6399999999999999
      ]
    ],
    [
      [
        0.96,
        -0.8,
        0.32000000000000006,
        0.56,
        0.24
      ],
      [
        -0.8,
        1.0,
        -0.6000000000000001,
        -0.8,
        -0.4
      ],
      [
        0.32000000000000006,
        -0.6000000000000001,
        0.8400000000000001,
        0.7200000000000001,
        0.48000000000000004
      ],
      [
        0.56,
        -0.8,
        0.7200000000000001,
        0.96,
        0.24
      ],
      [
        0.24,
        -0.4,
        0.48000000000000004,
        0.24,
        0.96
      ]
    ]
  ]
}