{
  "settings_list": [
    [
      3.1914424278339117,
      5.519800678015502,
      1.1856608382165463,
      6.2695091776724805,
      4.063012558393301,
      0.5261873519866892,
      5.390072065344736,
      2.240489723957824,
      1.0974931832487824,
      2.758876855238016,
      4.871274226120569,
      5.989131087117227,
      1.2847444525565301,
      4.630580016437192,
      0.16867996031026605
    ],
    [
      3.1940024278339116,
      5.3297206780155015,
      1.0429408382165462,
      5.99814917767248,
      4.021412558393301,
      0.6228273519866893,
      5.731832065344736,
      2.674409723957824,
      1.0571731832487825,
      3.319516855238016,
      5.173354226120569,
      5.873291087117226,
      1.0754644525565298,
      4.791860016437192,
      0.3440399603102662
    ],
    [
      2.9981624278339116,
      5.592440678015501,
      0.7651808382165459,
      6.09414917767248,
      3.6626925583933008,
      0.6074673519866892,
      6.186872065344736,
      2.713449723957824,
      1.0274131832487825,
      3.304476855238016,
      5.383914226120569,
      5.645771087117226,
      1.1673044525565297,
      4.856820016437192,
      0.32579996031026615
    ],
    [
      3.1236024278339114,
      5.968760678015501,
      0.9968608382165459,
      5.95078917767248,
      3.3318125583933007,
      0.8340273519866893,
      5.754872065344736,
      3.1300897239578243,
      1.5605331832487828,
      3.358236855238016,
      5.611754226120569,
      5.803851087117226,
      0.9906644525565297,
      4.691060016437191,
      0.28483996031026615
    ],
    [
      3.4756024278339117,
      5.853560678015501,
      1.246460838216546,
      6.32838917767248,
      2.9734125583933007,
      0.8724273519866894,
      5.729272065344736,
      3.2132897239578244,
      1.938133183248783,
      3.217436855238016,
      6.437354226120569,
      5.701451087117226,
      1.0290644525565296,
      5.094260016437191,
      -0.015960039689733696
    ],
    [
      2.8096824278339114,
      6.334840678015501,
      1.168060838216546,
      6.38054917767248,
      2.7116525583933004,
      1.1313073519866896,
      5.912632065344736,
      3.2420897239578244,
      1.7563731832487828,
      3.6519968552380164,
      7.33783422612057,
      5.893771087117226,
      0.5935444525565291,
      5.239540016437192,
      -0.37468003968973407
    ],
    [
      2.9677624278339114,
      6.589560678015501,
      1.3293408382165461,
      6.351749177672479,
      3.2953325583933006,
      1.0314673519866893,
      6.560312065344736,
      2.5790497239578243,
      1.4254931832487827,
      3.6327968552380163,
      6.75735422612057,
      5.763211087117226,
      0.08218445255652895,
      5.727220016437192,
      0.12899996031026584
    ],
    [
      3.0720824278339114,
      5.844600678015501,
      1.132220838216546,
      6.029829177672479,
      2.5721325583933004,
      1.1985073519866893,
      6.5097520653447365,
      2.7723297239578244,
      1.4216531832487826,
      2.934556855238016,
      6.388074226120569,
      5.951371087117226,
      -0.06053554744347117,
      5.712500016437192,
      0.4765199603102659
    ],
    [
      2.360082427833911,
      6.646200678015502,
      0.30822083821654556,
      6.857029177672479,
      2.0505325583933,
      1.0241073519866895,
      6.1145520653447365,
      3.141929723957825,
      1.5624531832487827,
      2.1649568552380156,
      5.970474226120569,
      6.976971087117227,
      1.1506644525565295,
      7.203700016437193,
      0.12771996031026567
    ],
    [
      3.0397624278339115,
      6.326840678015502,
      -0.17497916178345463,
      6.547589177672479,
      2.5778925583933003,
      1.0257073519866895,
      5.909112065344736,
      3.304489723957825,
      2.004693183248783,
      2.217116855238016,
      5.859114226120568,
      7.066251087117227,
      0.7506644525565294,
      6.883380016437193,
      -0.2822000396897345
    ],
    [
      3.1088824278339113,
      6.097400678015502,
      0.15366083821654536,
      6.204549177672479,
      3.209572558393301,
      0.8215473519866896,
      6.201912065344736,
      3.068969723957825,
      2.4030931832487834,
      2.219036855238016,
      5.938474226120569,
      7.069451087117226,
      0.9781844525565295,
      6.789940016437193,
      0.005159960310265721
    ],
    [
      2.9783224278339113,
      6.930680678015502,
      -0.26233916178345484,
      6.283909177672479,
      2.8898925583933006,
      1.0858673519866897,
      6.274232065344736,
      2.8049697239578246,
      1.6408531832487827,
      2.634396855238016,
      5.917994226120569,
      6.5971310871172255,
      0.574024452556529,
      6.616500016437192,
      -0.6684400396897348
    ],
    [
      2.9655224278339114,
      6.732280678015502,
      0.21958083821654528,
      6.488709177672479,
      2.9494125583933006,
      0.5681073519866896,
      6.643512065344736,
      3.167209723957825,
      2.268053183248783,
      2.658716855238016,
      6.142634226120569,
      7.080971087117225,
      0.29626445255652895,
      6.511540016437192,
      -0.5122800396897347
    ],
    [
      3.5671224278339118,
      5.9450806780155006,
      1.1539808382165462,
      6.687109177672479,
      3.096612558393301,
      -0.3150926480133105,
      5.881912065344736,
      2.764009723957825,
      2.0568531832487826,
      2.703516855238016,
      6.545834226120569,
      6.920971087117225,
      -0.6637355474434714,
      6.882740016437192,
      -0.7234800396897346
    ],
    [
      3.297042427833911,
      5.899000678015501,
      1.521980838216546,
      6.491909177672479,
      3.286692558393301,
      -0.6562126480133108,
      5.455032065344735,
      3.185129723957825,
      1.8360531832487825,
      3.194396855238016,
      6.477994226120568,
      6.848011087117225,
      -0.8122155474434715,
      6.9870600164371925,
      -0.3759600396897345
    ],
    [
      2.845842427833911,
      6.2292406780155005,
      1.456700838216546,
      6.367749177672479,
      3.495972558393301,
      -0.9333326480133106,
      6.128952065344736,
      2.9841697239578253,
      1.7035731832487824,
      3.0644768552380164,
      6.357674226120568,
      6.475531087117225,
      -0.6272555474434715,
      6.597300016437193,
      -0.4463600396897345
    ],
    [
      2.6314424278339112,
      6.667640678015501,
      3.403900838216547,
      6.6157491776724795,
      2.2047725583933007,
      -0.9333326480133105,
      6.476152065344736,
      3.4337697239578255,
      2.1915731832487824,
      3.205276855238017,
      6.364074226120568,
      6.552331087117225,
      -0.8288555474434711,
      6.7765000164371925,
      -0.9631600396897348
    ],
    [
      3.470482427833912,
      6.2593206780155,
      3.410940838216547,
      5.697989177672479,
      2.9343725583933016,
      -0.9915726480133105,
      5.737592065344735,
      2.795049723957825,
      1.948373183248782,
      2.7252768552380164,
      6.856234226120568,
      6.3820910871172245,
      -0.11333554744347052,
      7.098420016437193,
      -0.9138800396897349
    ],
    [
      3.135762427833912,
      5.7934006780155,
      2.8810208382165463,
      6.42054917767248,
      3.091172558393302,
      -1.0875726480133103,
      5.705592065344735,
      3.4446497239578253,
      1.8203731832487822,
      2.6574368552380165,
      6.824234226120568,
      6.243851087117225,
      -0.42885554744347054,
      7.186740016437193,
      -0.8268400396897349
    ],
    [
      3.199762427833912,
      5.5095606780155,
      2.7248608382165465,
      6.17030917767248,
      2.023972558393301,
      -1.3739726480133105,
      6.285112065344736,
      3.105129723957825,
      2.5906131832487826,
      3.304476855238017,
      6.929194226120568,
      6.082891087117225,
      -0.8438955474434706,
      7.050420016437193,
      -0.9308400396897348
    ],
    [
      3.078162427833912,
      5.8436406780155,
      2.6058208382165464,
      5.96422917767248,
      2.429092558393301,
      -1.4622926480133107,
      6.291512065344736,
      3.289449723957825,
      2.9240531832487826,
      3.150876855238017,
      6.369194226120568,
      6.207051087117224,
      -0.5610155474434705,
      6.999860016437193,
      -1.0646000396897348
    ]
  ],
  "cost_vals": [],
  "step_size": 0.1,
  "opt_step_times": [
    0.20845794677734375,
    0.13792204856872559,
    0.14732718467712402,
    0.15529298782348633,
    0.20947480201721191,
    0.16324496269226074,
    0.13462400436401367,
    0.14295077323913574,
    0.14439797401428223,
    0.16718387603759766,
    0.14860224723815918,
    0.1538228988647461,
    0.15093994140625,
    0.13868999481201172,
    0.14082980155944824,
    0.2204289436340332,
    0.14893126487731934,
    0.16442227363586426,
    0.14683079719543457,
    0.13492798805236816
  ],
  "opt_settings": [
    3.078162427833912,
    5.8436406780155,
    2.6058208382165464,
    5.96422917767248,
    2.429092558393301,
    -1.4622926480133107,
    6.291512065344736,
    3.289449723957825,
    2.9240531832487826,
    3.150876855238017,
    6.369194226120568,
    6.207051087117224,
    -0.5610155474434705,
    6.999860016437193,
    -1.0646000396897348
  ],
  "min_cost": null,
  "datetime": "2023-05-30T16-43-02Z",
  "step_only": true,
  "ibm_device": "default.qubit",
  "shots": 10,
  "prep_node_name": "5-qubit_ghz_state",
  "num_qubits": 5,
  "error": false,
  "cov_mats": [
    [
      [
        0.6399999999999999,
        0.24,
        0.39999999999999997,
        -0.16000000000000003,
        -0.24000000000000005
      ],
      [
        0.24,
        0.6400000000000001,
        0.39999999999999997,
        -0.15999999999999992,
        -0.23999999999999994
      ],
      [
        0.39999999999999997,
        0.39999999999999997,
        1.0,
        -0.39999999999999997,
        0.2
      ],
      [
        -0.16000000000000003,
        -0.15999999999999992,
        -0.39999999999999997,
        0.6399999999999999,
        -0.24000000000000005
      ],
      [
        -0.24000000000000005,
        -0.23999999999999994,
        0.2,
        -0.24000000000000005,
        0.8400000000000001
      ]
    ],
    [
      [
        0.96,
        0.56,
        0.96,
        0.8,
        -0.16000000000000003
      ],
      [
        0.56,
        0.96,
        0.56,
        0.8,
        -0.16000000000000003
      ],
      [
        0.96,
        0.56,
        0.96,
        0.8,
        -0.16000000000000003
      ],
      [
        0.8,
        0.8,
        0.8,
        1.0,
        5.551115123125783e-17
      ],
      [
        -0.16000000000000003,
        -0.16000000000000003,
        -0.16000000000000003,
        5.551115123125783e-17,
        0.96
      ]
    ],
    [
      [
        0.8400000000000001,
        0.7200000000000002,
        0.8400000000000001,
        0.32,
        0.08000000000000004
      ],
      [
        0.7200000000000002,
        0.96,
        0.7200000000000001,
        0.15999999999999998,
        -0.15999999999999998
      ],
      [
        0.8400000000000001,
        0.7200000000000001,
        0.84,
        0.32,
        0.08000000000000006
      ],
      [
        0.32,
        0.15999999999999998,
        0.32,
        0.96,
        0.24000000000000007
      ],
      [
        0.08000000000000004,
        -0.15999999999999998,
        0.08000000000000006,
        0.24000000000000007,
        0.96
      ]
    ],
    [
      [
        0.96,
        0.96,
        0.96,
        0.96,
        0.23999999999999996
      ],
      [
        0.96,
        0.96,
        0.96,
        0.96,
        0.23999999999999996
      ],
      [
        0.96,
        0.96,
        0.96,
        0.96,
        0.23999999999999996
      ],
      [
        0.96,
        0.96,
        0.96,
        0.96,
        0.23999999999999996
      ],
      [
        0.23999999999999996,
        0.23999999999999996,
        0.23999999999999996,
        0.23999999999999996,
        0.96
      ]
    ],
    [
      [
        0.96,
        0.56,
        0.4,
        0.56,
        -0.32
      ],
      [
        0.56,
        0.96,
        0.8,
        0.96,
        -0.32000000000000006
      ],
      [
        0.4,
        0.8,
        1.0,
        0.8,
        -0.2
      ],
      [
        0.56,
        0.96,
        0.8,
        0.96,
        -0.32
      ],
      [
        -0.32,
        -0.32000000000000006,
        -0.2,
        -0.32,
        0.8400000000000001
      ]
    ],
    [
      [
        0.96,
        0.56,
        0.56,
        0.08000000000000002,
        -0.6400000000000001
      ],
      [
        0.56,
        0.96,
        0.96,
        0.08000000000000002,
        -0.24000000000000002
      ],
      [
        0.56,
        0.96,
        0.96,
        0.08000000000000002,
        -0.24000000000000002
      ],
      [
        0.08000000000000002,
        0.08000000000000002,
        0.08000000000000002,
        0.84,
        0.08000000000000002
      ],
      [
        -0.6400000000000001,
        -0.24000000000000002,
        -0.24000000000000002,
        0.08000000000000002,
        0.96
      ]
    ],
    [
      [
        0.96,
        0.7200000000000001,
        0.7200000000000001,
        0.7200000000000001,
        -0.48
      ],
      [
        0.7200000000000001,
        0.8400000000000001,
        0.8400000000000001,
        0.8400000000000001,
        -0.5599999999999999
      ],
      [
        0.7200000000000001,
        0.8400000000000001,
        0.8400000000000001,
        0.8400000000000001,
        -0.5599999999999999
      ],
      [
        0.7200000000000001,
        0.8400000000000001,
        0.8400000000000001,
        0.8400000000000001,
        -0.5599999999999999
      ],
      [
        -0.48,
        -0.5599999999999999,
        -0.5599999999999999,
        -0.5599999999999999,
        0.6399999999999999
      ]
    ],
    [
      [
        0.6400000000000001,
        0.5600000000000002,
        0.6400000000000001,
        0.6400000000000001,
        -0.5600000000000002
      ],
      [
        0.5600000000000002,
        0.8400000000000001,
        0.56,
        0.56,
        -0.44000000000000006
      ],
      [
        0.6400000000000001,
        0.56,
        0.6400000000000001,
        0.6400000000000001,
        -0.5600000000000002
      ],
      [
        0.6400000000000001,
        0.56,
        0.6400000000000001,
        0.6400000000000001,
        -0.5600000000000002
      ],
      [
        -0.5600000000000002,
        -0.44000000000000006,
        -0.5600000000000002,
        -0.5600000000000002,
        0.8400000000000001
      ]
    ],
    [
      [
        0.96,
        0.32,
        0.72,
        0.16,
        0.16
      ],
      [
        0.32,
        0.8400000000000001,
        0.44000000000000006,
        0.32000000000000006,
        -0.07999999999999999
      ],
      [
        0.72,
        0.44000000000000006,
        0.8400000000000001,
        -0.07999999999999999,
        0.32000000000000006
      ],
      [
        0.16,
        0.32000000000000006,
        -0.07999999999999999,
        0.96,
        -0.6400000000000001
      ],
      [
        0.16,
        -0.07999999999999999,
        0.32000000000000006,
        -0.6400000000000001,
        0.96
      ]
    ],
    [
      [
        0.96,
        0.96,
        0.8,
        -0.15999999999999998,
        -0.8
      ],
      [
        0.96,
        0.96,
        0.8,
        -0.15999999999999998,
        -0.8
      ],
      [
        0.8,
        0.8,
        1.0,
        -0.19999999999999996,
        -0.6000000000000001
      ],
      [
        -0.15999999999999998,
        -0.15999999999999998,
        -0.19999999999999996,
        0.3599999999999999,
        0.19999999999999998
      ],
      [
        -0.8,
        -0.8,
        -0.6000000000000001,
        0.19999999999999998,
        1.0
      ]
    ],
    [
      [
        1.0,
        1.0,
        1.0,
        1.0,
        -0.4
      ],
      [
        1.0,
        1.0,
        1.0,
        1.0,
        -0.4
      ],
      [
        1.0,
        1.0,
        1.0,
        1.0,
        -0.4
      ],
      [
        1.0,
        1.0,
        1.0,
        1.0,
        -0.4
      ],
      [
        -0.4,
        -0.4,
        -0.4,
        -0.4,
        0.96
      ]
    ],
    [
      [
        0.6400000000000001,
        0.6400000000000001,
        0.6400000000000001,
        0.24000000000000016,
        -0.32000000000000006
      ],
      [
        0.6400000000000001,
        0.6400000000000001,
        0.6400000000000001,
        0.24000000000000016,
        -0.32000000000000006
      ],
      [
        0.6400000000000001,
        0.6400000000000001,
        0.6400000000000001,
        0.24000000000000016,
        -0.32000000000000006
      ],
      [
        0.24000000000000016,
        0.24000000000000016,
        0.24000000000000016,
        0.6400000000000001,
        0.0799999999999999
      ],
      [
        -0.32000000000000006,
        -0.32000000000000006,
        -0.32000000000000006,
        0.0799999999999999,
        0.36
      ]
    ],
    [
      [
        0.96,
        0.72,
        0.72,
        0.96,
        -0.72
      ],
      [
        0.72,
        0.8400000000000001,
        0.8400000000000001,
        0.7200000000000001,
        -0.8400000000000001
      ],
      [
        0.72,
        0.8400000000000001,
        0.8400000000000001,
        0.7200000000000001,
        -0.8400000000000001
      ],
      [
        0.96,
        0.7200000000000001,
        0.7200000000000001,
        0.96,
        -0.72
      ],
      [
        -0.72,
        -0.8400000000000001,
        -0.8400000000000001,
        -0.72,
        0.8400000000000001
      ]
    ],
    [
      [
        0.3599999999999999,
        0.3599999999999999,
        0.3599999999999999,
        0.3599999999999999,
        -0.19999999999999998
      ],
      [
        0.3599999999999999,
        0.3599999999999999,
        0.3599999999999999,
        0.3599999999999999,
        -0.19999999999999998
      ],
      [
        0.3599999999999999,
        0.3599999999999999,
        0.3599999999999999,
        0.3599999999999999,
        -0.19999999999999998
      ],
      [
        0.3599999999999999,
        0.3599999999999999,
        0.3599999999999999,
        0.3599999999999999,
        -0.19999999999999998
      ],
      [
        -0.19999999999999998,
        -0.19999999999999998,
        -0.19999999999999998,
        -0.19999999999999998,
        1.0
      ]
    ],
    [
      [
        0.96,
        0.96,
        0.56,
        0.96,
        -0.56
      ],
      [
        0.96,
        0.96,
        0.56,
        0.96,
        -0.56
      ],
      [
        0.56,
        0.56,
        0.96,
        0.56,
        -0.96
      ],
      [
        0.96,
        0.96,
        0.56,
        0.96,
        -0.56
      ],
      [
        -0.56,
        -0.56,
        -0.96,
        -0.56,
        0.96
      ]
    ],
    [
      [
        1.0,
        1.0,
        1.0,
        1.0,
        -0.8
      ],
      [
        1.0,
        1.0,
        1.0,
        1.0,
        -0.8
      ],
      [
        1.0,
        1.0,
        1.0,
        1.0,
        -0.8
      ],
      [
        1.0,
        1.0,
        1.0,
        1.0,
        -0.8
      ],
      [
        -0.8,
        -0.8,
        -0.8,
        -0.8,
        0.96
      ]
    ],
    [
      [
        0.8400000000000001,
        0.2800000000000001,
        0.56,
        0.56,
        0.20000000000000004
      ],
      [
        0.2800000000000001,
        0.36,
        0.32000000000000006,
        0.32000000000000006,
        -0.19999999999999998
      ],
      [
        0.56,
        0.32000000000000006,
        0.6400000000000001,
        0.6400000000000001,
        0.0
      ],
      [
        0.56,
        0.32000000000000006,
        0.6400000000000001,
        0.6400000000000001,
        0.0
      ],
      [
        0.20000000000000004,
        -0.19999999999999998,
        0.0,
        0.0,
        1.0
      ]
    ],
    [
      [
        0.96,
        0.96,
        0.8,
        0.6400000000000001,
        -0.8
      ],
      [
        0.96,
        0.96,
        0.8,
        0.6400000000000001,
        -0.8
      ],
      [
        0.8,
        0.8,
        1.0,
        0.4,
        -0.6000000000000001
      ],
      [
        0.6400000000000001,
        0.6400000000000001,
        0.4,
        0.96,
        -0.8
      ],
      [
        -0.8,
        -0.8,
        -0.6000000000000001,
        -0.8,
        1.0
      ]
    ],
    [
      [
        1.0,
        0.8,
        0.8,
        1.0,
        -0.8
      ],
      [
        0.8,
        0.96,
        0.6400000000000001,
        0.8,
        -0.6400000000000001
      ],
      [
        0.8,
        0.6400000000000001,
        0.96,
        0.8,
        -0.5599999999999999
      ],
      [
        1.0,
        0.8,
        0.8,
        1.0,
        -0.8
      ],
      [
        -0.8,
        -0.6400000000000001,
        -0.5599999999999999,
        -0.8,
        0.96
      ]
    ],
    [
      [
        0.96,
        -0.56,
        0.32000000000000006,
        0.32000000000000006,
        -0.24000000000000005
      ],
      [
        -0.56,
        0.96,
        0.07999999999999999,
        0.07999999999999999,
        -0.16000000000000003
      ],
      [
        0.32000000000000006,
        0.07999999999999999,
        0.6399999999999999,
        0.6399999999999999,
        -0.07999999999999996
      ],
      [
        0.32000000000000006,
        0.07999999999999999,
        0.6399999999999999,
        0.6399999999999999,
        -0.07999999999999996
      ],
      [
        -0.24000000000000005,
        -0.16000000000000003,
        -0.07999999999999996,
        -0.07999999999999996,
        0.96
      ]
    ],
    [
      [
        0.96,
        0.8,
        0.56,
        0.56,
        -0.32000000000000006
      ],
      [
        0.8,
        1.0,
        0.8,
        0.8,
        -0.6000000000000001
      ],
      [
        0.56,
        0.8,
        0.96,
        0.96,
        -0.7200000000000001
      ],
      [
        0.56,
        0.8,
        0.96,
        0.96,
        -0.7200000000000001
      ],
      [
        -0.32000000000000006,
        -0.6000000000000001,
        -0.7200000000000001,
        -0.7200000000000001,
        0.8400000000000001
      ]
    ]
  ]
}