{
  "settings_list": [
    [
      3.3132355600758387,
      6.231444697352366,
      4.631675216239427,
      5.61237920671532,
      5.164673011676994,
      1.5293172928095247,
      2.8159070568990234,
      3.0150095582759397,
      3.1071994608811,
      2.8633699135858346,
      1.1462675665108604,
      1.7192388858085546,
      1.6290610039978897,
      4.986498906624313,
      0.7341784753522331
    ],
    [
      3.4924355600758386,
      6.077844697352366,
      4.641275216239427,
      5.7307792067153205,
      5.238273011676994,
      1.2925172928095248,
      2.8127070568990233,
      2.6214095582759396,
      3.1263994608811,
      2.8601699135858345,
      0.8966675665108603,
      1.3224388858085545,
      1.4498610039978896,
      5.088898906624313,
      0.5197784753522332
    ],
    [
      3.2876355600758385,
      6.036244697352366,
      4.655675216239427,
      5.69237920671532,
      5.196673011676994,
      1.2973172928095247,
      2.8863070568990232,
      2.5782095582759395,
      3.0783994608811,
      2.7929699135858344,
      0.9126675665108603,
      1.2856388858085546,
      1.2770610039978896,
      5.215298906624313,
      0.6125784753522332
    ],
    [
      3.3487555600758383,
      5.954324697352366,
      4.454075216239427,
      5.71157920671532,
      4.920513011676994,
      1.1961972928095248,
      3.3167070568990233,
      2.7650895582759394,
      3.1817594608811,
      2.8259299135858345,
      0.9520275665108603,
      1.2097988858085547,
      0.9135410039978895,
      5.259778906624313,
      0.5661784753522332
    ],
    [
      3.3097155600758383,
      6.050324697352366,
      4.441915216239427,
      5.71189920671532,
      5.038273011676994,
      1.2483572928095248,
      3.329827056899023,
      2.8470095582759396,
      3.3404794608810997,
      3.053449913585834,
      0.9638675665108603,
      1.1925188858085547,
      0.8290610039978895,
      5.395778906624313,
      0.4285784753522332
    ],
    [
      3.2994755600758383,
      5.992724697352366,
      4.384955216239427,
      5.64981920671532,
      5.228353011676994,
      1.2809972928095248,
      3.422627056899023,
      2.9743695582759395,
      3.3321594608811,
      3.0393699135858343,
      0.9382675665108603,
      1.3467588858085546,
      0.7343410039978895,
      5.498818906624313,
      0.5156184753522332
    ],
    [
      3.4940355600758384,
      5.850004697352366,
      4.099515216239427,
      6.16181920671532,
      5.9553930116769935,
      1.440357292809525,
      3.522467056899023,
      3.0780495582759393,
      4.0214394608810995,
      3.0848099135858345,
      0.8710675665108604,
      0.9864388858085547,
      -0.22437899600211064,
      5.378498906624314,
      0.422178475352233
    ],
    [
      3.4834755600758385,
      5.9319246973523665,
      3.952315216239427,
      6.11733920671532,
      5.967553011676993,
      1.558117292809525,
      3.455267056899023,
      2.960289558275939,
      4.1164794608810995,
      2.9424099135858346,
      0.7872275665108605,
      0.8709188858085547,
      -0.30693899600211066,
      5.3506589066243135,
      0.387938475352233
    ],
    [
      3.3039555600758383,
      6.1770446973523665,
      4.199995216239427,
      6.10517920671532,
      6.009793011676993,
      1.3469172928095252,
      3.315107056899023,
      2.7330895582759394,
      4.316799460881099,
      2.9619299135858346,
      0.7302675665108604,
      1.0542788858085546,
      -0.2925389960021107,
      5.4892189066243136,
      0.6004184753522329
    ],
    [
      3.035155560075838,
      6.178324697352366,
      4.114875216239427,
      5.95541920671532,
      5.883073011676993,
      1.0973172928095252,
      3.331107056899023,
      3.3455695582759395,
      4.067839460881099,
      3.1040099135858346,
      0.12226756651086035,
      0.8033988858085545,
      -0.22533899600211074,
      5.898178906624314,
      0.36745847535223286
    ],
    [
      2.8745155600758383,
      5.960084697352366,
      2.825275216239427,
      6.582619206715321,
      6.2165130116769935,
      0.975077292809525,
      2.910627056899023,
      3.5580495582759397,
      3.8918394608810987,
      2.9977699135858344,
      -0.22909243348913977,
      0.43539888580855435,
      -0.5018189960021109,
      5.767618906624314,
      0.41481847535223304
    ],
    [
      3.0316355600758382,
      5.948884697352366,
      2.9689552162394266,
      6.60981920671532,
      6.377473011676994,
      1.0009972928095252,
      2.827427056899023,
      3.4377295582759397,
      4.184319460881099,
      3.1433699135858344,
      -0.1615724334891398,
      0.5109188858085544,
      -0.27301899600211094,
      5.8844189066243135,
      0.624098475352233
    ],
    [
      2.388435560075838,
      5.796884697352366,
      3.1177552162394266,
      6.526619206715321,
      6.054273011676994,
      0.509797292809525,
      3.177827056899023,
      3.65052955827594,
      4.118719460881099,
      3.3641699135858345,
      0.07042756651086016,
      0.9221188858085547,
      -0.03781899600211086,
      6.348418906624314,
      0.5744984753522329
    ],
    [
      2.974035560075838,
      6.171284697352365,
      2.7209552162394264,
      6.603419206715321,
      6.044673011676994,
      0.090597292809525,
      3.504227056899023,
      3.60892955827594,
      4.233919460881099,
      2.9929699135858345,
      0.025627566510860095,
      0.8677188858085547,
      0.010181003997889196,
      6.041218906624314,
      0.6896984753522328
    ],
    [
      3.1391555600758374,
      6.065684697352365,
      2.7747152162394264,
      6.134619206715321,
      6.072193011676994,
      0.7405172928095249,
      2.7467870568990227,
      3.27676955827594,
      3.764159460881099,
      3.1884899135858347,
      -0.061732433489139885,
      1.337478885808555,
      0.2057010039978891,
      6.392578906624314,
      0.7575384753522328
    ],
    [
      3.2815555600758373,
      6.316884697352365,
      2.5347152162394266,
      5.966619206715321,
      6.052993011676993,
      0.9645172928095249,
      3.164387056899023,
      3.0207695582759397,
      4.135359460881099,
      2.6636899135858347,
      0.024667566510860106,
      1.1182788858085548,
      -0.12389899600211085,
      6.082178906624314,
      0.5431384753522327
    ],
    [
      3.1093955600758374,
      6.012244697352365,
      2.349755216239427,
      5.999259206715321,
      6.120193011676993,
      1.320037292809525,
      2.868707056899023,
      3.0418895582759395,
      3.797119460881099,
      3.067849913585835,
      0.02146756651086007,
      0.9979588858085549,
      -0.18181899600211088,
      6.060098906624314,
      0.13897847535223268
    ],
    [
      2.7164355600758374,
      6.452564697352365,
      2.582075216239427,
      6.460059206715321,
      5.570433011676993,
      1.586277292809525,
      3.074787056899023,
      2.6444495582759395,
      3.669759460881099,
      2.544969913585835,
      0.12898756651086005,
      1.113798885808555,
      -0.058938996002110944,
      6.486978906624314,
      0.6100184753522326
    ],
    [
      2.7740355600758373,
      6.436564697352365,
      2.489275216239427,
      6.661659206715321,
      5.660033011676993,
      2.0278772928095252,
      2.821987056899023,
      2.5132495582759393,
      3.704959460881099,
      2.618569913585835,
      0.41698756651086,
      0.672198885808555,
      -0.020538996002110996,
      6.477378906624314,
      0.6900184753522326
    ],
    [
      3.1097155600758373,
      6.405844697352365,
      2.462075216239427,
      6.900059206715321,
      5.868033011676993,
      1.8531572928095252,
      3.307107056899023,
      2.7794895582759396,
      4.093119460881099,
      3.017929913585835,
      0.64514756651086,
      0.7694788858085551,
      -0.03749899600211096,
      7.085698906624314,
      0.8663384753522325
    ],
    [
      3.3049155600758375,
      6.818644697352365,
      2.228475216239427,
      6.7272592067153205,
      6.063233011676993,
      1.8275572928095252,
      3.291107056899023,
      2.6866895582759396,
      3.913919460881099,
      3.616329913585835,
      0.4787475665108601,
      0.983878885808555,
      -0.12389899600211099,
      6.868098906624314,
      0.7223384753522326
    ]
  ],
  "cost_vals": [],
  "step_size": 0.1,
  "opt_step_times": [
    47.79974579811096,
    35.62840127944946,
    34.75034809112549,
    45.16103410720825,
    32.392334938049316,
    45.34979176521301,
    30.062965631484985,
    43.15459704399109,
    33.48592758178711,
    43.50970530509949,
    30.499509811401367,
    33.38676357269287,
    28.828223705291748,
    44.04246997833252,
    29.054161071777344,
    31.933196783065796,
    30.700501918792725,
    30.44274353981018,
    28.3788800239563,
    40.486016273498535
  ],
  "opt_settings": [
    3.3049155600758375,
    6.818644697352365,
    2.228475216239427,
    6.7272592067153205,
    6.063233011676993,
    1.8275572928095252,
    3.291107056899023,
    2.6866895582759396,
    3.913919460881099,
    3.616329913585835,
    0.4787475665108601,
    0.983878885808555,
    -0.12389899600211099,
    6.868098906624314,
    0.7223384753522326
  ],
  "min_cost": null,
  "datetime": "2023-04-25T19-30-56Z",
  "step_only": true,
  "ibm_device": "ibmq_belem",
  "shots": 10,
  "prep_node_name": "5-qubit_ghz_state",
  "num_qubits": 5,
  "cov_mats": [
    [
      [
        0.96,
        -0.15999999999999998,
        -0.4000000000000001,
        0.24000000000000005,
        -0.24000000000000005
      ],
      [
        -0.15999999999999998,
        0.96,
        0.0,
        0.16,
        -0.56
      ],
      [
        -0.4000000000000001,
        0.0,
        1.0,
        0.0,
        0.0
      ],
      [
        0.24000000000000005,
        0.16,
        0.0,
        0.96,
        0.24000000000000002
      ],
      [
        -0.24000000000000005,
        -0.56,
        0.0,
        0.24000000000000002,
        0.96
      ]
    ],
    [
      [
        0.84,
        -0.44,
        -0.7200000000000001,
        0.27999999999999997,
        0.2
      ],
      [
        -0.44,
        0.8400000000000001,
        0.32000000000000006,
        0.11999999999999997,
        -0.2
      ],
      [
        -0.7200000000000001,
        0.32000000000000006,
        0.96,
        -0.23999999999999996,
        -0.4000000000000001
      ],
      [
        0.27999999999999997,
        0.11999999999999997,
        -0.23999999999999996,
        0.36,
        -0.19999999999999996
      ],
      [
        0.2,
        -0.2,
        -0.4000000000000001,
        -0.19999999999999996,
        1.0
      ]
    ],
    [
      [
        0.96,
        -0.48000000000000004,
        -0.15999999999999998,
        0.24000000000000005,
        -0.24000000000000005
      ],
      [
        -0.48000000000000004,
        0.84,
        -0.32,
        0.08000000000000002,
        0.32000000000000006
      ],
      [
        -0.15999999999999998,
        -0.32,
        0.96,
        -0.6400000000000001,
        -0.16
      ],
      [
        0.24000000000000005,
        0.08000000000000002,
        -0.6400000000000001,
        0.96,
        -0.16000000000000003
      ],
      [
        -0.24000000000000005,
        0.32000000000000006,
        -0.16,
        -0.16000000000000003,
        0.96
      ]
    ],
    [
      [
        1.0,
        -0.6000000000000001,
        -1.0,
        0.19999999999999998,
        -0.6000000000000001
      ],
      [
        -0.6000000000000001,
        1.0,
        0.6000000000000001,
        -0.19999999999999998,
        0.2
      ],
      [
        -1.0,
        0.6000000000000001,
        1.0,
        -0.19999999999999998,
        0.6000000000000001
      ],
      [
        0.19999999999999998,
        -0.19999999999999998,
        -0.19999999999999998,
        0.3599999999999999,
        -0.19999999999999996
      ],
      [
        -0.6000000000000001,
        0.2,
        0.6000000000000001,
        -0.19999999999999996,
        1.0
      ]
    ],
    [
      [
        0.96,
        -0.24000000000000005,
        -0.6400000000000001,
        0.48000000000000004,
        -0.6400000000000001
      ],
      [
        -0.24000000000000005,
        0.36,
        0.1600000000000001,
        -0.11999999999999994,
        0.16
      ],
      [
        -0.6400000000000001,
        0.1600000000000001,
        0.96,
        -0.7200000000000002,
        0.56
      ],
      [
        0.48000000000000004,
        -0.11999999999999994,
        -0.7200000000000002,
        0.8400000000000001,
        -0.32000000000000006
      ],
      [
        -0.6400000000000001,
        0.16,
        0.56,
        -0.32000000000000006,
        0.96
      ]
    ],
    [
      [
        0.96,
        -0.8,
        -0.32000000000000006,
        0.56,
        -0.32000000000000006
      ],
      [
        -0.8,
        1.0,
        0.6000000000000001,
        -0.4,
        0.6000000000000001
      ],
      [
        -0.32000000000000006,
        0.6000000000000001,
        0.8400000000000001,
        -0.32000000000000006,
        0.04000000000000001
      ],
      [
        0.56,
        -0.4,
        -0.32000000000000006,
        0.96,
        0.08000000000000002
      ],
      [
        -0.32000000000000006,
        0.6000000000000001,
        0.04000000000000001,
        0.08000000000000002,
        0.84
      ]
    ],
    [
      [
        0.96,
        -0.32,
        -0.24000000000000005,
        0.4000000000000001,
        -0.08000000000000006
      ],
      [
        -0.32,
        0.8400000000000001,
        0.48,
        -0.6000000000000001,
        0.36000000000000004
      ],
      [
        -0.24000000000000005,
        0.48,
        0.96,
        -0.4000000000000001,
        -0.08000000000000002
      ],
      [
        0.4000000000000001,
        -0.6000000000000001,
        -0.4000000000000001,
        1.0,
        -0.6000000000000001
      ],
      [
        -0.08000000000000006,
        0.36000000000000004,
        -0.08000000000000002,
        -0.6000000000000001,
        0.84
      ]
    ],
    [
      [
        0.96,
        -0.7200000000000001,
        -0.4000000000000001,
        0.4000000000000001,
        -0.24000000000000005
      ],
      [
        -0.7200000000000001,
        0.84,
        0.2,
        -0.6000000000000001,
        0.48
      ],
      [
        -0.4000000000000001,
        0.2,
        1.0,
        0.20000000000000007,
        0.0
      ],
      [
        0.4000000000000001,
        -0.6000000000000001,
        0.20000000000000007,
        1.0,
        0.0
      ],
      [
        -0.24000000000000005,
        0.48,
        0.0,
        0.0,
        0.96
      ]
    ],
    [
      [
        0.96,
        0.16,
        -0.8,
        0.96,
        -0.8
      ],
      [
        0.16,
        0.96,
        0.0,
        0.15999999999999998,
        0.0
      ],
      [
        -0.8,
        0.0,
        1.0,
        -0.8,
        0.6000000000000001
      ],
      [
        0.96,
        0.15999999999999998,
        -0.8,
        0.96,
        -0.8
      ],
      [
        -0.8,
        0.0,
        0.6000000000000001,
        -0.8,
        1.0
      ]
    ],
    [
      [
        1.0,
        -0.19999999999999998,
        -0.4,
        0.8,
        -0.6000000000000001
      ],
      [
        -0.19999999999999998,
        0.84,
        0.32000000000000006,
        -0.32000000000000006,
        0.04000000000000001
      ],
      [
        -0.4,
        0.32000000000000006,
        0.96,
        -0.56,
        0.32000000000000006
      ],
      [
        0.8,
        -0.32000000000000006,
        -0.56,
        0.96,
        -0.7200000000000001
      ],
      [
        -0.6000000000000001,
        0.04000000000000001,
        0.32000000000000006,
        -0.7200000000000001,
        0.8400000000000001
      ]
    ],
    [
      [
        0.96,
        -0.8,
        -0.48,
        0.48000000000000004,
        -0.96
      ],
      [
        -0.8,
        1.0,
        0.6,
        -0.39999999999999997,
        0.8
      ],
      [
        -0.48,
        0.6,
        0.84,
        -0.24000000000000007,
        0.48
      ],
      [
        0.48000000000000004,
        -0.39999999999999997,
        -0.24000000000000007,
        0.6399999999999999,
        -0.48000000000000004
      ],
      [
        -0.96,
        0.8,
        0.48,
        -0.48000000000000004,
        0.96
      ]
    ],
    [
      [
        0.96,
        5.551115123125783e-17,
        -0.16,
        0.4000000000000001,
        -0.4000000000000001
      ],
      [
        5.551115123125783e-17,
        1.0,
        0.4,
        -0.6000000000000001,
        0.6000000000000001
      ],
      [
        -0.16,
        0.4,
        0.96,
        -0.4000000000000001,
        0.4000000000000001
      ],
      [
        0.4000000000000001,
        -0.6000000000000001,
        -0.4000000000000001,
        1.0,
        -1.0
      ],
      [
        -0.4000000000000001,
        0.6000000000000001,
        0.4000000000000001,
        -1.0,
        1.0
      ]
    ],
    [
      [
        1.0,
        -1.0,
        -1.0,
        1.0,
        -0.8
      ],
      [
        -1.0,
        1.0,
        1.0,
        -1.0,
        0.8
      ],
      [
        -1.0,
        1.0,
        1.0,
        -1.0,
        0.8
      ],
      [
        1.0,
        -1.0,
        -1.0,
        1.0,
        -0.8
      ],
      [
        -0.8,
        0.8,
        0.8,
        -0.8,
        0.96
      ]
    ],
    [
      [
        0.96,
        -0.48,
        -0.48,
        0.7200000000000001,
        -0.23999999999999994
      ],
      [
        -0.48,
        0.6399999999999999,
        0.23999999999999988,
        -0.16000000000000003,
        0.31999999999999995
      ],
      [
        -0.48,
        0.23999999999999988,
        0.6399999999999999,
        -0.5599999999999999,
        0.31999999999999995
      ],
      [
        0.7200000000000001,
        -0.16000000000000003,
        -0.5599999999999999,
        0.8400000000000001,
        -0.28
      ],
      [
        -0.23999999999999994,
        0.31999999999999995,
        0.31999999999999995,
        -0.28,
        0.3599999999999999
      ]
    ],
    [
      [
        0.3599999999999999,
        -0.3599999999999999,
        0.0,
        0.31999999999999995,
        -0.3599999999999999
      ],
      [
        -0.3599999999999999,
        0.3599999999999999,
        0.0,
        -0.31999999999999995,
        0.3599999999999999
      ],
      [
        0.0,
        0.0,
        0.0,
        0.0,
        0.0
      ],
      [
        0.31999999999999995,
        -0.31999999999999995,
        0.0,
        0.6399999999999999,
        -0.31999999999999995
      ],
      [
        -0.3599999999999999,
        0.3599999999999999,
        0.0,
        -0.31999999999999995,
        0.3599999999999999
      ]
    ],
    [
      [
        0.6400000000000001,
        -0.48000000000000004,
        -0.56,
        0.56,
        -0.39999999999999997
      ],
      [
        -0.48000000000000004,
        0.96,
        0.7200000000000001,
        -0.7200000000000001,
        0.8
      ],
      [
        -0.56,
        0.7200000000000001,
        0.8400000000000001,
        -0.8400000000000001,
        0.6000000000000001
      ],
      [
        0.56,
        -0.7200000000000001,
        -0.8400000000000001,
        0.8400000000000001,
        -0.6000000000000001
      ],
      [
        -0.39999999999999997,
        0.8,
        0.6000000000000001,
        -0.6000000000000001,
        1.0
      ]
    ],
    [
      [
        0.96,
        0.6400000000000001,
        -0.24000000000000002,
        0.72,
        -0.8
      ],
      [
        0.6400000000000001,
        0.96,
        0.24000000000000013,
        0.48,
        -0.4000000000000001
      ],
      [
        -0.24000000000000002,
        0.24000000000000013,
        0.96,
        -0.48,
        0.4000000000000001
      ],
      [
        0.72,
        0.48,
        -0.48,
        0.84,
        -0.6
      ],
      [
        -0.8,
        -0.4000000000000001,
        0.4000000000000001,
        -0.6,
        1.0
      ]
    ],
    [
      [
        0.6400000000000001,
        -0.6400000000000001,
        -0.24000000000000016,
        0.48000000000000004,
        -0.31999999999999995
      ],
      [
        -0.6400000000000001,
        0.6400000000000001,
        0.24000000000000016,
        -0.48000000000000004,
        0.31999999999999995
      ],
      [
        -0.24000000000000016,
        0.24000000000000016,
        0.6400000000000001,
        -0.48000000000000004,
        -0.0800000000000001
      ],
      [
        0.48000000000000004,
        -0.48000000000000004,
        -0.48000000000000004,
        0.96,
        -0.24000000000000002
      ],
      [
        -0.31999999999999995,
        0.31999999999999995,
        -0.0800000000000001,
        -0.24000000000000002,
        0.96
      ]
    ],
    [
      [
        0.8400000000000001,
        -0.5600000000000002,
        -0.8400000000000001,
        0.6000000000000001,
        -0.8400000000000001
      ],
      [
        -0.5600000000000002,
        0.6400000000000001,
        0.56,
        -0.39999999999999997,
        0.56
      ],
      [
        -0.8400000000000001,
        0.56,
        0.8400000000000001,
        -0.6000000000000001,
        0.8400000000000001
      ],
      [
        0.6000000000000001,
        -0.39999999999999997,
        -0.6000000000000001,
        1.0,
        -0.6000000000000001
      ],
      [
        -0.8400000000000001,
        0.56,
        0.8400000000000001,
        -0.6000000000000001,
        0.8400000000000001
      ]
    ],
    [
      [
        0.96,
        -0.56,
        -0.6400000000000001,
        0.56,
        -0.4000000000000001
      ],
      [
        -0.56,
        0.96,
        0.6400000000000001,
        -0.16000000000000003,
        0.8
      ],
      [
        -0.6400000000000001,
        0.6400000000000001,
        0.96,
        -0.23999999999999996,
        0.4
      ],
      [
        0.56,
        -0.16000000000000003,
        -0.23999999999999996,
        0.96,
        -0.4000000000000001
      ],
      [
        -0.4000000000000001,
        0.8,
        0.4,
        -0.4000000000000001,
        1.0
      ]
    ]
  ]
}