{
  "settings_list": [
    [
      0.41048028846749834,
      3.313917549698619,
      6.273813249230368,
      1.0935341797684557,
      5.914589355021308,
      0.15287043555312374,
      5.990367338596127,
      3.2798530445040113,
      1.926460085031192,
      4.857158517258127,
      0.2764051829918071,
      4.281358845340871,
      4.473143695465606,
      0.9292103230756668,
      4.28222071858024
    ],
    [
      0.08568028846749814,
      3.345917549698619,
      5.949013249230369,
      1.0343341797684555,
      5.821789355021307,
      0.2680704355531237,
      6.268767338596128,
      3.4078530445040114,
      1.6032600850311918,
      5.037958517258128,
      0.2908051829918071,
      3.9933588453408713,
      4.313143695465606,
      0.8860103230756667,
      4.42142071858024
    ],
    [
      0.21720028846749842,
      3.078717549698619,
      6.376533249230369,
      0.7735341797684554,
      5.858589355021308,
      0.18263043555312375,
      6.333727338596128,
      2.992493044504011,
      1.4253400850311917,
      5.117318517258128,
      0.19224518299180715,
      3.986638845340871,
      3.8286636954656057,
      1.0623303230756669,
      3.9974207185802397
    ],
    [
      0.011120288467498407,
      3.449917549698619,
      6.210773249230369,
      0.9079341797684554,
      5.771229355021307,
      -0.05736956444687616,
      6.169567338596128,
      3.035053044504011,
      1.5290200850311917,
      5.393798517258128,
      0.2597651829918072,
      3.994638845340871,
      3.550903695465606,
      0.8684103230756668,
      4.205740718580239
    ],
    [
      0.10968028846749842,
      3.3660775496986193,
      6.0546132492303695,
      0.6180141797684553,
      5.902429355021307,
      -0.3223295644468762,
      6.247647338596128,
      3.2622530445040114,
      1.5085400850311916,
      5.8398785172581285,
      -0.06471481700819293,
      3.9818388453408713,
      3.374263695465606,
      0.6693703230756667,
      4.247340718580239
    ],
    [
      -0.3127197115325018,
      2.972477549698619,
      6.66901324923037,
      0.9700141797684557,
      6.406429355021308,
      -0.1351295644468762,
      6.1692473385961275,
      2.132653044504011,
      1.5053400850311918,
      6.628678517258129,
      0.7272851829918074,
      2.7850388453408708,
      3.302263695465606,
      1.0021703230756664,
      3.4217407185802386
    ],
    [
      -0.15783971153250168,
      2.884157549698619,
      6.52437324923037,
      0.7287341797684554,
      6.556189355021308,
      -0.1114495644468762,
      6.063007338596128,
      2.215853044504011,
      1.4432600850311916,
      6.6542785172581285,
      0.6108051829918074,
      2.921998845340871,
      3.455863695465606,
      0.9964103230756663,
      3.2771007185802388
    ],
    [
      0.11544028846749846,
      3.074237549698619,
      6.08021324923037,
      0.14761417976845514,
      6.154269355021308,
      -0.24264956444687616,
      5.950367338596128,
      2.5812930445040116,
      1.4349400850311915,
      6.620998517258128,
      0.35736518299180736,
      2.8528788453408707,
      3.320823695465606,
      0.5906503230756661,
      3.622700718580239
    ],
    [
      0.5109602884674986,
      3.019837549698619,
      6.05077324923037,
      -0.12310582023154487,
      6.206749355021308,
      -0.4820095644468761,
      6.315807338596128,
      3.0696130445040124,
      1.9578200850311918,
      6.112838517258128,
      0.6319251829918076,
      2.680718845340871,
      3.162103695465606,
      -0.4455096769243343,
      3.704620718580239
    ],
    [
      -0.11687971153250121,
      3.4300775496986193,
      5.95349324923037,
      0.2701741797684552,
      6.552029355021308,
      -0.5389695644468762,
      6.3122873385961284,
      4.214573044504013,
      2.151420085031192,
      6.630598517258128,
      -0.03207481700819237,
      2.8675988453408707,
      2.868663695465606,
      -0.41734967692433417,
      3.342060718580239
    ],
    [
      -0.21863971153250117,
      2.904637549698619,
      6.334933249230369,
      -0.22902582023154489,
      6.224349355021308,
      -0.08776956444687589,
      6.6009273385961285,
      3.4856130445040128,
      2.4080600850311926,
      6.219718517258128,
      0.016565182991807786,
      2.6615188453408707,
      3.238583695465606,
      -0.206149676924334,
      3.6159807185802393
    ],
    [
      -0.7472797115325011,
      3.1107175496986192,
      6.393493249230369,
      -0.31670582023154475,
      6.341789355021308,
      -0.034009564446875994,
      6.778847338596129,
      2.614573044504013,
      2.1959000850311927,
      5.920198517258128,
      -0.23719481700819225,
      2.728078845340871,
      3.7982636954656064,
      0.034490323075666074,
      3.504620718580239
    ],
    [
      0.19288028846749938,
      3.5567975496986195,
      6.890133249230369,
      0.08329417976845543,
      6.031709355021308,
      -0.013529564446875982,
      6.849887338596129,
      2.977133044504013,
      2.328380085031193,
      6.250438517258129,
      0.0751251829918079,
      2.874958845340871,
      3.1205036954656062,
      0.2600903230756662,
      3.371180718580239
    ],
    [
      0.8552802884674998,
      3.7039975496986193,
      6.704533249230369,
      -0.31990582023154457,
      5.561309355021308,
      0.30647043555312425,
      7.086687338596128,
      1.8923330445040123,
      1.2627800850311919,
      6.256838517258129,
      0.2543251829918081,
      2.00775884534087,
      2.6757036954656055,
      0.20569032307566615,
      3.86078071858024
    ],
    [
      0.9640802884674998,
      3.806397549698619,
      6.539733249230369,
      -0.6351058202315446,
      5.8141093550213085,
      -0.136729564446876,
      7.229087338596129,
      2.469933044504012,
      1.0723800850311918,
      6.378438517258129,
      0.2287251829918081,
      2.05735884534087,
      2.7413036954656054,
      -0.08710967692433402,
      4.37278071858024
    ],
    [
      1.1548002884674997,
      3.939197549698619,
      6.605333249230369,
      -0.5976658202315446,
      5.906269355021308,
      -0.054809564446875875,
      7.037407338596129,
      2.8382530445040124,
      0.9456600850311917,
      6.1285185172581285,
      0.13400518299180808,
      1.84967884534087,
      3.1883436954656057,
      -0.080069676924334,
      4.06782071858024
    ],
    [
      1.3372002884674996,
      3.497597549698619,
      6.624533249230368,
      -0.3832658202315444,
      6.232669355021309,
      -0.5188095644468761,
      7.1782073385961285,
      2.7870530445040123,
      0.2640600850311916,
      6.3781185172581285,
      0.05400518299180801,
      2.34887884534087,
      3.517943695465606,
      -0.6208696769243343,
      3.79902071858024
    ],
    [
      1.2268002884674993,
      3.744637549698619,
      6.4008532492303685,
      -0.08438582023154428,
      6.225629355021309,
      -0.5255295644468762,
      6.7359673385961285,
      2.7032130445040123,
      0.4611800850311917,
      6.563078517258129,
      0.18840518299180806,
      2.3818388453408703,
      3.3109036954656057,
      -0.5882296769243343,
      4.01918071858024
    ],
    [
      0.7413602884674988,
      3.572157549698619,
      6.127573249230369,
      0.265374179768456,
      6.497309355021309,
      -0.394009564446876,
      6.599327338596129,
      2.7102530445040123,
      0.9363800850311919,
      6.235718517258128,
      -0.03175481700819205,
      2.2384788453408704,
      3.2328236954656058,
      -0.010629676924333697,
      3.9971007185802403
    ],
    [
      0.05528028846749877,
      2.859837549698619,
      6.766293249230369,
      0.5245741797684562,
      6.800669355021309,
      0.12695043555312407,
      6.222367338596128,
      1.8712130445040123,
      1.443900085031192,
      7.186118517258128,
      0.16856518299180814,
      3.143438845340871,
      2.4200236954656056,
      -0.04902967692433387,
      4.502700718580241
    ],
    [
      -0.18407971153250144,
      3.375037549698619,
      6.544853249230369,
      0.42217417976845617,
      6.344989355021309,
      -0.038809564446875944,
      6.422047338596128,
      1.235053044504012,
      1.4202200850311921,
      6.928838517258129,
      0.21144518299180828,
      3.337998845340871,
      2.7541036954656057,
      -0.20518967692433393,
      4.40286071858024
    ]
  ],
  "cost_vals": [],
  "step_size": 0.1,
  "opt_step_times": [
    34.24606895446777,
    31.918883085250854,
    39.3883421421051,
    39.70079016685486,
    42.022221088409424,
    27.912240982055664,
    71.4154360294342,
    64.43458700180054,
    191.5132622718811,
    48.03724789619446,
    104.4633560180664,
    40.884495973587036,
    57.42623209953308,
    93.45967411994934,
    96.47164916992188,
    81.39721274375916,
    81.06852889060974,
    83.20592403411865,
    84.78094840049744,
    82.49287128448486
  ],
  "opt_settings": [
    -0.18407971153250144,
    3.375037549698619,
    6.544853249230369,
    0.42217417976845617,
    6.344989355021309,
    -0.038809564446875944,
    6.422047338596128,
    1.235053044504012,
    1.4202200850311921,
    6.928838517258129,
    0.21144518299180828,
    3.337998845340871,
    2.7541036954656057,
    -0.20518967692433393,
    4.40286071858024
  ],
  "min_cost": null,
  "datetime": "2023-04-19T20-43-29Z",
  "step_only": true,
  "ibm_device": "ibmq_qasm_simulator",
  "shots": 10,
  "prep_node_name": "5-qubit_ghz_state",
  "num_qubits": 5,
  "cov_mats": [
    [
      [
        1.0,
        -0.2,
        0.8,
        -0.4000000000000001,
        0.4000000000000001
      ],
      [
        -0.2,
        0.84,
        -0.08000000000000002,
        0.08000000000000002,
        0.08000000000000002
      ],
      [
        0.8,
        -0.08000000000000002,
        0.96,
        -0.56,
        0.24000000000000002
      ],
      [
        -0.4000000000000001,
        0.08000000000000002,
        -0.56,
        0.96,
        0.16000000000000003
      ],
      [
        0.4000000000000001,
        0.08000000000000002,
        0.24000000000000002,
        0.16000000000000003,
        0.96
      ]
    ],
    [
      [
        0.8400000000000001,
        -0.8400000000000001,
        0.8400000000000001,
        -0.7200000000000001,
        0.32000000000000006
      ],
      [
        -0.8400000000000001,
        0.8400000000000001,
        -0.8400000000000001,
        0.7200000000000001,
        -0.32000000000000006
      ],
      [
        0.8400000000000001,
        -0.8400000000000001,
        0.8400000000000001,
        -0.7200000000000001,
        0.32000000000000006
      ],
      [
        -0.7200000000000001,
        0.7200000000000001,
        -0.7200000000000001,
        0.96,
        -0.56
      ],
      [
        0.32000000000000006,
        -0.32000000000000006,
        0.32000000000000006,
        -0.56,
        0.96
      ]
    ],
    [
      [
        0.96,
        -0.56,
        0.96,
        -0.6400000000000001,
        0.15999999999999998
      ],
      [
        -0.56,
        0.96,
        -0.56,
        0.24000000000000005,
        -0.56
      ],
      [
        0.96,
        -0.56,
        0.96,
        -0.6400000000000001,
        0.16
      ],
      [
        -0.6400000000000001,
        0.24000000000000005,
        -0.6400000000000001,
        0.96,
        0.15999999999999998
      ],
      [
        0.15999999999999998,
        -0.56,
        0.16,
        0.15999999999999998,
        0.96
      ]
    ],
    [
      [
        0.8400000000000001,
        -0.44000000000000006,
        0.8400000000000001,
        -0.7200000000000001,
        0.6000000000000001
      ],
      [
        -0.44000000000000006,
        0.8400000000000001,
        -0.44000000000000006,
        0.32000000000000006,
        -0.19999999999999998
      ],
      [
        0.8400000000000001,
        -0.44000000000000006,
        0.8400000000000001,
        -0.7200000000000001,
        0.6000000000000001
      ],
      [
        -0.7200000000000001,
        0.32000000000000006,
        -0.7200000000000001,
        0.96,
        -0.8
      ],
      [
        0.6000000000000001,
        -0.19999999999999998,
        0.6000000000000001,
        -0.8,
        1.0
      ]
    ],
    [
      [
        0.96,
        -0.56,
        0.6400000000000001,
        -0.96,
        0.32
      ],
      [
        -0.56,
        0.96,
        -0.6400000000000001,
        0.56,
        0.08000000000000002
      ],
      [
        0.6400000000000001,
        -0.6400000000000001,
        0.96,
        -0.6400000000000001,
        0.07999999999999996
      ],
      [
        -0.96,
        0.56,
        -0.6400000000000001,
        0.96,
        -0.32000000000000006
      ],
      [
        0.32,
        0.08000000000000002,
        0.07999999999999996,
        -0.32000000000000006,
        0.84
      ]
    ],
    [
      [
        0.8400000000000001,
        -0.32000000000000006,
        0.5599999999999999,
        -0.44000000000000006,
        0.32000000000000006
      ],
      [
        -0.32000000000000006,
        0.96,
        -0.07999999999999999,
        0.7200000000000001,
        -0.56
      ],
      [
        0.5599999999999999,
        -0.07999999999999999,
        0.6399999999999999,
        -0.15999999999999998,
        0.48
      ],
      [
        -0.44000000000000006,
        0.7200000000000001,
        -0.15999999999999998,
        0.8400000000000001,
        -0.32000000000000006
      ],
      [
        0.32000000000000006,
        -0.56,
        0.48,
        -0.32000000000000006,
        0.96
      ]
    ],
    [
      [
        0.96,
        -0.96,
        0.96,
        -0.96,
        0.6400000000000001
      ],
      [
        -0.96,
        0.96,
        -0.96,
        0.96,
        -0.6400000000000001
      ],
      [
        0.96,
        -0.96,
        0.96,
        -0.96,
        0.6400000000000001
      ],
      [
        -0.96,
        0.96,
        -0.96,
        0.96,
        -0.6400000000000001
      ],
      [
        0.6400000000000001,
        -0.6400000000000001,
        0.6400000000000001,
        -0.6400000000000001,
        0.96
      ]
    ],
    [
      [
        0.96,
        -0.8,
        0.8,
        -0.8,
        0.8
      ],
      [
        -0.8,
        1.0,
        -1.0,
        1.0,
        -1.0
      ],
      [
        0.8,
        -1.0,
        1.0,
        -1.0,
        1.0
      ],
      [
        -0.8,
        1.0,
        -1.0,
        1.0,
        -1.0
      ],
      [
        0.8,
        -1.0,
        1.0,
        -1.0,
        1.0
      ]
    ],
    [
      [
        0.96,
        -0.96,
        0.4,
        -0.96,
        0.8
      ],
      [
        -0.96,
        0.96,
        -0.4,
        0.96,
        -0.8
      ],
      [
        0.4,
        -0.4,
        1.0,
        -0.4,
        0.19999999999999996
      ],
      [
        -0.96,
        0.96,
        -0.4,
        0.96,
        -0.8
      ],
      [
        0.8,
        -0.8,
        0.19999999999999996,
        -0.8,
        1.0
      ]
    ],
    [
      [
        0.8400000000000001,
        -0.8400000000000001,
        0.8400000000000001,
        -0.8400000000000001,
        0.8400000000000001
      ],
      [
        -0.8400000000000001,
        0.8400000000000001,
        -0.8400000000000001,
        0.8400000000000001,
        -0.8400000000000001
      ],
      [
        0.8400000000000001,
        -0.8400000000000001,
        0.8400000000000001,
        -0.8400000000000001,
        0.8400000000000001
      ],
      [
        -0.8400000000000001,
        0.8400000000000001,
        -0.8400000000000001,
        0.8400000000000001,
        -0.8400000000000001
      ],
      [
        0.8400000000000001,
        -0.8400000000000001,
        0.8400000000000001,
        -0.8400000000000001,
        0.8400000000000001
      ]
    ],
    [
      [
        0.6399999999999999,
        -0.24,
        0.07999999999999996,
        -0.07999999999999996,
        0.56
      ],
      [
        -0.24,
        0.6400000000000001,
        -0.48000000000000004,
        0.48000000000000004,
        -0.5600000000000002
      ],
      [
        0.07999999999999996,
        -0.48000000000000004,
        0.96,
        -0.56,
        0.32000000000000006
      ],
      [
        -0.07999999999999996,
        0.48000000000000004,
        -0.56,
        0.96,
        -0.32000000000000006
      ],
      [
        0.56,
        -0.5600000000000002,
        0.32000000000000006,
        -0.32000000000000006,
        0.8400000000000001
      ]
    ],
    [
      [
        1.0,
        -1.0,
        0.8,
        -1.0,
        1.0
      ],
      [
        -1.0,
        1.0,
        -0.8,
        1.0,
        -1.0
      ],
      [
        0.8,
        -0.8,
        0.96,
        -0.8,
        0.8
      ],
      [
        -1.0,
        1.0,
        -0.8,
        1.0,
        -1.0
      ],
      [
        1.0,
        -1.0,
        0.8,
        -1.0,
        1.0
      ]
    ],
    [
      [
        1.0,
        -0.8,
        0.0,
        -1.0,
        0.8
      ],
      [
        -0.8,
        0.96,
        0.08000000000000004,
        0.8,
        -0.6400000000000001
      ],
      [
        0.0,
        0.08000000000000004,
        0.6399999999999999,
        0.0,
        0.08000000000000002
      ],
      [
        -1.0,
        0.8,
        0.0,
        1.0,
        -0.8
      ],
      [
        0.8,
        -0.6400000000000001,
        0.08000000000000002,
        -0.8,
        0.96
      ]
    ],
    [
      [
        0.96,
        -0.8,
        0.6400000000000001,
        -0.96,
        0.8
      ],
      [
        -0.8,
        1.0,
        -0.4,
        0.8,
        -0.6000000000000001
      ],
      [
        0.6400000000000001,
        -0.4,
        0.96,
        -0.6400000000000001,
        0.8
      ],
      [
        -0.96,
        0.8,
        -0.6400000000000001,
        0.96,
        -0.8
      ],
      [
        0.8,
        -0.6000000000000001,
        0.8,
        -0.8,
        1.0
      ]
    ],
    [
      [
        0.6399999999999999,
        -0.32000000000000006,
        -0.32000000000000006,
        -0.24000000000000005,
        0.32000000000000006
      ],
      [
        -0.32000000000000006,
        0.96,
        -0.24000000000000002,
        0.7200000000000002,
        -0.96
      ],
      [
        -0.32000000000000006,
        -0.24000000000000002,
        0.96,
        -0.07999999999999999,
        0.24000000000000002
      ],
      [
        -0.24000000000000005,
        0.7200000000000002,
        -0.07999999999999999,
        0.8400000000000001,
        -0.7200000000000002
      ],
      [
        0.32000000000000006,
        -0.96,
        0.24000000000000002,
        -0.7200000000000002,
        0.96
      ]
    ],
    [
      [
        0.96,
        -0.08000000000000006,
        0.0,
        -0.32,
        0.08000000000000004
      ],
      [
        -0.08000000000000006,
        0.84,
        -0.6000000000000001,
        0.5599999999999999,
        -0.04000000000000001
      ],
      [
        0.0,
        -0.6000000000000001,
        1.0,
        -0.39999999999999997,
        -0.2
      ],
      [
        -0.32,
        0.5599999999999999,
        -0.39999999999999997,
        0.6400000000000001,
        -0.1600000000000001
      ],
      [
        0.08000000000000004,
        -0.04000000000000001,
        -0.2,
        -0.1600000000000001,
        0.8400000000000001
      ]
    ],
    [
      [
        0.84,
        0.08000000000000006,
        -0.19999999999999998,
        -0.04000000000000001,
        -0.32000000000000006
      ],
      [
        0.08000000000000006,
        0.96,
        -0.8,
        0.7200000000000002,
        -0.6400000000000001
      ],
      [
        -0.19999999999999998,
        -0.8,
        1.0,
        -0.6000000000000001,
        0.8
      ],
      [
        -0.04000000000000001,
        0.7200000000000002,
        -0.6000000000000001,
        0.8400000000000001,
        -0.48
      ],
      [
        -0.32000000000000006,
        -0.6400000000000001,
        0.8,
        -0.48,
        0.96
      ]
    ],
    [
      [
        0.96,
        -0.7200000000000001,
        0.48,
        -0.7200000000000001,
        0.7200000000000001
      ],
      [
        -0.7200000000000001,
        0.8400000000000001,
        -0.5599999999999999,
        0.8400000000000001,
        -0.8400000000000001
      ],
      [
        0.48,
        -0.5599999999999999,
        0.6399999999999999,
        -0.56,
        0.56
      ],
      [
        -0.7200000000000001,
        0.8400000000000001,
        -0.56,
        0.8400000000000001,
        -0.8400000000000001
      ],
      [
        0.7200000000000001,
        -0.8400000000000001,
        0.56,
        -0.8400000000000001,
        0.8400000000000001
      ]
    ],
    [
      [
        0.96,
        -0.96,
        0.96,
        -0.96,
        0.72
      ],
      [
        -0.96,
        0.96,
        -0.96,
        0.96,
        -0.72
      ],
      [
        0.96,
        -0.96,
        0.96,
        -0.96,
        0.72
      ],
      [
        -0.96,
        0.96,
        -0.96,
        0.96,
        -0.72
      ],
      [
        0.72,
        -0.72,
        0.72,
        -0.72,
        0.8400000000000001
      ]
    ],
    [
      [
        0.96,
        -0.8,
        -0.32000000000000006,
        -0.7200000000000002,
        0.96
      ],
      [
        -0.8,
        1.0,
        0.2,
        0.6000000000000001,
        -0.8
      ],
      [
        -0.32000000000000006,
        0.2,
        0.8400000000000001,
        0.44,
        -0.32
      ],
      [
        -0.7200000000000002,
        0.6000000000000001,
        0.44,
        0.84,
        -0.7200000000000001
      ],
      [
        0.96,
        -0.8,
        -0.32,
        -0.7200000000000001,
        0.96
      ]
    ]
  ]
}