{
  "settings_list": [
    [
      2.8392500194698744,
      2.28079969551781,
      4.286955438234949,
      1.9772022470357895,
      3.6887008454021615,
      1.5978947376092352,
      2.910139385378289,
      6.119643155577004,
      0.014190786409340265,
      3.3326954602198113,
      3.298171306189103,
      4.170058176209962,
      1.3833211910863832,
      6.055737828450294,
      4.229740868636645
    ],
    [
      2.8842725145098744,
      2.25879854367781,
      4.287058413754949,
      1.9958064715157895,
      3.7400405001221615,
      1.6010188003292352,
      2.929982958338289,
      6.1407268944570035,
      0.017512169289340268,
      3.3249075392598115,
      3.301401684109103,
      4.165941843249962,
      1.376815784366383,
      6.057114712770294,
      4.226863683356645
    ],
    [
      2.9262338894538744,
      2.22873475242021,
      4.2831506080461486,
      2.0428871523573897,
      3.7860339532005614,
      1.6036947904988352,
      2.969490085359089,
      6.134404266009003,
      0.012080597334140256,
      3.3062782644342117,
      3.3008052428739028,
      4.169619772734762,
      1.3550578704943832,
      6.058750601058294,
      4.226341692988645
    ],
    [
      2.9788371623754744,
      2.20635098608421,
      4.281556783265349,
      2.09476201026459,
      3.8543165829477615,
      1.6080771851740352,
      3.006197322376689,
      6.146153582783403,
      0.008952824726140262,
      3.2839376421750117,
      3.3083296853955027,
      4.1659052604787625,
      1.3373983990831833,
      6.058777693346293,
      4.228622021436645
    ],
    [
      3.030465137005874,
      2.1878996362218097,
      4.277961712212549,
      2.13990627796379,
      3.9136887445861617,
      1.6071887833308351,
      3.0451464237654893,
      6.157786101618603,
      0.011207818722940254,
      3.2560830648950114,
      3.3158356903107027,
      4.166235537342763,
      1.3053573689647833,
      6.056284365935094,
      4.227967724143845
    ],
    [
      3.0717557726410742,
      2.16013816067301,
      4.278068612084549,
      2.18356823585499,
      3.9682119761957617,
      1.6060899020476351,
      3.073055460200689,
      6.161413417458603,
      0.009383851058940252,
      3.1971113471702113,
      3.3277321108867026,
      4.164802544024362,
      1.2467768366735832,
      6.0499105354358935,
      4.226557397439845
    ],
    [
      3.1089040537930743,
      2.13462498726501,
      4.280798321620549,
      2.23358860663899,
      4.011165304163762,
      1.614219067487635,
      3.110475584328689,
      6.153687764882603,
      0.016546681938940266,
      3.0809874780502113,
      3.3539927682307025,
      4.158707310776363,
      1.124537076033583,
      6.033659155211893,
      4.227301303551845
    ],
    [
      3.1564169211242743,
      2.11055512454181,
      4.2790653129069485,
      2.2732539162325898,
      4.070303198534962,
      1.6109192612764351,
      3.137626302591089,
      6.150770851065003,
      0.018801503394940276,
      2.9191663701398114,
      3.3811847498403025,
      4.164828497032363,
      0.961661946596783,
      6.013864720405493,
      4.228535043183845
    ],
    [
      3.1991543882474742,
      2.0755523022698097,
      4.280203386046148,
      2.3284691191125897,
      4.107069195219762,
      1.6095539712540352,
      3.174141420978289,
      6.141148477151403,
      0.01989520117414028,
      2.7311684537238112,
      3.4176554390819023,
      4.170648470856363,
      0.7814279402991828,
      6.008227394069493,
      4.225764707913445
    ],
    [
      3.2281185803242742,
      2.0668591315370097,
      4.280079375025348,
      2.3555456319093895,
      4.151200392099763,
      1.6154630218876351,
      3.196049185525489,
      6.113516920402603,
      0.017102594870140233,
      2.593389257861411,
      3.4407201271427024,
      4.165289278718762,
      0.6579378959823828,
      6.006144399653493,
      4.234763276771045
    ],
    [
      3.251277704836274,
      2.0322873209130097,
      4.279477359921349,
      2.3835877851573897,
      4.181153163267763,
      1.613425369375635,
      3.229378332149489,
      6.066013376850603,
      0.0200831542301402,
      2.557227166437411,
      3.4190688021507025,
      4.167479869438762,
      0.6260857181583829,
      5.999771332549494,
      4.2395146763550455
    ],
    [
      3.2661430952170742,
      2.0048323814250097,
      4.282681353185349,
      2.40621637526939,
      4.216437980746163,
      1.610133517884435,
      3.253129877259889,
      5.996496499279403,
      0.021569615545340187,
      2.545470076079011,
      3.4197153282083024,
      4.166729841077162,
      0.5949498013775829,
      5.992934808696694,
      4.245994814435045
    ],
    [
      3.286046603703474,
      1.9640692584234098,
      4.2847573873677485,
      2.4337049857205897,
      4.2366076591141635,
      1.6053591336924349,
      3.268592037240689,
      5.926388472309803,
      0.020180700095740214,
      2.552194745083811,
      3.4274511272291024,
      4.165984693710762,
      0.5966823681999829,
      5.976914432728694,
      4.255146699171045
    ],
    [
      3.310657113169074,
      1.9076029405930097,
      4.276362098679749,
      2.4663153617653895,
      4.234495140541363,
      1.6012317289468347,
      3.3012746262390893,
      5.824289242956203,
      0.01519356680614017,
      2.555103671893411,
      3.4312583748803025,
      4.162425908475561,
      0.607747916519983,
      5.984902169442294,
      4.257031849916645
    ],
    [
      3.325430973668274,
      1.8342201000682097,
      4.282798193098949,
      2.4841889742005896,
      4.236370178224563,
      1.6045538255548348,
      3.3418684877942892,
      5.681940747493803,
      0.0037510812765401656,
      2.5491747172694112,
      3.4353659444931024,
      4.166528304929961,
      0.5985355253839829,
      5.978588186914294,
      4.257598869436645
    ],
    [
      3.330146606897074,
      1.7867815446250095,
      4.273603388951749,
      2.51263597021979,
      4.271812246730163,
      1.5997916253884348,
      3.3684002168438893,
      5.524905449215403,
      -0.0001958918562597724,
      2.557639423752611,
      3.4430109012675025,
      4.174559291528361,
      0.5836404433999829,
      5.987555750741494,
      4.263526212847845
    ],
    [
      3.318978648977074,
      1.7399038469386094,
      4.269204610234949,
      2.51903073865499,
      4.313385167834163,
      1.6043548035484347,
      3.4158620541750895,
      5.354631547138603,
      0.005686719311740247,
      2.5601024188982113,
      3.4553755228675027,
      4.185575969019561,
      0.5636370379119828,
      5.962423264744694,
      4.2502157408830445
    ],
    [
      3.344332424746674,
      1.6852992465930094,
      4.253848655018949,
      2.51704755229659,
      4.3726572519621625,
      1.5937422264700347,
      3.4310514872630895,
      5.203815036319403,
      0.005637489865340235,
      2.555538083611811,
      3.4248562410435026,
      4.190311136497961,
      0.5660036397391829,
      5.957591095624694,
      4.245891344422245
    ],
    [
      3.356582293082674,
      1.6516876658858095,
      4.245759691530949,
      2.54343713563099,
      4.430948168966962,
      1.5838503010780347,
      3.4473030485718894,
      5.100396836169003,
      0.011267771890940316,
      2.563813306405411,
      3.4418316842115027,
      4.1896341691667605,
      0.5712780580015829,
      5.989131886802294,
      4.248081504646245
    ],
    [
      3.3603737936010742,
      1.6272509735082095,
      4.238128471895749,
      2.5331941845141897,
      4.471164553018162,
      1.5960281853148346,
      3.4544290685398895,
      4.999123061807404,
      0.0036621337469403053,
      2.572558033061411,
      3.4331907220099027,
      4.19981524057796,
      0.593825107371183,
      6.012990080261495,
      4.241739135110245
    ],
    [
      3.359765582989874,
      1.6021777141610094,
      4.232705071255749,
      2.5335160873365896,
      4.529858391558962,
      1.6067385254364346,
      3.4607993345110897,
      4.920554748418604,
      -0.002279489299459719,
      2.5617410642934106,
      3.4507356068355026,
      4.201816881505961,
      0.5610706653359829,
      6.019946355807095,
      4.220968168499045
    ]
  ],
  "cost_vals": [],
  "step_size": 0.1,
  "opt_step_times": [
    0.13834381103515625,
    0.13118886947631836,
    0.1297750473022461,
    0.13120722770690918,
    0.13457417488098145,
    0.1328601837158203,
    0.12940692901611328,
    0.21965694427490234,
    0.13724303245544434,
    0.13114309310913086,
    0.13024616241455078,
    0.1302938461303711,
    0.1296219825744629,
    0.12856698036193848,
    0.13016605377197266,
    0.1296541690826416,
    0.13094139099121094,
    0.13353180885314941,
    0.1343977451324463,
    0.13170790672302246
  ],
  "opt_settings": [
    3.359765582989874,
    1.6021777141610094,
    4.232705071255749,
    2.5335160873365896,
    4.529858391558962,
    1.6067385254364346,
    3.4607993345110897,
    4.920554748418604,
    -0.002279489299459719,
    2.5617410642934106,
    3.4507356068355026,
    4.201816881505961,
    0.5610706653359829,
    6.019946355807095,
    4.220968168499045
  ],
  "min_cost": null,
  "datetime": "2023-05-30T16-44-21Z",
  "step_only": true,
  "ibm_device": "default.qubit",
  "shots": 1000,
  "prep_node_name": "W_state_2-qubit_ghz_state",
  "num_qubits": 5,
  "error": false,
  "cov_mats": [
    [
      [
        0.962364,
        -0.259968,
        0.17214,
        -0.023611999999999966,
        0.02265599999999998
      ],
      [
        -0.259968,
        0.994816,
        0.040320000000000064,
        -0.021856000000000018,
        0.021728000000000018
      ],
      [
        0.17214,
        0.040320000000000064,
        0.9038999999999999,
        -0.02061999999999996,
        0.02656000000000007
      ],
      [
        -0.023611999999999966,
        -0.021856000000000018,
        -0.02061999999999996,
        0.999996,
        0.06995199999999997
      ],
      [
        0.02265599999999998,
        0.021728000000000018,
        0.02656000000000007,
        0.06995199999999997,
        0.999424
      ]
    ],
    [
      [
        0.948924,
        -0.31427199999999994,
        0.19367599999999996,
        -0.07979599999999999,
        -0.02445200000000001
      ],
      [
        -0.31427199999999994,
        0.994816,
        0.10547200000000007,
        -0.010111999999999951,
        0.029856000000000032
      ],
      [
        0.19367599999999996,
        0.10547200000000007,
        0.8937240000000001,
        -0.017603999999999984,
        -0.007348000000000025
      ],
      [
        -0.07979599999999999,
        -0.010111999999999951,
        -0.017603999999999984,
        0.997084,
        0.032108
      ],
      [
        -0.02445200000000001,
        0.029856000000000032,
        -0.007348000000000025,
        0.032108,
        0.999996
      ]
    ],
    [
      [
        0.9654039999999998,
        -0.345808,
        0.206544,
        0.02302400000000002,
        0.013116000000000001
      ],
      [
        -0.345808,
        0.9836159999999999,
        0.11091200000000002,
        -0.04604800000000004,
        0.026768000000000017
      ],
      [
        0.206544,
        0.11091200000000002,
        0.907584,
        -0.04313599999999998,
        0.024175999999999954
      ],
      [
        0.02302400000000002,
        -0.04604800000000004,
        -0.04313599999999998,
        0.999744,
        0.07009599999999995
      ],
      [
        0.013116000000000001,
        0.026768000000000017,
        0.024175999999999954,
        0.07009599999999995,
        0.999964
      ]
    ],
    [
      [
        0.9639,
        -0.43670000000000003,
        0.16497999999999996,
        1.999999999991245e-05,
        0.006920000000000065
      ],
      [
        -0.43670000000000003,
        0.9831,
        0.14046000000000003,
        -0.0014599999999999873,
        0.042840000000000024
      ],
      [
        0.16497999999999996,
        0.14046000000000003,
        0.8830359999999999,
        -0.0016360000000000367,
        -0.009255999999999948
      ],
      [
        1.999999999991245e-05,
        -0.0014599999999999873,
        -0.0016360000000000367,
        0.998236,
        0.14885599999999996
      ],
      [
        0.006920000000000065,
        0.042840000000000024,
        -0.009255999999999948,
        0.14885599999999996,
        0.995376
      ]
    ],
    [
      [
        0.9756639999999999,
        -0.44327200000000005,
        0.17909599999999998,
        -0.016184000000000025,
        -0.07508000000000002
      ],
      [
        -0.44327200000000005,
        0.973756,
        0.21129199999999998,
        -0.018267999999999944,
        0.04733999999999998
      ],
      [
        0.17909599999999998,
        0.21129199999999998,
        0.8660439999999999,
        -0.06687599999999996,
        0.046380000000000005
      ],
      [
        -0.016184000000000025,
        -0.018267999999999944,
        -0.06687599999999996,
        0.999804,
        0.14097999999999997
      ],
      [
        -0.07508000000000002,
        0.04733999999999998,
        0.046380000000000005,
        0.14097999999999997,
        0.9951
      ]
    ],
    [
      [
        0.963136,
        -0.5052639999999999,
        0.14782400000000007,
        0.08500799999999996,
        0.01599999999999996
      ],
      [
        -0.5052639999999999,
        0.979836,
        0.257724,
        -0.05969200000000001,
        -0.010000000000000009
      ],
      [
        0.14782400000000007,
        0.257724,
        0.8963159999999999,
        0.02037200000000009,
        0.014000000000000012
      ],
      [
        0.08500799999999996,
        -0.05969200000000001,
        0.02037200000000009,
        0.9993239999999999,
        0.29
      ],
      [
        0.01599999999999996,
        -0.010000000000000009,
        0.014000000000000012,
        0.29,
        1.0
      ]
    ],
    [
      [
        0.9516,
        -0.5098,
        0.15352000000000005,
        -0.04848000000000001,
        -0.04163999999999997
      ],
      [
        -0.5098,
        0.9919,
        0.25044,
        0.047439999999999975,
        0.015419999999999984
      ],
      [
        0.15352000000000005,
        0.25044,
        0.900144,
        0.006943999999999958,
        -0.022008
      ],
      [
        -0.04848000000000001,
        0.047439999999999975,
        0.006943999999999958,
        0.999744,
        0.5293920000000001
      ],
      [
        -0.04163999999999997,
        0.015419999999999984,
        -0.022008,
        0.5293920000000001,
        0.998556
      ]
    ],
    [
      [
        0.953344,
        -0.516352,
        0.17993600000000007,
        -0.04585599999999995,
        -0.024127999999999965
      ],
      [
        -0.516352,
        0.985116,
        0.234112,
        0.016247999999999985,
        -0.01077600000000004
      ],
      [
        0.17993600000000007,
        0.234112,
        0.912384,
        -0.01686399999999998,
        -0.035232
      ],
      [
        -0.04585599999999995,
        0.016247999999999985,
        -0.01686399999999998,
        0.992944,
        0.7722720000000001
      ],
      [
        -0.024127999999999965,
        -0.01077600000000004,
        -0.035232,
        0.7722720000000001,
        0.991536
      ]
    ],
    [
      [
        0.9775,
        -0.5869000000000001,
        0.13479999999999998,
        -0.009099999999999957,
        -0.017199999999999962
      ],
      [
        -0.5869000000000001,
        0.9841239999999999,
        0.242352,
        0.04179600000000001,
        0.050032000000000014
      ],
      [
        0.13479999999999998,
        0.242352,
        0.8760960000000001,
        0.041807999999999984,
        0.04873599999999999
      ],
      [
        -0.009099999999999957,
        0.04179600000000001,
        0.041807999999999984,
        0.997884,
        0.9405279999999999
      ],
      [
        -0.017199999999999962,
        0.050032000000000014,
        0.04873599999999999,
        0.9405279999999999,
        0.998976
      ]
    ],
    [
      [
        0.96,
        -0.5928000000000001,
        0.12240000000000001,
        0.03920000000000003,
        0.04080000000000004
      ],
      [
        -0.5928000000000001,
        0.9911639999999999,
        0.252148,
        -0.017555999999999985,
        -0.015743999999999984
      ],
      [
        0.12240000000000001,
        0.252148,
        0.8830359999999999,
        0.08310799999999996,
        0.08579199999999997
      ],
      [
        0.03920000000000003,
        -0.017555999999999985,
        0.08310799999999996,
        0.999324,
        0.997376
      ],
      [
        0.04080000000000004,
        -0.015743999999999984,
        0.08579199999999997,
        0.997376,
        0.999424
      ]
    ],
    [
      [
        0.9775,
        -0.6023999999999999,
        0.06090000000000001,
        -0.04759999999999996,
        -0.04759999999999996
      ],
      [
        -0.6023999999999999,
        0.9815039999999999,
        0.33033599999999996,
        0.03817599999999998,
        0.03817599999999998
      ],
      [
        0.06090000000000001,
        0.33033599999999996,
        0.893724,
        -0.03521599999999995,
        -0.03521599999999995
      ],
      [
        -0.04759999999999996,
        0.03817599999999998,
        -0.03521599999999995,
        0.999744,
        0.999744
      ],
      [
        -0.04759999999999996,
        0.03817599999999998,
        -0.03521599999999995,
        0.999744,
        0.999744
      ]
    ],
    [
      [
        0.9804,
        -0.5533600000000001,
        0.018119999999999997,
        -0.03016000000000004,
        -0.03016000000000004
      ],
      [
        -0.5533600000000001,
        0.9846239999999999,
        0.321992,
        0.02654399999999997,
        0.02654399999999997
      ],
      [
        0.018119999999999997,
        0.321992,
        0.9334359999999999,
        0.029352000000000017,
        0.029352000000000017
      ],
      [
        -0.03016000000000004,
        0.02654399999999997,
        0.029352000000000017,
        0.998064,
        0.998064
      ],
      [
        -0.03016000000000004,
        0.02654399999999997,
        0.029352000000000017,
        0.998064,
        0.998064
      ]
    ],
    [
      [
        0.987456,
        -0.674752,
        -0.06143999999999999,
        -0.04627199999999998,
        -0.04627199999999998
      ],
      [
        -0.674752,
        0.990784,
        0.34848,
        0.030624000000000033,
        0.030624000000000033
      ],
      [
        -0.06143999999999999,
        0.34848,
        0.8556,
        0.0012800000000000346,
        0.0012800000000000346
      ],
      [
        -0.04627199999999998,
        0.030624000000000033,
        0.0012800000000000346,
        0.996864,
        0.996864
      ],
      [
        -0.04627199999999998,
        0.030624000000000033,
        0.0012800000000000346,
        0.996864,
        0.996864
      ]
    ],
    [
      [
        0.9856,
        -0.6156800000000001,
        -0.15424,
        0.010400000000000041,
        0.010400000000000041
      ],
      [
        -0.6156800000000001,
        0.987004,
        0.4339720000000001,
        -0.02341999999999999,
        -0.02341999999999999
      ],
      [
        -0.15424,
        0.4339720000000001,
        0.911196,
        0.02493999999999992,
        0.02493999999999992
      ],
      [
        0.010400000000000041,
        -0.02341999999999999,
        0.02493999999999992,
        0.9991,
        0.9991
      ],
      [
        0.010400000000000041,
        -0.02341999999999999,
        0.02493999999999992,
        0.9991,
        0.9991
      ]
    ],
    [
      [
        0.994524,
        -0.6076920000000001,
        -0.26846,
        0.009255999999999954,
        0.009255999999999954
      ],
      [
        -0.6076920000000001,
        0.975036,
        0.50918,
        0.012952000000000043,
        0.012952000000000043
      ],
      [
        -0.26846,
        0.50918,
        0.9559,
        0.02475999999999999,
        0.02475999999999999
      ],
      [
        0.009255999999999954,
        0.012952000000000043,
        0.02475999999999999,
        0.998064,
        0.998064
      ],
      [
        0.009255999999999954,
        0.012952000000000043,
        0.02475999999999999,
        0.998064,
        0.998064
      ]
    ],
    [
      [
        0.995904,
        -0.6211200000000001,
        -0.4112,
        0.05812800000000005,
        0.05812800000000005
      ],
      [
        -0.6211200000000001,
        0.9936,
        0.5760000000000001,
        -0.07784000000000005,
        -0.07784000000000005
      ],
      [
        -0.4112,
        0.5760000000000001,
        0.96,
        -0.07039999999999996,
        -0.07039999999999996
      ],
      [
        0.05812800000000005,
        -0.07784000000000005,
        -0.07039999999999996,
        0.999996,
        0.999996
      ],
      [
        0.05812800000000005,
        -0.07784000000000005,
        -0.07039999999999996,
        0.999996,
        0.999996
      ]
    ],
    [
      [
        0.995644,
        -0.5856560000000001,
        -0.45649600000000007,
        -0.06894399999999992,
        -0.06894399999999992
      ],
      [
        -0.5856560000000001,
        0.986544,
        0.6047040000000001,
        0.07385599999999995,
        0.07385599999999995
      ],
      [
        -0.45649600000000007,
        0.6047040000000001,
        0.979264,
        0.041695999999999935,
        0.041695999999999935
      ],
      [
        -0.06894399999999992,
        0.07385599999999995,
        0.041695999999999935,
        0.999744,
        0.999744
      ],
      [
        -0.06894399999999992,
        0.07385599999999995,
        0.041695999999999935,
        0.999744,
        0.999744
      ]
    ],
    [
      [
        0.999984,
        -0.63436,
        -0.5594079999999999,
        -0.0060400000000000054,
        -0.004048000000000003
      ],
      [
        -0.63436,
        0.9919,
        0.5953200000000001,
        -0.0369,
        -0.039080000000000004
      ],
      [
        -0.5594079999999999,
        0.5953200000000001,
        0.978096,
        -0.01652000000000002,
        -0.018224000000000025
      ],
      [
        -0.0060400000000000054,
        -0.0369,
        -0.01652000000000002,
        0.9999,
        0.99788
      ],
      [
        -0.004048000000000003,
        -0.039080000000000004,
        -0.018224000000000025,
        0.99788,
        0.999856
      ]
    ],
    [
      [
        0.999964,
        -0.6644439999999999,
        -0.615364,
        -0.019940000000000044,
        -0.019940000000000044
      ],
      [
        -0.6644439999999999,
        0.994524,
        0.671844,
        0.03674,
        0.03674
      ],
      [
        -0.615364,
        0.671844,
        0.988764,
        -0.005059999999999978,
        -0.005059999999999978
      ],
      [
        -0.019940000000000044,
        0.03674,
        -0.005059999999999978,
        0.9999,
        0.9999
      ],
      [
        -0.019940000000000044,
        0.03674,
        -0.005059999999999978,
        0.9999,
        0.9999
      ]
    ],
    [
      [
        0.999804,
        -0.620644,
        -0.6231879999999999,
        -0.018000000000000044,
        -0.018000000000000044
      ],
      [
        -0.620644,
        0.997884,
        0.6706679999999999,
        0.006000000000000005,
        0.006000000000000005
      ],
      [
        -0.6231879999999999,
        0.6706679999999999,
        0.996636,
        -0.005999999999999978,
        -0.005999999999999978
      ],
      [
        -0.018000000000000044,
        0.006000000000000005,
        -0.005999999999999978,
        1.0,
        1.0
      ],
      [
        -0.018000000000000044,
        0.006000000000000005,
        -0.005999999999999978,
        1.0,
        1.0
      ]
    ],
    [
      [
        0.999936,
        -0.636672,
        -0.583456,
        -0.014047999999999956,
        -0.014079999999999957
      ],
      [
        -0.636672,
        0.992944,
        0.633712,
        0.03349599999999998,
        0.033159999999999974
      ],
      [
        -0.583456,
        0.633712,
        0.995376,
        0.00640799999999995,
        0.0026799999999999476
      ],
      [
        -0.014047999999999956,
        0.03349599999999998,
        0.00640799999999995,
        0.999964,
        0.99594
      ],
      [
        -0.014079999999999957,
        0.033159999999999974,
        0.0026799999999999476,
        0.99594,
        0.9999
      ]
    ]
  ]
}