{
  "settings_list": [
    [
      3.676952630275447,
      2.883839024171296,
      4.296987125644634,
      4.0870290542207925,
      3.0146530277611587,
      2.115447606051728,
      1.5438987445648185,
      0.8131241845503677,
      3.315625764460406,
      0.6898052853920561,
      3.5360376016201727,
      3.4578167688836725,
      2.7641120450115975,
      1.671842418167034,
      6.179553834824151
    ],
    [
      3.754692682358647,
      2.814346623403296,
      4.2872753888574335,
      4.1571569712383925,
      2.940743992797959,
      2.123140617590928,
      1.5981656954448185,
      0.7360708504383677,
      3.3118179093308058,
      0.6885770462240561,
      3.7071303956425727,
      3.4624143206724725,
      2.7525862072579974,
      1.8385643898470339,
      6.178706956289751
    ],
    [
      3.880459693379447,
      2.749513742993696,
      4.283777987257434,
      4.2604480944127925,
      2.8590935905195587,
      2.121819873910928,
      1.6770340421456185,
      0.6628433140543677,
      3.3190545526844057,
      0.6573752128032561,
      3.8954463803337727,
      3.4700620789316723,
      2.7162908336899974,
      2.014606154711034,
      6.181721552769751
    ],
    [
      4.029254131625847,
      2.6791560857520964,
      4.272027545375834,
      4.384008410291193,
      2.780177303594759,
      2.123025708458128,
      1.7462816362320186,
      0.6117031054911677,
      3.310480182815606,
      0.641460483075256,
      4.039534358164173,
      3.4613928827204723,
      2.685529025613197,
      2.136051731107834,
      6.175983206785752
    ],
    [
      4.175589776061047,
      2.6420687300208963,
      4.2639789773790335,
      4.477524162086393,
      2.725432742426759,
      2.122867522880528,
      1.7701933380944188,
      0.5595302036223677,
      3.320523688850806,
      0.605897674252856,
      4.095296682797772,
      3.4657853045252724,
      2.6666249729379974,
      2.186577570115834,
      6.178603210513752
    ],
    [
      4.303609104640247,
      2.616364241236896,
      4.261244956054234,
      4.568647530307193,
      2.662442754897159,
      2.129700000426128,
      1.780213634331219,
      0.5097175689151677,
      3.3234182132508057,
      0.593443542243256,
      4.122925442522573,
      3.4537856068676724,
      2.6637574719523975,
      2.181726854685434,
      6.198301235905752
    ],
    [
      4.408925006451447,
      2.6133171949584963,
      4.251494898835033,
      4.622464519302393,
      2.648884300679559,
      2.1361762285381283,
      1.765991248392019,
      0.5320147654143678,
      3.3208178609692056,
      0.587308982080056,
      4.112529540608973,
      3.4661071889956725,
      2.6380459597315977,
      2.144696047191034,
      6.205377823489751
    ],
    [
      4.4826145919106475,
      2.6156695447728966,
      4.248825726361433,
      4.639739230835193,
      2.609777824356359,
      2.1145988273669283,
      1.746449033704019,
      0.5063746704575678,
      3.3058087540828054,
      0.578775528233656,
      4.103625339421773,
      3.4686021671300726,
      2.6304841276099977,
      2.155131279613434,
      6.196812019320151
    ],
    [
      4.530892701126647,
      2.6188878173552967,
      4.252689439401434,
      4.6540670485791935,
      2.601973284906759,
      2.081189457782928,
      1.702038830830419,
      0.5010808905151678,
      3.3110921646972056,
      0.5952467398496559,
      4.124503010704974,
      3.4608624683556726,
      2.6405114751171976,
      2.161073417795834,
      6.197646603246551
    ],
    [
      4.574584931501047,
      2.5978053090096966,
      4.263492956153434,
      4.657653296364794,
      2.598604425559559,
      2.079607609853328,
      1.658728619659219,
      0.5092818002111679,
      3.3115095141244058,
      0.564758479609656,
      4.113296971492174,
      3.4678786677284723,
      2.6357585149315974,
      2.148355620493434,
      6.204085889121751
    ],
    [
      4.613564840445047,
      2.597675008827297,
      4.261731007804634,
      4.695070827987194,
      2.606386830817159,
      2.070744901581328,
      1.649042398280019,
      0.5104869580479678,
      3.3125925762076056,
      0.544160220374456,
      4.112587618423374,
      3.4686958686532723,
      2.6246010410307976,
      2.140455259043834,
      6.210415501579352
    ],
    [
      4.648294179849847,
      2.595483877179297,
      4.266781492803035,
      4.687038406559994,
      2.621594152660359,
      2.068028526272528,
      1.642295300820819,
      0.5368193096191678,
      3.3063701731100057,
      0.5520609946912559,
      4.133683229098574,
      3.4692467839684724,
      2.6322019613955976,
      2.158926926851834,
      6.209213575537752
    ],
    [
      4.663896916003447,
      2.606034036744097,
      4.258446386511835,
      4.678290781331194,
      2.631100048167559,
      2.067159898762128,
      1.622419285492819,
      0.5523931216063678,
      3.3123238002300055,
      0.5504068817248559,
      4.136959101639374,
      3.4717206247364722,
      2.6249085222499975,
      2.157969665040634,
      6.2104576882961515
    ],
    [
      4.658921725104246,
      2.607117640392097,
      4.257835226691035,
      4.674621477523194,
      2.6177148250891586,
      2.047320061795728,
      1.5894980886032188,
      0.5408445183295678,
      3.3221328684924054,
      0.5569443733408558,
      4.118609382253775,
      3.4663942982788725,
      2.6193858319203973,
      2.170996401514234,
      6.208016231048152
    ],
    [
      4.674775137664247,
      2.592651829675297,
      4.256969883558235,
      4.683642488127994,
      2.5931418692875585,
      2.047524375955728,
      1.593635741249619,
      0.5321271814527678,
      3.3082274006492054,
      0.5583964947648558,
      4.111438318013775,
      3.4704739156996727,
      2.5989792935331972,
      2.160344110394234,
      6.226724270772952
    ],
    [
      4.679096772944247,
      2.593210969275297,
      4.260891178998235,
      4.687167092447994,
      2.5840844802475584,
      2.048875734835728,
      1.611084566049619,
      0.5480516382527678,
      3.3137754655292055,
      0.5404487156448557,
      4.119764704093775,
      3.4825531616196725,
      2.579729639853197,
      2.161348505434234,
      6.2094645858129525
    ],
    [
      4.687828401539447,
      2.576519221796897,
      4.250323802140635,
      4.700405182438394,
      2.5742113500491586,
      2.035586733370128,
      1.623250714452819,
      0.5400777753151678,
      3.3140127552188057,
      0.5510467514528558,
      4.114919424180175,
      3.4878605306820725,
      2.594464549901197,
      2.169072753482234,
      6.208931323726552
    ],
    [
      4.728635147677046,
      2.5789443585264973,
      4.239576455785435,
      4.7113375138559945,
      2.6095138521675585,
      2.035770967110928,
      1.644772345454419,
      0.5582246590271678,
      3.3224933818428055,
      0.5398504562400558,
      4.119606594260175,
      3.4729237332164726,
      2.5938760950147968,
      2.152551726231034,
      6.196196266395352
    ],
    [
      4.697188590899446,
      2.5886640670096974,
      4.230471387126235,
      4.708519044649594,
      2.5852119814443584,
      2.034693172781328,
      1.633886417752019,
      0.5694738356351678,
      3.3293015606844056,
      0.5562743804608558,
      4.107915367700175,
      3.4707994888964726,
      2.6069750476643967,
      2.1897648519558337,
      6.184781647726552
    ],
    [
      4.718509014899446,
      2.5979979662096975,
      4.2394713375262345,
      4.699030251049594,
      2.5820299942443583,
      2.0204973087813283,
      1.631447268952019,
      0.5749723748351678,
      3.3106288630844056,
      0.5499179900608557,
      4.099581204500176,
      3.4671366920964726,
      2.599812465264397,
      2.1611268295558337,
      6.201888369326552
    ],
    [
      4.708801634211446,
      2.5981486240816976,
      4.241136723702234,
      4.671564054361594,
      2.5844372607403585,
      2.010232447309328,
      1.6105459195920189,
      0.5724439291391679,
      3.3016217174044056,
      0.5682557053888557,
      4.087287159860176,
      3.4657077240004726,
      2.603903570928397,
      2.181979624051834,
      6.201949156222552
    ]
  ],
  "cost_vals": [],
  "step_size": 0.1,
  "opt_step_times": [
    0.20223474502563477,
    0.17095184326171875,
    0.1711289882659912,
    0.17273402214050293,
    0.20276188850402832,
    0.20432186126708984,
    0.18912577629089355,
    0.2763330936431885,
    0.19675993919372559,
    0.18824386596679688,
    0.1976480484008789,
    0.19092798233032227,
    0.19613194465637207,
    0.20380878448486328,
    0.19316601753234863,
    0.21132493019104004,
    0.231215238571167,
    0.2590372562408447,
    0.2476959228515625,
    0.20724701881408691
  ],
  "opt_settings": [
    4.708801634211446,
    2.5981486240816976,
    4.241136723702234,
    4.671564054361594,
    2.5844372607403585,
    2.010232447309328,
    1.6105459195920189,
    0.5724439291391679,
    3.3016217174044056,
    0.5682557053888557,
    4.087287159860176,
    3.4657077240004726,
    2.603903570928397,
    2.181979624051834,
    6.201949156222552
  ],
  "min_cost": null,
  "datetime": "2023-05-30T16-40-57Z",
  "step_only": true,
  "ibm_device": "default.qubit",
  "shots": 1000,
  "prep_node_name": "W_state_2-qubit_ghz_state",
  "num_qubits": 5,
  "error": false,
  "cov_mats": [
    [
      [
        0.934464,
        0.06340800000000002,
        0.32185600000000003,
        -0.03228800000000001,
        0.03870399999999998
      ],
      [
        0.06340800000000002,
        0.9668760000000001,
        0.40163199999999993,
        0.06126399999999999,
        -0.05381200000000002
      ],
      [
        0.32185600000000003,
        0.40163199999999993,
        0.999424,
        0.002848000000000028,
        0.01081600000000001
      ],
      [
        -0.03228800000000001,
        0.06126399999999999,
        0.002848000000000028,
        0.9976960000000002,
        -0.44436800000000015
      ],
      [
        0.03870399999999998,
        -0.05381200000000002,
        0.01081600000000001,
        -0.44436800000000015,
        0.9988440000000002
      ]
    ],
    [
      [
        0.950716,
        0.16914400000000002,
        0.41110800000000003,
        -0.01644400000000006,
        -0.00978800000000001
      ],
      [
        0.16914400000000002,
        0.978096,
        0.484072,
        -0.05829599999999999,
        0.024807999999999997
      ],
      [
        0.41110800000000003,
        0.484072,
        0.999804,
        -0.05597200000000002,
        0.043356000000000006
      ],
      [
        -0.01644400000000006,
        -0.05829599999999999,
        -0.05597200000000002,
        0.999996,
        -0.7119080000000001
      ],
      [
        -0.00978800000000001,
        0.024807999999999997,
        0.043356000000000006,
        -0.7119080000000001,
        0.9978840000000002
      ]
    ],
    [
      [
        0.928176,
        0.331472,
        0.5284960000000001,
        0.01668,
        -0.012679999999999997
      ],
      [
        0.331472,
        0.961584,
        0.614512,
        0.023960000000000013,
        -0.031960000000000016
      ],
      [
        0.5284960000000001,
        0.614512,
        0.999216,
        0.026279999999999967,
        -0.03027999999999997
      ],
      [
        0.01668,
        0.023960000000000013,
        0.026279999999999967,
        0.9999,
        -0.9238999999999999
      ],
      [
        -0.012679999999999997,
        -0.031960000000000016,
        -0.03027999999999997,
        -0.9238999999999999,
        0.9999
      ]
    ],
    [
      [
        0.9516,
        0.46755999999999986,
        0.5848799999999998,
        0.02184000000000002,
        -0.023400000000000018
      ],
      [
        0.46755999999999986,
        0.9895959999999999,
        0.6704079999999999,
        0.01514399999999996,
        -0.020939999999999966
      ],
      [
        0.5848799999999998,
        0.6704079999999999,
        0.999984,
        0.060112000000000054,
        -0.06612000000000005
      ],
      [
        0.02184000000000002,
        0.01514399999999996,
        0.060112000000000054,
        0.999216,
        -0.98516
      ],
      [
        -0.023400000000000018,
        -0.020939999999999966,
        -0.06612000000000005,
        -0.98516,
        0.9991
      ]
    ],
    [
      [
        0.989184,
        0.54768,
        0.6003200000000001,
        0.011583999999999983,
        -0.00937599999999998
      ],
      [
        0.54768,
        0.9936,
        0.6184,
        0.03967999999999998,
        -0.03751999999999998
      ],
      [
        0.6003200000000001,
        0.6184,
        0.9936,
        0.024319999999999994,
        -0.022479999999999993
      ],
      [
        0.011583999999999983,
        0.03967999999999998,
        0.024319999999999994,
        0.999984,
        -0.997976
      ],
      [
        -0.00937599999999998,
        -0.03751999999999998,
        -0.022479999999999993,
        -0.997976,
        0.999964
      ]
    ],
    [
      [
        0.992256,
        0.5818240000000001,
        0.685504,
        0.011999999999999983,
        -0.00982399999999998
      ],
      [
        0.5818240000000001,
        0.999996,
        0.6862159999999999,
        -0.04200000000000004,
        0.044004000000000036
      ],
      [
        0.685504,
        0.6862159999999999,
        0.988336,
        -0.04000000000000001,
        0.04178400000000001
      ],
      [
        0.011999999999999983,
        -0.04200000000000004,
        -0.04000000000000001,
        1.0,
        -0.998
      ],
      [
        -0.00982399999999998,
        0.044004000000000036,
        0.04178400000000001,
        -0.998,
        0.999996
      ]
    ],
    [
      [
        0.987456,
        0.6492959999999999,
        0.648464,
        -0.020447999999999907,
        0.016447999999999904
      ],
      [
        0.6492959999999999,
        0.998236,
        0.6889240000000001,
        -0.030168,
        0.030168
      ],
      [
        0.648464,
        0.6889240000000001,
        0.999516,
        -0.013911999999999985,
        0.013911999999999985
      ],
      [
        -0.020447999999999907,
        -0.030168,
        -0.013911999999999985,
        0.999984,
        -0.9959840000000001
      ],
      [
        0.016447999999999904,
        0.030168,
        0.013911999999999985,
        -0.9959840000000001,
        0.999984
      ]
    ],
    [
      [
        0.991164,
        0.5971120000000001,
        0.6471279999999999,
        -0.024563999999999992,
        0.026751999999999984
      ],
      [
        0.5971120000000001,
        0.997296,
        0.632624,
        -0.010312000000000009,
        0.008416000000000002
      ],
      [
        0.6471279999999999,
        0.632624,
        0.999856,
        -0.009928000000000008,
        0.007904000000000008
      ],
      [
        -0.024563999999999992,
        -0.010312000000000009,
        -0.009928000000000008,
        0.9999640000000002,
        -0.9979520000000002
      ],
      [
        0.026751999999999984,
        0.008416000000000002,
        0.007904000000000008,
        -0.9979520000000002,
        0.999936
      ]
    ],
    [
      [
        0.997084,
        0.6390279999999999,
        0.6811879999999999,
        -0.02945600000000002,
        0.02945600000000002
      ],
      [
        0.6390279999999999,
        0.999676,
        0.684396,
        -0.031152,
        0.031152
      ],
      [
        0.6811879999999999,
        0.684396,
        0.999516,
        0.011407999999999953,
        -0.011407999999999953
      ],
      [
        -0.02945600000000002,
        -0.031152,
        0.011407999999999953,
        0.995904,
        -0.995904
      ],
      [
        0.02945600000000002,
        0.031152,
        -0.011407999999999953,
        -0.995904,
        0.995904
      ]
    ],
    [
      [
        0.995376,
        0.7106,
        0.6314960000000001,
        0.00408,
        -0.00408
      ],
      [
        0.7106,
        0.9974999999999999,
        0.6611,
        -0.04300000000000001,
        0.04300000000000001
      ],
      [
        0.6314960000000001,
        0.6611,
        0.999516,
        -0.019319999999999986,
        0.019319999999999986
      ],
      [
        0.00408,
        -0.04300000000000001,
        -0.019319999999999986,
        0.9964,
        -0.9964
      ],
      [
        -0.00408,
        0.04300000000000001,
        0.019319999999999986,
        -0.9964,
        0.9964
      ]
    ],
    [
      [
        0.999324,
        0.6674279999999999,
        0.698936,
        0.030000000000000027,
        -0.030000000000000027
      ],
      [
        0.6674279999999999,
        0.999516,
        0.6787920000000001,
        0.05000000000000007,
        -0.05000000000000007
      ],
      [
        0.698936,
        0.6787920000000001,
        0.998704,
        0.004000000000000031,
        -0.004000000000000031
      ],
      [
        0.030000000000000027,
        0.05000000000000007,
        0.004000000000000031,
        1.0,
        -1.0
      ],
      [
        -0.030000000000000027,
        -0.05000000000000007,
        -0.004000000000000031,
        -1.0,
        1.0
      ]
    ],
    [
      [
        0.9989759999999999,
        0.662192,
        0.6726559999999999,
        0.007487999999999954,
        -0.005423999999999952
      ],
      [
        0.662192,
        0.999964,
        0.660252,
        0.03809600000000003,
        -0.03610800000000003
      ],
      [
        0.6726559999999999,
        0.660252,
        0.998236,
        -0.006672000000000004,
        0.008756000000000007
      ],
      [
        0.007487999999999954,
        0.03809600000000003,
        -0.006672000000000004,
        0.999744,
        -0.997712
      ],
      [
        -0.005423999999999952,
        -0.03610800000000003,
        0.008756000000000007,
        -0.997712,
        0.999676
      ]
    ],
    [
      [
        0.998976,
        0.65472,
        0.664144,
        -0.003232000000000004,
        0.0012959999999999988
      ],
      [
        0.65472,
        0.9984,
        0.6516799999999999,
        0.004959999999999947,
        -0.006879999999999954
      ],
      [
        0.664144,
        0.6516799999999999,
        0.996636,
        0.05539199999999999,
        -0.057276
      ],
      [
        -0.003232000000000004,
        0.004959999999999947,
        0.05539199999999999,
        0.999424,
        -0.9974720000000002
      ],
      [
        0.0012959999999999988,
        -0.006879999999999954,
        -0.057276,
        -0.9974720000000002,
        0.9995160000000002
      ]
    ],
    [
      [
        0.999856,
        0.6439519999999999,
        0.64964,
        -0.0060720000000000045,
        0.0060720000000000045
      ],
      [
        0.6439519999999999,
        0.999984,
        0.64588,
        -0.03802400000000006,
        0.03802400000000006
      ],
      [
        0.64964,
        0.64588,
        0.9991,
        -0.04418000000000012,
        0.04418000000000012
      ],
      [
        -0.0060720000000000045,
        -0.03802400000000006,
        -0.04418000000000012,
        0.9999639999999999,
        -0.9999639999999999
      ],
      [
        0.0060720000000000045,
        0.03802400000000006,
        0.04418000000000012,
        -0.9999639999999999,
        0.9999639999999999
      ]
    ],
    [
      [
        0.999856,
        0.6822159999999999,
        0.66,
        0.026456000000000025,
        -0.026456000000000025
      ],
      [
        0.6822159999999999,
        0.999676,
        0.6499999999999999,
        0.03131599999999997,
        -0.03131599999999997
      ],
      [
        0.66,
        0.6499999999999999,
        1.0,
        0.025999999999999968,
        -0.025999999999999968
      ],
      [
        0.026456000000000025,
        0.03131599999999997,
        0.025999999999999968,
        0.9985560000000002,
        -0.9985560000000002
      ],
      [
        -0.026456000000000025,
        -0.03131599999999997,
        -0.025999999999999968,
        -0.9985560000000002,
        0.9985560000000002
      ]
    ],
    [
      [
        0.9978839999999999,
        0.6264359999999999,
        0.655308,
        -0.00889599999999995,
        0.00889599999999995
      ],
      [
        0.6264359999999999,
        0.998844,
        0.644532,
        -0.037183999999999974,
        0.037183999999999974
      ],
      [
        0.655308,
        0.644532,
        0.989596,
        -0.04355199999999995,
        0.04355199999999995
      ],
      [
        -0.00889599999999995,
        -0.037183999999999974,
        -0.04355199999999995,
        0.999424,
        -0.999424
      ],
      [
        0.00889599999999995,
        0.037183999999999974,
        0.04355199999999995,
        -0.999424,
        0.999424
      ]
    ],
    [
      [
        0.9974999999999999,
        0.6348999999999999,
        0.6379999999999999,
        -0.02200000000000002,
        0.02200000000000002
      ],
      [
        0.6348999999999999,
        0.999516,
        0.6419999999999999,
        -0.010000000000000009,
        0.010000000000000009
      ],
      [
        0.6379999999999999,
        0.6419999999999999,
        1.0,
        -0.01200000000000001,
        0.01200000000000001
      ],
      [
        -0.02200000000000002,
        -0.010000000000000009,
        -0.01200000000000001,
        1.0,
        -1.0
      ],
      [
        0.02200000000000002,
        0.010000000000000009,
        0.01200000000000001,
        -1.0,
        1.0
      ]
    ],
    [
      [
        0.9950999999999999,
        0.67698,
        0.66514,
        0.06516000000000007,
        -0.06516000000000007
      ],
      [
        0.67698,
        0.999804,
        0.685372,
        0.050168000000000074,
        -0.050168000000000074
      ],
      [
        0.66514,
        0.685372,
        0.9903959999999999,
        0.008824000000000012,
        -0.008824000000000012
      ],
      [
        0.06516000000000007,
        0.050168000000000074,
        0.008824000000000012,
        0.999856,
        -0.999856
      ],
      [
        -0.06516000000000007,
        -0.050168000000000074,
        -0.008824000000000012,
        -0.999856,
        0.999856
      ]
    ],
    [
      [
        0.999996,
        0.7039559999999999,
        0.7039719999999999,
        -0.013968000000000041,
        0.013968000000000041
      ],
      [
        0.7039559999999999,
        0.999516,
        0.695692,
        -0.009648000000000009,
        0.009648000000000009
      ],
      [
        0.7039719999999999,
        0.695692,
        0.999804,
        -0.025776000000000025,
        0.025776000000000025
      ],
      [
        -0.013968000000000041,
        -0.009648000000000009,
        -0.025776000000000025,
        0.999744,
        -0.999744
      ],
      [
        0.013968000000000041,
        0.009648000000000009,
        0.025776000000000025,
        -0.999744,
        0.999744
      ]
    ],
    [
      [
        0.997696,
        0.728544,
        0.6662720000000002,
        0.03067200000000003,
        -0.03257600000000002
      ],
      [
        0.728544,
        0.994816,
        0.6614079999999999,
        0.04700800000000002,
        -0.04886400000000001
      ],
      [
        0.6662720000000002,
        0.6614079999999999,
        0.998704,
        0.002503999999999949,
        -0.004431999999999946
      ],
      [
        0.03067200000000003,
        0.04700800000000002,
        0.002503999999999949,
        0.9998040000000002,
        -0.997832
      ],
      [
        -0.03257600000000002,
        -0.04886400000000001,
        -0.004431999999999946,
        -0.997832,
        0.999856
      ]
    ],
    [
      [
        0.9980639999999998,
        0.6598,
        0.666392,
        0.048856000000000045,
        -0.05076800000000005
      ],
      [
        0.6598,
        0.9974999999999999,
        0.6759,
        0.05870000000000005,
        -0.06060000000000006
      ],
      [
        0.666392,
        0.6759,
        0.9932759999999999,
        0.02986800000000003,
        -0.03170400000000003
      ],
      [
        0.048856000000000045,
        0.05870000000000005,
        0.02986800000000003,
        0.999324,
        -0.997272
      ],
      [
        -0.05076800000000005,
        -0.06060000000000006,
        -0.03170400000000003,
        -0.997272,
        0.999216
      ]
    ]
  ]
}