{
  "settings_list": [
    [
      1.1758343472567205,
      4.098969521919844,
      2.9571096587279837,
      1.3347737908192994,
      5.749519125902299,
      0.6212315328615096,
      2.408497704042907,
      4.526442561078936,
      6.038847271176912,
      2.3605535151317976,
      5.84184951439459,
      2.9694610206346383,
      0.5424167382933796,
      4.931659775446698,
      2.576319648446009
    ],
    [
      1.1704049118167206,
      4.1639624393118435,
      2.960662885351984,
      1.3399024773312993,
      5.694134949182299,
      0.6281465067495096,
      2.406986328234907,
      4.538898094566935,
      6.038872474312912,
      2.3680772175477975,
      5.7597768378025895,
      2.966129565658638,
      0.5396984199573795,
      4.847442957398698,
      2.5763269684940093
    ],
    [
      1.1723629639863207,
      4.244905113007843,
      2.9522506663151837,
      1.3504502324480994,
      5.593747076942299,
      0.6346584163815095,
      2.4044212161901073,
      4.551261160230935,
      6.036456689237712,
      2.3656179404469975,
      5.6380692880393894,
      2.9588729831626384,
      0.5416563676245796,
      4.716105208016298,
      2.5736317756268092
    ],
    [
      1.1802696245943207,
      4.3450745957854435,
      2.9556576769903837,
      1.3633797210240994,
      5.461122712935899,
      0.6261388594663095,
      2.401684681982107,
      4.596237633114136,
      6.037247691144912,
      2.3540284612021973,
      5.44345143275619,
      2.9545762194890384,
      0.5400104891861796,
      4.5276657199266985,
      2.572490269386809
    ],
    [
      1.1651271621751207,
      4.469225904841443,
      2.944494797726384,
      1.3542615563904994,
      5.265412405166299,
      0.6274032976295095,
      2.4127483137645074,
      4.632734370016536,
      6.046430820380111,
      2.3442614314933974,
      5.244630934029789,
      2.9566374598730385,
      0.5474437881685795,
      4.361130276720298,
      2.576834044094009
    ],
    [
      1.1648647691447207,
      4.593435044892644,
      2.943152606187184,
      1.3481169457792994,
      5.094637429419099,
      0.6224924967591094,
      2.4171673802413074,
      4.673844106598936,
      6.044933813986511,
      2.3754993593141975,
      5.1574338817001895,
      2.9602239982218386,
      0.5549574448661795,
      4.292222972381098,
      2.5761324138860093
    ],
    [
      1.1661280689207207,
      4.689336799603044,
      2.941267613380784,
      1.3490560666816993,
      4.946530488523099,
      0.6201205321447094,
      2.4283287002605074,
      4.713823921565336,
      6.048970935208911,
      2.3928301107669974,
      5.13598939432739,
      2.9596050927754387,
      0.5631541794485795,
      4.300344488208298,
      2.568036958183609
    ],
    [
      1.1608911348279207,
      4.7211313118974445,
      2.9450042007343837,
      1.3474655207872992,
      4.8587589499247,
      0.6258657921639094,
      2.4201759642861074,
      4.744367144003736,
      6.049106316789711,
      2.3988414500181974,
      5.13072974148899,
      2.961995756634639,
      0.5749074910517794,
      4.279189342621097,
      2.5656436044684092
    ],
    [
      1.1470211217591209,
      4.738279997705445,
      2.940369406692784,
      1.3625919706752991,
      4.784666391495899,
      0.6275775087335095,
      2.4279544302733074,
      4.758440343469336,
      6.039563890031311,
      2.4111283898005973,
      5.11579986918179,
      2.9587269366474387,
      0.5899080594005793,
      4.282164961654697,
      2.5752389793548094
    ],
    [
      1.127735706274321,
      4.764194379046245,
      2.9569401986479837,
      1.3478602862912992,
      4.765216700222299,
      0.6227825213575094,
      2.4366155702605075,
      4.7379168683141355,
      6.045213602524111,
      2.4093706706421973,
      5.136243229684189,
      2.9466709064394387,
      0.5917078939637793,
      4.300245402192297,
      2.5841248232972096
    ],
    [
      1.131122036719121,
      4.758994259775845,
      2.9496157699247836,
      1.3563992172864991,
      4.7336320230255,
      0.6075361774983095,
      2.4121114961741075,
      4.730485758989335,
      6.037135531176911,
      2.4295630495221974,
      5.13669508053859,
      2.9586400239050388,
      0.6072520411381793,
      4.296652536272297,
      2.5897186625548096
    ],
    [
      1.1484224405175212,
      4.753611164025445,
      2.9583959045327837,
      1.365806600380899,
      4.7265797343055,
      0.5896204537799096,
      2.4092902858733076,
      4.737340680835735,
      6.045975059445711,
      2.449754515742997,
      5.13817390588579,
      2.964536081940239,
      0.6122804288917794,
      4.2999610827330965,
      2.5899257901228094
    ],
    [
      1.1570713027351212,
      4.7231074374814455,
      2.9574333936687838,
      1.365833947184099,
      4.7188134754735005,
      0.6089735106855096,
      2.4072498971821075,
      4.751536918806935,
      6.031377352850511,
      2.450978561554197,
      5.117559830570589,
      2.969815546298639,
      0.6086334846037793,
      4.282222306899497,
      2.5941203383852094
    ],
    [
      1.1746824038999213,
      4.745107542719845,
      2.9522182033583837,
      1.368139985750499,
      4.744377249563101,
      0.6123163012199098,
      2.4353969525485075,
      4.731759966592535,
      6.0159951363385105,
      2.469168027026197,
      5.134010789015389,
      2.957520007783439,
      0.5992469459253793,
      4.301074942720297,
      2.5925013518156095
    ],
    [
      1.1726421404055214,
      4.751567948409445,
      2.9477050875567836,
      1.368165733667299,
      4.756266747739101,
      0.6069947678311097,
      2.4154753149741075,
      4.719396160768535,
      6.00022688297531,
      2.495352801995797,
      5.128424294973789,
      2.9627155851274387,
      0.6007792756277792,
      4.312936043072297,
      2.5896726468876095
    ],
    [
      1.1717275739159214,
      4.765329767718245,
      2.9416882579055836,
      1.349409863676899,
      4.750986367777501,
      0.6006872305703097,
      2.4192865609645073,
      4.712294965389335,
      6.01037175923131,
      2.511771060728597,
      5.110438349143389,
      2.9760741780234388,
      0.5885518952757791,
      4.297001495981098,
      2.5908398824332095
    ],
    [
      1.1702155412791213,
      4.774909470271845,
      2.9452431870287836,
      1.342528022080099,
      4.7474658541583015,
      0.6098510770823097,
      2.4111693147309072,
      4.732323554518935,
      6.00999814663291,
      2.5137787046485967,
      5.130239137767389,
      2.964799528487439,
      0.6107219303477791,
      4.2989162096866975,
      2.5996756090188096
    ],
    [
      1.1817693900599213,
      4.780420471385445,
      2.9417523575119837,
      1.353084141760099,
      4.7415252825615015,
      0.5975257356679097,
      2.4045340790701073,
      4.739479226557335,
      6.01809316461691,
      2.4895970297173964,
      5.141783322752989,
      2.973265374503439,
      0.6133028977205791,
      4.266285507657898,
      2.5991219344716097
    ],
    [
      1.1941073035191214,
      4.777484669375845,
      2.9569854342415836,
      1.372216882822499,
      4.7533140741903015,
      0.5980128529863097,
      2.4105885884781073,
      4.736837037757335,
      6.00839483589371,
      2.5003135223381965,
      5.151779552506589,
      2.9788544431498387,
      0.6235880700405791,
      4.2711360991330976,
      2.57582965099641
    ],
    [
      1.1914907653687214,
      4.7549011163134445,
      2.9478889193999835,
      1.367789045625699,
      4.770986019265502,
      0.6153737251143098,
      2.4112889433837075,
      4.736049848214934,
      6.0164690268313095,
      2.5230849663061963,
      5.147202462727389,
      2.995923790273039,
      0.625254758731779,
      4.280592049046698,
      2.5754193080204097
    ],
    [
      1.1966565868567214,
      4.776740789545444,
      2.9454936636559834,
      1.390648732441699,
      4.768148789809501,
      0.6279351370023099,
      2.4269013506797075,
      4.7476296409669345,
      6.0256388996793095,
      2.5255011955701963,
      5.137018385287389,
      2.991103143201039,
      0.622082923739779,
      4.285794263494698,
      2.57199231123641
    ]
  ],
  "cost_vals": [],
  "step_size": 0.1,
  "opt_step_times": [
    0.15239620208740234,
    0.15961790084838867,
    0.1502680778503418,
    0.15990710258483887,
    0.1625359058380127,
    0.16088008880615234,
    0.16112470626831055,
    0.24791479110717773,
    0.15629792213439941,
    0.1697530746459961,
    0.16251111030578613,
    0.1613912582397461,
    0.1639871597290039,
    0.1607959270477295,
    0.16466617584228516,
    0.16436195373535156,
    0.16416478157043457,
    0.16459012031555176,
    0.17087292671203613,
    0.16631221771240234
  ],
  "opt_settings": [
    1.1966565868567214,
    4.776740789545444,
    2.9454936636559834,
    1.390648732441699,
    4.768148789809501,
    0.6279351370023099,
    2.4269013506797075,
    4.7476296409669345,
    6.0256388996793095,
    2.5255011955701963,
    5.137018385287389,
    2.991103143201039,
    0.622082923739779,
    4.285794263494698,
    2.57199231123641
  ],
  "min_cost": null,
  "datetime": "2023-05-30T16-39-48Z",
  "step_only": true,
  "ibm_device": "default.qubit",
  "shots": 1000,
  "prep_node_name": "W_state_2-qubit_ghz_state",
  "num_qubits": 5,
  "error": false,
  "cov_mats": [
    [
      [
        0.991164,
        -0.00367600000000003,
        0.5828880000000001,
        0.08036,
        -0.03875200000000001
      ],
      [
        -0.00367600000000003,
        0.997884,
        0.22360799999999997,
        -0.011240000000000068,
        0.04236800000000001
      ],
      [
        0.5828880000000001,
        0.22360799999999997,
        0.997296,
        -0.008880000000000042,
        -0.04758400000000004
      ],
      [
        0.08036,
        -0.011240000000000068,
        -0.008880000000000042,
        0.9964,
        0.25152
      ],
      [
        -0.03875200000000001,
        0.04236800000000001,
        -0.04758400000000004,
        0.25152,
        0.999936
      ]
    ],
    [
      [
        0.995376,
        0.06571200000000003,
        0.544856,
        0.007456000000000006,
        0.03867999999999998
      ],
      [
        0.06571200000000003,
        0.9929439999999999,
        0.34247199999999994,
        -0.047328000000000016,
        -0.018840000000000013
      ],
      [
        0.544856,
        0.34247199999999994,
        0.998236,
        -0.01766399999999999,
        -0.02042000000000007
      ],
      [
        0.007456000000000006,
        -0.047328000000000016,
        -0.01766399999999999,
        0.999936,
        0.41808000000000006
      ],
      [
        0.03867999999999998,
        -0.018840000000000013,
        -0.02042000000000007,
        0.41808000000000006,
        0.9999
      ]
    ],
    [
      [
        0.994224,
        0.24000000000000005,
        0.6562800000000001,
        -0.0042559999999999725,
        -0.037824
      ],
      [
        0.24000000000000005,
        1.0,
        0.37800000000000006,
        0.008000000000000007,
        -0.004000000000000031
      ],
      [
        0.6562800000000001,
        0.37800000000000006,
        0.9991,
        -0.012320000000000043,
        -0.0012800000000000311
      ],
      [
        -0.0042559999999999725,
        0.008000000000000007,
        -0.012320000000000043,
        0.996864,
        0.622656
      ],
      [
        -0.037824,
        -0.004000000000000031,
        -0.0012800000000000311,
        0.622656,
        0.999424
      ]
    ],
    [
      [
        0.993276,
        0.320232,
        0.6341320000000001,
        0.029607999999999933,
        0.017475999999999985
      ],
      [
        0.320232,
        0.994224,
        0.42802400000000007,
        -0.0033439999999999672,
        0.024631999999999914
      ],
      [
        0.6341320000000001,
        0.42802400000000007,
        0.999324,
        0.0008559999999999495,
        0.01553199999999996
      ],
      [
        0.029607999999999933,
        -0.0033439999999999672,
        0.0008559999999999495,
        0.998064,
        0.817208
      ],
      [
        0.017475999999999985,
        0.024631999999999914,
        0.01553199999999996,
        0.817208,
        0.999676
      ]
    ],
    [
      [
        0.9964,
        0.47159999999999996,
        0.63248,
        0.038120000000000036,
        0.028720000000000027
      ],
      [
        0.47159999999999996,
        0.9964,
        0.53552,
        0.041880000000000035,
        0.047280000000000044
      ],
      [
        0.63248,
        0.53552,
        0.999936,
        -0.002015999999999974,
        -9.599999999997241e-05
      ],
      [
        0.038120000000000036,
        0.041880000000000035,
        -0.002015999999999974,
        0.999996,
        0.969976
      ],
      [
        0.028720000000000027,
        0.047280000000000044,
        -9.599999999997241e-05,
        0.969976,
        0.999856
      ]
    ],
    [
      [
        0.9951,
        0.6247,
        0.6684199999999999,
        0.06163999999999999,
        0.059500000000000004
      ],
      [
        0.6247,
        0.9999,
        0.59194,
        0.02948,
        0.0315
      ],
      [
        0.6684199999999999,
        0.59194,
        0.9999639999999999,
        -0.0023119999999999963,
        -0.0002999999999999953
      ],
      [
        0.06163999999999999,
        0.02948,
        -0.0023119999999999963,
        0.997296,
        0.9954000000000002
      ],
      [
        0.059500000000000004,
        0.0315,
        -0.0002999999999999953,
        0.9954000000000002,
        0.9975000000000002
      ]
    ],
    [
      [
        0.998976,
        0.6211519999999999,
        0.681936,
        0.025823999999999996,
        0.021951999999999992
      ],
      [
        0.6211519999999999,
        0.998704,
        0.614072,
        -0.01755199999999999,
        -0.021695999999999993
      ],
      [
        0.681936,
        0.614072,
        0.999996,
        0.03386399999999997,
        0.029871999999999968
      ],
      [
        0.025823999999999996,
        -0.01755199999999999,
        0.03386399999999997,
        0.995376,
        0.9876480000000001
      ],
      [
        0.021951999999999992,
        -0.021695999999999993,
        0.029871999999999968,
        0.9876480000000001,
        0.995904
      ]
    ],
    [
      [
        0.999676,
        0.660036,
        0.68782,
        -0.0019280000000000026,
        -0.0019280000000000026
      ],
      [
        0.660036,
        0.999996,
        0.6720200000000001,
        -0.0020080000000000293,
        -0.0020080000000000293
      ],
      [
        0.68782,
        0.6720200000000001,
        0.9999,
        0.010040000000000009,
        0.010040000000000009
      ],
      [
        -0.0019280000000000026,
        -0.0020080000000000293,
        0.010040000000000009,
        0.999984,
        0.9959840000000002
      ],
      [
        -0.0019280000000000026,
        -0.0020080000000000293,
        0.010040000000000009,
        0.9959840000000002,
        0.999984
      ]
    ],
    [
      [
        0.994524,
        0.680376,
        0.708376,
        -0.016816000000000022,
        -0.016816000000000022
      ],
      [
        0.680376,
        0.994224,
        0.6662240000000001,
        -0.030784000000000002,
        -0.030784000000000002
      ],
      [
        0.708376,
        0.6662240000000001,
        0.994224,
        -0.022783999999999995,
        -0.022783999999999995
      ],
      [
        -0.016816000000000022,
        -0.030784000000000002,
        -0.022783999999999995,
        0.999744,
        0.999744
      ],
      [
        -0.016816000000000022,
        -0.030784000000000002,
        -0.022783999999999995,
        0.999744,
        0.999744
      ]
    ],
    [
      [
        0.997884,
        0.692896,
        0.700712,
        0.007220000000000001,
        0.005311999999999993
      ],
      [
        0.692896,
        0.999424,
        0.711328,
        0.023680000000000024,
        0.021728000000000018
      ],
      [
        0.700712,
        0.711328,
        0.999216,
        0.011960000000000014,
        0.01001600000000001
      ],
      [
        0.007220000000000001,
        0.023680000000000024,
        0.011960000000000014,
        0.9951000000000002,
        0.9929600000000002
      ],
      [
        0.005311999999999993,
        0.021728000000000018,
        0.01001600000000001,
        0.9929600000000002,
        0.994816
      ]
    ],
    [
      [
        0.998844,
        0.6787080000000001,
        0.666408,
        -0.019796000000000015,
        -0.019796000000000015
      ],
      [
        0.6787080000000001,
        0.998556,
        0.678456,
        0.00022800000000000218,
        0.00022800000000000218
      ],
      [
        0.666408,
        0.678456,
        0.999856,
        0.013927999999999984,
        0.013927999999999984
      ],
      [
        -0.019796000000000015,
        0.00022800000000000218,
        0.013927999999999984,
        0.9999640000000002,
        0.9999640000000002
      ],
      [
        -0.019796000000000015,
        0.00022800000000000218,
        0.013927999999999984,
        0.9999640000000002,
        0.9999640000000002
      ]
    ],
    [
      [
        0.9999,
        0.6760599999999999,
        0.6922999999999999,
        0.06628000000000003,
        0.06628000000000003
      ],
      [
        0.6760599999999999,
        0.999964,
        0.6718200000000001,
        0.053832000000000046,
        0.053832000000000046
      ],
      [
        0.6922999999999999,
        0.6718200000000001,
        0.9991,
        0.04116000000000004,
        0.04116000000000004
      ],
      [
        0.06628000000000003,
        0.053832000000000046,
        0.04116000000000004,
        0.999216,
        0.999216
      ],
      [
        0.06628000000000003,
        0.053832000000000046,
        0.04116000000000004,
        0.999216,
        0.999216
      ]
    ],
    [
      [
        0.999744,
        0.673584,
        0.643424,
        0.008576000000000007,
        0.01054400000000001
      ],
      [
        0.673584,
        0.999324,
        0.6410639999999999,
        0.0069360000000000055,
        0.00888400000000001
      ],
      [
        0.643424,
        0.6410639999999999,
        0.998704,
        -0.018704000000000044,
        -0.016776000000000037
      ],
      [
        0.008576000000000007,
        0.0069360000000000055,
        -0.018704000000000044,
        0.998704,
        0.9967760000000002
      ],
      [
        0.01054400000000001,
        0.00888400000000001,
        -0.016776000000000037,
        0.9967760000000002,
        0.9988440000000002
      ]
    ],
    [
      [
        0.998556,
        0.653036,
        0.6340999999999999,
        -0.005240000000000036,
        -0.005240000000000036
      ],
      [
        0.653036,
        0.993916,
        0.6161,
        0.03555999999999997,
        0.03555999999999997
      ],
      [
        0.6340999999999999,
        0.6161,
        0.9974999999999999,
        0.006999999999999973,
        0.006999999999999973
      ],
      [
        -0.005240000000000036,
        0.03555999999999997,
        0.006999999999999973,
        0.9996,
        0.9996
      ],
      [
        -0.005240000000000036,
        0.03555999999999997,
        0.006999999999999973,
        0.9996,
        0.9996
      ]
    ],
    [
      [
        0.999804,
        0.6537760000000001,
        0.688028,
        0.012756000000000062,
        0.012756000000000062
      ],
      [
        0.6537760000000001,
        0.999744,
        0.706032,
        0.01886400000000004,
        0.01886400000000004
      ],
      [
        0.688028,
        0.706032,
        0.999996,
        -0.004107999999999975,
        -0.004107999999999975
      ],
      [
        0.012756000000000062,
        0.01886400000000004,
        -0.004107999999999975,
        0.997084,
        0.997084
      ],
      [
        0.012756000000000062,
        0.01886400000000004,
        -0.004107999999999975,
        0.997084,
        0.997084
      ]
    ],
    [
      [
        0.999936,
        0.661824,
        0.6540159999999999,
        0.009632000000000009,
        0.009632000000000009
      ],
      [
        0.661824,
        0.999516,
        0.672044,
        0.014988000000000012,
        0.014988000000000012
      ],
      [
        0.6540159999999999,
        0.672044,
        0.999996,
        0.00809199999999998,
        0.00809199999999998
      ],
      [
        0.009632000000000009,
        0.014988000000000012,
        0.00809199999999998,
        0.9978840000000002,
        0.9978840000000002
      ],
      [
        0.009632000000000009,
        0.014988000000000012,
        0.00809199999999998,
        0.9978840000000002,
        0.9978840000000002
      ]
    ],
    [
      [
        0.995376,
        0.6553760000000001,
        0.6610079999999999,
        -0.03246400000000009,
        -0.03246400000000009
      ],
      [
        0.6553760000000001,
        0.995376,
        0.6770079999999999,
        -0.0484640000000001,
        -0.0484640000000001
      ],
      [
        0.6610079999999999,
        0.6770079999999999,
        0.998064,
        -0.02171200000000007,
        -0.02171200000000007
      ],
      [
        -0.03246400000000009,
        -0.0484640000000001,
        -0.02171200000000007,
        0.997296,
        0.997296
      ],
      [
        -0.03246400000000009,
        -0.0484640000000001,
        -0.02171200000000007,
        0.997296,
        0.997296
      ]
    ],
    [
      [
        0.998064,
        0.6798,
        0.6563279999999999,
        -0.037936000000000004,
        -0.037936000000000004
      ],
      [
        0.6798,
        0.9974999999999999,
        0.6780999999999999,
        -0.00019999999999994675,
        -0.00019999999999994675
      ],
      [
        0.6563279999999999,
        0.6780999999999999,
        0.998556,
        -0.00767200000000001,
        -0.00767200000000001
      ],
      [
        -0.037936000000000004,
        -0.00019999999999994675,
        -0.00767200000000001,
        0.998064,
        0.998064
      ],
      [
        -0.037936000000000004,
        -0.00019999999999994675,
        -0.00767200000000001,
        0.998064,
        0.998064
      ]
    ],
    [
      [
        1.0,
        0.662,
        0.6619999999999999,
        0.00799999999999998,
        0.00799999999999998
      ],
      [
        0.662,
        0.9999,
        0.6797399999999999,
        -0.006600000000000006,
        -0.006600000000000006
      ],
      [
        0.6619999999999999,
        0.6797399999999999,
        0.999324,
        0.004440000000000004,
        0.004440000000000004
      ],
      [
        0.00799999999999998,
        -0.006600000000000006,
        0.004440000000000004,
        0.9964,
        0.9964
      ],
      [
        0.00799999999999998,
        -0.006600000000000006,
        0.004440000000000004,
        0.9964,
        0.9964
      ]
    ],
    [
      [
        0.994524,
        0.7098559999999999,
        0.686448,
        0.016815999999999984,
        0.016815999999999984
      ],
      [
        0.7098559999999999,
        0.996864,
        0.6853119999999999,
        0.007103999999999975,
        0.007103999999999975
      ],
      [
        0.686448,
        0.6853119999999999,
        0.997696,
        0.027231999999999992,
        0.027231999999999992
      ],
      [
        0.016815999999999984,
        0.007103999999999975,
        0.027231999999999992,
        0.9997440000000002,
        0.9997440000000002
      ],
      [
        0.016815999999999984,
        0.007103999999999975,
        0.027231999999999992,
        0.9997440000000002,
        0.9997440000000002
      ]
    ],
    [
      [
        0.997884,
        0.6780679999999999,
        0.6589880000000001,
        0.018299999999999962,
        0.018299999999999962
      ],
      [
        0.6780679999999999,
        0.998236,
        0.6990759999999999,
        -0.0019000000000000275,
        -0.0019000000000000275
      ],
      [
        0.6589880000000001,
        0.6990759999999999,
        0.999516,
        -0.0029000000000000293,
        -0.0029000000000000293
      ],
      [
        0.018299999999999962,
        -0.0019000000000000275,
        -0.0029000000000000293,
        0.9975000000000002,
        0.9975000000000002
      ],
      [
        0.018299999999999962,
        -0.0019000000000000275,
        -0.0029000000000000293,
        0.9975000000000002,
        0.9975000000000002
      ]
    ]
  ]
}