{
  "settings_list": [
    [
      6.184919405292196,
      4.609086033878873,
      0.5041788297828614,
      0.45433530434875874,
      2.8790235885342774,
      5.933494956330884,
      1.609755642841742,
      5.627131550612332,
      0.1162887395115206,
      1.9145366412233535,
      4.547596233453391,
      2.860094638925243,
      1.0461511841897482,
      4.437819281500358,
      5.072689384353538
    ],
    [
      6.181330138456996,
      4.585867915309272,
      0.5045409540612614,
      0.5401715105599587,
      2.7725111944702774,
      5.926118853566084,
      1.6455571506785422,
      5.540644180522732,
      0.10696988183792056,
      1.9131953530121535,
      4.691893419619792,
      2.853013773994043,
      1.0362208712137482,
      4.594875050901958,
      5.068758763755138
    ],
    [
      6.178476339800996,
      4.575134272237272,
      0.5148038965124614,
      0.6174714613503587,
      2.6602448251838773,
      5.9242528052844845,
      1.6749941346977422,
      5.480296427377132,
      0.09673634718832053,
      1.9099061011401535,
      4.740802412707792,
      2.860702809053243,
      1.0451758389193482,
      4.651847472137158,
      5.0652107561967386
    ],
    [
      6.161528429087396,
      4.548942253907672,
      0.5312815864452614,
      0.6880028691583586,
      2.524077592793477,
      5.934338946462084,
      1.6976127778145422,
      5.407359184260332,
      0.1092420086667205,
      1.9084100569993534,
      4.744999666019792,
      2.870512858698043,
      1.0395446315081482,
      4.686721623695558,
      5.0799919104751385
    ],
    [
      6.131465981823396,
      4.519125878877272,
      0.5266903197892614,
      0.7486494900607586,
      2.3727611626142773,
      5.936211717006084,
      1.7223391946817421,
      5.310252679991532,
      0.11267347159792043,
      1.9219958359689533,
      4.7319762463397925,
      2.869545330099643,
      1.0360876999305482,
      4.683084305346758,
      5.0769965314511385
    ],
    [
      6.117706003474596,
      4.511301073382872,
      0.5088790817636614,
      0.7863532606943586,
      2.2290548151134773,
      5.934155697044484,
      1.721934960224142,
      5.252217213405932,
      0.1260964987819204,
      1.9282666163977533,
      4.729261414234193,
      2.873000186963643,
      1.0458253591561482,
      4.679810284357957,
      5.070611485521538
    ],
    [
      6.091789608236196,
      4.497332854342872,
      0.5047339984548613,
      0.8194499216799587,
      2.117613860214277,
      5.916981572353284,
      1.737612546278542,
      5.169648724669932,
      0.11020200909872037,
      1.9289411946697532,
      4.733985915078993,
      2.889742445101243,
      1.037597076532148,
      4.685648372357957,
      5.057895282961538
    ],
    [
      6.056711946956196,
      4.528368521126872,
      0.4927485960100613,
      0.8413849080159587,
      2.0196965424286772,
      5.912807948564484,
      1.730550564192142,
      5.102303301546732,
      0.11211522881072032,
      1.9294213677513532,
      4.731152867405393,
      2.889997974938043,
      1.028311320500148,
      4.680555206565957,
      5.054729320017538
    ],
    [
      6.044331573759396,
      4.544727732851672,
      0.4886622354596613,
      0.8779662530143587,
      1.9389006585246773,
      5.910308581678084,
      1.7102014734785418,
      5.051835900407531,
      0.1162446063211203,
      1.9285157432521531,
      4.722537200435792,
      2.876052388147643,
      1.030569083725748,
      4.693068495730757,
      5.062112887889538
    ],
    [
      6.030749635941796,
      4.570465204173272,
      0.48040515450926125,
      0.8926739428447588,
      1.8737296944670772,
      5.921625839258884,
      1.7050425606145418,
      5.003018623370731,
      0.11416526500592025,
      1.9280728110505532,
      4.731119470192592,
      2.8656397491844428,
      1.0458468986729479,
      4.686196912815557,
      5.059782166247937
    ],
    [
      6.020955965746596,
      4.5729356096772715,
      0.4903943431172612,
      0.9065412247007588,
      1.8377989937694772,
      5.926168944026884,
      1.722827567603342,
      4.969630845809131,
      0.12959654500592027,
      1.9241058531369533,
      4.732933457597392,
      2.8653576976516426,
      1.032579806794548,
      4.697765325756357,
      5.0766683274383375
    ],
    [
      6.018049073522596,
      4.615990977293271,
      0.4758003109572611,
      0.9092561771807588,
      1.7988494788254772,
      5.932361619194884,
      1.701765005203342,
      4.942843230673131,
      0.12424416986992023,
      1.9160197843689533,
      4.728942187101392,
      2.8666500788676426,
      1.0360190675305478,
      4.683416546108357,
      5.054943635534338
    ],
    [
      6.013943371045796,
      4.606065386944471,
      0.4756583430596611,
      0.9242083488671587,
      1.7433514374174772,
      5.928051874311684,
      1.695967224684942,
      4.889824582429931,
      0.1156243089035202,
      1.9048363988713533,
      4.733323877994192,
      2.8584269402948426,
      1.051989467466548,
      4.668927382741957,
      5.054142408462337
    ],
    [
      5.9956786130297965,
      4.616315368624472,
      0.4668325336196611,
      0.9391839556831587,
      1.7055630196990772,
      5.9209743370572845,
      1.7144648175937418,
      4.859624115825131,
      0.1263255673707202,
      1.9107059663241532,
      4.731626733597392,
      2.871009580096443,
      1.0635062791913479,
      4.6710337099227575,
      5.041918109284738
    ],
    [
      6.002529692229796,
      4.618940887024472,
      0.4634622928196611,
      0.9369170612831587,
      1.666380442099077,
      5.910267725857285,
      1.7025941719937419,
      4.823328497425131,
      0.1359676977707202,
      1.9286121671241532,
      4.706742507997392,
      2.8700407560964427,
      1.077790581591348,
      4.729829645922758,
      5.037784762884738
    ],
    [
      6.0007776618297965,
      4.641069838224472,
      0.4562012840196611,
      0.9357302764831587,
      1.662998003699077,
      5.912236520257284,
      1.705287799993742,
      4.795368595825131,
      0.1257331001707202,
      1.9413375687241532,
      4.696592755197392,
      2.8700829752964427,
      1.0662731047913478,
      4.742442356322758,
      5.040812884484738
    ],
    [
      5.9853939320377965,
      4.665887475824472,
      0.4661042059076611,
      0.9302254383391586,
      1.664229249363077,
      5.905498060225284,
      1.706337720665742,
      4.776804351953131,
      0.12896873095472017,
      1.9235430582281532,
      4.711054487037392,
      2.8668749206404427,
      1.0815203935593478,
      4.734036185506757,
      5.0217771871087376
    ],
    [
      5.973154155269796,
      4.698382941680472,
      0.46448967829166105,
      0.9294083443231586,
      1.6776234819390772,
      5.909304493889284,
      1.7179015744897421,
      4.775357067729131,
      0.13104318497072012,
      1.9098073944841532,
      4.697630819837392,
      2.8938887854724427,
      1.0848065730153478,
      4.726119988002758,
      5.028474343716738
    ],
    [
      5.980178521746597,
      4.677343425974872,
      0.476434957286861,
      0.9295009112863585,
      1.6316455318526772,
      5.924748674023684,
      1.7424392470721421,
      4.777532900932331,
      0.1428508662379201,
      1.9038362915145532,
      4.688665360880592,
      2.877817056691643,
      1.113070703428148,
      4.750483981602757,
      5.042501266327938
    ],
    [
      5.990984661746596,
      4.675981580163672,
      0.4741220136804611,
      0.9407620745695585,
      1.6358791357374771,
      5.918016894017284,
      1.7375929593601422,
      4.752479802343531,
      0.1535030400171201,
      1.9034467174441532,
      4.6813644154949925,
      2.871173734758843,
      1.113443071988148,
      4.737737413077958,
      5.038444484849538
    ],
    [
      5.9836570295673965,
      4.692680995421272,
      0.4483283801572611,
      0.9389878933215585,
      1.6232383945790771,
      5.909312682305284,
      1.7433359618177422,
      4.756780079911532,
      0.15962100495792014,
      1.9007199792169531,
      4.698629430714193,
      2.872801541235643,
      1.121051329140148,
      4.732216483548358,
      5.048905499876739
    ]
  ],
  "cost_vals": [],
  "step_size": 0.1,
  "opt_step_times": [
    0.17885804176330566,
    0.15265607833862305,
    0.16416192054748535,
    0.16140007972717285,
    0.1489238739013672,
    0.13942694664001465,
    0.1505138874053955,
    0.14390182495117188,
    0.1674668788909912,
    0.16074299812316895,
    0.22810888290405273,
    0.2146320343017578,
    0.18900299072265625,
    0.18686795234680176,
    0.17322230339050293,
    0.1906449794769287,
    0.17604279518127441,
    0.16613507270812988,
    0.17808222770690918,
    0.16019129753112793
  ],
  "opt_settings": [
    5.9836570295673965,
    4.692680995421272,
    0.4483283801572611,
    0.9389878933215585,
    1.6232383945790771,
    5.909312682305284,
    1.7433359618177422,
    4.756780079911532,
    0.15962100495792014,
    1.9007199792169531,
    4.698629430714193,
    2.872801541235643,
    1.121051329140148,
    4.732216483548358,
    5.048905499876739
  ],
  "min_cost": null,
  "datetime": "2023-04-19T20-40-51Z",
  "step_only": true,
  "ibm_device": "default.qubit",
  "shots": 1000,
  "prep_node_name": "W_state_2-qubit_ghz_state",
  "num_qubits": 5,
  "cov_mats": [
    [
      [
        0.999856,
        -0.29423199999999994,
        0.495856,
        -0.03450400000000003,
        -0.024480000000000023
      ],
      [
        -0.29423199999999994,
        0.901404,
        -0.44623199999999996,
        0.037188000000000006,
        0.04256000000000001
      ],
      [
        0.495856,
        -0.44623199999999996,
        0.999856,
        -0.010504000000000038,
        -0.004480000000000033
      ],
      [
        -0.03450400000000003,
        0.037188000000000006,
        -0.010504000000000038,
        0.998236,
        0.98832
      ],
      [
        -0.024480000000000023,
        0.04256000000000001,
        -0.004480000000000033,
        0.98832,
        0.9984
      ]
    ],
    [
      [
        0.999516,
        -0.394312,
        0.47426399999999996,
        0.023779999999999968,
        0.023779999999999968
      ],
      [
        -0.394312,
        0.961584,
        -0.48164799999999985,
        -0.00795999999999997,
        -0.00795999999999997
      ],
      [
        0.47426399999999996,
        -0.48164799999999985,
        0.999856,
        0.0021200000000000012,
        0.0021200000000000012
      ],
      [
        0.023779999999999968,
        -0.00795999999999997,
        0.0021200000000000012,
        0.9998999999999998,
        0.9998999999999998
      ],
      [
        0.023779999999999968,
        -0.00795999999999997,
        0.0021200000000000012,
        0.9998999999999998,
        0.9998999999999998
      ]
    ],
    [
      [
        0.9919,
        -0.4491,
        0.52966,
        0.016600000000000066,
        0.016600000000000066
      ],
      [
        -0.4491,
        0.9639,
        -0.5449400000000001,
        -0.07340000000000003,
        -0.07340000000000003
      ],
      [
        0.52966,
        -0.5449400000000001,
        0.999324,
        0.02444000000000005,
        0.02444000000000005
      ],
      [
        0.016600000000000066,
        -0.07340000000000003,
        0.02444000000000005,
        0.9964,
        0.9964
      ],
      [
        0.016600000000000066,
        -0.07340000000000003,
        0.02444000000000005,
        0.9964,
        0.9964
      ]
    ],
    [
      [
        0.999804,
        -0.520968,
        0.559636,
        -0.011580000000000009,
        -0.011580000000000009
      ],
      [
        -0.520968,
        0.955056,
        -0.563512,
        0.004360000000000015,
        0.004360000000000015
      ],
      [
        0.559636,
        -0.563512,
        0.999324,
        -0.015220000000000011,
        -0.015220000000000011
      ],
      [
        -0.011580000000000009,
        0.004360000000000015,
        -0.015220000000000011,
        0.9991000000000002,
        0.9991000000000002
      ],
      [
        -0.011580000000000009,
        0.004360000000000015,
        -0.015220000000000011,
        0.9991000000000002,
        0.9991000000000002
      ]
    ],
    [
      [
        0.979264,
        -0.53272,
        0.5599519999999998,
        0.04063999999999998,
        0.04063999999999998
      ],
      [
        -0.53272,
        0.9830999999999999,
        -0.6334599999999999,
        -0.02619999999999994,
        -0.02619999999999994
      ],
      [
        0.5599519999999998,
        -0.6334599999999999,
        0.998236,
        0.05652000000000002,
        0.05652000000000002
      ],
      [
        0.04063999999999998,
        -0.02619999999999994,
        0.05652000000000002,
        0.9964,
        0.9964
      ],
      [
        0.04063999999999998,
        -0.02619999999999994,
        0.05652000000000002,
        0.9964,
        0.9964
      ]
    ],
    [
      [
        0.9919,
        -0.5920799999999998,
        0.58638,
        0.004519999999999974,
        0.004519999999999974
      ],
      [
        -0.5920799999999998,
        0.987456,
        -0.628016,
        0.027135999999999966,
        0.027135999999999966
      ],
      [
        0.58638,
        -0.628016,
        0.999676,
        0.030504,
        0.030504
      ],
      [
        0.004519999999999974,
        0.027135999999999966,
        0.030504,
        0.999216,
        0.999216
      ],
      [
        0.004519999999999974,
        0.027135999999999966,
        0.030504,
        0.999216,
        0.999216
      ]
    ],
    [
      [
        0.988764,
        -0.5739639999999999,
        0.5910319999999999,
        -0.02142800000000001,
        -0.02142800000000001
      ],
      [
        -0.5739639999999999,
        0.9911639999999999,
        -0.612632,
        0.01782800000000003,
        0.01782800000000003
      ],
      [
        0.5910319999999999,
        -0.612632,
        0.999216,
        -0.032264,
        -0.032264
      ],
      [
        -0.02142800000000001,
        0.01782800000000003,
        -0.032264,
        0.9961559999999999,
        0.9961559999999999
      ],
      [
        -0.02142800000000001,
        0.01782800000000003,
        -0.032264,
        0.9961559999999999,
        0.9961559999999999
      ]
    ],
    [
      [
        0.9984,
        -0.6286399999999999,
        0.63984,
        0.011999999999999959,
        0.011999999999999959
      ],
      [
        -0.6286399999999999,
        0.9956439999999999,
        -0.650264,
        -0.02330000000000004,
        -0.02330000000000004
      ],
      [
        0.63984,
        -0.650264,
        0.999984,
        0.041799999999999955,
        0.041799999999999955
      ],
      [
        0.011999999999999959,
        -0.02330000000000004,
        0.041799999999999955,
        0.9975,
        0.9975
      ],
      [
        0.011999999999999959,
        -0.02330000000000004,
        0.041799999999999955,
        0.9975,
        0.9975
      ]
    ],
    [
      [
        0.996864,
        -0.6375039999999998,
        0.623904,
        0.04511999999999996,
        0.04511999999999996
      ],
      [
        -0.6375039999999998,
        0.9820439999999999,
        -0.623444,
        -0.0673199999999999,
        -0.0673199999999999
      ],
      [
        0.623904,
        -0.623444,
        0.998844,
        0.061319999999999944,
        0.061319999999999944
      ],
      [
        0.04511999999999996,
        -0.0673199999999999,
        0.061319999999999944,
        0.9996,
        0.9996
      ],
      [
        0.04511999999999996,
        -0.0673199999999999,
        0.061319999999999944,
        0.9996,
        0.9996
      ]
    ],
    [
      [
        0.9936,
        -0.6718399999999999,
        0.6638399999999999,
        0.030639999999999976,
        0.030639999999999976
      ],
      [
        -0.6718399999999999,
        0.997696,
        -0.6344960000000001,
        -0.03601600000000006,
        -0.03601600000000006
      ],
      [
        0.6638399999999999,
        -0.6344960000000001,
        0.997296,
        0.03181599999999997,
        0.03181599999999997
      ],
      [
        0.030639999999999976,
        -0.03601600000000006,
        0.03181599999999997,
        0.998236,
        0.998236
      ],
      [
        0.030639999999999976,
        -0.03601600000000006,
        0.03181599999999997,
        0.998236,
        0.998236
      ]
    ],
    [
      [
        0.99,
        -0.6888,
        0.6649999999999999,
        0.010000000000000063,
        0.010000000000000063
      ],
      [
        -0.6888,
        0.999936,
        -0.6424,
        0.024160000000000022,
        0.024160000000000022
      ],
      [
        0.6649999999999999,
        -0.6424,
        0.9974999999999999,
        -0.009000000000000008,
        -0.009000000000000008
      ],
      [
        0.010000000000000063,
        0.024160000000000022,
        -0.009000000000000008,
        0.9996,
        0.9996
      ],
      [
        0.010000000000000063,
        0.024160000000000022,
        -0.009000000000000008,
        0.9996,
        0.9996
      ]
    ],
    [
      [
        0.998236,
        -0.6854279999999999,
        0.657832,
        -0.026000000000000023,
        -0.026000000000000023
      ],
      [
        -0.6854279999999999,
        0.998844,
        -0.674136,
        0.03400000000000006,
        0.03400000000000006
      ],
      [
        0.657832,
        -0.674136,
        0.999984,
        -0.028000000000000053,
        -0.028000000000000053
      ],
      [
        -0.026000000000000023,
        0.03400000000000006,
        -0.028000000000000053,
        1.0,
        1.0
      ],
      [
        -0.026000000000000023,
        0.03400000000000006,
        -0.028000000000000053,
        1.0,
        1.0
      ]
    ],
    [
      [
        0.9984,
        -0.6287999999999999,
        0.64144,
        0.011839999999999982,
        0.013919999999999984
      ],
      [
        -0.6287999999999999,
        0.9996,
        -0.6622799999999999,
        -0.004080000000000004,
        -0.0060400000000000054
      ],
      [
        0.64144,
        -0.6622799999999999,
        0.999804,
        -0.018056000000000044,
        -0.016028000000000042
      ],
      [
        0.011839999999999982,
        -0.004080000000000004,
        -0.018056000000000044,
        0.999984,
        0.997992
      ],
      [
        0.013919999999999984,
        -0.0060400000000000054,
        -0.016028000000000042,
        0.997992,
        0.999996
      ]
    ],
    [
      [
        0.999216,
        -0.6500560000000001,
        0.736,
        -0.011888000000000011,
        -0.011888000000000011
      ],
      [
        -0.6500560000000001,
        0.999996,
        -0.69,
        -0.025992000000000022,
        -0.025992000000000022
      ],
      [
        0.736,
        -0.69,
        1.0,
        -0.008000000000000007,
        -0.008000000000000007
      ],
      [
        -0.011888000000000011,
        -0.025992000000000022,
        -0.008000000000000007,
        0.999984,
        0.999984
      ],
      [
        -0.011888000000000011,
        -0.025992000000000022,
        -0.008000000000000007,
        0.999984,
        0.999984
      ]
    ],
    [
      [
        0.999744,
        -0.6552959999999999,
        0.6610719999999999,
        0.05161600000000007,
        0.05161600000000007
      ],
      [
        -0.6552959999999999,
        0.998064,
        -0.6634479999999999,
        -0.010943999999999954,
        -0.010943999999999954
      ],
      [
        0.6610719999999999,
        -0.6634479999999999,
        0.996636,
        0.008608000000000006,
        0.008608000000000006
      ],
      [
        0.05161600000000007,
        -0.010943999999999954,
        0.008608000000000006,
        0.999424,
        0.999424
      ],
      [
        0.05161600000000007,
        -0.010943999999999954,
        0.008608000000000006,
        0.999424,
        0.999424
      ]
    ],
    [
      [
        0.999804,
        -0.621048,
        0.6261119999999999,
        -0.016308000000000013,
        -0.016308000000000013
      ],
      [
        -0.621048,
        0.995376,
        -0.640544,
        0.0034959999999999995,
        0.0034959999999999995
      ],
      [
        0.6261119999999999,
        -0.640544,
        0.999936,
        -0.025824000000000052,
        -0.025824000000000052
      ],
      [
        -0.016308000000000013,
        0.0034959999999999995,
        -0.025824000000000052,
        0.999516,
        0.999516
      ],
      [
        -0.016308000000000013,
        0.0034959999999999995,
        -0.025824000000000052,
        0.999516,
        0.999516
      ]
    ],
    [
      [
        0.9999959999999999,
        -0.6959719999999999,
        0.689944,
        -0.03603600000000003,
        -0.03603600000000003
      ],
      [
        -0.6959719999999999,
        0.999804,
        -0.697608,
        0.036252000000000034,
        0.036252000000000034
      ],
      [
        0.689944,
        -0.697608,
        0.999216,
        -0.05850400000000008,
        -0.05850400000000008
      ],
      [
        -0.03603600000000003,
        0.036252000000000034,
        -0.05850400000000008,
        0.999676,
        0.999676
      ],
      [
        -0.03603600000000003,
        0.036252000000000034,
        -0.05850400000000008,
        0.999676,
        0.999676
      ]
    ],
    [
      [
        0.999936,
        -0.6601919999999999,
        0.670144,
        0.05407999999999999,
        0.05407999999999999
      ],
      [
        -0.6601919999999999,
        0.999424,
        -0.6495679999999999,
        -0.057760000000000054,
        -0.057760000000000054
      ],
      [
        0.670144,
        -0.6495679999999999,
        0.999676,
        0.03182000000000003,
        0.03182000000000003
      ],
      [
        0.05407999999999999,
        -0.057760000000000054,
        0.03182000000000003,
        0.9999,
        0.9999
      ],
      [
        0.05407999999999999,
        -0.057760000000000054,
        0.03182000000000003,
        0.9999,
        0.9999
      ]
    ],
    [
      [
        0.999964,
        -0.673736,
        0.673952,
        0.034024000000000054,
        0.034024000000000054
      ],
      [
        -0.673736,
        0.998064,
        -0.6876479999999999,
        -0.048176000000000066,
        -0.048176000000000066
      ],
      [
        0.673952,
        -0.6876479999999999,
        0.999936,
        0.06803200000000009,
        0.06803200000000009
      ],
      [
        0.034024000000000054,
        -0.048176000000000066,
        0.06803200000000009,
        0.999984,
        0.999984
      ],
      [
        0.034024000000000054,
        -0.048176000000000066,
        0.06803200000000009,
        0.999984,
        0.999984
      ]
    ],
    [
      [
        0.997296,
        -0.6358160000000002,
        0.692024,
        0.03979200000000001,
        0.03979200000000001
      ],
      [
        -0.6358160000000002,
        0.998236,
        -0.6744039999999999,
        -0.03383200000000001,
        -0.03383200000000001
      ],
      [
        0.692024,
        -0.6744039999999999,
        0.998556,
        0.061848000000000056,
        0.061848000000000056
      ],
      [
        0.03979200000000001,
        -0.03383200000000001,
        0.061848000000000056,
        0.999984,
        0.999984
      ],
      [
        0.03979200000000001,
        -0.03383200000000001,
        0.061848000000000056,
        0.999984,
        0.999984
      ]
    ]
  ]
}