{
  "settings_list": [
    [
      4.629369022949651,
      2.69377248880332,
      4.8223224906898645,
      0.06216919119177085,
      1.228187347865337,
      3.0799547276936043,
      2.467040955290448,
      6.15386165285184,
      6.244341071522185,
      1.6736688475048205,
      3.322361164828115,
      1.5963010545019225,
      0.5399369788919673,
      2.1698675557740295,
      3.371002696529899
    ],
    [
      4.59659475855285,
      2.65207238665932,
      4.8264145740562645,
      0.09271769373257084,
      1.2304960441085369,
      3.0738160361224045,
      2.385581007578448,
      6.21940449109824,
      6.241259519394185,
      1.7609287740968205,
      3.462797983221715,
      1.5995131720699225,
      0.6306584910071674,
      2.2408160269548296,
      3.382933326264299
    ],
    [
      4.58293875958965,
      2.63384193312012,
      4.8315315377650645,
      0.1261591116173708,
      1.2435148777789369,
      3.0792014599720043,
      2.292435624621648,
      6.2984431693766405,
      6.249852613538184,
      1.8687623087464205,
      3.625093535768915,
      1.5946591136763224,
      0.7309705931415674,
      2.3291752132268297,
      3.389365645333099
    ],
    [
      4.54929967856565,
      2.60732861593612,
      4.833468052677064,
      0.15313678470537082,
      1.2520035155709368,
      3.0815482569000046,
      2.208188063693648,
      6.37791881088064,
      6.248102023906185,
      1.9807924665704204,
      3.7615881042169153,
      1.5981000655803224,
      0.8221579018135674,
      2.4121685499948295,
      3.393941900053099
    ],
    [
      4.54998409302965,
      2.58466442393612,
      4.830310646981064,
      0.19471240377737078,
      1.2368077221629368,
      3.0939731057960045,
      2.129701438413648,
      6.49321869337664,
      6.241169115874185,
      2.0601686135144206,
      3.8313966776569153,
      1.6027167030203224,
      0.9007666088855675,
      2.4581573039148297,
      3.379993750805099
    ],
    [
      4.55702250818485,
      2.54806504787212,
      4.824259150398664,
      0.25754534530697076,
      1.2305141957693368,
      3.1093117644840045,
      2.075313342356048,
      6.61788450915264,
      6.235022375285385,
      2.105338026135221,
      3.8399398343097153,
      1.5998851183931224,
      0.9428470632215675,
      2.44210495421883,
      3.383766308085099
    ],
    [
      4.55740015866485,
      2.49209792488012,
      4.823689903822664,
      0.3110217522989708,
      1.2103012561853368,
      3.1111642259720043,
      2.034162906548048,
      6.7489024175206405,
      6.231495670709385,
      2.1420078840712207,
      3.8479760861657155,
      1.6048754306971225,
      0.9524200692375675,
      2.4651420479148296,
      3.397758728405099
    ],
    [
      4.565204364568849,
      2.43214922551052,
      4.817325346075464,
      0.3772585655757708,
      1.2013019210269367,
      3.1103092816936044,
      2.001066610391248,
      6.86907373502144,
      6.241009885240585,
      2.145626360071221,
      3.8497665596921156,
      1.6031748470363223,
      0.9595251625815675,
      2.46815563275643,
      3.407010507272299
    ],
    [
      4.572436331045649,
      2.37110919389772,
      4.826879531688264,
      0.4333955491821708,
      1.1768678886173367,
      3.1155491105768043,
      1.952056739204048,
      6.97580679177024,
      6.231318576923785,
      2.1637053581448207,
      3.8449071360217157,
      1.6041182431675223,
      0.9574977010327675,
      2.4738391728524296,
      3.400412420593899
    ],
    [
      4.577448818021649,
      2.2881432496609198,
      4.819846739064264,
      0.5121663865581708,
      1.1805558437981367,
      3.1053489991688044,
      1.931810594045648,
      7.07191704563264,
      6.222136528869385,
      2.1738227323720207,
      3.828801180172116,
      1.6120964290299222,
      0.9432653124663676,
      2.4823915677708297,
      3.387155728587499
    ],
    [
      4.583331044898449,
      2.21580648111692,
      4.815894404533064,
      0.5941970096781708,
      1.1885942779869367,
      3.0923808936680044,
      1.927297326026448,
      7.15218501961984,
      6.225661708594185,
      2.1916725638120207,
      3.7934901963993157,
      1.6144990488827222,
      0.9752298775319677,
      2.4565056878636296,
      3.396696001697899
    ],
    [
      4.595030875528849,
      2.14395406463052,
      4.814553642369864,
      0.6582983578765709,
      1.1966116157149367,
      3.0944997986280045,
      1.925577020157648,
      7.23698903390464,
      6.2301428787189845,
      2.1788739472872205,
      3.7974436065241157,
      1.601000272639522,
      0.9976166954263677,
      2.4908102557740297,
      3.391741288993899
    ],
    [
      4.629732858159249,
      2.09384958695052,
      4.817947887224264,
      0.7079420681709708,
      1.1923045747485366,
      3.0774119157832045,
      1.898412182442448,
      7.289112715107841,
      6.225663500235784,
      2.1442268260584205,
      3.796175659384916,
      1.598352506825122,
      0.9962463084087676,
      2.4966832172492297,
      3.403601573992299
    ],
    [
      4.63025737809525,
      2.05597962650252,
      4.810883842552264,
      0.7518742883309709,
      1.1975507906845366,
      3.0756420931912043,
      1.8950285496744481,
      7.348683765219841,
      6.221668253515785,
      2.1341436817384207,
      3.785678885368916,
      1.6126399006171221,
      0.9930684318007676,
      2.5060408410572297,
      3.402272478696299
    ],
    [
      4.6417391748088495,
      2.0156019162849197,
      4.814880455128264,
      0.7940169684749709,
      1.2172906354109365,
      3.090584843175204,
      1.8927675052616482,
      7.371235390685441,
      6.227631597931785,
      2.149015783463221,
      3.775958907039316,
      1.6038304144539222,
      0.9702951254167677,
      2.5279069643180296,
      3.393780843665899
    ],
    [
      4.673044603554449,
      1.9952511990465196,
      4.810255391752263,
      0.8316298225965709,
      1.2154900614109365,
      3.086296613236004,
      1.872868366644048,
      7.37262600345024,
      6.244140203902985,
      2.171816150692021,
      3.752054700258516,
      1.589015172844322,
      0.9952137312759677,
      2.5084926309292297,
      3.394098486270699
    ],
    [
      4.685959245039249,
      1.9842153573825196,
      4.811251855291463,
      0.889102056401371,
      1.2196799656413366,
      3.060871609946404,
      1.857840624333648,
      7.424537148768641,
      6.218099744203785,
      2.158328225085621,
      3.741677199253716,
      1.599694568223522,
      1.0043270085111677,
      2.5169471879084298,
      3.399729702424299
    ],
    [
      4.7006377478872485,
      1.9597776572545196,
      4.8188685851314625,
      0.910964599185371,
      1.2299854041853366,
      3.072940311834404,
      1.864306032125648,
      7.452983180240641,
      6.215414454315785,
      2.132161566477621,
      3.741545259125716,
      1.579868284079522,
      0.9888932232471678,
      2.5424726624364298,
      3.395240325448299
    ],
    [
      4.708514125711249,
      1.9461594506945197,
      4.815856687371462,
      0.940629704529371,
      1.2449576302653367,
      3.078721156826404,
      1.871393392573648,
      7.469771806256641,
      6.205369040907785,
      2.139861690925621,
      3.744700645429716,
      1.5641499509275218,
      1.0221931571031677,
      2.54203701670843,
      3.378474560072299
    ],
    [
      4.720004085509649,
      1.9434819230497196,
      4.808502693205062,
      0.973510571204571,
      1.2602427082845367,
      3.1017854892264043,
      1.864830726688848,
      7.4911342783078405,
      6.219152616174985,
      2.132168111607221,
      3.734743610908116,
      1.5658880971291218,
      1.0124135101239677,
      2.54242034215803,
      3.391964643886699
    ],
    [
      4.723664141269649,
      1.9227135207297195,
      4.797299635605062,
      0.995475901204571,
      1.2584147029245367,
      3.1065487910664045,
      1.857381625648848,
      7.48886979710784,
      6.229533494654985,
      2.128398340407221,
      3.729968648988116,
      1.5643698159291217,
      1.0119365860439677,
      2.5480001498380296,
      3.4107700027666987
    ]
  ],
  "cost_vals": [],
  "step_size": 0.1,
  "opt_step_times": [
    0.1687910556793213,
    0.1409752368927002,
    0.1339099407196045,
    0.13267993927001953,
    0.13146305084228516,
    0.1312389373779297,
    0.1351606845855713,
    0.24045610427856445,
    0.14209985733032227,
    0.13921189308166504,
    0.14731812477111816,
    0.17509889602661133,
    0.1371159553527832,
    0.14290499687194824,
    0.13579583168029785,
    0.15080714225769043,
    0.13149714469909668,
    0.13703513145446777,
    0.13596415519714355,
    0.1318211555480957
  ],
  "opt_settings": [
    4.723664141269649,
    1.9227135207297195,
    4.797299635605062,
    0.995475901204571,
    1.2584147029245367,
    3.1065487910664045,
    1.857381625648848,
    7.48886979710784,
    6.229533494654985,
    2.128398340407221,
    3.729968648988116,
    1.5643698159291217,
    1.0119365860439677,
    2.5480001498380296,
    3.4107700027666987
  ],
  "min_cost": null,
  "datetime": "2023-05-30T16-45-20Z",
  "step_only": true,
  "ibm_device": "default.qubit",
  "shots": 1000,
  "prep_node_name": "W_state_2-qubit_ghz_state",
  "num_qubits": 5,
  "error": false,
  "cov_mats": [
    [
      [
        0.999856,
        0.26303999999999994,
        0.379168,
        -0.016335999999999986,
        -0.00033600000000002703
      ],
      [
        0.26303999999999994,
        0.9935999999999999,
        0.05312000000000004,
        -0.034239999999999916,
        -0.014239999999999975
      ],
      [
        0.379168,
        0.05312000000000004,
        0.930304,
        -0.02060799999999999,
        0.007392000000000089
      ],
      [
        -0.016335999999999986,
        -0.034239999999999916,
        -0.02060799999999999,
        0.999216,
        -0.45278399999999996
      ],
      [
        -0.00033600000000002703,
        -0.014239999999999975,
        0.007392000000000089,
        -0.45278399999999996,
        0.999216
      ]
    ],
    [
      [
        0.999936,
        0.30726400000000004,
        0.3619200000000001,
        -0.07609600000000007,
        0.018240000000000017
      ],
      [
        0.30726400000000004,
        0.975036,
        0.06708000000000001,
        0.01589599999999993,
        -0.028740000000000012
      ],
      [
        0.3619200000000001,
        0.06708000000000001,
        0.9324,
        -0.05912,
        0.02180000000000016
      ],
      [
        -0.07609600000000007,
        0.01589599999999993,
        -0.05912,
        0.999856,
        -0.66564
      ],
      [
        0.018240000000000017,
        -0.028740000000000012,
        0.02180000000000016,
        -0.66564,
        0.9991
      ]
    ],
    [
      [
        0.999804,
        0.24565199999999998,
        0.45858400000000005,
        -0.0003639999999999707,
        0.011971999999999983
      ],
      [
        0.24565199999999998,
        0.986076,
        0.05079200000000005,
        0.023068000000000016,
        0.004236000000000004
      ],
      [
        0.45858400000000005,
        0.05079200000000005,
        0.940464,
        -0.024343999999999956,
        0.013512000000000012
      ],
      [
        -0.0003639999999999707,
        0.023068000000000016,
        -0.024343999999999956,
        0.999324,
        -0.8640519999999999
      ],
      [
        0.011971999999999983,
        0.004236000000000004,
        0.013512000000000012,
        -0.8640519999999999,
        0.999996
      ]
    ],
    [
      [
        0.998064,
        0.33245600000000003,
        0.561328,
        -0.01476800000000004,
        0.027296000000000053
      ],
      [
        0.33245600000000003,
        0.984124,
        0.18871199999999994,
        0.0015279999999999426,
        -0.016015999999999957
      ],
      [
        0.561328,
        0.18871199999999994,
        0.955056,
        -0.01793599999999993,
        0.023391999999999937
      ],
      [
        -0.01476800000000004,
        0.0015279999999999426,
        -0.01793599999999993,
        0.999216,
        -0.951552
      ],
      [
        0.027296000000000053,
        -0.016015999999999957,
        0.023391999999999937,
        -0.951552,
        0.999744
      ]
    ],
    [
      [
        0.9975,
        0.3443000000000001,
        0.5945,
        -0.028600000000000052,
        0.03030000000000005
      ],
      [
        0.3443000000000001,
        0.9945240000000001,
        0.23762000000000003,
        -0.003928000000000008,
        0.005484000000000002
      ],
      [
        0.5945,
        0.23762000000000003,
        0.9831,
        0.002359999999999974,
        -0.003579999999999961
      ],
      [
        -0.028600000000000052,
        -0.003928000000000008,
        0.002359999999999974,
        0.999216,
        -0.9890480000000001
      ],
      [
        0.03030000000000005,
        0.005484000000000002,
        -0.003579999999999961,
        -0.9890480000000001,
        0.998844
      ]
    ],
    [
      [
        0.9984,
        0.3995200000000001,
        0.6164800000000001,
        -0.016000000000000014,
        0.014080000000000011
      ],
      [
        0.3995200000000001,
        0.987456,
        0.3445440000000001,
        0.020000000000000046,
        -0.021776000000000052
      ],
      [
        0.6164800000000001,
        0.3445440000000001,
        0.987456,
        -0.015999999999999986,
        0.013775999999999991
      ],
      [
        -0.016000000000000014,
        0.020000000000000046,
        -0.015999999999999986,
        1.0,
        -0.998
      ],
      [
        0.014080000000000011,
        -0.021776000000000052,
        0.013775999999999991,
        -0.998,
        0.999996
      ]
    ],
    [
      [
        0.998236,
        0.388624,
        0.5980320000000001,
        -0.029664,
        0.031748
      ],
      [
        0.388624,
        0.983616,
        0.392288,
        -0.022976000000000028,
        0.025232000000000015
      ],
      [
        0.5980320000000001,
        0.392288,
        0.990784,
        -0.008768000000000059,
        0.01057600000000007
      ],
      [
        -0.029664,
        -0.022976000000000028,
        -0.008768000000000059,
        0.999936,
        -0.9979520000000002
      ],
      [
        0.031748,
        0.025232000000000015,
        0.01057600000000007,
        -0.9979520000000002,
        0.9999640000000002
      ]
    ],
    [
      [
        0.995644,
        0.4413280000000001,
        0.623016,
        -0.009452000000000037,
        0.007320000000000029
      ],
      [
        0.4413280000000001,
        0.963136,
        0.434592,
        0.013776000000000004,
        -0.012160000000000021
      ],
      [
        0.623016,
        0.434592,
        0.994224,
        0.007672000000000012,
        -0.009520000000000006
      ],
      [
        -0.009452000000000037,
        0.013776000000000004,
        0.007672000000000012,
        0.9995160000000002,
        -0.99756
      ],
      [
        0.007320000000000029,
        -0.012160000000000021,
        -0.009520000000000006,
        -0.99756,
        0.9996
      ]
    ],
    [
      [
        0.995644,
        0.45541999999999994,
        0.5769040000000001,
        -0.046508000000000015,
        0.046508000000000015
      ],
      [
        0.45541999999999994,
        0.9831,
        0.44771999999999995,
        -0.024940000000000042,
        0.024940000000000042
      ],
      [
        0.5769040000000001,
        0.44771999999999995,
        0.998064,
        -0.02832800000000008,
        0.02832800000000008
      ],
      [
        -0.046508000000000015,
        -0.024940000000000042,
        -0.02832800000000008,
        0.998556,
        -0.998556
      ],
      [
        0.046508000000000015,
        0.024940000000000042,
        0.02832800000000008,
        -0.998556,
        0.998556
      ]
    ],
    [
      [
        0.994816,
        0.516192,
        0.6564800000000001,
        0.010431999999999981,
        -0.010431999999999981
      ],
      [
        0.516192,
        0.973104,
        0.54476,
        -0.0010160000000000013,
        0.0010160000000000013
      ],
      [
        0.6564800000000001,
        0.54476,
        0.9919,
        -0.024539999999999992,
        0.024539999999999992
      ],
      [
        0.010431999999999981,
        -0.0010160000000000013,
        -0.024539999999999992,
        0.999964,
        -0.999964
      ],
      [
        -0.010431999999999981,
        0.0010160000000000013,
        0.024539999999999992,
        -0.999964,
        0.999964
      ]
    ],
    [
      [
        0.9945239999999999,
        0.572664,
        0.659268,
        0.037780000000000036,
        -0.035928000000000036
      ],
      [
        0.572664,
        0.998704,
        0.6222479999999999,
        -0.004920000000000005,
        0.006992000000000007
      ],
      [
        0.659268,
        0.6222479999999999,
        0.9860759999999998,
        0.016460000000000072,
        -0.014696000000000068
      ],
      [
        0.037780000000000036,
        -0.004920000000000005,
        0.016460000000000072,
        0.9991,
        -0.99716
      ],
      [
        -0.035928000000000036,
        0.006992000000000007,
        -0.014696000000000068,
        -0.99716,
        0.999216
      ]
    ],
    [
      [
        0.9903959999999999,
        0.5649879999999999,
        0.6448240000000001,
        -0.018784000000000016,
        0.018784000000000016
      ],
      [
        0.5649879999999999,
        0.962364,
        0.5876720000000001,
        -0.031552000000000004,
        0.031552000000000004
      ],
      [
        0.6448240000000001,
        0.5876720000000001,
        0.999856,
        -0.024095999999999996,
        0.024095999999999996
      ],
      [
        -0.018784000000000016,
        -0.031552000000000004,
        -0.024095999999999996,
        0.999936,
        -0.999936
      ],
      [
        0.018784000000000016,
        0.031552000000000004,
        0.024095999999999996,
        -0.999936,
        0.999936
      ]
    ],
    [
      [
        0.9996,
        0.6238,
        0.6326400000000001,
        0.042200000000000036,
        -0.042200000000000036
      ],
      [
        0.6238,
        0.9879,
        0.58552,
        -0.006899999999999979,
        0.006899999999999979
      ],
      [
        0.6326400000000001,
        0.58552,
        0.998976,
        0.0016800000000000018,
        -0.0016800000000000018
      ],
      [
        0.042200000000000036,
        -0.006899999999999979,
        0.0016800000000000018,
        0.9999,
        -0.9999
      ],
      [
        -0.042200000000000036,
        0.006899999999999979,
        -0.0016800000000000018,
        -0.9999,
        0.9999
      ]
    ],
    [
      [
        0.999984,
        0.653784,
        0.6782640000000001,
        0.028143999999999995,
        -0.028143999999999995
      ],
      [
        0.653784,
        0.997084,
        0.655564,
        0.05194399999999998,
        -0.05194399999999998
      ],
      [
        0.6782640000000001,
        0.655564,
        0.995644,
        0.055624000000000035,
        -0.055624000000000035
      ],
      [
        0.028143999999999995,
        0.05194399999999998,
        0.055624000000000035,
        0.998704,
        -0.998704
      ],
      [
        -0.028143999999999995,
        -0.05194399999999998,
        -0.055624000000000035,
        -0.998704,
        0.998704
      ]
    ],
    [
      [
        0.999744,
        0.6568799999999999,
        0.646864,
        -0.061520000000000054,
        0.061520000000000054
      ],
      [
        0.6568799999999999,
        0.9951,
        0.61978,
        -0.08989999999999997,
        0.08989999999999997
      ],
      [
        0.646864,
        0.61978,
        0.997084,
        -0.041620000000000004,
        0.041620000000000004
      ],
      [
        -0.061520000000000054,
        -0.08989999999999997,
        -0.041620000000000004,
        0.9991,
        -0.9991
      ],
      [
        0.061520000000000054,
        0.08989999999999997,
        0.041620000000000004,
        -0.9991,
        0.9991
      ]
    ],
    [
      [
        0.991164,
        0.67602,
        0.6884279999999999,
        -0.02839199999999998,
        0.02839199999999998
      ],
      [
        0.67602,
        0.9711,
        0.6335399999999999,
        -0.03355999999999995,
        0.03355999999999995
      ],
      [
        0.6884279999999999,
        0.6335399999999999,
        0.998556,
        0.007415999999999981,
        -0.007415999999999981
      ],
      [
        -0.02839199999999998,
        -0.03355999999999995,
        0.007415999999999981,
        0.995376,
        -0.995376
      ],
      [
        0.02839199999999998,
        0.03355999999999995,
        -0.007415999999999981,
        -0.995376,
        0.995376
      ]
    ],
    [
      [
        0.999424,
        0.6146240000000001,
        0.655232,
        -0.044512000000000045,
        0.044512000000000045
      ],
      [
        0.6146240000000001,
        0.999324,
        0.658832,
        -0.05361200000000007,
        0.05361200000000007
      ],
      [
        0.655232,
        0.658832,
        0.998976,
        -0.07201600000000004,
        0.07201600000000004
      ],
      [
        -0.044512000000000045,
        -0.05361200000000007,
        -0.07201600000000004,
        0.996156,
        -0.996156
      ],
      [
        0.044512000000000045,
        0.05361200000000007,
        0.07201600000000004,
        -0.996156,
        0.996156
      ]
    ],
    [
      [
        0.999676,
        0.6631,
        0.704612,
        -0.03436000000000003,
        0.03436000000000003
      ],
      [
        0.6631,
        0.9975,
        0.6817000000000001,
        -0.06700000000000006,
        0.06700000000000006
      ],
      [
        0.704612,
        0.6817000000000001,
        0.998844,
        -0.04532000000000004,
        0.04532000000000004
      ],
      [
        -0.03436000000000003,
        -0.06700000000000006,
        -0.04532000000000004,
        0.9996,
        -0.9996
      ],
      [
        0.03436000000000003,
        0.06700000000000006,
        0.04532000000000004,
        -0.9996,
        0.9996
      ]
    ],
    [
      [
        0.999964,
        0.625376,
        0.6322040000000001,
        -0.02396400000000002,
        0.02396400000000002
      ],
      [
        0.625376,
        0.989184,
        0.629536,
        0.030624,
        -0.030624
      ],
      [
        0.6322040000000001,
        0.629536,
        0.998844,
        0.031796,
        -0.031796
      ],
      [
        -0.02396400000000002,
        0.030624,
        0.031796,
        0.999964,
        -0.999964
      ],
      [
        0.02396400000000002,
        -0.030624,
        -0.031796,
        -0.999964,
        0.999964
      ]
    ],
    [
      [
        0.999804,
        0.6711320000000001,
        0.664756,
        -0.05450400000000007,
        0.05450400000000007
      ],
      [
        0.6711320000000001,
        0.996156,
        0.647348,
        -0.02023200000000007,
        0.02023200000000007
      ],
      [
        0.664756,
        0.647348,
        0.997084,
        -0.04805600000000008,
        0.04805600000000008
      ],
      [
        -0.05450400000000007,
        -0.02023200000000007,
        -0.04805600000000008,
        0.998704,
        -0.998704
      ],
      [
        0.05450400000000007,
        0.02023200000000007,
        0.04805600000000008,
        -0.998704,
        0.998704
      ]
    ],
    [
      [
        0.998064,
        0.644904,
        0.67092,
        -0.004679999999999975,
        0.004679999999999975
      ],
      [
        0.644904,
        0.995644,
        0.67662,
        0.03401999999999998,
        -0.03401999999999998
      ],
      [
        0.67092,
        0.67662,
        0.9951,
        -0.00990000000000001,
        0.00990000000000001
      ],
      [
        -0.004679999999999975,
        0.03401999999999998,
        -0.00990000000000001,
        0.9991,
        -0.9991
      ],
      [
        0.004679999999999975,
        -0.03401999999999998,
        0.00990000000000001,
        -0.9991,
        0.9991
      ]
    ]
  ]
}