{
  "settings_list": [
    [
      0.9956015367766944,
      5.938102129143452,
      5.499371123832392,
      5.593505044145058,
      4.4213826721259455,
      6.137252263871132,
      4.302776036093071,
      5.688866083787622,
      5.565095379118279,
      4.774826624392513,
      2.45416521056872,
      1.2542449952800958,
      1.693341847633763,
      1.0857547439691948,
      4.695891548457759
    ],
    [
      1.0491295342166944,
      5.914291462145052,
      5.494892629256392,
      5.576307549293857,
      4.410069507729146,
      6.136575306994332,
      4.364512323926672,
      5.681014588386022,
      5.564464566305479,
      4.779646084235713,
      2.36382173472552,
      1.245566554304096,
      1.706614790139363,
      1.1751421029963949,
      4.702095257664158
    ],
    [
      1.0909993267734943,
      5.877259694861852,
      5.493340419816392,
      5.568022532257057,
      4.394423992650746,
      6.126076980901532,
      4.407836716566671,
      5.6864445417556215,
      5.562451522030279,
      4.7866133241717135,
      2.21667443018792,
      1.2440530406144958,
      1.711713949972963,
      1.3206973598475948,
      4.6937001771521585
    ],
    [
      1.1239589016694944,
      5.830396193901852,
      5.484480820808392,
      5.566612230065057,
      4.389128186698747,
      6.124217381765532,
      4.451017814358671,
      5.649620697499621,
      5.566934821566279,
      4.795846331531713,
      2.0082843145879203,
      1.2497021919424958,
      1.713347128180963,
      1.5134772745995948,
      4.700278952192159
    ],
    [
      1.1529015845174944,
      5.767573200570652,
      5.478798135598792,
      5.555395522148257,
      4.3825798819179465,
      6.127818952031132,
      4.490433685110672,
      5.622764554050021,
      5.554656661572679,
      4.799721624267713,
      1.8444900104535202,
      1.2458357391104957,
      1.716426708078563,
      1.6815990190923948,
      4.694491797580959
    ],
    [
      1.1798736812470942,
      5.7240039113994525,
      5.478073075025992,
      5.536442066877857,
      4.377332791853947,
      6.1261504139351315,
      4.513289015606672,
      5.606217001262821,
      5.555362521031879,
      4.796217532904513,
      1.7732479342487202,
      1.2524275259968958,
      1.7087297760305629,
      1.7458896958571948,
      4.690074787155359
    ],
    [
      1.1944418080950943,
      5.675287586151453,
      5.482067135390792,
      5.530547238794657,
      4.383387230637947,
      6.121749239867931,
      4.541054037584272,
      5.578047867976421,
      5.561653793633479,
      4.795856920194113,
      1.7842146667927201,
      1.2528652390208959,
      1.7063797516593628,
      1.7487680532843948,
      4.685563127916959
    ],
    [
      1.2193980798454942,
      5.598589379546652,
      5.482422928715592,
      5.512889474148257,
      4.355077902356347,
      6.113566347477531,
      4.567431466160271,
      5.556462715490021,
      5.556596601371079,
      4.788588768558912,
      1.7712732576663202,
      1.246325043648096,
      1.7001133890673628,
      1.7648119146155947,
      4.683802905670559
    ],
    [
      1.239803612731894,
      5.530273341377052,
      5.484590751173192,
      5.500401821601057,
      4.336507416273147,
      6.115513990085531,
      4.577789680758671,
      5.525851027826021,
      5.558397396507079,
      4.788700561730113,
      1.7506844065975202,
      1.240255615075296,
      1.6956844823569628,
      1.7699759947851947,
      4.685047482028959
    ],
    [
      1.2421692993750941,
      5.466060643917852,
      5.486171274373192,
      5.491766020273056,
      4.343957740257147,
      6.104326918661531,
      4.590301679526671,
      5.482516310750821,
      5.560802155918279,
      4.782117911662913,
      1.7309535144599202,
      1.239874149187296,
      1.6963891604273629,
      1.7551312327563948,
      4.694969968067359
    ],
    [
      1.242825859925494,
      5.375067216893852,
      5.477647350449993,
      5.492145646049056,
      4.369009281841147,
      6.107317172015131,
      4.585839166390671,
      5.387918744014821,
      5.557815165022279,
      4.768404050536513,
      1.74507218180392,
      1.246762625321696,
      1.7007229530705628,
      1.7465422829547947,
      4.695964487174559
    ],
    [
      1.2269070623318938,
      5.276764957924252,
      5.477703260312393,
      5.4902831481034555,
      4.432127152138747,
      6.093173782626331,
      4.588908482576271,
      5.262846553230821,
      5.561253255761479,
      4.764693974158913,
      1.75027204422952,
      1.2407346366368959,
      1.6963099039697629,
      1.7455210796651948,
      4.694678574688159
    ],
    [
      1.2250678775798938,
      5.1378196546282515,
      5.470579083381193,
      5.495421290580255,
      4.486698320503548,
      6.091655879903131,
      4.587205621763472,
      5.086699739525221,
      5.55267488527828,
      4.744729134251713,
      1.7352126412375202,
      1.2405549163104959,
      1.7018778474929628,
      1.7526130100235948,
      4.696260922540959
    ],
    [
      1.2144604221878936,
      5.004304315620251,
      5.453220466805194,
      5.491498886004255,
      4.581964982423548,
      6.101066202783131,
      4.592965181827472,
      4.908608781253221,
      5.54977318588628,
      4.738966755467713,
      1.7419504569175202,
      1.2408903326944958,
      1.7042582860849627,
      1.7194864158475949,
      4.697455430316959
    ],
    [
      1.2059967096502937,
      4.884503426954651,
      5.448669392430793,
      5.507138015943455,
      4.598640711927548,
      6.108089124325531,
      4.599848715817871,
      4.780570709643621,
      5.53977095771988,
      4.739471577803712,
      1.7168845683543201,
      1.2402463134560957,
      1.7205480679153626,
      1.7341805705419948,
      4.704654158579359
    ],
    [
      1.2108419863414936,
      4.817922856727451,
      5.446810556737994,
      5.511940625882655,
      4.635553160842748,
      6.111021647947931,
      4.593340764073871,
      4.7152349264820215,
      5.54839542753108,
      4.7188808453941125,
      1.72261509687272,
      1.2625140058016957,
      1.7349135547313626,
      1.7235244871499948,
      4.729535226099359
    ],
    [
      1.2032968873782937,
      4.770018289271451,
      5.471320193678793,
      5.520693062164255,
      4.651868959677948,
      6.114138061797531,
      4.598087057897871,
      4.714528125496422,
      5.53233935504468,
      4.7287003882805125,
      1.73251783737832,
      1.2622810862432958,
      1.7655362092529625,
      1.724366363213995,
      4.718598345728159
    ],
    [
      1.1962410522678937,
      4.733902764113051,
      5.451486554254793,
      5.514710609025054,
      4.676068946685948,
      6.141340303256731,
      4.597766776105871,
      4.679940220126822,
      5.52508503150548,
      4.711384920805313,
      1.7402694213527201,
      1.256925740630496,
      1.7751902414513625,
      1.733705122618795,
      4.727308209772959
    ],
    [
      1.1971543388758936,
      4.720613925386651,
      5.445818615013193,
      5.502833121063454,
      4.7029893111883485,
      6.150631095323932,
      4.566084246262671,
      4.691454943192422,
      5.534219392769479,
      4.7007439218549125,
      1.75647979952232,
      1.253091742809696,
      1.7782345070225625,
      1.7303270645835949,
      4.700041622307359
    ],
    [
      1.2058511188758936,
      4.751776581386651,
      5.455996889013194,
      5.498097175063454,
      4.704343455188348,
      6.141190837323932,
      4.559321640262671,
      4.693549025192422,
      5.542969024769479,
      4.677415341854912,
      1.74533041952232,
      1.250636014809696,
      1.7777877210225626,
      1.726175284583595,
      4.698330738307359
    ],
    [
      1.1909010049366935,
      4.7581851273834515,
      5.432962069547593,
      5.514434903761054,
      4.702139646039548,
      6.143049696235932,
      4.547285301427471,
      4.6755580461396224,
      5.542965997563079,
      4.679510684235712,
      1.75259784069352,
      1.257471191555296,
      1.7776113142481627,
      1.727483511562795,
      4.691902800966559
    ]
  ],
  "cost_vals": [],
  "step_size": 0.1,
  "opt_step_times": [
    0.1657729148864746,
    0.16320109367370605,
    0.16336989402770996,
    0.1605980396270752,
    0.16184592247009277,
    0.15338397026062012,
    0.1478121280670166,
    0.23310399055480957,
    0.15287017822265625,
    0.1843397617340088,
    0.1899118423461914,
    0.13877010345458984,
    0.1367051601409912,
    0.14207696914672852,
    0.14676833152770996,
    0.15372014045715332,
    0.15094780921936035,
    0.14942598342895508,
    0.14248323440551758,
    0.15590500831604004
  ],
  "opt_settings": [
    1.1909010049366935,
    4.7581851273834515,
    5.432962069547593,
    5.514434903761054,
    4.702139646039548,
    6.143049696235932,
    4.547285301427471,
    4.6755580461396224,
    5.542965997563079,
    4.679510684235712,
    1.75259784069352,
    1.257471191555296,
    1.7776113142481627,
    1.727483511562795,
    4.691902800966559
  ],
  "min_cost": null,
  "datetime": "2023-05-30T16-35-23Z",
  "step_only": true,
  "ibm_device": "default.qubit",
  "shots": 1000,
  "prep_node_name": "W_state_2-qubit_ghz_state",
  "num_qubits": 5,
  "error": false,
  "cov_mats": [
    [
      [
        0.9639,
        0.35482,
        -0.21936,
        -0.009739999999999966,
        0.01551999999999995
      ],
      [
        0.35482,
        0.9939159999999999,
        0.21363199999999996,
        -0.036211999999999966,
        0.0013760000000000207
      ],
      [
        -0.21936,
        0.21363199999999996,
        0.996864,
        -0.025023999999999994,
        -0.016447999999999994
      ],
      [
        -0.009739999999999966,
        -0.036211999999999966,
        -0.025023999999999994,
        0.997084,
        0.189568
      ],
      [
        0.01551999999999995,
        0.0013760000000000207,
        -0.016447999999999994,
        0.189568,
        0.999936
      ]
    ],
    [
      [
        0.962364,
        0.3911319999999999,
        -0.21167600000000003,
        0.04098400000000001,
        0.018836000000000016
      ],
      [
        0.3911319999999999,
        0.9939159999999999,
        0.22861199999999998,
        -0.0008079999999999715,
        -0.011531999999999955
      ],
      [
        -0.21167600000000003,
        0.22861199999999998,
        0.9786839999999999,
        -0.03525600000000003,
        0.008875999999999981
      ],
      [
        0.04098400000000001,
        -0.0008079999999999715,
        -0.03525600000000003,
        0.998704,
        0.402216
      ],
      [
        0.018836000000000016,
        -0.011531999999999955,
        0.008875999999999981,
        0.402216,
        0.9999640000000002
      ]
    ],
    [
      [
        0.9891840000000001,
        0.456064,
        -0.250048,
        -0.006239999999999968,
        -0.014752000000000036
      ],
      [
        0.456064,
        0.9865439999999999,
        0.18559199999999998,
        -0.017040000000000048,
        0.010608000000000003
      ],
      [
        -0.250048,
        0.18559199999999998,
        0.9985559999999999,
        -0.04772000000000005,
        0.0015440000000000002
      ],
      [
        -0.006239999999999968,
        -0.017040000000000048,
        -0.04772000000000005,
        0.9964,
        0.6327200000000002
      ],
      [
        -0.014752000000000036,
        0.010608000000000003,
        0.0015440000000000002,
        0.6327200000000002,
        0.9998560000000002
      ]
    ],
    [
      [
        0.99,
        0.4026,
        -0.23180000000000003,
        -0.01999999999999999,
        0.0040000000000000036
      ],
      [
        0.4026,
        0.992604,
        0.278108,
        -0.066,
        -0.04999999999999999
      ],
      [
        -0.23180000000000003,
        0.278108,
        0.999516,
        -0.04599999999999996,
        -0.034
      ],
      [
        -0.01999999999999999,
        -0.066,
        -0.04599999999999996,
        1.0,
        0.8600000000000001
      ],
      [
        0.0040000000000000036,
        -0.04999999999999999,
        -0.034,
        0.8600000000000001,
        1.0
      ]
    ],
    [
      [
        0.9856,
        0.46015999999999996,
        -0.18208,
        -0.014880000000000011,
        -0.01168000000000001
      ],
      [
        0.46015999999999996,
        0.9860760000000001,
        0.284212,
        -0.05516800000000002,
        -0.06234800000000003
      ],
      [
        -0.18208,
        0.284212,
        0.9956439999999999,
        -0.004415999999999977,
        -0.0030759999999999755
      ],
      [
        -0.014880000000000011,
        -0.05516800000000002,
        -0.004415999999999977,
        0.999424,
        0.973664
      ],
      [
        -0.01168000000000001,
        -0.06234800000000003,
        -0.0030759999999999755,
        0.973664,
        0.999804
      ]
    ],
    [
      [
        0.987004,
        0.48453999999999997,
        -0.124072,
        -0.048580000000000075,
        -0.046352000000000074
      ],
      [
        0.48453999999999997,
        0.9879,
        0.29228,
        0.01669999999999996,
        0.018479999999999962
      ],
      [
        -0.124072,
        0.29228,
        0.997296,
        0.060439999999999966,
        0.058335999999999964
      ],
      [
        -0.048580000000000075,
        0.01669999999999996,
        0.060439999999999966,
        0.9991,
        0.99704
      ],
      [
        -0.046352000000000074,
        0.018479999999999962,
        0.058335999999999964,
        0.99704,
        0.998976
      ]
    ],
    [
      [
        0.982576,
        0.512904,
        -0.15109600000000004,
        0.018416000000000016,
        0.016680000000000014
      ],
      [
        0.512904,
        0.999516,
        0.247516,
        0.0022640000000000017,
        0.00021999999999999985
      ],
      [
        -0.15109600000000004,
        0.247516,
        0.999516,
        -0.009736000000000009,
        -0.011780000000000011
      ],
      [
        0.018416000000000016,
        0.0022640000000000017,
        -0.009736000000000009,
        0.999856,
        0.99788
      ],
      [
        0.016680000000000014,
        0.00021999999999999985,
        -0.011780000000000011,
        0.99788,
        0.9999
      ]
    ],
    [
      [
        0.988336,
        0.5568080000000001,
        -0.08972799999999997,
        -0.03724000000000003,
        -0.03724000000000003
      ],
      [
        0.5568080000000001,
        0.999324,
        0.26241600000000004,
        0.02077999999999999,
        0.02077999999999999
      ],
      [
        -0.08972799999999997,
        0.26241600000000004,
        0.999744,
        0.05752000000000002,
        0.05752000000000002
      ],
      [
        -0.03724000000000003,
        0.02077999999999999,
        0.05752000000000002,
        0.9991,
        0.9991
      ],
      [
        -0.03724000000000003,
        0.02077999999999999,
        0.05752000000000002,
        0.9991,
        0.9991
      ]
    ],
    [
      [
        0.999216,
        0.5687439999999999,
        0.006280000000000006,
        -0.009720000000000008,
        -0.009720000000000008
      ],
      [
        0.5687439999999999,
        0.990396,
        0.31502,
        -0.02098000000000002,
        -0.02098000000000002
      ],
      [
        0.006280000000000006,
        0.31502,
        0.9999,
        -0.05210000000000005,
        -0.05210000000000005
      ],
      [
        -0.009720000000000008,
        -0.02098000000000002,
        -0.05210000000000005,
        0.9999,
        0.9999
      ],
      [
        -0.009720000000000008,
        -0.02098000000000002,
        -0.05210000000000005,
        0.9999,
        0.9999
      ]
    ],
    [
      [
        0.992256,
        0.539392,
        0.07488,
        -0.029823999999999993,
        -0.029823999999999993
      ],
      [
        0.539392,
        0.992944,
        0.37316,
        -0.022168000000000024,
        -0.022168000000000024
      ],
      [
        0.07488,
        0.37316,
        0.9999,
        0.03198,
        0.03198
      ],
      [
        -0.029823999999999993,
        -0.022168000000000024,
        0.03198,
        0.9999960000000002,
        0.9999960000000002
      ],
      [
        -0.029823999999999993,
        -0.022168000000000024,
        0.03198,
        0.9999960000000002,
        0.9999960000000002
      ]
    ],
    [
      [
        0.9991,
        0.6093600000000001,
        0.17304000000000003,
        -0.00806000000000001,
        -0.00806000000000001
      ],
      [
        0.6093600000000001,
        0.987456,
        0.351584,
        -0.001775999999999989,
        -0.001775999999999989
      ],
      [
        0.17304000000000003,
        0.351584,
        0.998976,
        0.01793600000000001,
        0.01793600000000001
      ],
      [
        -0.00806000000000001,
        -0.001775999999999989,
        0.01793600000000001,
        0.999996,
        0.999996
      ],
      [
        -0.00806000000000001,
        -0.001775999999999989,
        0.01793600000000001,
        0.999996,
        0.999996
      ]
    ],
    [
      [
        0.992944,
        0.631176,
        0.331512,
        -0.004672000000000004,
        -0.004672000000000004
      ],
      [
        0.631176,
        0.999804,
        0.463748,
        -0.02188800000000002,
        -0.02188800000000002
      ],
      [
        0.331512,
        0.463748,
        0.999676,
        -0.021856000000000018,
        -0.021856000000000018
      ],
      [
        -0.004672000000000004,
        -0.02188800000000002,
        -0.021856000000000018,
        0.999936,
        0.999936
      ],
      [
        -0.004672000000000004,
        -0.02188800000000002,
        -0.021856000000000018,
        0.999936,
        0.999936
      ]
    ],
    [
      [
        0.9996,
        0.6441199999999999,
        0.45692,
        0.05044000000000002,
        0.05044000000000002
      ],
      [
        0.6441199999999999,
        0.991164,
        0.5589240000000001,
        0.050068000000000015,
        0.050068000000000015
      ],
      [
        0.45692,
        0.5589240000000001,
        0.997084,
        0.02118800000000002,
        0.02118800000000002
      ],
      [
        0.05044000000000002,
        0.050068000000000015,
        0.02118800000000002,
        0.999516,
        0.999516
      ],
      [
        0.05044000000000002,
        0.050068000000000015,
        0.02118800000000002,
        0.999516,
        0.999516
      ]
    ],
    [
      [
        0.999936,
        0.688608,
        0.6045440000000001,
        0.04611200000000004,
        0.04614400000000004
      ],
      [
        0.688608,
        0.994224,
        0.6228319999999999,
        0.02093599999999991,
        0.02063199999999991
      ],
      [
        0.6045440000000001,
        0.6228319999999999,
        0.995376,
        0.01704799999999999,
        0.01677599999999999
      ],
      [
        0.04611200000000004,
        0.02093599999999991,
        0.01704799999999999,
        0.999804,
        0.995748
      ],
      [
        0.04614400000000004,
        0.02063199999999991,
        0.01677599999999999,
        0.995748,
        0.999676
      ]
    ],
    [
      [
        0.9976959999999999,
        0.6478079999999999,
        0.61312,
        -0.0076479999999999465,
        -0.0076479999999999465
      ],
      [
        0.6478079999999999,
        0.999984,
        0.6317599999999999,
        0.027696000000000023,
        0.027696000000000023
      ],
      [
        0.61312,
        0.6317599999999999,
        0.9964,
        0.05544000000000007,
        0.05544000000000007
      ],
      [
        -0.0076479999999999465,
        0.027696000000000023,
        0.05544000000000007,
        0.994224,
        0.994224
      ],
      [
        -0.0076479999999999465,
        0.027696000000000023,
        0.05544000000000007,
        0.994224,
        0.994224
      ]
    ],
    [
      [
        0.999676,
        0.660036,
        0.60382,
        -0.017856000000000018,
        -0.017856000000000018
      ],
      [
        0.660036,
        0.999996,
        0.6400199999999999,
        0.03398400000000003,
        0.03398400000000003
      ],
      [
        0.60382,
        0.6400199999999999,
        0.9999,
        0.014080000000000013,
        0.014080000000000013
      ],
      [
        -0.017856000000000018,
        0.03398400000000003,
        0.014080000000000013,
        0.999936,
        0.999936
      ],
      [
        -0.017856000000000018,
        0.03398400000000003,
        0.014080000000000013,
        0.999936,
        0.999936
      ]
    ],
    [
      [
        0.999676,
        0.6435319999999999,
        0.67146,
        0.019388000000000016,
        0.019388000000000016
      ],
      [
        0.6435319999999999,
        0.999324,
        0.64322,
        0.05111600000000004,
        0.05111600000000004
      ],
      [
        0.67146,
        0.64322,
        0.9991,
        0.034980000000000025,
        0.034980000000000025
      ],
      [
        0.019388000000000016,
        0.05111600000000004,
        0.034980000000000025,
        0.9988440000000002,
        0.9988440000000002
      ],
      [
        0.019388000000000016,
        0.05111600000000004,
        0.034980000000000025,
        0.9988440000000002,
        0.9988440000000002
      ]
    ],
    [
      [
        0.998236,
        0.6314119999999999,
        0.6260679999999998,
        0.021663999999999992,
        0.021663999999999992
      ],
      [
        0.6314119999999999,
        0.999804,
        0.6353559999999999,
        0.03788800000000003,
        0.03788800000000003
      ],
      [
        0.6260679999999998,
        0.6353559999999999,
        0.997884,
        -0.0063680000000000065,
        -0.0063680000000000065
      ],
      [
        0.021663999999999992,
        0.03788800000000003,
        -0.0063680000000000065,
        0.999936,
        0.999936
      ],
      [
        0.021663999999999992,
        0.03788800000000003,
        -0.0063680000000000065,
        0.999936,
        0.999936
      ]
    ],
    [
      [
        0.999804,
        0.6094400000000001,
        0.679468,
        -0.029888000000000026,
        -0.029888000000000026
      ],
      [
        0.6094400000000001,
        0.9984,
        0.6444799999999999,
        -0.039680000000000035,
        -0.039680000000000035
      ],
      [
        0.679468,
        0.6444799999999999,
        0.998556,
        -0.0016960000000000033,
        -0.0016960000000000033
      ],
      [
        -0.029888000000000026,
        -0.039680000000000035,
        -0.0016960000000000033,
        0.999936,
        0.999936
      ],
      [
        -0.029888000000000026,
        -0.039680000000000035,
        -0.0016960000000000033,
        0.999936,
        0.999936
      ]
    ],
    [
      [
        0.999936,
        0.6559360000000001,
        0.691904,
        -0.012287999999999983,
        -0.012287999999999983
      ],
      [
        0.6559360000000001,
        0.999936,
        0.671904,
        -0.036288000000000036,
        -0.036288000000000036
      ],
      [
        0.691904,
        0.671904,
        0.999856,
        -0.00043200000000000074,
        -0.00043200000000000074
      ],
      [
        -0.012287999999999983,
        -0.036288000000000036,
        -0.00043200000000000074,
        0.998704,
        0.998704
      ],
      [
        -0.012287999999999983,
        -0.036288000000000036,
        -0.00043200000000000074,
        0.998704,
        0.998704
      ]
    ],
    [
      [
        0.999324,
        0.682804,
        0.6678440000000001,
        -0.030728,
        -0.034832
      ],
      [
        0.682804,
        0.997884,
        0.7197239999999999,
        -0.035288,
        -0.03947200000000001
      ],
      [
        0.6678440000000001,
        0.7197239999999999,
        0.999964,
        -0.010168000000000009,
        -0.014192000000000012
      ],
      [
        -0.030728,
        -0.035288,
        -0.010168000000000009,
        0.999216,
        0.995104
      ],
      [
        -0.034832,
        -0.03947200000000001,
        -0.014192000000000012,
        0.995104,
        0.998976
      ]
    ]
  ]
}