{
  "settings_list": [
    [
      0.43289663228693087,
      3.465383980824129,
      3.7452313063673612,
      2.1811717384513827,
      0.86092900807822,
      1.1123418208723288,
      3.2898845908067624,
      5.95002285547587,
      0.10120540025187975,
      6.211396206050037,
      2.6880265567231048,
      3.92536782028521,
      3.4279948534812124,
      1.173948772363407,
      4.816727430148962
    ],
    [
      0.4643357828533309,
      3.499688988011329,
      3.7502124276985613,
      2.216387510297783,
      0.81901017207182,
      1.1086349024723288,
      3.3204234078563624,
      5.91482852443587,
      0.10179137789667976,
      6.1833951541524375,
      2.4988722972863044,
      3.92303404121961,
      3.4013245806428123,
      0.9836654799730069,
      4.805814139947362
    ],
    [
      0.4839541226677309,
      3.537074550475329,
      3.7483112544121613,
      2.249655784672183,
      0.7934632834062201,
      1.1066813869075287,
      3.3511379218467625,
      5.88452805197507,
      0.11396820143587977,
      6.162524957448437,
      2.3653893137215043,
      3.91919696938601,
      3.3665503948572124,
      0.8703247345970069,
      4.799608217585762
    ],
    [
      0.512839175803731,
      3.583280317051329,
      3.7463340783641614,
      2.278793675686583,
      0.76452612372302,
      1.1071249139315287,
      3.3766141799651623,
      5.82812026126787,
      0.11545119374307972,
      6.1480695042036375,
      2.3270416760127044,
      3.91532929545641,
      3.344666357676412,
      0.8350897364754069,
      4.799483797169762
    ],
    [
      0.548727990955731,
      3.641166467963329,
      3.746185507676161,
      2.313543505238583,
      0.74007543618702,
      1.1084216952435286,
      3.4310003015971624,
      5.77647914305987,
      0.1057873460950797,
      6.1378839301076376,
      2.3048469930687046,
      3.9082593364484097,
      3.333348669900412,
      0.8188978017234069,
      4.807411133585762
    ],
    [
      0.6013881512949311,
      3.6967399424593292,
      3.745713248444161,
      2.329445104694583,
      0.72403721559822,
      1.1063617446579286,
      3.4708741850467626,
      5.72152000752707,
      0.10701655991267969,
      6.138789432174837,
      2.3158668258559048,
      3.9095840098436097,
      3.325282063225212,
      0.8195572761874068,
      4.8078207061105624
    ],
    [
      0.6531666946101311,
      3.7568585650577293,
      3.756294476021761,
      2.343309292406583,
      0.73221854556942,
      1.1120844907571286,
      3.5398259789923627,
      5.65439944301507,
      0.09730493334627971,
      6.122529494939637,
      2.3236533201919047,
      3.90972352651561,
      3.325608135225212,
      0.8135900419026068,
      4.8070814397937625
    ],
    [
      0.7062479632277311,
      3.826991302072129,
      3.753429872520961,
      2.342233846860983,
      0.74050012118862,
      1.1059635789587285,
      3.6075187888547626,
      5.5876496587366695,
      0.10707046504867973,
      6.102001827294837,
      2.323809465807905,
      3.90362472152681,
      3.311957173644412,
      0.8187787737874068,
      4.801308494612963
    ],
    [
      0.7560951462805311,
      3.891167011358529,
      3.754495703996161,
      2.3328195012353827,
      0.75342435235662,
      1.1087144464147285,
      3.6796663422883626,
      5.51649664881667,
      0.11705500833187975,
      6.109418141816437,
      2.329152092111905,
      3.90381025711721,
      3.315228975500412,
      0.8172954624274068,
      4.812241547796963
    ],
    [
      0.8098514466965312,
      3.964236340203329,
      3.760438649378561,
      2.3154154105089826,
      0.80141241901902,
      1.1104714332947285,
      3.7348904744099625,
      5.447449012925469,
      0.12156898767267978,
      6.107225777963636,
      2.318407798531105,
      3.9143999331236103,
      3.304442349401212,
      0.8044508093202068,
      4.802598712750563
    ],
    [
      0.8663635038933312,
      4.033172960078529,
      3.7671718254649607,
      2.3023002230753824,
      0.8578419095502201,
      1.1127385355091286,
      3.8160260096323624,
      5.38701879215427,
      0.10890930393827977,
      6.126387396498036,
      2.336136978191905,
      3.90454066163561,
      3.317794966249212,
      0.8031711581170069,
      4.814425059515363
    ],
    [
      0.9087979319637312,
      4.085805924366529,
      3.775547554725761,
      2.2730045317313823,
      0.9054608532110201,
      1.1209087838227287,
      3.8788129297731624,
      5.317298469703069,
      0.11072102702307973,
      6.0915264672660365,
      2.348839062524705,
      3.89945364098281,
      3.325066134457212,
      0.8187043364338069,
      4.811118999243363
    ],
    [
      0.9640478402037311,
      4.161997647588929,
      3.768546653836161,
      2.2409553343265824,
      0.9455877041134202,
      1.1018582540883288,
      3.9401161938563622,
      5.256780998192669,
      0.11078089924707969,
      6.103448531598836,
      2.359152859491105,
      3.90095866065641,
      3.283636003711612,
      0.8048468966034069,
      4.820741380228963
    ],
    [
      1.0106664283509312,
      4.201276375166529,
      3.780875882767361,
      2.2270862495553825,
      1.0125149147406203,
      1.1026907959955288,
      3.982764021552362,
      5.211916961287069,
      0.1165183614518797,
      6.088412280117236,
      2.3554968452511047,
      3.9030015608164104,
      3.292632956198012,
      0.7981126478706069,
      4.804618477230563
    ],
    [
      1.0293700173173312,
      4.237188157028929,
      3.780612225333761,
      2.2235753758913823,
      1.0637683623566203,
      1.1150295315091288,
      4.047082960368362,
      5.169225457837469,
      0.11492796705827964,
      6.072337825307636,
      2.342707535721505,
      3.9004144466532105,
      3.288829936806012,
      0.7739783223154069,
      4.8127170200145635
    ],
    [
      1.0509761630613312,
      4.242983517841729,
      3.795640016255361,
      2.1955036960673824,
      1.1160274050702204,
      1.1205706341907289,
      4.088696531872362,
      5.1400842855302695,
      0.11679833908387963,
      6.078477732210036,
      2.351749752185505,
      3.9008178630532107,
      3.301826727903612,
      0.7791190511570069,
      4.806911139841763
    ],
    [
      1.082201788149331,
      4.273746120888129,
      3.7863561686841614,
      2.1968664899425825,
      1.1247426976430204,
      1.1230894401107288,
      4.1077252221859615,
      5.100320938349469,
      0.10712504051107954,
      6.073476139333236,
      2.349950735023905,
      3.8954487342244106,
      3.3081512392316124,
      0.7954731167826069,
      4.811769240587363
    ],
    [
      1.115610668610131,
      4.313332099921729,
      3.7966817794745613,
      2.1655272098529825,
      1.1634449033614205,
      1.1264564120563287,
      4.144735982256361,
      5.07569878703107,
      0.11447402036387953,
      6.073882398168436,
      2.336568524524705,
      3.9101433568292108,
      3.3273450298812124,
      0.8136941664338069,
      4.802638413588963
    ],
    [
      1.137658996152531,
      4.3410212891665285,
      3.7747962983993615,
      2.1630114119169823,
      1.1721780286158205,
      1.1128852062035288,
      4.176664137680361,
      5.06286188615427,
      0.11837291278947948,
      6.090944992930036,
      2.315368048124705,
      3.9105081514052107,
      3.3247245539900123,
      0.8369639577362069,
      4.8012290926321635
    ],
    [
      1.147947843800531,
      4.4051234332305285,
      3.7427049509113615,
      2.1497616051009825,
      1.1957014424878205,
      1.1159769869715288,
      4.178108009872361,
      5.04342540125827,
      0.12177268475747943,
      6.093433721762036,
      2.309325285612705,
      3.9191525213092104,
      3.3160878491100125,
      0.8347874888562069,
      4.787499866056163
    ],
    [
      1.175078523128531,
      4.407368099035328,
      3.7331187426425614,
      2.1404715155649825,
      1.2525111346926205,
      1.1171726791475287,
      4.17657091656996,
      5.00812822064067,
      0.1204084482774794,
      6.116016906389236,
      2.289947052678305,
      3.9123036596292105,
      3.3166747531388125,
      0.8321797174322069,
      4.794285209732963
    ]
  ],
  "cost_vals": [],
  "step_size": 0.1,
  "opt_step_times": [
    0.15019488334655762,
    0.1583390235900879,
    0.16303706169128418,
    0.17365193367004395,
    0.15946722030639648,
    0.16643881797790527,
    0.16402220726013184,
    0.22828102111816406,
    0.16284513473510742,
    0.1646718978881836,
    0.20734596252441406,
    0.17287588119506836,
    0.168503999710083,
    0.17799711227416992,
    0.20238780975341797,
    0.179124116897583,
    0.17038583755493164,
    0.18603014945983887,
    0.1718897819519043,
    0.16939902305603027
  ],
  "opt_settings": [
    1.175078523128531,
    4.407368099035328,
    3.7331187426425614,
    2.1404715155649825,
    1.2525111346926205,
    1.1171726791475287,
    4.17657091656996,
    5.00812822064067,
    0.1204084482774794,
    6.116016906389236,
    2.289947052678305,
    3.9123036596292105,
    3.3166747531388125,
    0.8321797174322069,
    4.794285209732963
  ],
  "min_cost": null,
  "datetime": "2023-05-30T16-38-37Z",
  "step_only": true,
  "ibm_device": "default.qubit",
  "shots": 1000,
  "prep_node_name": "W_state_2-qubit_ghz_state",
  "num_qubits": 5,
  "error": false,
  "cov_mats": [
    [
      [
        0.957564,
        -0.4469,
        -0.25121599999999994,
        0.003287999999999947,
        0.0025840000000000134
      ],
      [
        -0.4469,
        0.9775,
        -0.36040000000000005,
        -0.06579999999999994,
        -0.05139999999999995
      ],
      [
        -0.25121599999999994,
        -0.36040000000000005,
        0.887104,
        0.034527999999999975,
        0.043904
      ],
      [
        0.003287999999999947,
        -0.06579999999999994,
        0.034527999999999975,
        0.997296,
        0.754128
      ],
      [
        0.0025840000000000134,
        -0.05139999999999995,
        0.043904,
        0.754128,
        0.998704
      ]
    ],
    [
      [
        0.923824,
        -0.47429600000000005,
        -0.20059200000000005,
        0.02407200000000002,
        0.037520000000000005
      ],
      [
        -0.47429600000000005,
        0.978684,
        -0.416632,
        -0.028788000000000025,
        -0.02308000000000002
      ],
      [
        -0.20059200000000005,
        -0.416632,
        0.914736,
        0.008424000000000008,
        -0.018160000000000016
      ],
      [
        0.02407200000000002,
        -0.028788000000000025,
        0.008424000000000008,
        0.999516,
        0.93356
      ],
      [
        0.037520000000000005,
        -0.02308000000000002,
        -0.018160000000000016,
        0.93356,
        0.9996
      ]
    ],
    [
      [
        0.9533440000000001,
        -0.503584,
        -0.21836800000000006,
        0.02147199999999997,
        0.02390399999999997
      ],
      [
        -0.503584,
        0.969724,
        -0.38385199999999997,
        -0.03809200000000003,
        -0.04374400000000003
      ],
      [
        -0.21836800000000006,
        -0.38385199999999997,
        0.911196,
        0.03471599999999994,
        0.03731199999999994
      ],
      [
        0.02147199999999997,
        -0.03809200000000003,
        0.03471599999999994,
        0.996636,
        0.990752
      ],
      [
        0.02390399999999997,
        -0.04374400000000003,
        0.03731199999999994,
        0.990752,
        0.996864
      ]
    ],
    [
      [
        0.935484,
        -0.5220360000000001,
        -0.12978800000000001,
        0.018476000000000017,
        0.018476000000000017
      ],
      [
        -0.5220360000000001,
        0.982044,
        -0.443148,
        0.03519600000000003,
        0.03519600000000003
      ],
      [
        -0.12978800000000001,
        -0.443148,
        0.896316,
        -0.025932000000000024,
        -0.025932000000000024
      ],
      [
        0.018476000000000017,
        0.03519600000000003,
        -0.025932000000000024,
        0.999964,
        0.999964
      ],
      [
        0.018476000000000017,
        0.03519600000000003,
        -0.025932000000000024,
        0.999964,
        0.999964
      ]
    ],
    [
      [
        0.928176,
        -0.555168,
        -0.06889600000000001,
        0.04468000000000004,
        0.04468000000000004
      ],
      [
        -0.555168,
        0.969024,
        -0.4998719999999999,
        -0.06824000000000004,
        -0.06824000000000004
      ],
      [
        -0.06889600000000001,
        -0.4998719999999999,
        0.926016,
        0.06872,
        0.06872
      ],
      [
        0.04468000000000004,
        -0.06824000000000004,
        0.06872,
        0.9999,
        0.9999
      ],
      [
        0.04468000000000004,
        -0.06824000000000004,
        0.06872,
        0.9999,
        0.9999
      ]
    ],
    [
      [
        0.948924,
        -0.583844,
        0.049568000000000015,
        0.04871200000000004,
        0.04871200000000004
      ],
      [
        -0.583844,
        0.962364,
        -0.5350079999999999,
        -0.059672000000000024,
        -0.059672000000000024
      ],
      [
        0.049568000000000015,
        -0.5350079999999999,
        0.946176,
        0.026784000000000023,
        0.026784000000000023
      ],
      [
        0.04871200000000004,
        -0.059672000000000024,
        0.026784000000000023,
        0.999856,
        0.999856
      ],
      [
        0.04871200000000004,
        -0.059672000000000024,
        0.026784000000000023,
        0.999856,
        0.999856
      ]
    ],
    [
      [
        0.923824,
        -0.545536,
        0.07437599999999998,
        0.0018640000000000037,
        0.0018640000000000037
      ],
      [
        -0.545536,
        0.981504,
        -0.5352640000000001,
        -0.008095999999999924,
        -0.008095999999999924
      ],
      [
        0.07437599999999998,
        -0.5352640000000001,
        0.924924,
        0.03983600000000001,
        0.03983600000000001
      ],
      [
        0.0018640000000000037,
        -0.008095999999999924,
        0.03983600000000001,
        0.999804,
        0.999804
      ],
      [
        0.0018640000000000037,
        -0.008095999999999924,
        0.03983600000000001,
        0.999804,
        0.999804
      ]
    ],
    [
      [
        0.9815039999999999,
        -0.5909120000000001,
        0.21888000000000002,
        0.038368000000000006,
        0.038368000000000006
      ],
      [
        -0.5909120000000001,
        0.941436,
        -0.56914,
        -0.024903999999999968,
        -0.024903999999999968
      ],
      [
        0.21888000000000002,
        -0.56914,
        0.9711,
        0.007960000000000035,
        0.007960000000000035
      ],
      [
        0.038368000000000006,
        -0.024903999999999968,
        0.007960000000000035,
        0.999856,
        0.999856
      ],
      [
        0.038368000000000006,
        -0.024903999999999968,
        0.007960000000000035,
        0.999856,
        0.999856
      ]
    ],
    [
      [
        0.9815039999999999,
        -0.616288,
        0.308704,
        -0.06783999999999998,
        -0.06783999999999998
      ],
      [
        -0.616288,
        0.956736,
        -0.576688,
        0.05647999999999998,
        0.05647999999999998
      ],
      [
        0.308704,
        -0.576688,
        0.965404,
        -0.04684,
        -0.04684
      ],
      [
        -0.06783999999999998,
        0.05647999999999998,
        -0.04684,
        0.9964,
        0.9964
      ],
      [
        -0.06783999999999998,
        0.05647999999999998,
        -0.04684,
        0.9964,
        0.9964
      ]
    ],
    [
      [
        0.9639,
        -0.6297600000000001,
        0.3861199999999999,
        0.028740000000000012,
        0.028740000000000012
      ],
      [
        -0.6297600000000001,
        0.989184,
        -0.5822080000000001,
        -0.005216000000000039,
        -0.005216000000000039
      ],
      [
        0.3861199999999999,
        -0.5822080000000001,
        0.936496,
        -0.030407999999999925,
        -0.030407999999999925
      ],
      [
        0.028740000000000012,
        -0.005216000000000039,
        -0.030407999999999925,
        0.997884,
        0.997884
      ],
      [
        0.028740000000000012,
        -0.005216000000000039,
        -0.030407999999999925,
        0.997884,
        0.997884
      ]
    ],
    [
      [
        0.9804,
        -0.63104,
        0.47008000000000005,
        0.037039999999999955,
        0.037039999999999955
      ],
      [
        -0.63104,
        0.981504,
        -0.657408,
        -0.007104000000000084,
        -0.007104000000000084
      ],
      [
        0.47008000000000005,
        -0.657408,
        0.983616,
        -0.007392000000000056,
        -0.007392000000000056
      ],
      [
        0.037039999999999955,
        -0.007104000000000084,
        -0.007392000000000056,
        0.998704,
        0.998704
      ],
      [
        0.037039999999999955,
        -0.007104000000000084,
        -0.007392000000000056,
        0.998704,
        0.998704
      ]
    ],
    [
      [
        0.978096,
        -0.5790160000000001,
        0.47824000000000005,
        0.015264000000000041,
        0.015264000000000041
      ],
      [
        -0.5790160000000001,
        0.979836,
        -0.60704,
        -0.010544000000000008,
        -0.010544000000000008
      ],
      [
        0.47824000000000005,
        -0.60704,
        0.9856,
        -0.019840000000000017,
        -0.019840000000000017
      ],
      [
        0.015264000000000041,
        -0.010544000000000008,
        -0.019840000000000017,
        0.998976,
        0.998976
      ],
      [
        0.015264000000000041,
        -0.010544000000000008,
        -0.019840000000000017,
        0.998976,
        0.998976
      ]
    ],
    [
      [
        0.9932759999999999,
        -0.6296760000000001,
        0.562652,
        0.05367199999999996,
        0.05367199999999996
      ],
      [
        -0.6296760000000001,
        0.986076,
        -0.6214520000000001,
        -0.002472000000000058,
        -0.002472000000000058
      ],
      [
        0.562652,
        -0.6214520000000001,
        0.987004,
        0.01354399999999993,
        0.01354399999999993
      ],
      [
        0.05367199999999996,
        -0.002472000000000058,
        0.01354399999999993,
        0.999984,
        0.999984
      ],
      [
        0.05367199999999996,
        -0.002472000000000058,
        0.01354399999999993,
        0.999984,
        0.999984
      ]
    ],
    [
      [
        0.9919,
        -0.6328,
        0.5907800000000001,
        -0.012540000000000006,
        -0.012540000000000006
      ],
      [
        -0.6328,
        0.9856,
        -0.6649599999999999,
        0.013280000000000017,
        0.013280000000000017
      ],
      [
        0.5907800000000001,
        -0.6649599999999999,
        0.996636,
        -0.004348000000000001,
        -0.004348000000000001
      ],
      [
        -0.012540000000000006,
        0.013280000000000017,
        -0.004348000000000001,
        0.999964,
        0.999964
      ],
      [
        -0.012540000000000006,
        0.013280000000000017,
        -0.004348000000000001,
        0.999964,
        0.999964
      ]
    ],
    [
      [
        0.998064,
        -0.6515440000000001,
        0.5811600000000001,
        -0.012680000000000012,
        -0.012680000000000012
      ],
      [
        -0.6515440000000001,
        0.984124,
        -0.64986,
        0.01978000000000002,
        0.01978000000000002
      ],
      [
        0.5811600000000001,
        -0.64986,
        0.9879,
        -0.0047000000000000045,
        -0.0047000000000000045
      ],
      [
        -0.012680000000000012,
        0.01978000000000002,
        -0.0047000000000000045,
        0.9991,
        0.9991
      ],
      [
        -0.012680000000000012,
        0.01978000000000002,
        -0.0047000000000000045,
        0.9991,
        0.9991
      ]
    ],
    [
      [
        0.998556,
        -0.665952,
        0.611112,
        -0.015063999999999982,
        -0.015063999999999982
      ],
      [
        -0.665952,
        0.989184,
        -0.6719040000000001,
        0.04108800000000005,
        0.04108800000000005
      ],
      [
        0.611112,
        -0.6719040000000001,
        0.994224,
        -0.042128,
        -0.042128
      ],
      [
        -0.015063999999999982,
        0.04108800000000005,
        -0.042128,
        0.999216,
        0.999216
      ],
      [
        -0.015063999999999982,
        0.04108800000000005,
        -0.042128,
        0.999216,
        0.999216
      ]
    ],
    [
      [
        0.999324,
        -0.6578479999999999,
        0.591012,
        0.011219999999999985,
        0.013271999999999987
      ],
      [
        -0.6578479999999999,
        0.978096,
        -0.647624,
        -0.01843999999999997,
        -0.020143999999999974
      ],
      [
        0.591012,
        -0.647624,
        0.998556,
        -0.013139999999999978,
        -0.01506399999999998
      ],
      [
        0.011219999999999985,
        -0.01843999999999997,
        -0.013139999999999978,
        0.9991,
        0.9971600000000002
      ],
      [
        0.013271999999999987,
        -0.020143999999999974,
        -0.01506399999999998,
        0.9971600000000002,
        0.999216
      ]
    ],
    [
      [
        0.997084,
        -0.662104,
        0.658164,
        0.037455999999999996,
        0.037455999999999996
      ],
      [
        -0.662104,
        0.994224,
        -0.644584,
        -0.02713600000000006,
        -0.02713600000000006
      ],
      [
        0.658164,
        -0.644584,
        0.998844,
        0.02017599999999999,
        0.02017599999999999
      ],
      [
        0.037455999999999996,
        -0.02713600000000006,
        0.02017599999999999,
        0.995904,
        0.995904
      ],
      [
        0.037455999999999996,
        -0.02713600000000006,
        0.02017599999999999,
        0.995904,
        0.995904
      ]
    ],
    [
      [
        0.9951,
        -0.66834,
        0.6508200000000001,
        -0.06562000000000001,
        -0.06562000000000001
      ],
      [
        -0.66834,
        0.996156,
        -0.6685880000000001,
        0.10610800000000004,
        0.10610800000000004
      ],
      [
        0.6508200000000001,
        -0.6685880000000001,
        0.994524,
        -0.08548400000000006,
        -0.08548400000000006
      ],
      [
        -0.06562000000000001,
        0.10610800000000004,
        -0.08548400000000006,
        0.998844,
        0.998844
      ],
      [
        -0.06562000000000001,
        0.10610800000000004,
        -0.08548400000000006,
        0.998844,
        0.998844
      ]
    ],
    [
      [
        0.999324,
        -0.655872,
        0.626492,
        0.032884,
        0.032884
      ],
      [
        -0.655872,
        0.994816,
        -0.642176,
        -0.02755200000000003,
        -0.02755200000000003
      ],
      [
        0.626492,
        -0.642176,
        0.996636,
        0.005971999999999998,
        0.005971999999999998
      ],
      [
        0.032884,
        -0.02755200000000003,
        0.005971999999999998,
        0.998844,
        0.998844
      ],
      [
        0.032884,
        -0.02755200000000003,
        0.005971999999999998,
        0.998844,
        0.998844
      ]
    ],
    [
      [
        0.998704,
        -0.688088,
        0.685408,
        0.03870400000000004,
        0.03663200000000003
      ],
      [
        -0.688088,
        0.996636,
        -0.706176,
        -0.028088000000000023,
        -0.02620400000000002
      ],
      [
        0.685408,
        -0.706176,
        0.994816,
        0.02940800000000003,
        0.027264000000000028
      ],
      [
        0.03870400000000004,
        -0.028088000000000023,
        0.02940800000000003,
        0.998704,
        0.996632
      ],
      [
        0.03663200000000003,
        -0.02620400000000002,
        0.027264000000000028,
        0.996632,
        0.998556
      ]
    ]
  ]
}