{
  "settings_list": [
    [
      5.058795934470393,
      1.6286751207365107,
      3.884751693484091,
      2.2745391646734547,
      5.300945732306462,
      3.7150507378887907,
      3.0170109602682365,
      1.5187003331292215,
      4.714609766426493,
      6.211873533787379,
      4.9985160292009265,
      2.7278208537140047,
      0.022562258175740518,
      4.15864238808626,
      0.3045231187268829
    ],
    [
      5.054041678646393,
      1.5507375124005107,
      3.877678931484091,
      2.260097121713455,
      5.103845341698462,
      3.7160621923527906,
      3.0119851009562364,
      1.5113781339132215,
      4.709559458250493,
      6.212648913499379,
      4.814356133744926,
      2.733290292834005,
      0.03370066619174046,
      4.344787179206261,
      0.31903148480688287
    ],
    [
      5.049723875686393,
      1.5106154833829106,
      3.876906407055291,
      2.258930164615855,
      4.968338100012062,
      3.7327658212615904,
      3.0312534358202363,
      1.5109767461916215,
      4.726578195165693,
      6.204345109057779,
      4.645260226432926,
      2.7403101242420047,
      0.031557817391740406,
      4.510461913196661,
      0.3294366674884829
    ],
    [
      5.067804202700793,
      1.4799999318949106,
      3.8749177034840914,
      2.235128630295855,
      4.8720049950488615,
      3.72800509415759,
      3.032956002213836,
      1.5529586741532215,
      4.716455235629693,
      6.221759062958578,
      4.594313935536926,
      2.7393672754996046,
      0.022761406610940383,
      4.555793637433461,
      0.3467461952932829
    ],
    [
      5.058032622089593,
      1.4862390375461105,
      3.8748138166264914,
      2.229850112481455,
      4.822754462527262,
      3.7108670425607904,
      3.032812355724236,
      1.5325873466012214,
      4.711381638048893,
      6.208667036235378,
      4.594240757165726,
      2.7286173880020046,
      0.010134242060540293,
      4.558954722508661,
      0.3673823866948829
    ],
    [
      5.049607494393593,
      1.5033918348293105,
      3.865772496824891,
      2.214622772910255,
      4.798045226511261,
      3.7004430344615904,
      3.039022543714636,
      1.5296407492284214,
      4.708051183527293,
      6.208950234200178,
      4.575219979588126,
      2.7254981633748048,
      0.010416594086140256,
      4.575950964387061,
      0.37200206902448285
    ],
    [
      5.042268016937593,
      1.5208622421893105,
      3.859484723032891,
      2.213400027646255,
      4.787234502831262,
      3.7067031430695905,
      3.033799995682636,
      1.5502846012284215,
      4.7131494620392935,
      6.221616256072178,
      4.574462931396126,
      2.731808751566805,
      0.016064907894140296,
      4.58310603454706,
      0.3799349400804829
    ],
    [
      5.057271457961592,
      1.5414210734725105,
      3.8779556278648912,
      2.205810440599855,
      4.779659673928862,
      3.7187880272167906,
      3.023485447817036,
      1.5455911930748214,
      4.721663559933694,
      6.218233370132977,
      4.573024034244126,
      2.7468533547284046,
      0.0013651225757402383,
      4.56570022967026,
      0.3896403429348829
    ],
    [
      5.075555825731192,
      1.5301159908741104,
      3.8909205814136913,
      2.199839037847855,
      4.775774788296862,
      3.7269566664231903,
      3.038437176713036,
      1.5815414586236214,
      4.732091071562493,
      6.225367572244977,
      4.564740294877726,
      2.7556787118356048,
      0.005876138870140216,
      4.57307574449906,
      0.39404900569328294
    ],
    [
      5.067775740483192,
      1.5301789156101104,
      3.8779966437496913,
      2.209638453079855,
      4.762897989320861,
      3.7337453792231905,
      3.037340388713036,
      1.5737966782076214,
      4.735662931594494,
      6.238749415860977,
      4.560810124157726,
      2.767925140891605,
      0.0062482146141403,
      4.55723544705906,
      0.3929302882532829
    ],
    [
      5.070268475049592,
      1.5333558226213104,
      3.889933271852091,
      2.184521885870255,
      4.7678185397880615,
      3.7264044299527903,
      3.059495298111436,
      1.5800645375132214,
      4.728710159924094,
      6.245084579598577,
      4.563561476820126,
      2.771970467058005,
      0.0034305132669402473,
      4.55595358711986,
      0.39767531431088293
    ],
    [
      5.091576303721592,
      1.5111033680293104,
      3.8987912519480914,
      2.176050589294255,
      4.757636191244061,
      3.7385656502407905,
      3.066970132799436,
      1.5779983058332214,
      4.734905796404094,
      6.263838900110577,
      4.565821542484126,
      2.7824006609140053,
      -0.0058423808130597665,
      4.53806882916786,
      0.4088101140548829
    ],
    [
      5.092105051785592,
      1.5154976048549105,
      3.9002070984632913,
      2.161480656321455,
      4.755383491660061,
      3.7445435717703903,
      3.055883496082636,
      1.6018585530908214,
      4.724704490157694,
      6.273403914491377,
      4.524347916180126,
      2.7806986043700053,
      -0.0032590168962597366,
      4.55886873913906,
      0.4170693708100829
    ],
    [
      5.120915549849592,
      1.5365879143557104,
      3.9018352075864913,
      2.168250647809455,
      4.754574171794461,
      3.74972474782479,
      3.047159212361036,
      1.5898295647132212,
      4.707736422701694,
      6.2594291584145765,
      4.516250178570526,
      2.779021175320405,
      0.014135122988540246,
      4.54692586936946,
      0.4292472817124829
    ],
    [
      5.1224727161215915,
      1.5153274133637105,
      3.9053879694424913,
      2.159689007681455,
      4.747791897874461,
      3.75661867294479,
      3.054056408649036,
      1.5660329170332212,
      4.716296260205694,
      6.2513251349905765,
      4.551237731018526,
      2.792966698136405,
      0.030685740844540267,
      4.5309905771454595,
      0.42575228184048286
    ],
    [
      5.118033847487991,
      1.5436915748741105,
      3.9097147775576913,
      2.1455624668302553,
      4.7314323753784615,
      3.76593401757199,
      3.066345030498636,
      1.5642517683740211,
      4.721242345671294,
      6.252381076673776,
      4.554497053348126,
      2.793499745701205,
      0.044793266924540234,
      4.545081964959859,
      0.4062791160292828
    ],
    [
      5.109743044799991,
      1.5529148543493105,
      3.8998714441112914,
      2.1591879900430553,
      4.744188958412061,
      3.7702569755751902,
      3.066294720425036,
      1.566308233103621,
      4.701313174157694,
      6.254861831496177,
      4.560995883159326,
      2.790764776453205,
      0.03622828901094022,
      4.537059640863859,
      0.41267355130608285
    ],
    [
      5.105637402435192,
      1.5683582266277105,
      3.9016149799352915,
      2.1663113116590553,
      4.742623819474461,
      3.76415818312079,
      3.060405170809036,
      1.5683127339036211,
      4.728060974135294,
      6.255877010769777,
      4.551948597946526,
      2.801662088462805,
      0.027271493993340244,
      4.5300148938398594,
      0.40889031899248285
    ],
    [
      5.117163182275192,
      1.5696660799397104,
      3.8979946690232916,
      2.1612421608110552,
      4.732499730898461,
      3.77223631892879,
      3.062480170617036,
      1.5471211761436212,
      4.745475596599294,
      6.272570074449777,
      4.518986136250526,
      2.782807408526805,
      0.030031561321340272,
      4.53696963291186,
      0.3905748317604828
    ],
    [
      5.114906721555192,
      1.5755712064197105,
      3.9001422375512917,
      2.172285190539055,
      4.7421375424344605,
      3.77460083931279,
      3.0731446157530358,
      1.5556606840636213,
      4.750261050583294,
      6.272679215249777,
      4.547250405402527,
      2.773202077902805,
      0.03741405908134026,
      4.504329000383859,
      0.39525779710448283
    ],
    [
      5.124536953801592,
      1.5672301325989104,
      3.898277851964092,
      2.1708866918350553,
      4.72338924346806,
      3.7753959621735897,
      3.059067196645836,
      1.5548125730844213,
      4.768333595840894,
      6.295947157627377,
      4.551378036842527,
      2.744652543733205,
      0.014351009554940217,
      4.535175588687859,
      0.4241206970436828
    ]
  ],
  "cost_vals": [],
  "step_size": 0.1,
  "opt_step_times": [
    0.16738200187683105,
    0.15491700172424316,
    0.15377187728881836,
    0.15439915657043457,
    0.15339112281799316,
    0.15436315536499023,
    0.15596604347229004,
    0.2252957820892334,
    0.15784597396850586,
    0.15718388557434082,
    0.17049121856689453,
    0.15769505500793457,
    0.16447806358337402,
    0.16489291191101074,
    0.16304802894592285,
    0.17000699043273926,
    0.16692399978637695,
    0.17082810401916504,
    0.16736292839050293,
    0.16489672660827637
  ],
  "opt_settings": [
    5.124536953801592,
    1.5672301325989104,
    3.898277851964092,
    2.1708866918350553,
    4.72338924346806,
    3.7753959621735897,
    3.059067196645836,
    1.5548125730844213,
    4.768333595840894,
    6.295947157627377,
    4.551378036842527,
    2.744652543733205,
    0.014351009554940217,
    4.535175588687859,
    0.4241206970436828
  ],
  "min_cost": null,
  "datetime": "2023-05-30T16-42-08Z",
  "step_only": true,
  "ibm_device": "default.qubit",
  "shots": 1000,
  "prep_node_name": "W_state_2-qubit_ghz_state",
  "num_qubits": 5,
  "error": false,
  "cov_mats": [
    [
      [
        0.999324,
        -0.5022559999999999,
        0.6661039999999999,
        -0.02189600000000002,
        -0.040156000000000004
      ],
      [
        -0.5022559999999999,
        0.9792639999999999,
        -0.520576,
        0.007423999999999943,
        0.022863999999999957
      ],
      [
        0.6661039999999999,
        -0.520576,
        0.999984,
        -0.012016000000000011,
        -0.013976000000000068
      ],
      [
        -0.02189600000000002,
        0.007423999999999943,
        -0.012016000000000011,
        0.9999840000000002,
        0.718024
      ],
      [
        -0.040156000000000004,
        0.022863999999999957,
        -0.013976000000000068,
        0.718024,
        0.999964
      ]
    ],
    [
      [
        0.9996,
        -0.6206399999999999,
        0.66288,
        0.014039999999999983,
        -0.005959999999999977
      ],
      [
        -0.6206399999999999,
        0.998976,
        -0.625792,
        0.014063999999999983,
        0.014063999999999986
      ],
      [
        0.66288,
        -0.625792,
        0.996864,
        0.006112000000000003,
        -0.0018879999999999984
      ],
      [
        0.014039999999999983,
        0.014063999999999983,
        0.006112000000000003,
        0.999996,
        0.923996
      ],
      [
        -0.005959999999999977,
        0.014063999999999986,
        -0.0018879999999999984,
        0.923996,
        0.999996
      ]
    ],
    [
      [
        0.999856,
        -0.677928,
        0.632624,
        -0.0002880000000000005,
        0.005784000000000033
      ],
      [
        -0.677928,
        0.999964,
        -0.674312,
        -0.021856000000000046,
        -0.027892000000000052
      ],
      [
        0.632624,
        -0.674312,
        0.997296,
        0.025248000000000024,
        0.03093600000000003
      ],
      [
        -0.0002880000000000005,
        -0.021856000000000046,
        0.025248000000000024,
        0.999424,
        0.993568
      ],
      [
        0.005784000000000033,
        -0.027892000000000052,
        0.03093600000000003,
        0.993568,
        0.999676
      ]
    ],
    [
      [
        0.993916,
        -0.6637599999999999,
        0.674908,
        0.030055999999999992,
        0.03189999999999999
      ],
      [
        -0.6637599999999999,
        0.9935999999999999,
        -0.6808799999999999,
        -0.03615999999999999,
        -0.03399999999999999
      ],
      [
        0.674908,
        -0.6808799999999999,
        0.999804,
        0.04272800000000001,
        0.04070000000000001
      ],
      [
        0.030055999999999992,
        -0.03615999999999999,
        0.04272800000000001,
        0.997296,
        0.9954000000000001
      ],
      [
        0.03189999999999999,
        -0.03399999999999999,
        0.04070000000000001,
        0.9954000000000001,
        0.9975
      ]
    ],
    [
      [
        0.998556,
        -0.6824039999999999,
        0.664076,
        -0.02924,
        -0.031316000000000004
      ],
      [
        -0.6824039999999999,
        0.998236,
        -0.672084,
        -0.010840000000000008,
        -0.008756000000000007
      ],
      [
        0.664076,
        -0.672084,
        0.999996,
        0.009960000000000009,
        0.011964000000000011
      ],
      [
        -0.02924,
        -0.010840000000000008,
        0.009960000000000009,
        0.9996,
        0.99764
      ],
      [
        -0.031316000000000004,
        -0.008756000000000007,
        0.011964000000000011,
        0.99764,
        0.999676
      ]
    ],
    [
      [
        0.999964,
        -0.6697599999999999,
        0.6797719999999999,
        -0.0034360000000000584,
        -0.0034360000000000584
      ],
      [
        -0.6697599999999999,
        0.9984,
        -0.69648,
        -0.03775999999999998,
        -0.03775999999999998
      ],
      [
        0.6797719999999999,
        -0.69648,
        0.998556,
        0.023571999999999996,
        0.023571999999999996
      ],
      [
        -0.0034360000000000584,
        -0.03775999999999998,
        0.023571999999999996,
        0.991164,
        0.991164
      ],
      [
        -0.0034360000000000584,
        -0.03775999999999998,
        0.023571999999999996,
        0.991164,
        0.991164
      ]
    ],
    [
      [
        0.999324,
        -0.643948,
        0.6392479999999999,
        0.062908,
        0.062908
      ],
      [
        -0.643948,
        0.999996,
        -0.6580959999999999,
        -0.051916000000000045,
        -0.051916000000000045
      ],
      [
        0.6392479999999999,
        -0.6580959999999999,
        0.997696,
        0.04001600000000001,
        0.04001600000000001
      ],
      [
        0.062908,
        -0.051916000000000045,
        0.04001600000000001,
        0.998236,
        0.998236
      ],
      [
        0.062908,
        -0.051916000000000045,
        0.04001600000000001,
        0.998236,
        0.998236
      ]
    ],
    [
      [
        1.0,
        -0.6659999999999999,
        0.6699999999999999,
        -0.017999999999999988,
        -0.017999999999999988
      ],
      [
        -0.6659999999999999,
        0.9999,
        -0.6680200000000001,
        0.015740000000000042,
        0.015740000000000042
      ],
      [
        0.6699999999999999,
        -0.6680200000000001,
        0.999996,
        -5.200000000002918e-05,
        -5.200000000002918e-05
      ],
      [
        -0.017999999999999988,
        0.015740000000000042,
        -5.200000000002918e-05,
        0.999324,
        0.999324
      ],
      [
        -0.017999999999999988,
        0.015740000000000042,
        -5.200000000002918e-05,
        0.999324,
        0.999324
      ]
    ],
    [
      [
        0.999964,
        -0.692036,
        0.6860240000000001,
        0.0023119999999999465,
        0.0023119999999999465
      ],
      [
        -0.692036,
        0.999964,
        -0.669976,
        -0.005687999999999978,
        -0.005687999999999978
      ],
      [
        0.6860240000000001,
        -0.669976,
        0.999984,
        0.011792000000000007,
        0.011792000000000007
      ],
      [
        0.0023119999999999465,
        -0.005687999999999978,
        0.011792000000000007,
        0.997296,
        0.997296
      ],
      [
        0.0023119999999999465,
        -0.005687999999999978,
        0.011792000000000007,
        0.997296,
        0.997296
      ]
    ],
    [
      [
        0.999324,
        -0.649064,
        0.681896,
        -0.014311999999999955,
        -0.014311999999999955
      ],
      [
        -0.649064,
        0.998704,
        -0.6838559999999999,
        -0.023568000000000023,
        -0.023568000000000023
      ],
      [
        0.681896,
        -0.6838559999999999,
        0.999984,
        -4.800000000000053e-05,
        -4.800000000000053e-05
      ],
      [
        -0.014311999999999955,
        -0.023568000000000023,
        -4.800000000000053e-05,
        0.999856,
        0.999856
      ],
      [
        -0.014311999999999955,
        -0.023568000000000023,
        -4.800000000000053e-05,
        0.999856,
        0.999856
      ]
    ],
    [
      [
        0.998236,
        -0.6514119999999999,
        0.6189079999999999,
        0.01191599999999998,
        0.01191599999999998
      ],
      [
        -0.6514119999999999,
        0.999804,
        -0.6356359999999999,
        -0.027972000000000052,
        -0.027972000000000052
      ],
      [
        0.6189079999999999,
        -0.6356359999999999,
        0.999324,
        0.051948000000000015,
        0.051948000000000015
      ],
      [
        0.01191599999999998,
        -0.027972000000000052,
        0.051948000000000015,
        0.9999960000000002,
        0.9999960000000002
      ],
      [
        0.01191599999999998,
        -0.027972000000000052,
        0.051948000000000015,
        0.9999960000000002,
        0.9999960000000002
      ]
    ],
    [
      [
        0.999424,
        -0.672576,
        0.6481919999999999,
        0.025184000000000022,
        0.025184000000000022
      ],
      [
        -0.672576,
        0.999424,
        -0.6678080000000001,
        0.013184000000000012,
        0.013184000000000012
      ],
      [
        0.6481919999999999,
        -0.6678080000000001,
        0.999936,
        0.006272000000000005,
        0.006272000000000005
      ],
      [
        0.025184000000000022,
        0.013184000000000012,
        0.006272000000000005,
        0.998844,
        0.998844
      ],
      [
        0.025184000000000022,
        0.013184000000000012,
        0.006272000000000005,
        0.998844,
        0.998844
      ]
    ],
    [
      [
        0.9964,
        -0.63548,
        0.6662799999999999,
        -0.008959999999999975,
        -0.008959999999999975
      ],
      [
        -0.63548,
        0.998236,
        -0.6573959999999999,
        -0.025328000000000055,
        -0.025328000000000055
      ],
      [
        0.6662799999999999,
        -0.6573959999999999,
        0.996156,
        -0.0029919999999999686,
        -0.0029919999999999686
      ],
      [
        -0.008959999999999975,
        -0.025328000000000055,
        -0.0029919999999999686,
        0.999744,
        0.999744
      ],
      [
        -0.008959999999999975,
        -0.025328000000000055,
        -0.0029919999999999686,
        0.999744,
        0.999744
      ]
    ],
    [
      [
        0.999676,
        -0.646216,
        0.68382,
        0.009352000000000037,
        0.009352000000000037
      ],
      [
        -0.646216,
        0.999856,
        -0.6541199999999999,
        -0.004432000000000004,
        -0.004432000000000004
      ],
      [
        0.68382,
        -0.6541199999999999,
        0.9999,
        0.02163999999999999,
        0.02163999999999999
      ],
      [
        0.009352000000000037,
        -0.004432000000000004,
        0.02163999999999999,
        0.998704,
        0.998704
      ],
      [
        0.009352000000000037,
        -0.004432000000000004,
        0.02163999999999999,
        0.998704,
        0.998704
      ]
    ],
    [
      [
        0.997696,
        -0.6698879999999999,
        0.6998080000000001,
        -0.002864000000000056,
        -0.002864000000000056
      ],
      [
        -0.6698879999999999,
        0.998064,
        -0.6838240000000001,
        0.014792000000000066,
        0.014792000000000066
      ],
      [
        0.6998080000000001,
        -0.6838240000000001,
        0.999984,
        -0.05007199999999999,
        -0.05007199999999999
      ],
      [
        -0.002864000000000056,
        0.014792000000000066,
        -0.05007199999999999,
        0.999676,
        0.999676
      ],
      [
        -0.002864000000000056,
        0.014792000000000066,
        -0.05007199999999999,
        0.999676,
        0.999676
      ]
    ],
    [
      [
        0.999516,
        -0.667692,
        0.6435159999999999,
        0.028659999999999998,
        0.030704
      ],
      [
        -0.667692,
        0.999804,
        -0.659692,
        -0.03642000000000003,
        -0.03844800000000003
      ],
      [
        0.6435159999999999,
        -0.659692,
        0.999516,
        0.016660000000000015,
        0.01870400000000002
      ],
      [
        0.028659999999999998,
        -0.03642000000000003,
        0.016660000000000015,
        0.9991,
        0.99704
      ],
      [
        0.030704,
        -0.03844800000000003,
        0.01870400000000002,
        0.99704,
        0.998976
      ]
    ],
    [
      [
        0.9991,
        -0.6971600000000001,
        0.6946199999999999,
        -0.037020000000000025,
        -0.037020000000000025
      ],
      [
        -0.6971600000000001,
        0.999216,
        -0.720712,
        0.022951999999999993,
        0.022951999999999993
      ],
      [
        0.6946199999999999,
        -0.720712,
        0.997884,
        -0.013564000000000067,
        -0.013564000000000067
      ],
      [
        -0.037020000000000025,
        0.022951999999999993,
        -0.013564000000000067,
        0.998844,
        0.998844
      ],
      [
        -0.037020000000000025,
        0.022951999999999993,
        -0.013564000000000067,
        0.998844,
        0.998844
      ]
    ],
    [
      [
        0.999744,
        -0.662032,
        0.640128,
        0.003744000000000003,
        0.003744000000000003
      ],
      [
        -0.662032,
        0.999996,
        -0.6619839999999999,
        -0.022032000000000048,
        -0.022032000000000048
      ],
      [
        0.640128,
        -0.6619839999999999,
        0.999936,
        0.01212800000000004,
        0.01212800000000004
      ],
      [
        0.003744000000000003,
        -0.022032000000000048,
        0.01212800000000004,
        0.999744,
        0.999744
      ],
      [
        0.003744000000000003,
        -0.022032000000000048,
        0.01212800000000004,
        0.999744,
        0.999744
      ]
    ],
    [
      [
        0.999936,
        -0.6558399999999999,
        0.6581119999999999,
        0.03603200000000003,
        0.03603200000000003
      ],
      [
        -0.6558399999999999,
        0.9996,
        -0.6462799999999999,
        -0.008080000000000006,
        -0.008080000000000006
      ],
      [
        0.6581119999999999,
        -0.6462799999999999,
        0.999804,
        0.0019440000000000021,
        0.0019440000000000021
      ],
      [
        0.03603200000000003,
        -0.008080000000000006,
        0.0019440000000000021,
        0.999984,
        0.999984
      ],
      [
        0.03603200000000003,
        -0.008080000000000006,
        0.0019440000000000021,
        0.999984,
        0.999984
      ]
    ],
    [
      [
        0.999216,
        -0.6843359999999999,
        0.6378320000000002,
        0.04078400000000001,
        0.04272800000000001
      ],
      [
        -0.6843359999999999,
        0.999856,
        -0.6780719999999999,
        -0.05166399999999997,
        -0.053687999999999965
      ],
      [
        0.6378320000000002,
        -0.6780719999999999,
        0.999964,
        0.018167999999999986,
        0.016155999999999986
      ],
      [
        0.04078400000000001,
        -0.05166399999999997,
        0.018167999999999986,
        0.999216,
        0.9972720000000002
      ],
      [
        0.04272800000000001,
        -0.053687999999999965,
        0.016155999999999986,
        0.9972720000000002,
        0.999324
      ]
    ],
    [
      [
        0.999324,
        -0.6642319999999999,
        0.644752,
        -0.002520000000000029,
        -0.002520000000000029
      ],
      [
        -0.6642319999999999,
        0.995376,
        -0.6727359999999999,
        0.017360000000000014,
        0.017360000000000014
      ],
      [
        0.644752,
        -0.6727359999999999,
        0.997696,
        -0.004960000000000003,
        -0.004960000000000003
      ],
      [
        -0.002520000000000029,
        0.017360000000000014,
        -0.004960000000000003,
        0.9996,
        0.9996
      ],
      [
        -0.002520000000000029,
        0.017360000000000014,
        -0.004960000000000003,
        0.9996,
        0.9996
      ]
    ]
  ]
}