{
  "settings_list": [
    [
      1.3168088268449767,
      4.232963898925783,
      4.039785029351745,
      0.5708571926504546,
      5.9007556678147655,
      3.5770066820256226,
      3.6146839740694148,
      1.9664835536695064,
      5.874609555956019,
      5.321714931354867,
      5.588739649174012,
      0.3323218286317066,
      6.2448787226747156,
      6.261365654714724,
      4.12564148370904
    ],
    [
      1.3347090365217766,
      4.302840221754583,
      4.049934697198145,
      0.5641839678696546,
      5.815768492902765,
      3.5771075062496225,
      3.624826099599015,
      1.9400963544695065,
      5.881161075860019,
      5.4356611231756675,
      5.647494884905212,
      0.3386069484845066,
      6.366188847186716,
      6.1529252305803235,
      4.12263941195224
    ],
    [
      1.3430812634209766,
      4.375371349012183,
      4.054165176654145,
      0.5299779270120546,
      5.676099143117165,
      3.5782113960288227,
      3.6389206679254147,
      1.8852387601847065,
      5.872808166080819,
      5.582698744948468,
      5.743872111798012,
      0.3312988804205066,
      6.533848549445915,
      5.999496317197924,
      4.1311438124322395
    ],
    [
      1.3468878023713766,
      4.428073339837783,
      4.051814227892545,
      0.5141983517800546,
      5.541596863776365,
      3.5844572879328225,
      3.6342110286102147,
      1.8457754322359066,
      5.860974831876019,
      5.707698934270068,
      5.8113129030556125,
      0.34618467721730656,
      6.6576485864219155,
      5.895544891485923,
      4.121803261337839
    ],
    [
      1.3423759250913767,
      4.505481456317783,
      4.046394893492545,
      0.49126877762005455,
      5.388922661696365,
      3.5950868342528226,
      3.6298996690902148,
      1.7995915464759065,
      5.870370165076019,
      5.768094756030068,
      5.838873616415612,
      0.33917457985730654,
      6.728640102581916,
      5.856563261965923,
      4.131818771497839
    ],
    [
      1.3239136231937767,
      4.584300863082583,
      4.0455031395149454,
      0.4601060544072545,
      5.200494693485165,
      3.5942772892192227,
      3.6104795945878148,
      1.7626953622039063,
      5.860564890724019,
      5.798971807031668,
      5.849956194658812,
      0.33151973381250655,
      6.742940716965916,
      5.848266443786724,
      4.133544641673839
    ],
    [
      1.3210768676257767,
      4.643438792330583,
      4.044736984442945,
      0.44848232740565447,
      5.051824502297965,
      3.5914010731200228,
      3.616584694005415,
      1.7277304253239063,
      5.859521273444019,
      5.812586620398068,
      5.829939911826813,
      0.3271880289549065,
      6.744177782425116,
      5.8619306868779235,
      4.1321364884290395
    ],
    [
      1.3381687206305768,
      4.670614642621783,
      4.035548869498945,
      0.4710485682760545,
      4.939939667993965,
      3.583759870227223,
      3.5979256546710148,
      1.6810138507063062,
      5.87373926205202,
      5.796715502778867,
      5.821374093151612,
      0.34018686988930646,
      6.758923215103517,
      5.821618917789923,
      4.120871372064239
    ],
    [
      1.3420465530209766,
      4.690488274855383,
      4.0385105682253455,
      0.4791747604648545,
      4.879152807817965,
      3.571743656697623,
      3.597071355519015,
      1.6278781701943061,
      5.871997119466419,
      5.815738169703668,
      5.806955449986813,
      0.3361217827629065,
      6.768095494057117,
      5.829084265293923,
      4.124605023286639
    ],
    [
      1.3455043582561765,
      4.714332825652183,
      4.054311935892546,
      0.47124928856725445,
      4.815173248137965,
      3.573123581088023,
      3.5913283740918147,
      1.6169056745271062,
      5.870292231568819,
      5.816358177882868,
      5.814957218230012,
      0.33683035370690645,
      6.7723252544667165,
      5.826028716570723,
      4.13008669574744
    ],
    [
      1.3304764615201765,
      4.7322595637801825,
      4.045603595332546,
      0.4529539998312544,
      4.797450784809965,
      3.573078952944023,
      3.6090764028278146,
      1.594890128191106,
      5.8453239202248195,
      5.790124803434868,
      5.818201091446013,
      0.3187224457869065,
      6.786849518050716,
      5.840744180506722,
      4.13877401897944
    ],
    [
      1.3345525873281765,
      4.731272604810583,
      4.041190454215745,
      0.4444525185160544,
      4.760803694269165,
      3.567868222688023,
      3.6030714807254145,
      1.600727477426306,
      5.84289697802962,
      5.790431806478067,
      5.8106785128188125,
      0.3210036194477065,
      6.801307117055516,
      5.7931182480523224,
      4.13066943049624
    ],
    [
      1.3357028095617764,
      4.730751926180183,
      4.046306785031746,
      0.43393486387605434,
      4.743388594627565,
      3.577226011516823,
      3.6039005988182145,
      1.587700128088706,
      5.84928610189842,
      5.794676885463668,
      5.7999879720892125,
      0.3101830541837064,
      6.779821196444316,
      5.808544318151522,
      4.13314802422104
    ],
    [
      1.3374971276097765,
      4.721320083380183,
      4.0624232441677455,
      0.42928488246805435,
      4.719930305859565,
      3.565566967452823,
      3.6102996933302145,
      1.593746526232706,
      5.8771083265224195,
      5.795665017527668,
      5.796129471321213,
      0.3128159819117064,
      6.789917207932316,
      5.801593248599523,
      4.12484977108504
    ],
    [
      1.3414686307649766,
      4.722644915674583,
      4.062203956231746,
      0.43358777291285433,
      4.706395842217965,
      3.570685678044823,
      3.6160862639926146,
      1.610372735794306,
      5.881025988909619,
      5.803636612702068,
      5.7940019299580126,
      0.3225329087725064,
      6.762389428489116,
      5.803027199997922,
      4.1217743220354395
    ],
    [
      1.3392729852289766,
      4.7099173768617835,
      4.0550297286605455,
      0.4236441510984543,
      4.711337913081965,
      3.574113450048023,
      3.6140904209366145,
      1.588564527064706,
      5.875226113168819,
      5.808828841540468,
      5.813805454678013,
      0.31924521561090635,
      6.748538368777116,
      5.798636781265122,
      4.134026827590639
    ],
    [
      1.3238035405953767,
      4.697010558621783,
      4.062455383591746,
      0.4144585636712543,
      4.721368275344365,
      3.580673879942423,
      3.6155265332822144,
      1.590433542463106,
      5.874626591178419,
      5.819801117812467,
      5.8066869747964125,
      0.3138688837901063,
      6.742280098137116,
      5.808968055207522,
      4.134223223779439
    ],
    [
      1.3313792172417767,
      4.687420367901783,
      4.074593085258946,
      0.4381670049448542,
      4.736322534889965,
      3.579944445100823,
      3.6132867582294144,
      1.584098775899906,
      5.86409081700562,
      5.838840738657267,
      5.812055121062013,
      0.3123132835949063,
      6.7883328107611165,
      5.814539108436322,
      4.108851635721839
    ],
    [
      1.3380856927073765,
      4.679163931072983,
      4.067918156302146,
      0.43662298766805424,
      4.720280797824365,
      3.5831575767616233,
      3.6092574227510146,
      1.567219219544706,
      5.85937922595922,
      5.779701915620467,
      5.823466363897213,
      0.3028164970989063,
      6.761413731897116,
      5.813485297556322,
      4.112540314342639
    ],
    [
      1.3346693556577764,
      4.680464806234583,
      4.063361559156546,
      0.43031750261205415,
      4.741488420941164,
      3.5826050497600233,
      3.6108751718966148,
      1.5767581078391062,
      5.85212859305042,
      5.7838627983084665,
      5.816469601631613,
      0.29656316062530624,
      6.770931409413916,
      5.816941163924322,
      4.099872570957039
    ],
    [
      1.3339905122593765,
      4.6656344744585825,
      4.0549416319949465,
      0.4321706028296541,
      4.726952977209964,
      3.5888843550144234,
      3.607406722143015,
      1.5675070309623063,
      5.84425376941522,
      5.793217951511666,
      5.817742867468413,
      0.29155083318210623,
      6.760323864101916,
      5.831548305601122,
      4.08573133104024
    ]
  ],
  "cost_vals": [],
  "step_size": 0.1,
  "opt_step_times": [
    0.1603379249572754,
    0.15852808952331543,
    0.17413687705993652,
    0.22787213325500488,
    0.1875619888305664,
    0.17516469955444336,
    0.17940211296081543,
    0.2397167682647705,
    0.16333603858947754,
    0.16497373580932617,
    0.15740299224853516,
    0.1651010513305664,
    0.1595749855041504,
    0.16184401512145996,
    0.17072582244873047,
    0.16530990600585938,
    0.16319799423217773,
    0.16330814361572266,
    0.1677091121673584,
    0.16855907440185547
  ],
  "opt_settings": [
    1.3339905122593765,
    4.6656344744585825,
    4.0549416319949465,
    0.4321706028296541,
    4.726952977209964,
    3.5888843550144234,
    3.607406722143015,
    1.5675070309623063,
    5.84425376941522,
    5.793217951511666,
    5.817742867468413,
    0.29155083318210623,
    6.760323864101916,
    5.831548305601122,
    4.08573133104024
  ],
  "min_cost": null,
  "datetime": "2023-05-30T16-37-30Z",
  "step_only": true,
  "ibm_device": "default.qubit",
  "shots": 1000,
  "prep_node_name": "W_state_2-qubit_ghz_state",
  "num_qubits": 5,
  "error": false,
  "cov_mats": [
    [
      [
        0.999324,
        0.149592,
        -0.5859719999999999,
        -0.05142799999999996,
        -0.0005720000000000829
      ],
      [
        0.149592,
        0.914736,
        -0.336776,
        -0.05642399999999986,
        0.00842399999999999
      ],
      [
        -0.5859719999999999,
        -0.336776,
        0.9939159999999999,
        0.04628400000000005,
        -0.002284000000000035
      ],
      [
        -0.05142799999999996,
        -0.05642399999999986,
        0.04628400000000005,
        0.999516,
        0.42848400000000003
      ],
      [
        -0.0005720000000000829,
        0.00842399999999999,
        -0.002284000000000035,
        0.42848400000000003,
        0.999516
      ]
    ],
    [
      [
        0.9999639999999999,
        0.2071759999999999,
        -0.5473399999999998,
        -0.06396400000000009,
        -0.010096000000000008
      ],
      [
        0.2071759999999999,
        0.961584,
        -0.36755999999999983,
        -0.05117600000000002,
        -0.08486399999999998
      ],
      [
        -0.5473399999999998,
        -0.36755999999999983,
        0.9878999999999998,
        0.06734000000000001,
        0.06776
      ],
      [
        -0.06396400000000009,
        -0.05117600000000002,
        0.06734000000000001,
        0.999964,
        0.6460960000000001
      ],
      [
        -0.010096000000000008,
        -0.08486399999999998,
        0.06776,
        0.6460960000000001,
        0.999744
      ]
    ],
    [
      [
        0.997696,
        0.203888,
        -0.556128,
        0.04761600000000001,
        0.027615999999999995
      ],
      [
        0.203888,
        0.957564,
        -0.379784,
        0.03964800000000001,
        0.023647999999999992
      ],
      [
        -0.556128,
        -0.379784,
        0.973104,
        -0.02668799999999994,
        0.001312000000000058
      ],
      [
        0.04761600000000001,
        0.03964800000000001,
        -0.02668799999999994,
        0.999936,
        0.895936
      ],
      [
        0.027615999999999995,
        0.023647999999999992,
        0.001312000000000058,
        0.895936,
        0.999936
      ]
    ],
    [
      [
        0.999216,
        0.44251200000000007,
        -0.6435120000000001,
        0.016824000000000044,
        0.016936000000000073
      ],
      [
        0.44251200000000007,
        0.961584,
        -0.5525840000000001,
        0.02176799999999999,
        0.014551999999999994
      ],
      [
        -0.6435120000000001,
        -0.5525840000000001,
        0.997084,
        -0.030268,
        -0.026051999999999995
      ],
      [
        0.016824000000000044,
        0.02176799999999999,
        -0.030268,
        0.9982360000000002,
        0.966404
      ],
      [
        0.016936000000000073,
        0.014551999999999994,
        -0.026051999999999995,
        0.966404,
        0.998556
      ]
    ],
    [
      [
        0.9974999999999999,
        0.5228,
        -0.6699999999999999,
        -0.02600000000000005,
        -0.02620000000000005
      ],
      [
        0.5228,
        0.969024,
        -0.54608,
        -0.027999999999999997,
        -0.027295999999999997
      ],
      [
        -0.6699999999999999,
        -0.54608,
        0.9936,
        0.024000000000000077,
        0.020320000000000074
      ],
      [
        -0.02600000000000005,
        -0.027999999999999997,
        0.024000000000000077,
        1.0,
        0.996
      ],
      [
        -0.02620000000000005,
        -0.027295999999999997,
        0.020320000000000074,
        0.996,
        0.999984
      ]
    ],
    [
      [
        0.9959039999999999,
        0.569808,
        -0.64552,
        0.008512000000000035,
        0.008512000000000035
      ],
      [
        0.569808,
        0.9851159999999999,
        -0.59254,
        -0.010975999999999982,
        -0.010975999999999982
      ],
      [
        -0.64552,
        -0.59254,
        0.9950999999999999,
        0.013440000000000013,
        0.013440000000000013
      ],
      [
        0.008512000000000035,
        -0.010975999999999982,
        0.013440000000000013,
        0.999936,
        0.999936
      ],
      [
        0.008512000000000035,
        -0.010975999999999982,
        0.013440000000000013,
        0.999936,
        0.999936
      ]
    ],
    [
      [
        0.996156,
        0.631444,
        -0.6304960000000002,
        0.013504000000000006,
        0.013504000000000006
      ],
      [
        0.631444,
        0.9809559999999999,
        -0.623104,
        0.004896000000000017,
        0.004896000000000017
      ],
      [
        -0.6304960000000002,
        -0.623104,
        0.999936,
        -0.048064000000000016,
        -0.048064000000000016
      ],
      [
        0.013504000000000006,
        0.004896000000000017,
        -0.048064000000000016,
        0.999936,
        0.999936
      ],
      [
        0.013504000000000006,
        0.004896000000000017,
        -0.048064000000000016,
        0.999936,
        0.999936
      ]
    ],
    [
      [
        0.999804,
        0.643344,
        -0.6773839999999999,
        -0.006336000000000008,
        -0.006336000000000008
      ],
      [
        0.643344,
        0.990784,
        -0.648224,
        0.014304000000000013,
        0.014304000000000013
      ],
      [
        -0.6773839999999999,
        -0.648224,
        0.998064,
        -0.01894399999999999,
        -0.01894399999999999
      ],
      [
        -0.006336000000000008,
        0.014304000000000013,
        -0.01894399999999999,
        0.999424,
        0.999424
      ],
      [
        -0.006336000000000008,
        0.014304000000000013,
        -0.01894399999999999,
        0.999424,
        0.999424
      ]
    ],
    [
      [
        0.999676,
        0.6536199999999999,
        -0.6859999999999999,
        0.011079999999999979,
        0.011079999999999979
      ],
      [
        0.6536199999999999,
        0.9919,
        -0.6419999999999999,
        0.04859999999999999,
        0.04859999999999999
      ],
      [
        -0.6859999999999999,
        -0.6419999999999999,
        1.0,
        -0.04000000000000001,
        -0.04000000000000001
      ],
      [
        0.011079999999999979,
        0.04859999999999999,
        -0.04000000000000001,
        0.9964,
        0.9964
      ],
      [
        0.011079999999999979,
        0.04859999999999999,
        -0.04000000000000001,
        0.9964,
        0.9964
      ]
    ],
    [
      [
        0.9998039999999999,
        0.658112,
        -0.67344,
        0.023007999999999983,
        0.023007999999999983
      ],
      [
        0.658112,
        0.999936,
        -0.6923199999999999,
        0.011423999999999958,
        0.011423999999999958
      ],
      [
        -0.67344,
        -0.6923199999999999,
        0.9984,
        -0.010879999999999926,
        -0.010879999999999926
      ],
      [
        0.023007999999999983,
        0.011423999999999958,
        -0.010879999999999926,
        0.994816,
        0.994816
      ],
      [
        0.023007999999999983,
        0.011423999999999958,
        -0.010879999999999926,
        0.994816,
        0.994816
      ]
    ],
    [
      [
        0.999216,
        0.699256,
        -0.652488,
        0.03656,
        0.03656
      ],
      [
        0.699256,
        0.9903959999999999,
        -0.646708,
        0.02396000000000004,
        0.02396000000000004
      ],
      [
        -0.652488,
        -0.646708,
        0.997084,
        -0.0070799999999999735,
        -0.0070799999999999735
      ],
      [
        0.03656,
        0.02396000000000004,
        -0.0070799999999999735,
        0.9996,
        0.9996
      ],
      [
        0.03656,
        0.02396000000000004,
        -0.0070799999999999735,
        0.9996,
        0.9996
      ]
    ],
    [
      [
        0.999744,
        0.6557439999999999,
        -0.64432,
        -0.04577600000000001,
        -0.04577600000000001
      ],
      [
        0.6557439999999999,
        0.999744,
        -0.6603199999999999,
        -0.025776000000000052,
        -0.025776000000000052
      ],
      [
        -0.64432,
        -0.6603199999999999,
        0.9996,
        0.018280000000000015,
        0.018280000000000015
      ],
      [
        -0.04577600000000001,
        -0.025776000000000052,
        0.018280000000000015,
        0.999804,
        0.999804
      ],
      [
        -0.04577600000000001,
        -0.025776000000000052,
        0.018280000000000015,
        0.999804,
        0.999804
      ]
    ],
    [
      [
        0.999216,
        0.6530079999999999,
        -0.6787279999999999,
        0.009047999999999983,
        0.011103999999999984
      ],
      [
        0.6530079999999999,
        0.998704,
        -0.661064,
        0.015223999999999982,
        0.017151999999999983
      ],
      [
        -0.6787279999999999,
        -0.661064,
        0.999324,
        -0.024883999999999993,
        -0.026831999999999995
      ],
      [
        0.009047999999999983,
        0.015223999999999982,
        -0.024883999999999993,
        0.998844,
        0.9969120000000001
      ],
      [
        0.011103999999999984,
        0.017151999999999983,
        -0.026831999999999995,
        0.9969120000000001,
        0.998976
      ]
    ],
    [
      [
        0.999676,
        0.690432,
        -0.6875319999999999,
        0.00025199999999999946,
        0.00025199999999999946
      ],
      [
        0.690432,
        0.999424,
        -0.6906239999999999,
        -0.01433600000000001,
        -0.01433600000000001
      ],
      [
        -0.6875319999999999,
        -0.6906239999999999,
        0.999324,
        -0.01236400000000001,
        -0.01236400000000001
      ],
      [
        0.00025199999999999946,
        -0.01433600000000001,
        -0.01236400000000001,
        0.999804,
        0.999804
      ],
      [
        0.00025199999999999946,
        -0.01433600000000001,
        -0.01236400000000001,
        0.999804,
        0.999804
      ]
    ],
    [
      [
        0.9936,
        0.7132,
        -0.6607999999999999,
        0.031680000000000035,
        0.031680000000000035
      ],
      [
        0.7132,
        0.9999,
        -0.6896,
        0.03396000000000003,
        0.03396000000000003
      ],
      [
        -0.6607999999999999,
        -0.6896,
        0.9984,
        -0.011839999999999956,
        -0.011839999999999956
      ],
      [
        0.031680000000000035,
        0.03396000000000003,
        -0.011839999999999956,
        0.999984,
        0.999984
      ],
      [
        0.031680000000000035,
        0.03396000000000003,
        -0.011839999999999956,
        0.999984,
        0.999984
      ]
    ],
    [
      [
        0.997884,
        0.689632,
        -0.70016,
        -0.06064399999999997,
        -0.06064399999999997
      ],
      [
        0.689632,
        0.999936,
        -0.69168,
        -0.05811199999999997,
        -0.05811199999999997
      ],
      [
        -0.70016,
        -0.69168,
        0.9984,
        0.05055999999999999,
        0.05055999999999999
      ],
      [
        -0.06064399999999997,
        -0.05811199999999997,
        0.05055999999999999,
        0.999804,
        0.999804
      ],
      [
        -0.06064399999999997,
        -0.05811199999999997,
        0.05055999999999999,
        0.999804,
        0.999804
      ]
    ],
    [
      [
        0.999744,
        0.67016,
        -0.6345440000000001,
        -0.03739200000000001,
        -0.03739200000000001
      ],
      [
        0.67016,
        0.9999,
        -0.6756599999999999,
        -0.03238,
        -0.03238
      ],
      [
        -0.6345440000000001,
        -0.6756599999999999,
        0.998844,
        0.04129200000000001,
        0.04129200000000001
      ],
      [
        -0.03739200000000001,
        -0.03238,
        0.04129200000000001,
        0.998556,
        0.998556
      ],
      [
        -0.03739200000000001,
        -0.03238,
        0.04129200000000001,
        0.998556,
        0.998556
      ]
    ],
    [
      [
        0.999996,
        0.686024,
        -0.682008,
        0.01001600000000001,
        0.01202000000000001
      ],
      [
        0.686024,
        0.999856,
        -0.667952,
        -0.032096000000000055,
        -0.030120000000000053
      ],
      [
        -0.682008,
        -0.667952,
        0.999984,
        0.008032000000000006,
        0.0060400000000000054
      ],
      [
        0.01001600000000001,
        -0.032096000000000055,
        0.008032000000000006,
        0.999936,
        0.99792
      ],
      [
        0.01202000000000001,
        -0.030120000000000053,
        0.0060400000000000054,
        0.99792,
        0.9999
      ]
    ],
    [
      [
        0.9961559999999999,
        0.675908,
        -0.63166,
        -0.021008000000000023,
        -0.021008000000000023
      ],
      [
        0.675908,
        0.995644,
        -0.6433800000000001,
        -0.004944000000000008,
        -0.004944000000000008
      ],
      [
        -0.63166,
        -0.6433800000000001,
        0.9951,
        0.004880000000000035,
        0.004880000000000035
      ],
      [
        -0.021008000000000023,
        -0.004944000000000008,
        0.004880000000000035,
        0.999744,
        0.999744
      ],
      [
        -0.021008000000000023,
        -0.004944000000000008,
        0.004880000000000035,
        0.999744,
        0.999744
      ]
    ],
    [
      [
        0.998844,
        0.6351159999999999,
        -0.6926119999999999,
        -0.045047999999999984,
        -0.045047999999999984
      ],
      [
        0.6351159999999999,
        0.999324,
        -0.6804680000000001,
        -0.01727199999999999,
        -0.01727199999999999
      ],
      [
        -0.6926119999999999,
        -0.6804680000000001,
        0.999676,
        0.07050400000000001,
        0.07050400000000001
      ],
      [
        -0.045047999999999984,
        -0.01727199999999999,
        0.07050400000000001,
        0.999216,
        0.999216
      ],
      [
        -0.045047999999999984,
        -0.01727199999999999,
        0.07050400000000001,
        0.999216,
        0.999216
      ]
    ],
    [
      [
        0.999936,
        0.6418240000000001,
        -0.659712,
        -0.02220800000000002,
        -0.02422400000000002
      ],
      [
        0.6418240000000001,
        0.999516,
        -0.6932079999999999,
        -0.028572000000000024,
        -0.030616000000000025
      ],
      [
        -0.659712,
        -0.6932079999999999,
        0.998704,
        0.006936000000000032,
        0.009008000000000035
      ],
      [
        -0.02220800000000002,
        -0.028572000000000024,
        0.006936000000000032,
        0.999324,
        0.997272
      ],
      [
        -0.02422400000000002,
        -0.030616000000000025,
        0.009008000000000035,
        0.997272,
        0.999216
      ]
    ]
  ]
}