{
  "settings_list": [
    [
      1.5089429950633686,
      1.2582156086363445,
      4.326223476821279,
      3.714707407179966,
      5.468363722358292,
      5.600288596613617,
      2.5852448077890804,
      1.1288924553019823,
      5.1313495120088035,
      1.9564243928729526,
      5.318136849294253,
      4.032971627150169,
      1.5533600454930583,
      2.572718609040099,
      4.085464141717074
    ],
    [
      1.5003513689065686,
      1.2494154394299446,
      4.323229488331679,
      3.756776213205566,
      5.316024634281493,
      5.599993376789617,
      2.5712654575138805,
      1.1692130229371824,
      5.121333154399204,
      1.9456722821561525,
      5.308643735726252,
      4.030627898423769,
      1.5596729678098582,
      2.550391374326499,
      4.089492056389074
    ],
    [
      1.4992136271465686,
      1.2663980637499446,
      4.343578952011678,
      3.808613930165566,
      5.202426282121492,
      5.5879972001496165,
      2.5588060171938802,
      1.2177133749371825,
      5.135205048479204,
      1.9326014661561524,
      5.320774437326253,
      4.025222414423769,
      1.5794720153298583,
      2.547413312086499,
      4.0848754675890735
    ],
    [
      1.5063933119465687,
      1.2886651787899446,
      4.335119447819678,
      3.827798578325566,
      5.096712598217493,
      5.595001900565617,
      2.5494933384418803,
      1.2400518335931825,
      5.150155451967204,
      1.9355516696121524,
      5.289971877454253,
      4.009457717207769,
      1.5749882256978582,
      2.526501085942499,
      4.079943291333073
    ],
    [
      1.4966147242473686,
      1.3190609010075447,
      4.325148406366878,
      3.846653707199166,
      5.037117121439892,
      5.595329099349617,
      2.51620113214748,
      1.2720352161787825,
      5.152438047058404,
      1.9582543275609523,
      5.254158872484653,
      4.001010840913369,
      1.5713503930482582,
      2.496828997843299,
      4.076225259025874
    ],
    [
      1.4932768782441685,
      1.3640848829499448,
      4.322980520437278,
      3.874630886674366,
      4.987194764972692,
      5.594630541711217,
      2.49568643979228,
      1.3230187931067825,
      5.136783036789605,
      1.9648544684217524,
      5.2251235836014525,
      4.011668406599769,
      1.597674819976258,
      2.4452647238784992,
      4.075048579131473
    ],
    [
      1.5005171200617686,
      1.3911751043643448,
      4.310065220315678,
      3.8635740681655664,
      4.932721909164692,
      5.597285946690417,
      2.49228001554908,
      1.3509526174651825,
      5.138543841167205,
      1.9727445332409523,
      5.123109372811053,
      4.014337543726169,
      1.616066200072258,
      2.356552017574499,
      4.078158587758673
    ],
    [
      1.5235555223657686,
      1.3927202508347447,
      4.330056056846878,
      3.8877530753463665,
      4.8994877085374915,
      5.588032968514417,
      2.49857530863068,
      1.3879673165243824,
      5.154232405544804,
      1.9850751697337523,
      4.979119196555052,
      4.014855047111769,
      1.647733036142658,
      2.2068114335360987,
      4.086851497633873
    ],
    [
      1.5167026212137686,
      1.4275354220475447,
      4.330864654069278,
      3.9130607670967663,
      4.890791468230291,
      5.601296449608817,
      2.47508052417628,
      1.4148174963579825,
      5.161295230466404,
      2.0137316589177523,
      4.793117449489452,
      4.02162395169417,
      1.640246578811458,
      2.0074523024640984,
      4.096571133889873
    ],
    [
      1.5248076192041686,
      1.4677766467963447,
      4.351857707419678,
      3.911158870322366,
      4.835841318963091,
      5.619416046440818,
      2.46451021072988,
      1.4261911597755825,
      5.159381976956004,
      2.0052732469561523,
      4.641001833419052,
      4.01536249862537,
      1.659811475784258,
      1.8220333745920985,
      4.109101431675473
    ],
    [
      1.5303444322089685,
      1.4842712621179448,
      4.360879751112479,
      3.897667522072766,
      4.8087535691582906,
      5.619705420277618,
      2.4416891278882797,
      1.4454382317243826,
      5.179213190824804,
      2.001182481100152,
      4.582821597662252,
      4.02718060022537,
      1.656337224961858,
      1.7479383113408984,
      4.112285007003473
    ],
    [
      1.5398327760809685,
      1.4901330387579448,
      4.360226081864479,
      3.8906479158007663,
      4.773767364742291,
      5.630975103925618,
      2.4463799750562796,
      1.5020001685563826,
      5.178622400872804,
      1.9922027900281523,
      4.573388026782252,
      4.02891465929737,
      1.643977990017858,
      1.7034938200128984,
      4.117339443547474
    ],
    [
      1.5450050522473686,
      1.5242644853307448,
      4.370419296136479,
      3.9030566825719664,
      4.797809634950291,
      5.618977247138417,
      2.4165896876962796,
      1.5147159947515827,
      5.155577056917604,
      1.9773985651065522,
      4.582486941687852,
      4.0305437973069695,
      1.6548052018386579,
      1.7101633506048983,
      4.104575327227474
    ],
    [
      1.5543992917929685,
      1.5131213998779447,
      4.366742087899679,
      3.889727503442366,
      4.781181562889491,
      5.629328951314418,
      2.3880673668450796,
      1.5154075804699827,
      5.143879657279204,
      1.9846862426457523,
      4.583559943758252,
      4.041672269214169,
      1.6444869907826578,
      1.7253381600736983,
      4.119380001352274
    ],
    [
      1.5487611575849685,
      1.5223684363579446,
      4.390450992453279,
      3.8864632844343663,
      4.765737253113491,
      5.635840086872817,
      2.39445507596508,
      1.5324678091611827,
      5.136329473170403,
      1.9808482072249523,
      4.598278600884652,
      4.03713920643337,
      1.6460419051698578,
      1.7280335605632984,
      4.119552375080274
    ],
    [
      1.5473619345417684,
      1.5134869154939445,
      4.377317040846879,
      3.8938284239415664,
      4.738675826163091,
      5.650099235215217,
      2.40460082468188,
      1.5289787210779828,
      5.1437096609688036,
      1.9830287209017523,
      4.584673877793452,
      4.03507807085897,
      1.6475855369554577,
      1.7230483858912984,
      4.130215535934674
    ],
    [
      1.5601157327497683,
      1.5255348401211446,
      4.3764596201332795,
      3.8937164825751664,
      4.729932096358291,
      5.639156448991217,
      2.39901720467548,
      1.5283317601179829,
      5.142551824402403,
      1.9754226037209521,
      4.572873253502252,
      4.03514717048457,
      1.6323063043250576,
      1.7093974508224983,
      4.154251066315474
    ],
    [
      1.5461551534921683,
      1.5216115719259447,
      4.390757476533279,
      3.8819846204311665,
      4.758008547369491,
      5.625803921781618,
      2.38431502542108,
      1.548414935554783,
      5.135928418408803,
      1.976950595407352,
      4.565965971195052,
      4.01515101926217,
      1.6306578916882577,
      1.7126264936160982,
      4.154802146673874
    ],
    [
      1.5480047539561683,
      1.5485177254907447,
      4.399366535768479,
      3.8827170736215666,
      4.720348018153492,
      5.630648767096818,
      2.38302553041948,
      1.5164637838043828,
      5.149098474460003,
      1.9755163201913521,
      4.546157868212652,
      4.01381232020617,
      1.6320176499122578,
      1.7190042387680982,
      4.173631342497874
    ],
    [
      1.5741873501417682,
      1.5289825719675447,
      4.394041807531679,
      3.8888965528855666,
      4.725914271580692,
      5.642115342834418,
      2.40169340129308,
      1.5161976622747828,
      5.145897379912803,
      1.9826382875321522,
      4.579404965505452,
      4.02756980903177,
      1.6407533635826579,
      1.718492762838498,
      4.187338258881874
    ],
    [
      1.5708853728489682,
      1.5279059085947448,
      4.376918271429279,
      3.8886598239511665,
      4.736327612278291,
      5.641435225714418,
      2.40403895088668,
      1.5242108993435828,
      5.158139466927203,
      1.9901610307001523,
      4.584556386100652,
      4.02796259833097,
      1.624719019928258,
      1.706604142473698,
      4.186066779278674
    ]
  ],
  "cost_vals": [],
  "step_size": 0.1,
  "opt_step_times": [
    0.13933801651000977,
    0.13133502006530762,
    0.13493084907531738,
    0.14896059036254883,
    0.14821982383728027,
    0.15124917030334473,
    0.14315223693847656,
    0.22293496131896973,
    0.15168404579162598,
    0.15233421325683594,
    0.14465999603271484,
    0.13725996017456055,
    0.13866686820983887,
    0.14205694198608398,
    0.1519789695739746,
    0.16637921333312988,
    0.15671300888061523,
    0.15222501754760742,
    0.15353107452392578,
    0.1518700122833252
  ],
  "opt_settings": [
    1.5708853728489682,
    1.5279059085947448,
    4.376918271429279,
    3.8886598239511665,
    4.736327612278291,
    5.641435225714418,
    2.40403895088668,
    1.5242108993435828,
    5.158139466927203,
    1.9901610307001523,
    4.584556386100652,
    4.02796259833097,
    1.624719019928258,
    1.706604142473698,
    4.186066779278674
  ],
  "min_cost": null,
  "datetime": "2023-05-30T16-36-26Z",
  "step_only": true,
  "ibm_device": "default.qubit",
  "shots": 1000,
  "prep_node_name": "W_state_2-qubit_ghz_state",
  "num_qubits": 5,
  "error": false,
  "cov_mats": [
    [
      [
        0.999936,
        -0.540416,
        0.6472000000000001,
        -0.019584000000000074,
        -0.028095999999999996
      ],
      [
        -0.540416,
        0.960796,
        -0.5777,
        -0.004295999999999987,
        -0.0036240000000000265
      ],
      [
        0.6472000000000001,
        -0.5777,
        0.9775,
        -0.021800000000000014,
        -0.00020000000000001657
      ],
      [
        -0.019584000000000074,
        -0.004295999999999987,
        -0.021800000000000014,
        0.997296,
        0.036624000000000025
      ],
      [
        -0.028095999999999996,
        -0.0036240000000000265,
        -0.00020000000000001657,
        0.036624000000000025,
        0.999856
      ]
    ],
    [
      [
        0.999964,
        -0.5909800000000001,
        0.6266720000000001,
        0.005808000000000007,
        -0.005928000000000006
      ],
      [
        -0.5909800000000001,
        0.9711000000000001,
        -0.58504,
        -0.02855999999999998,
        -0.02404000000000002
      ],
      [
        0.6266720000000001,
        -0.58504,
        0.987456,
        -0.00041600000000003483,
        0.026656000000000023
      ],
      [
        0.005808000000000007,
        -0.02855999999999998,
        -0.00041600000000003483,
        0.998976,
        -0.023616000000000022
      ],
      [
        -0.005928000000000006,
        -0.02404000000000002,
        0.026656000000000023,
        -0.023616000000000022,
        0.9998560000000002
      ]
    ],
    [
      [
        0.999516,
        -0.6247,
        0.6532760000000002,
        -0.04039600000000001,
        -0.04110000000000001
      ],
      [
        -0.6247,
        0.9775,
        -0.6367,
        0.03469999999999997,
        0.03950000000000005
      ],
      [
        0.6532760000000002,
        -0.6367,
        0.996636,
        -0.058955999999999974,
        -0.04910000000000002
      ],
      [
        -0.04039600000000001,
        0.03469999999999997,
        -0.058955999999999974,
        0.999676,
        -0.012899999999999981
      ],
      [
        -0.04110000000000001,
        0.03950000000000005,
        -0.04910000000000002,
        -0.012899999999999981,
        0.9975
      ]
    ],
    [
      [
        0.9999,
        -0.6306,
        0.6387000000000002,
        0.05820000000000005,
        -0.02564000000000005
      ],
      [
        -0.6306,
        0.9964,
        -0.6458,
        -0.06680000000000003,
        0.034159999999999996
      ],
      [
        0.6387000000000002,
        -0.6458,
        0.9831000000000001,
        0.06860000000000004,
        -0.02532000000000004
      ],
      [
        0.05820000000000005,
        -0.06680000000000003,
        0.06860000000000004,
        0.9996,
        -0.0887200000000001
      ],
      [
        -0.02564000000000005,
        0.034159999999999996,
        -0.02532000000000004,
        -0.0887200000000001,
        0.998704
      ]
    ],
    [
      [
        0.999856,
        -0.6349360000000001,
        0.653016,
        -0.01990400000000002,
        0.04973599999999993
      ],
      [
        -0.6349360000000001,
        0.993916,
        -0.6543959999999999,
        -0.00537599999999995,
        -0.01771599999999993
      ],
      [
        0.653016,
        -0.6543959999999999,
        0.993276,
        -0.021343999999999964,
        0.046196000000000015
      ],
      [
        -0.01990400000000002,
        -0.00537599999999995,
        -0.021343999999999964,
        0.999936,
        -0.08582399999999997
      ],
      [
        0.04973599999999993,
        -0.01771599999999993,
        0.046196000000000015,
        -0.08582399999999997,
        0.9995160000000002
      ]
    ],
    [
      [
        0.997296,
        -0.696048,
        0.6898720000000002,
        0.010935999999999979,
        0.05197600000000004
      ],
      [
        -0.696048,
        0.994224,
        -0.6987360000000001,
        0.04063200000000004,
        -0.0208879999999999
      ],
      [
        0.6898720000000002,
        -0.6987360000000001,
        0.9987040000000003,
        -0.06264800000000008,
        0.024632000000000025
      ],
      [
        0.010935999999999979,
        0.04063200000000004,
        -0.06264800000000008,
        0.999676,
        -0.18868400000000005
      ],
      [
        0.05197600000000004,
        -0.0208879999999999,
        0.024632000000000025,
        -0.18868400000000005,
        0.998556
      ]
    ],
    [
      [
        0.998556,
        -0.652128,
        0.637188,
        -0.03946800000000001,
        0.015063999999999956
      ],
      [
        -0.652128,
        0.996864,
        -0.6261439999999999,
        0.006784000000000006,
        0.013568000000000009
      ],
      [
        0.637188,
        -0.6261439999999999,
        0.994524,
        -0.0029640000000000595,
        -0.023928
      ],
      [
        -0.03946800000000001,
        0.006784000000000006,
        -0.0029640000000000595,
        0.999804,
        -0.40639200000000003
      ],
      [
        0.015063999999999956,
        0.013568000000000009,
        -0.023928,
        -0.40639200000000003,
        0.999216
      ]
    ],
    [
      [
        0.9999,
        -0.65946,
        0.6626000000000001,
        0.04952000000000004,
        -0.0021600000000000577
      ],
      [
        -0.65946,
        0.997084,
        -0.64924,
        -0.05940800000000003,
        0.006863999999999978
      ],
      [
        0.6626000000000001,
        -0.64924,
        0.9964,
        0.05888000000000005,
        0.012960000000000067
      ],
      [
        0.04952000000000004,
        -0.05940800000000003,
        0.05888000000000005,
        0.997696,
        -0.6247680000000001
      ],
      [
        -0.0021600000000000577,
        0.006863999999999978,
        0.012960000000000067,
        -0.6247680000000001,
        0.9997440000000002
      ]
    ],
    [
      [
        0.999216,
        -0.686096,
        0.663176,
        0.07043200000000004,
        -0.06381600000000004
      ],
      [
        -0.686096,
        0.995376,
        -0.7048559999999999,
        -0.03619200000000009,
        0.0366960000000001
      ],
      [
        0.663176,
        -0.7048559999999999,
        0.998236,
        0.040352000000000054,
        -0.04727599999999998
      ],
      [
        0.07043200000000004,
        -0.03619200000000009,
        0.040352000000000054,
        0.996864,
        -0.889632
      ],
      [
        -0.06381600000000004,
        0.0366960000000001,
        -0.04727599999999998,
        -0.889632,
        0.993916
      ]
    ],
    [
      [
        0.998844,
        -0.65468,
        0.673212,
        -0.00833999999999998,
        0.012339999999999983
      ],
      [
        -0.65468,
        0.9996,
        -0.6676399999999999,
        -0.042200000000000064,
        0.04620000000000007
      ],
      [
        0.673212,
        -0.6676399999999999,
        0.993276,
        0.023180000000000048,
        -0.019180000000000044
      ],
      [
        -0.00833999999999998,
        -0.042200000000000064,
        0.023180000000000048,
        0.9999,
        -0.9799
      ],
      [
        0.012339999999999983,
        0.04620000000000007,
        -0.019180000000000044,
        -0.9799,
        0.9999
      ]
    ],
    [
      [
        0.998976,
        -0.683488,
        0.674464,
        0.0038559999999999758,
        -0.01004799999999998
      ],
      [
        -0.683488,
        0.999744,
        -0.6352320000000001,
        -0.022927999999999966,
        0.025023999999999966
      ],
      [
        0.674464,
        -0.6352320000000001,
        0.997696,
        0.01278400000000001,
        -0.015072000000000012
      ],
      [
        0.0038559999999999758,
        -0.022927999999999966,
        0.01278400000000001,
        0.996636,
        -0.9862879999999999
      ],
      [
        -0.01004799999999998,
        0.025023999999999966,
        -0.015072000000000012,
        -0.9862879999999999,
        0.995904
      ]
    ],
    [
      [
        0.999744,
        -0.672448,
        0.6720639999999999,
        -0.052768000000000044,
        0.050736000000000045
      ],
      [
        -0.672448,
        0.999216,
        -0.6838879999999999,
        0.034656000000000034,
        -0.03271200000000003
      ],
      [
        0.6720639999999999,
        -0.6838879999999999,
        0.999984,
        -0.035808000000000006,
        0.033816000000000006
      ],
      [
        -0.052768000000000044,
        0.034656000000000034,
        -0.035808000000000006,
        0.997696,
        -0.995792
      ],
      [
        0.050736000000000045,
        -0.03271200000000003,
        0.033816000000000006,
        -0.995792,
        0.997884
      ]
    ],
    [
      [
        0.999964,
        -0.675916,
        0.6619519999999999,
        0.018264000000000016,
        -0.016276000000000013
      ],
      [
        -0.675916,
        0.999804,
        -0.6578879999999999,
        0.0013840000000000015,
        -0.003356000000000003
      ],
      [
        0.6619519999999999,
        -0.6578879999999999,
        0.999936,
        0.00835200000000001,
        -0.010368000000000011
      ],
      [
        0.018264000000000016,
        0.0013840000000000015,
        0.00835200000000001,
        0.998064,
        -0.995976
      ],
      [
        -0.016276000000000013,
        -0.003356000000000003,
        -0.010368000000000011,
        -0.995976,
        0.997884
      ]
    ],
    [
      [
        0.999856,
        -0.6755680000000001,
        0.674168,
        -0.013832000000000013,
        0.013880000000000012
      ],
      [
        -0.6755680000000001,
        0.998704,
        -0.6825039999999999,
        0.0014960000000000036,
        -0.0016400000000000037
      ],
      [
        0.674168,
        -0.6825039999999999,
        0.999804,
        -0.0001959999999999433,
        0.0001399999999999989
      ],
      [
        -0.013832000000000013,
        0.0014960000000000036,
        -0.0001959999999999433,
        0.999804,
        -0.99586
      ],
      [
        0.013880000000000012,
        -0.0016400000000000037,
        0.0001399999999999989,
        -0.99586,
        0.9999
      ]
    ],
    [
      [
        0.9995999999999999,
        -0.63732,
        0.68548,
        0.03364000000000003,
        -0.03568000000000003
      ],
      [
        -0.63732,
        0.998844,
        -0.6511159999999999,
        0.0006120000000000289,
        0.001455999999999973
      ],
      [
        0.68548,
        -0.6511159999999999,
        0.999324,
        0.03953200000000003,
        -0.04158400000000004
      ],
      [
        0.03364000000000003,
        0.0006120000000000289,
        0.03953200000000003,
        0.999676,
        -0.997712
      ],
      [
        -0.03568000000000003,
        0.001455999999999973,
        -0.04158400000000004,
        -0.997712,
        0.999744
      ]
    ],
    [
      [
        0.999744,
        -0.666096,
        0.689776,
        -0.013520000000000042,
        0.013520000000000042
      ],
      [
        -0.666096,
        0.999964,
        -0.6840839999999999,
        0.012179999999999983,
        -0.012179999999999983
      ],
      [
        0.689776,
        -0.6840839999999999,
        0.999804,
        0.012419999999999985,
        -0.012419999999999985
      ],
      [
        -0.013520000000000042,
        0.012179999999999983,
        0.012419999999999985,
        0.9991,
        -0.9991
      ],
      [
        0.013520000000000042,
        -0.012179999999999983,
        -0.012419999999999985,
        -0.9991,
        0.9991
      ]
    ],
    [
      [
        0.999216,
        -0.6586159999999999,
        0.6683359999999999,
        0.01039199999999998,
        -0.012447999999999982
      ],
      [
        -0.6586159999999999,
        0.999516,
        -0.7017359999999999,
        -0.01969200000000002,
        0.017648000000000018
      ],
      [
        0.6683359999999999,
        -0.7017359999999999,
        0.999856,
        -0.0021680000000000015,
        0.00019199999999999968
      ],
      [
        0.01039199999999998,
        -0.01969200000000002,
        -0.0021680000000000015,
        0.999804,
        -0.997776
      ],
      [
        -0.012447999999999982,
        0.017648000000000018,
        0.00019199999999999968,
        -0.997776,
        0.999744
      ]
    ],
    [
      [
        0.999964,
        -0.6918439999999999,
        0.6498320000000001,
        -0.005807999999999922,
        0.005783999999999922
      ],
      [
        -0.6918439999999999,
        0.999324,
        -0.661272,
        0.017168000000000013,
        -0.017064000000000013
      ],
      [
        0.6498320000000001,
        -0.661272,
        0.999216,
        -0.0071040000000000035,
        0.006992000000000003
      ],
      [
        -0.005807999999999922,
        0.017168000000000013,
        -0.0071040000000000035,
        0.998976,
        -0.994848
      ],
      [
        0.005783999999999922,
        -0.017064000000000013,
        0.006992000000000003,
        -0.994848,
        0.998704
      ]
    ],
    [
      [
        0.991536,
        -0.6780879999999999,
        0.689008,
        0.039952000000000064,
        -0.033400000000000055
      ],
      [
        -0.6780879999999999,
        0.992604,
        -0.687464,
        -0.05821599999999996,
        0.05569999999999996
      ],
      [
        0.689008,
        -0.687464,
        0.994224,
        0.02865599999999999,
        -0.026200000000000015
      ],
      [
        0.039952000000000064,
        -0.05821599999999996,
        0.02865599999999999,
        0.9980640000000002,
        -0.9878000000000002
      ],
      [
        -0.033400000000000055,
        0.05569999999999996,
        -0.026200000000000015,
        -0.9878000000000002,
        0.9975000000000002
      ]
    ],
    [
      [
        0.998064,
        -0.647472,
        0.642264,
        0.0050320000000000625,
        -0.007120000000000065
      ],
      [
        -0.647472,
        0.999856,
        -0.6500719999999999,
        -0.04573600000000001,
        0.04776000000000002
      ],
      [
        0.642264,
        -0.6500719999999999,
        0.999964,
        0.032132000000000056,
        -0.03412000000000006
      ],
      [
        0.0050320000000000625,
        -0.04573600000000001,
        0.032132000000000056,
        0.999516,
        -0.99756
      ],
      [
        -0.007120000000000065,
        0.04776000000000002,
        -0.03412000000000006,
        -0.99756,
        0.9996
      ]
    ],
    [
      [
        0.999996,
        -0.698024,
        0.662016,
        -0.00810799999999998,
        0.01011199999999998
      ],
      [
        -0.698024,
        0.999856,
        -0.639904,
        0.01335200000000004,
        -0.015328000000000041
      ],
      [
        0.662016,
        -0.639904,
        0.999936,
        -0.017568000000000014,
        0.019552000000000014
      ],
      [
        -0.00810799999999998,
        0.01335200000000004,
        -0.017568000000000014,
        0.997084,
        -0.994976
      ],
      [
        0.01011199999999998,
        -0.015328000000000041,
        0.019552000000000014,
        -0.994976,
        0.996864
      ]
    ]
  ]
}