{
  "settings_list": [
    [
      0.45089695039073435,
      4.559454886084888,
      4.191945782899263,
      1.4232366065354467,
      4.712769659747066,
      3.279351183202557,
      3.9825708235721606,
      2.247247036971767,
      0.4815834017906854,
      4.683643772927136,
      0.8172764392165294,
      1.631651162710883,
      4.5501250845443355,
      2.865955357306842,
      1.4853695105413607
    ],
    [
      0.4600302915171343,
      4.628646624088088,
      4.196252604192063,
      1.4337437795530468,
      4.635231095151865,
      3.271660482415357,
      3.995940779111361,
      2.068261601528567,
      0.4920700974578854,
      4.703647252831136,
      0.6487232012261294,
      1.6363155391396829,
      4.597802583110735,
      2.681141910791642,
      1.4841183033733607
    ],
    [
      0.4562724530019343,
      4.6948241025552875,
      4.201525469596863,
      1.4452047692202468,
      4.612237150399865,
      3.2872941616921567,
      4.027977683712961,
      1.912052599906167,
      0.4951430115282854,
      4.754126948626336,
      0.5668773996069293,
      1.6220106836676829,
      4.6384726690467355,
      2.585064282945242,
      1.5008747116101606
    ],
    [
      0.44996796680673434,
      4.701855129627288,
      4.1866767602464625,
      1.4469671661994468,
      4.603304920204665,
      3.285530570908157,
      4.030841771060161,
      1.802831043656567,
      0.4842990358482854,
      4.751005006610336,
      0.5785545943589293,
      1.628797254778083,
      4.641584513193935,
      2.594345896538842,
      1.5096698392901606
    ],
    [
      0.4625552116195344,
      4.6955980178640875,
      4.186798582614462,
      1.4453018553610468,
      4.629503104991865,
      3.2884527048825567,
      4.050294119728961,
      1.7414821601461672,
      0.48559744103868535,
      4.771665715419936,
      0.5723324999557293,
      1.606994636992483,
      4.611063717216335,
      2.577120753799642,
      1.5012466745381607
    ],
    [
      0.45217916666593444,
      4.710939161953688,
      4.187866544867262,
      1.417844690881047,
      4.628222468095864,
      3.2825915904441567,
      4.046873901418561,
      1.6719810315253671,
      0.4830541846546853,
      4.791526896450336,
      0.5762039828933293,
      1.593615485805283,
      4.640632783334735,
      2.581294332622042,
      1.4890497208805609
    ],
    [
      0.44213459311073444,
      4.712274308795288,
      4.167983294115262,
      1.417966925901847,
      4.639802300211064,
      3.272315088223357,
      4.0438879919529604,
      1.6220189299189671,
      0.4742036690962853,
      4.782230589307936,
      0.5766024791685294,
      1.5873259409092828,
      4.661947129683535,
      2.594789805646042,
      1.4839336474853608
    ],
    [
      0.45325543040353444,
      4.721133467051288,
      4.170516973008063,
      1.432613847287447,
      4.661464585686264,
      3.2797906222681568,
      4.051924023229761,
      1.6055473490293672,
      0.47019647288188526,
      4.790553939746336,
      0.5608490936421293,
      1.5904648257508829,
      4.670799388963535,
      2.585654172494042,
      1.4935608904133608
    ],
    [
      0.4454313275619344,
      4.708655427764889,
      4.1759205140224624,
      1.430635469031447,
      4.660562423935865,
      3.272825239493757,
      4.064682186749761,
      1.6016346975541673,
      0.4790419130770852,
      4.781675013768736,
      0.5815660394469294,
      1.592742161024483,
      4.659075560509135,
      2.598331603902042,
      1.4843431949829609
    ],
    [
      0.4383723152355344,
      4.704149771540889,
      4.178435517651263,
      1.4324347788042469,
      4.662148366636664,
      3.266685169650557,
      4.0704815498729605,
      1.6120130639669674,
      0.5047966913426852,
      4.7709139116695365,
      0.5486642372005294,
      1.589679347469283,
      4.657480668099534,
      2.5887965747820423,
      1.4824234877125608
    ],
    [
      0.44212372795233434,
      4.707261326840089,
      4.172390435686463,
      1.4227576428906468,
      4.695683322623864,
      3.270228063548157,
      4.08120988034336,
      1.5882372246261673,
      0.5101959746642852,
      4.756668350744737,
      0.5542620328261294,
      1.577039519149283,
      4.683777601171534,
      2.584187043070042,
      1.4901173236261607
    ],
    [
      0.4481310891235344,
      4.683716120664089,
      4.182047494073663,
      1.4159207674986467,
      4.673782268012665,
      3.276029516239357,
      4.06362589548576,
      1.5725395849013675,
      0.5018554583570852,
      4.758640720095137,
      0.5693785763973294,
      1.588025257939683,
      4.659002977325134,
      2.575027288209242,
      1.4712332216677606
    ],
    [
      0.4488446186947344,
      4.692839452776089,
      4.1866251667072625,
      1.4157704997514466,
      4.671512867855864,
      3.2701727427993568,
      4.06353626552416,
      1.5705641639061674,
      0.5148960307154853,
      4.769530246936737,
      0.5459000779589294,
      1.595011661990883,
      4.648318282739534,
      2.5688241599212422,
      1.4650034391557605
    ],
    [
      0.42565830125473436,
      4.707007903720089,
      4.192199358323262,
      1.4024421203594466,
      4.691957099279865,
      3.264899997711357,
      4.05896530437216,
      1.5797068199061672,
      0.5176752798674852,
      4.770764864536737,
      0.5441481641029293,
      1.5788249047428828,
      4.653107778291534,
      2.6037764113132424,
      1.4549652392197605
    ],
    [
      0.41368172721313434,
      4.708502064680089,
      4.209704614067262,
      1.3917551725962465,
      4.675718457590265,
      3.269545677903357,
      4.07639186814816,
      1.5802870325269673,
      0.5173470141010852,
      4.748127111832737,
      0.5475023484997293,
      1.5724283675140829,
      4.654604344192334,
      2.583362215025242,
      1.4676789171589606
    ],
    [
      0.41274649911393435,
      4.694569834206489,
      4.1937296283072625,
      1.4019176584554465,
      4.6769388013886655,
      3.276468498274557,
      4.07828358856416,
      1.6082457127573673,
      0.5354133367026852,
      4.756935705535137,
      0.5579914683717294,
      1.563726452784483,
      4.686172300192334,
      2.5996570845548423,
      1.4680626124197604
    ],
    [
      0.40935931649313434,
      4.701095543278489,
      4.195516458451262,
      1.3978203989002465,
      4.678263049577465,
      3.280736428984957,
      4.07043472168736,
      1.6022506698293673,
      0.5532408844402852,
      4.7323094238263375,
      0.5503338498789294,
      1.563347108854883,
      4.662980840003534,
      2.5990295396236425,
      1.4709147190181604
    ],
    [
      0.4145693508291343,
      4.708895854174489,
      4.1919373558912625,
      1.4085049378602466,
      4.701737708681465,
      3.298988893080957,
      4.07872441999136,
      1.5811585169653672,
      0.5422135007442852,
      4.735342920466337,
      0.5527858486789294,
      1.573404443798883,
      4.675825688371535,
      2.5858470490476426,
      1.4567428520581605
    ],
    [
      0.4084748029891343,
      4.69372851747049,
      4.201401489331262,
      1.4084509079722467,
      4.704831671625465,
      3.301920674264957,
      4.07875742267936,
      1.5560502379253673,
      0.5352164694482852,
      4.750732745554337,
      0.5480080920069295,
      1.576591044182883,
      4.685029103347534,
      2.5798691440876427,
      1.4592168122501605
    ],
    [
      0.3827273772227343,
      4.68470929203689,
      4.204552268787262,
      1.4051221212074467,
      4.720310548515065,
      3.305625758783357,
      4.082405404170561,
      1.5505786728565674,
      0.5510935148946852,
      4.744069834021537,
      0.5712761444805294,
      1.569130784163683,
      4.6874337967171344,
      2.5850629244844425,
      1.4735220732165606
    ],
    [
      0.40010628607393434,
      4.717084198980889,
      4.200237181708863,
      1.4042799539498467,
      4.729515937532665,
      3.305305573144957,
      4.0912862410345605,
      1.5412714798197673,
      0.5586102796050851,
      4.7368486233463365,
      0.5688966150981295,
      1.567115970851683,
      4.682672934637134,
      2.5582375834156426,
      1.4667377895813605
    ]
  ],
  "cost_vals": [],
  "step_size": 0.1,
  "opt_step_times": [
    0.18817996978759766,
    0.17989730834960938,
    0.1667189598083496,
    0.1659841537475586,
    0.16986513137817383,
    0.1805276870727539,
    0.1735670566558838,
    0.23903203010559082,
    0.16692614555358887,
    0.17774510383605957,
    0.17299890518188477,
    0.18007516860961914,
    0.18095088005065918,
    0.17709898948669434,
    0.1650381088256836,
    0.16478919982910156,
    0.16503381729125977,
    0.1612849235534668,
    0.16095805168151855,
    0.15895390510559082
  ],
  "opt_settings": [
    0.40010628607393434,
    4.717084198980889,
    4.200237181708863,
    1.4042799539498467,
    4.729515937532665,
    3.305305573144957,
    4.0912862410345605,
    1.5412714798197673,
    0.5586102796050851,
    4.7368486233463365,
    0.5688966150981295,
    1.567115970851683,
    4.682672934637134,
    2.5582375834156426,
    1.4667377895813605
  ],
  "min_cost": null,
  "datetime": "2023-05-30T16-43-16Z",
  "step_only": true,
  "ibm_device": "default.qubit",
  "shots": 1000,
  "prep_node_name": "W_state_2-qubit_ghz_state",
  "num_qubits": 5,
  "error": false,
  "cov_mats": [
    [
      [
        0.999856,
        0.6787439999999999,
        -0.515424,
        2.842170943040401e-17,
        0.0015920000000000023
      ],
      [
        0.6787439999999999,
        0.996156,
        -0.5689759999999999,
        0.017999999999999985,
        0.022107999999999954
      ],
      [
        -0.515424,
        -0.5689759999999999,
        0.997696,
        -0.004000000000000006,
        -0.03236800000000006
      ],
      [
        2.842170943040401e-17,
        0.017999999999999985,
        -0.004000000000000006,
        1.0,
        0.81
      ],
      [
        0.0015920000000000023,
        0.022107999999999954,
        -0.03236800000000006,
        0.81,
        0.998844
      ]
    ],
    [
      [
        0.998844,
        0.711116,
        -0.631308,
        0.017727999999999987,
        0.014135999999999985
      ],
      [
        0.711116,
        0.999324,
        -0.640412,
        -0.018208000000000016,
        -0.021896000000000047
      ],
      [
        -0.631308,
        -0.640412,
        0.980956,
        0.039104000000000035,
        0.04144800000000004
      ],
      [
        0.017727999999999987,
        -0.018208000000000016,
        0.039104000000000035,
        0.999936,
        0.984032
      ],
      [
        0.014135999999999985,
        -0.021896000000000047,
        0.04144800000000004,
        0.984032,
        0.999984
      ]
    ],
    [
      [
        0.999804,
        0.624196,
        -0.5908519999999998,
        -0.04842000000000002,
        -0.04842000000000002
      ],
      [
        0.624196,
        0.999804,
        -0.6451479999999999,
        0.0004199999999999738,
        0.0004199999999999738
      ],
      [
        -0.5908519999999998,
        -0.6451479999999999,
        0.9932759999999999,
        0.006459999999999985,
        0.006459999999999985
      ],
      [
        -0.04842000000000002,
        0.0004199999999999738,
        0.006459999999999985,
        0.9991000000000002,
        0.9991000000000002
      ],
      [
        -0.04842000000000002,
        0.0004199999999999738,
        0.006459999999999985,
        0.9991000000000002,
        0.9991000000000002
      ]
    ],
    [
      [
        0.999856,
        0.667856,
        -0.648192,
        -0.023855999999999995,
        -0.023855999999999995
      ],
      [
        0.667856,
        0.999856,
        -0.6881919999999999,
        0.00014399999999994409,
        0.00014399999999994409
      ],
      [
        -0.648192,
        -0.6881919999999999,
        0.999744,
        0.008192000000000007,
        0.008192000000000007
      ],
      [
        -0.023855999999999995,
        0.00014399999999994409,
        0.008192000000000007,
        0.999856,
        0.999856
      ],
      [
        -0.023855999999999995,
        0.00014399999999994409,
        0.008192000000000007,
        0.999856,
        0.999856
      ]
    ],
    [
      [
        0.998976,
        0.6734239999999999,
        -0.6543359999999999,
        0.05147200000000002,
        0.04940800000000002
      ],
      [
        0.6734239999999999,
        0.999676,
        -0.6530639999999999,
        0.056828000000000024,
        0.05479200000000002
      ],
      [
        -0.6543359999999999,
        -0.6530639999999999,
        0.997296,
        -0.05239200000000004,
        -0.05428800000000005
      ],
      [
        0.05147200000000002,
        0.056828000000000024,
        -0.05239200000000004,
        0.997884,
        0.9959760000000002
      ],
      [
        0.04940800000000002,
        0.05479200000000002,
        -0.05428800000000005,
        0.9959760000000002,
        0.9980640000000002
      ]
    ],
    [
      [
        0.999984,
        0.6599679999999999,
        -0.637928,
        0.05212800000000005,
        0.05212800000000005
      ],
      [
        0.6599679999999999,
        0.999936,
        -0.645856,
        0.040256000000000035,
        0.040256000000000035
      ],
      [
        -0.637928,
        -0.645856,
        0.999676,
        -0.0025760000000000045,
        -0.0025760000000000045
      ],
      [
        0.05212800000000005,
        0.040256000000000035,
        -0.0025760000000000045,
        0.998976,
        0.998976
      ],
      [
        0.05212800000000005,
        0.040256000000000035,
        -0.0025760000000000045,
        0.998976,
        0.998976
      ]
    ],
    [
      [
        0.999516,
        0.6695600000000002,
        -0.6972959999999999,
        -0.06839600000000001,
        -0.06839600000000001
      ],
      [
        0.6695600000000002,
        0.9996,
        -0.71136,
        -0.02236000000000002,
        -0.02236000000000002
      ],
      [
        -0.6972959999999999,
        -0.71136,
        0.998976,
        0.018576000000000016,
        0.018576000000000016
      ],
      [
        -0.06839600000000001,
        -0.02236000000000002,
        0.018576000000000016,
        0.999676,
        0.999676
      ],
      [
        -0.06839600000000001,
        -0.02236000000000002,
        0.018576000000000016,
        0.999676,
        0.999676
      ]
    ],
    [
      [
        0.999744,
        0.7099679999999999,
        -0.7112959999999999,
        -0.02228800000000002,
        -0.02228800000000002
      ],
      [
        0.7099679999999999,
        0.999996,
        -0.6779120000000002,
        -0.008036000000000036,
        -0.008036000000000036
      ],
      [
        -0.7112959999999999,
        -0.6779120000000002,
        0.998064,
        0.010792000000000006,
        0.010792000000000006
      ],
      [
        -0.02228800000000002,
        -0.008036000000000036,
        0.010792000000000006,
        0.999676,
        0.999676
      ],
      [
        -0.02228800000000002,
        -0.008036000000000036,
        0.010792000000000006,
        0.999676,
        0.999676
      ]
    ],
    [
      [
        0.997084,
        0.672272,
        -0.6671919999999999,
        0.009404000000000006,
        0.009404000000000006
      ],
      [
        0.672272,
        0.998976,
        -0.6743359999999999,
        0.014831999999999984,
        0.014831999999999984
      ],
      [
        -0.6671919999999999,
        -0.6743359999999999,
        0.997296,
        0.012648000000000013,
        0.012648000000000013
      ],
      [
        0.009404000000000006,
        0.014831999999999984,
        0.012648000000000013,
        0.999324,
        0.999324
      ],
      [
        0.009404000000000006,
        0.014831999999999984,
        0.012648000000000013,
        0.999324,
        0.999324
      ]
    ],
    [
      [
        0.999984,
        0.6398560000000001,
        -0.7039519999999999,
        -0.01612799999999996,
        -0.01612799999999996
      ],
      [
        0.6398560000000001,
        0.998704,
        -0.707568,
        0.006848000000000062,
        0.006848000000000062
      ],
      [
        -0.7039519999999999,
        -0.707568,
        0.999856,
        -0.0076160000000000064,
        -0.0076160000000000064
      ],
      [
        -0.01612799999999996,
        0.006848000000000062,
        -0.0076160000000000064,
        0.998976,
        0.998976
      ],
      [
        -0.01612799999999996,
        0.006848000000000062,
        -0.0076160000000000064,
        0.998976,
        0.998976
      ]
    ],
    [
      [
        0.994524,
        0.6802999999999999,
        -0.69904,
        0.04103599999999998,
        0.04103599999999998
      ],
      [
        0.6802999999999999,
        0.9974999999999999,
        -0.6839999999999999,
        -0.00729999999999998,
        -0.00729999999999998
      ],
      [
        -0.69904,
        -0.6839999999999999,
        0.9984,
        -0.046560000000000046,
        -0.046560000000000046
      ],
      [
        0.04103599999999998,
        -0.00729999999999998,
        -0.046560000000000046,
        0.999804,
        0.999804
      ],
      [
        0.04103599999999998,
        -0.00729999999999998,
        -0.046560000000000046,
        0.999804,
        0.999804
      ]
    ],
    [
      [
        0.9999,
        0.6737599999999999,
        -0.6778799999999999,
        0.018480000000000045,
        0.018480000000000045
      ],
      [
        0.6737599999999999,
        0.999424,
        -0.703712,
        0.029152000000000025,
        0.029152000000000025
      ],
      [
        -0.6778799999999999,
        -0.703712,
        0.999856,
        -0.020576000000000018,
        -0.020576000000000018
      ],
      [
        0.018480000000000045,
        0.029152000000000025,
        -0.020576000000000018,
        0.997696,
        0.997696
      ],
      [
        0.018480000000000045,
        0.029152000000000025,
        -0.020576000000000018,
        0.997696,
        0.997696
      ]
    ],
    [
      [
        0.999856,
        0.6818799999999999,
        -0.655904,
        -0.06404800000000006,
        -0.06602400000000005
      ],
      [
        0.6818799999999999,
        0.9999,
        -0.67392,
        -0.05804000000000005,
        -0.06002000000000005
      ],
      [
        -0.655904,
        -0.67392,
        0.999936,
        0.032032,
        0.034016000000000005
      ],
      [
        -0.06404800000000006,
        -0.05804000000000005,
        0.032032,
        0.999984,
        0.997992
      ],
      [
        -0.06602400000000005,
        -0.06002000000000005,
        0.034016000000000005,
        0.997992,
        0.999996
      ]
    ],
    [
      [
        0.999964,
        0.6243,
        -0.64576,
        0.04602400000000004,
        0.04602400000000004
      ],
      [
        0.6243,
        0.9975,
        -0.692,
        0.017800000000000045,
        0.017800000000000045
      ],
      [
        -0.64576,
        -0.692,
        0.9984,
        -0.00015999999999999806,
        -0.00015999999999999806
      ],
      [
        0.04602400000000004,
        0.017800000000000045,
        -0.00015999999999999806,
        0.999984,
        0.999984
      ],
      [
        0.04602400000000004,
        0.017800000000000045,
        -0.00015999999999999806,
        0.999984,
        0.999984
      ]
    ],
    [
      [
        0.999676,
        0.6515319999999999,
        -0.621856,
        0.032684000000000026,
        0.032684000000000026
      ],
      [
        0.6515319999999999,
        0.999324,
        -0.681792,
        0.06098800000000003,
        0.06098800000000003
      ],
      [
        -0.621856,
        -0.681792,
        0.999936,
        -0.03830400000000003,
        -0.03830400000000003
      ],
      [
        0.032684000000000026,
        0.06098800000000003,
        -0.03830400000000003,
        0.998556,
        0.998556
      ],
      [
        0.032684000000000026,
        0.06098800000000003,
        -0.03830400000000003,
        0.998556,
        0.998556
      ]
    ],
    [
      [
        0.994524,
        0.68556,
        -0.6849679999999999,
        -0.04473999999999998,
        -0.04659199999999999
      ],
      [
        0.68556,
        0.9964,
        -0.68792,
        -0.03459999999999998,
        -0.03647999999999998
      ],
      [
        -0.6849679999999999,
        -0.68792,
        0.995376,
        0.006679999999999979,
        0.00854399999999998
      ],
      [
        -0.04473999999999998,
        -0.03459999999999998,
        0.006679999999999979,
        0.9999,
        0.99792
      ],
      [
        -0.04659199999999999,
        -0.03647999999999998,
        0.00854399999999998,
        0.99792,
        0.999936
      ]
    ],
    [
      [
        0.994524,
        0.668376,
        -0.7018559999999999,
        -0.004892000000000065,
        -0.004892000000000065
      ],
      [
        0.668376,
        0.9942239999999999,
        -0.6797439999999999,
        0.04119199999999998,
        0.04119199999999998
      ],
      [
        -0.7018559999999999,
        -0.6797439999999999,
        0.996864,
        -0.024351999999999967,
        -0.024351999999999967
      ],
      [
        -0.004892000000000065,
        0.04119199999999998,
        -0.024351999999999967,
        0.998236,
        0.998236
      ],
      [
        -0.004892000000000065,
        0.04119199999999998,
        -0.024351999999999967,
        0.998236,
        0.998236
      ]
    ],
    [
      [
        0.998556,
        0.6615439999999999,
        -0.6495439999999999,
        -0.02696399999999994,
        -0.02696399999999994
      ],
      [
        0.6615439999999999,
        0.999856,
        -0.6678559999999999,
        -0.002936000000000003,
        -0.002936000000000003
      ],
      [
        -0.6495439999999999,
        -0.6678559999999999,
        0.999856,
        0.034936000000000036,
        0.034936000000000036
      ],
      [
        -0.02696399999999994,
        -0.002936000000000003,
        0.034936000000000036,
        0.993916,
        0.993916
      ],
      [
        -0.02696399999999994,
        -0.002936000000000003,
        0.034936000000000036,
        0.993916,
        0.993916
      ]
    ],
    [
      [
        0.997884,
        0.6537000000000001,
        -0.6488280000000001,
        -0.08015999999999998,
        -0.08015999999999998
      ],
      [
        0.6537000000000001,
        0.9974999999999999,
        -0.6688999999999999,
        -0.01599999999999993,
        -0.01599999999999993
      ],
      [
        -0.6488280000000001,
        -0.6688999999999999,
        0.999676,
        0.026719999999999997,
        0.026719999999999997
      ],
      [
        -0.08015999999999998,
        -0.01599999999999993,
        0.026719999999999997,
        0.9984,
        0.9984
      ],
      [
        -0.08015999999999998,
        -0.01599999999999993,
        0.026719999999999997,
        0.9984,
        0.9984
      ]
    ],
    [
      [
        0.9984,
        0.6892799999999999,
        -0.6652799999999999,
        0.004960000000000002,
        0.004960000000000002
      ],
      [
        0.6892799999999999,
        0.999676,
        -0.639676,
        -0.009568000000000009,
        -0.009568000000000009
      ],
      [
        -0.6652799999999999,
        -0.639676,
        0.999676,
        -0.02243200000000002,
        -0.02243200000000002
      ],
      [
        0.004960000000000002,
        -0.009568000000000009,
        -0.02243200000000002,
        0.999424,
        0.999424
      ],
      [
        0.004960000000000002,
        -0.009568000000000009,
        -0.02243200000000002,
        0.999424,
        0.999424
      ]
    ],
    [
      [
        1.0,
        0.6619999999999999,
        -0.6719999999999999,
        -0.0880000000000001,
        -0.0880000000000001
      ],
      [
        0.6619999999999999,
        0.998236,
        -0.70916,
        -0.07131200000000006,
        -0.07131200000000006
      ],
      [
        -0.6719999999999999,
        -0.70916,
        0.9996,
        0.07872000000000007,
        0.07872000000000007
      ],
      [
        -0.0880000000000001,
        -0.07131200000000006,
        0.07872000000000007,
        0.995904,
        0.995904
      ],
      [
        -0.0880000000000001,
        -0.07131200000000006,
        0.07872000000000007,
        0.995904,
        0.995904
      ]
    ]
  ]
}