{
  "settings_list": [
    [
      5.785029926404991,
      3.07954505906931,
      6.239361061036554,
      3.63394280006541,
      6.213237508565541,
      2.5667377229941812,
      2.236844163489565,
      5.056153490314641,
      6.0213276209160895,
      6.059553202963596,
      2.6161158668200444,
      6.002138848771988,
      3.719422914720718,
      2.879541808087375,
      2.2225196607720403
    ],
    [
      5.755228411608191,
      3.05472482288691,
      6.2325108931965545,
      3.6795464993134104,
      6.242299795416741,
      2.567173379973381,
      2.240673236107165,
      5.08835838020264,
      6.01719764577369,
      5.973599775472397,
      2.7997344581960446,
      6.008223815863189,
      3.636548000112718,
      3.0766019987817748,
      2.22484431748884
    ],
    [
      5.725423272273791,
      3.04204025609651,
      6.238458827910154,
      3.7209208637870104,
      6.2725233191479415,
      2.5768599333557813,
      2.244878513771165,
      5.13561490410024,
      6.00449098666329,
      5.915402648214797,
      2.9402570685704448,
      6.006236956829588,
      3.5667473231271183,
      3.2178075335465746,
      2.2273729029096403
    ],
    [
      5.684613868475391,
      3.0330976165797097,
      6.242851228191754,
      3.7633295782830105,
      6.307413188072742,
      2.5770934652469815,
      2.255109751876765,
      5.16189873954984,
      5.9989387112392905,
      5.893825527993997,
      2.9866139236328446,
      5.992991886829588,
      3.544646975811918,
      3.2524290153545747,
      2.2274632074696403
    ],
    [
      5.64720709714739,
      3.0566603914917096,
      6.238245428383754,
      3.8151359840430104,
      6.355495774056742,
      2.5805429728309814,
      2.259587820100765,
      5.21114987862184,
      6.000694205639291,
      5.905461638329997,
      2.9993963507688446,
      6.000144705005589,
      3.5314380717479184,
      3.2601197033545746,
      2.2259030314696404
    ],
    [
      5.598663505704191,
      3.0736764926437097,
      6.246622911711754,
      3.8610255493550105,
      6.409318571400742,
      2.5846349561077813,
      2.256000291179165,
      5.2576485358378395,
      5.99711100713049,
      5.9118819217155965,
      3.010954138410445,
      6.003399713453589,
      3.5282539716967185,
      3.2606966260617747,
      2.2230318796232402
    ],
    [
      5.540143130664191,
      3.10305893488371,
      6.249581868511754,
      3.9335363986350105,
      6.455378621320742,
      2.587109219147781,
      2.243427400299165,
      5.31444203343784,
      6.00300054569049,
      5.915028459955597,
      3.002028196650445,
      6.005898750893588,
      3.5183018564967186,
      3.2643972699017745,
      2.21423482874324
    ],
    [
      5.480686103995391,
      3.1365396832485097,
      6.255721527903754,
      3.9682636130030104,
      6.509103814415142,
      2.582888919851781,
      2.223626608446365,
      5.35148406381224,
      6.00183522841049,
      5.899783711373197,
      2.992979333783245,
      6.013315257543188,
      3.5032830316263186,
      3.2883725508809745,
      2.21493112044884
    ],
    [
      5.413962714907392,
      3.18119060376051,
      6.257465520383754,
      4.02206019154701,
      6.5449359434391425,
      2.5944308605397812,
      2.1951645362383654,
      5.40594099382824,
      6.000044043354491,
      5.913883619757197,
      2.9880665560552453,
      6.007516659751188,
      3.4993873211783186,
      3.2997068869129746,
      2.2166430303208404
    ],
    [
      5.329713509204992,
      3.26333653894131,
      6.262860935065354,
      4.07596956704141,
      6.594458986136742,
      2.579528829819781,
      2.1544736204559656,
      5.4665195071050405,
      5.99845109163929,
      5.911334643728397,
      2.982397980106445,
      5.999486538909588,
      3.5012525968775186,
      3.3150777993321747,
      2.2049434273064406
    ],
    [
      5.255219097726592,
      3.35239803472051,
      6.267851980825354,
      4.13641547794061,
      6.664877012530343,
      2.5847479372405813,
      2.1064252896335653,
      5.54167110523304,
      6.0119707235304904,
      5.921818509475597,
      2.9873818343432452,
      6.005509631472788,
      3.5139218816487183,
      3.3304388159145746,
      2.2114318625864406
    ],
    [
      5.164627060513792,
      3.4260893907045102,
      6.257327448249353,
      4.20117572488781,
      6.705791433922343,
      2.6015619307221813,
      2.032024264859165,
      5.6085801537418405,
      6.017223751396091,
      5.914759073632397,
      2.9957194258248454,
      6.0044140279303875,
      3.5031794907463185,
      3.3228291855913747,
      2.2112353220840406
    ],
    [
      5.072706082747391,
      3.5041847640677104,
      6.259979153823753,
      4.29066899283021,
      6.708520395279143,
      2.6042799341525815,
      1.944710160180765,
      5.65597817734504,
      6.012541677796091,
      5.915951558214797,
      2.9705640311624455,
      6.016238038605588,
      3.5088624250183185,
      3.3068907366697746,
      2.2063144270824404
    ],
    [
      4.979719665851391,
      3.5523293697637106,
      6.247365675167753,
      4.36076868716621,
      6.739244345359142,
      2.6099653122005817,
      1.890337720372765,
      5.7074064952970405,
      6.013930650084091,
      5.913733434438797,
      2.9715140202824455,
      6.015116255309588,
      3.5247390148423183,
      3.3092709391657746,
      2.22529814727444
    ],
    [
      4.931088867252991,
      3.5921355889125106,
      6.248402278124553,
      4.41667922758861,
      6.738063733909542,
      2.6416313449813815,
      1.818293115617565,
      5.76727475236584,
      6.011919921188091,
      5.920167042835597,
      2.9783574861384454,
      6.017508863047188,
      3.5228531237575185,
      3.289723785412175,
      2.22508911139604
    ],
    [
      4.877672498408191,
      3.623375254909311,
      6.254902153196553,
      4.4704716369838104,
      6.7492826127063426,
      2.6336069543765817,
      1.772116743419165,
      5.78840242506984,
      6.019644090916091,
      5.915641475014796,
      2.994890709127245,
      6.005056521082388,
      3.5219790019271184,
      3.2927143374761747,
      2.21173052507924
    ],
    [
      4.823594607144191,
      3.6449243689893107,
      6.224547481452553,
      4.489923159479811,
      6.748388226818342,
      2.6362804170965815,
      1.7049396948111648,
      5.79296157950184,
      6.003696889156091,
      5.912886985254796,
      3.0334448567752452,
      6.012001076282387,
      3.5214301729351183,
      3.2815804439081746,
      2.2015626853992396
    ],
    [
      4.817653904520191,
      3.621303148934911,
      6.2264129019613526,
      4.53220047704141,
      6.798113006123942,
      2.6475051236981817,
      1.6737752561455648,
      5.77911053458984,
      5.993001368356091,
      5.882176553145996,
      3.001746684256845,
      6.013304790679187,
      3.526471474570318,
      3.2431000410057744,
      2.1883506315784396
    ],
    [
      4.801364620193791,
      3.629829336813311,
      6.226273163490952,
      4.602278739313411,
      6.777463468536742,
      2.6516679887221817,
      1.6647875049263647,
      5.76455930919464,
      5.994504698634491,
      5.897990424813196,
      3.0420519054024453,
      6.011162081994387,
      3.511173810775118,
      3.2632813665225746,
      2.18696036037204
    ],
    [
      4.793542897374591,
      3.640639583037311,
      6.2268998034685525,
      4.623528970471811,
      6.778597132562342,
      2.638752029150982,
      1.6524912926255646,
      5.77781978945384,
      5.99245285458009,
      5.880124099107596,
      3.0335797837576455,
      6.005227343578387,
      3.524807926397518,
      3.2647092967593747,
      2.1828968223592398
    ],
    [
      4.784919525022591,
      3.647519923805311,
      6.233915164684553,
      4.630002553063811,
      6.774809181714342,
      2.631809888286982,
      1.6382801503535647,
      5.79052766996584,
      5.99653360795609,
      5.8973017437475965,
      3.0280569581896453,
      6.003729445274387,
      3.5306061984935178,
      3.2534843026793747,
      2.17410952091924
    ]
  ],
  "cost_vals": [],
  "step_size": 0.1,
  "opt_step_times": [
    62.764304876327515,
    90.56287169456482,
    91.17407703399658,
    67.27825093269348,
    83.94875907897949,
    90.7546718120575,
    54.969380140304565,
    80.5304491519928,
    97.33073306083679,
    1781.595801115036,
    35.893604040145874,
    73.65461087226868,
    41.2828369140625,
    69.60133719444275,
    74.06495690345764,
    53.56097912788391,
    42.45410990715027,
    41.39683198928833,
    31.15864324569702,
    42.36028718948364
  ],
  "opt_settings": [
    4.784919525022591,
    3.647519923805311,
    6.233915164684553,
    4.630002553063811,
    6.774809181714342,
    2.631809888286982,
    1.6382801503535647,
    5.79052766996584,
    5.99653360795609,
    5.8973017437475965,
    3.0280569581896453,
    6.003729445274387,
    3.5306061984935178,
    3.2534843026793747,
    2.17410952091924
  ],
  "min_cost": null,
  "datetime": "2023-04-19T22-04-40Z",
  "step_only": true,
  "ibm_device": "ibmq_qasm_simulator",
  "shots": 1000,
  "prep_node_name": "W_state_2-qubit_ghz_state",
  "num_qubits": 5,
  "cov_mats": [
    [
      [
        0.9461759999999999,
        -0.52592,
        -0.07423999999999994,
        -0.019392000000000017,
        -0.0033920000000000165
      ],
      [
        -0.52592,
        0.9039,
        -0.13369999999999999,
        0.03814000000000001,
        -0.017860000000000004
      ],
      [
        -0.07423999999999994,
        -0.13369999999999999,
        0.9951,
        -0.00841999999999998,
        0.01957999999999993
      ],
      [
        -0.019392000000000017,
        0.03814000000000001,
        -0.00841999999999998,
        0.999964,
        -0.8920359999999999
      ],
      [
        -0.0033920000000000165,
        -0.017860000000000004,
        0.01957999999999993,
        -0.8920359999999999,
        0.999964
      ]
    ],
    [
      [
        0.902656,
        -0.471232,
        -0.05884800000000005,
        0.01424000000000004,
        -0.010112000000000036
      ],
      [
        -0.471232,
        0.918204,
        -0.24344399999999997,
        0.02372000000000005,
        -0.019436000000000047
      ],
      [
        -0.05884800000000005,
        -0.24344399999999997,
        0.997084,
        0.003079999999999976,
        -0.005403999999999978
      ],
      [
        0.01424000000000004,
        0.02372000000000005,
        0.003079999999999976,
        0.9996,
        -0.98548
      ],
      [
        -0.010112000000000036,
        -0.019436000000000047,
        -0.005403999999999978,
        -0.98548,
        0.999324
      ]
    ],
    [
      [
        0.9375,
        -0.496,
        -0.047500000000000014,
        -0.015000000000000013,
        0.015000000000000013
      ],
      [
        -0.496,
        0.892416,
        -0.30108799999999997,
        0.013439999999999928,
        -0.013439999999999928
      ],
      [
        -0.047500000000000014,
        -0.30108799999999997,
        0.997884,
        0.04507999999999995,
        -0.04507999999999995
      ],
      [
        -0.015000000000000013,
        0.013439999999999928,
        0.04507999999999995,
        0.9996,
        -0.9996
      ],
      [
        0.015000000000000013,
        -0.013439999999999928,
        -0.04507999999999995,
        -0.9996,
        0.9996
      ]
    ],
    [
      [
        0.933436,
        -0.5261119999999999,
        0.012779999999999968,
        -0.006263999999999895,
        0.006263999999999895
      ],
      [
        -0.5261119999999999,
        0.930304,
        -0.31376000000000004,
        -0.0077119999999999515,
        0.0077119999999999515
      ],
      [
        0.012779999999999968,
        -0.31376000000000004,
        0.9919,
        0.022280000000000022,
        -0.022280000000000022
      ],
      [
        -0.006263999999999895,
        -0.0077119999999999515,
        0.022280000000000022,
        0.991536,
        -0.991536
      ],
      [
        0.006263999999999895,
        0.0077119999999999515,
        -0.022280000000000022,
        -0.991536,
        0.991536
      ]
    ],
    [
      [
        0.929244,
        -0.5474559999999999,
        0.05646399999999995,
        0.006916000000000006,
        -0.006916000000000006
      ],
      [
        -0.5474559999999999,
        0.953344,
        -0.36473599999999995,
        -0.00038400000000000153,
        0.00038400000000000153
      ],
      [
        0.05646399999999995,
        -0.36473599999999995,
        0.990784,
        -0.027504000000000025,
        0.027504000000000025
      ],
      [
        0.006916000000000006,
        -0.00038400000000000153,
        -0.027504000000000025,
        0.999324,
        -0.999324
      ],
      [
        -0.006916000000000006,
        0.00038400000000000153,
        0.027504000000000025,
        -0.999324,
        0.999324
      ]
    ],
    [
      [
        0.944304,
        -0.55956,
        0.08704800000000001,
        0.0019759999999999604,
        -0.000447999999999958
      ],
      [
        -0.55956,
        0.9559,
        -0.40221999999999997,
        0.028859999999999983,
        -0.02727999999999998
      ],
      [
        0.08704800000000001,
        -0.40221999999999997,
        0.966876,
        0.01781199999999997,
        -0.02017599999999997
      ],
      [
        0.0019759999999999604,
        0.028859999999999983,
        0.01781199999999997,
        0.998844,
        -0.996912
      ],
      [
        -0.000447999999999958,
        -0.02727999999999998,
        -0.02017599999999997,
        -0.996912,
        0.998976
      ]
    ],
    [
      [
        0.948016,
        -0.540264,
        0.08155199999999997,
        -0.03571999999999999,
        0.03571999999999999
      ],
      [
        -0.540264,
        0.943356,
        -0.45360800000000007,
        -0.04162,
        0.04162
      ],
      [
        0.08155199999999997,
        -0.45360800000000007,
        0.986544,
        0.03515999999999997,
        -0.03515999999999997
      ],
      [
        -0.03571999999999999,
        -0.04162,
        0.03515999999999997,
        0.9999,
        -0.9999
      ],
      [
        0.03571999999999999,
        0.04162,
        -0.03515999999999997,
        -0.9999,
        0.9999
      ]
    ],
    [
      [
        0.944304,
        -0.5237839999999999,
        0.19981599999999994,
        -0.03878399999999998,
        0.03878399999999998
      ],
      [
        -0.5237839999999999,
        0.962364,
        -0.514236,
        0.05286400000000002,
        -0.05286400000000002
      ],
      [
        0.19981599999999994,
        -0.514236,
        0.991164,
        -0.02073600000000002,
        0.02073600000000002
      ],
      [
        -0.03878399999999998,
        0.05286400000000002,
        -0.02073600000000002,
        0.996864,
        -0.996864
      ],
      [
        0.03878399999999998,
        -0.05286400000000002,
        0.02073600000000002,
        -0.996864,
        0.996864
      ]
    ],
    [
      [
        0.973756,
        -0.600836,
        0.276236,
        0.03594399999999994,
        -0.03594399999999994
      ],
      [
        -0.600836,
        0.9683160000000001,
        -0.565716,
        -0.04386399999999999,
        0.04386399999999999
      ],
      [
        0.276236,
        -0.565716,
        0.985116,
        -0.028535999999999923,
        0.028535999999999923
      ],
      [
        0.03594399999999994,
        -0.04386399999999999,
        -0.028535999999999923,
        0.999856,
        -0.999856
      ],
      [
        -0.03594399999999994,
        0.04386399999999999,
        0.028535999999999923,
        -0.999856,
        0.999856
      ]
    ],
    [
      [
        0.9737560000000001,
        -0.6305120000000001,
        0.373912,
        0.045352000000000024,
        -0.045352000000000024
      ],
      [
        -0.6305120000000001,
        0.969024,
        -0.593824,
        -0.056703999999999956,
        0.056703999999999956
      ],
      [
        0.373912,
        -0.593824,
        0.984624,
        0.055504,
        -0.055504
      ],
      [
        0.045352000000000024,
        -0.056703999999999956,
        0.055504,
        0.999984,
        -0.999984
      ],
      [
        -0.045352000000000024,
        0.056703999999999956,
        -0.055504,
        -0.999984,
        0.999984
      ]
    ],
    [
      [
        0.970416,
        -0.589608,
        0.4863920000000001,
        0.010216000000000017,
        -0.010216000000000017
      ],
      [
        -0.589608,
        0.987004,
        -0.6049960000000001,
        -0.02650800000000007,
        0.02650800000000007
      ],
      [
        0.4863920000000001,
        -0.6049960000000001,
        0.987004,
        0.013492000000000021,
        -0.013492000000000021
      ],
      [
        0.010216000000000017,
        -0.02650800000000007,
        0.013492000000000021,
        0.999516,
        -0.999516
      ],
      [
        -0.010216000000000017,
        0.02650800000000007,
        -0.013492000000000021,
        -0.999516,
        0.999516
      ]
    ],
    [
      [
        0.996636,
        -0.647976,
        0.5335920000000001,
        0.013304000000000014,
        -0.013304000000000014
      ],
      [
        -0.647976,
        0.970416,
        -0.605072,
        -0.006064000000000006,
        0.006064000000000006
      ],
      [
        0.5335920000000001,
        -0.605072,
        0.994224,
        -0.004912000000000004,
        0.004912000000000004
      ],
      [
        0.013304000000000014,
        -0.006064000000000006,
        -0.004912000000000004,
        0.999856,
        -0.999856
      ],
      [
        -0.013304000000000014,
        0.006064000000000006,
        0.004912000000000004,
        -0.999856,
        0.999856
      ]
    ],
    [
      [
        0.989596,
        -0.6499160000000002,
        0.593516,
        -0.001099999999999944,
        0.001099999999999944
      ],
      [
        -0.6499160000000002,
        0.996636,
        -0.6522360000000001,
        0.057100000000000095,
        -0.057100000000000095
      ],
      [
        0.593516,
        -0.6522360000000001,
        0.979836,
        -0.02309999999999999,
        0.02309999999999999
      ],
      [
        -0.001099999999999944,
        0.057100000000000095,
        -0.02309999999999999,
        0.9975,
        -0.9975
      ],
      [
        0.001099999999999944,
        -0.057100000000000095,
        0.02309999999999999,
        -0.9975,
        0.9975
      ]
    ],
    [
      [
        0.998976,
        -0.636736,
        0.621424,
        -0.004768000000000005,
        0.0027040000000000033
      ],
      [
        -0.636736,
        0.978096,
        -0.648664,
        0.01244800000000001,
        -0.010744000000000007
      ],
      [
        0.621424,
        -0.648664,
        0.999676,
        -0.002431999999999943,
        0.00039599999999994154
      ],
      [
        -0.004768000000000005,
        0.01244800000000001,
        -0.002431999999999943,
        0.999424,
        -0.997472
      ],
      [
        0.0027040000000000033,
        -0.010744000000000007,
        0.00039599999999994154,
        -0.997472,
        0.999516
      ]
    ],
    [
      [
        0.999516,
        -0.625892,
        0.6271639999999999,
        0.007604000000000007,
        -0.007604000000000007
      ],
      [
        -0.625892,
        0.992604,
        -0.615268,
        -0.02154800000000002,
        0.02154800000000002
      ],
      [
        0.6271639999999999,
        -0.615268,
        0.9985559999999998,
        0.0073160000000000065,
        -0.0073160000000000065
      ],
      [
        0.007604000000000007,
        -0.02154800000000002,
        0.0073160000000000065,
        0.999676,
        -0.999676
      ],
      [
        -0.007604000000000007,
        0.02154800000000002,
        -0.0073160000000000065,
        -0.999676,
        0.999676
      ]
    ],
    [
      [
        0.999996,
        -0.6218639999999999,
        0.6259759999999999,
        -0.029959999999999997,
        0.029959999999999997
      ],
      [
        -0.6218639999999999,
        0.995376,
        -0.6111839999999998,
        0.030639999999999935,
        -0.030639999999999935
      ],
      [
        0.6259759999999999,
        -0.6111839999999998,
        0.999856,
        -0.019759999999999958,
        0.019759999999999958
      ],
      [
        -0.029959999999999997,
        0.030639999999999935,
        -0.019759999999999958,
        0.9996,
        -0.9996
      ],
      [
        0.029959999999999997,
        -0.030639999999999935,
        0.019759999999999958,
        -0.9996,
        0.9996
      ]
    ],
    [
      [
        0.994816,
        -0.634016,
        0.623392,
        0.02230400000000002,
        -0.02230400000000002
      ],
      [
        -0.634016,
        0.999216,
        -0.6657919999999999,
        -0.03910400000000006,
        0.03910400000000006
      ],
      [
        0.623392,
        -0.6657919999999999,
        0.995904,
        -0.01795199999999999,
        0.01795199999999999
      ],
      [
        0.02230400000000002,
        -0.03910400000000006,
        -0.01795199999999999,
        0.998976,
        -0.998976
      ],
      [
        -0.02230400000000002,
        0.03910400000000006,
        0.01795199999999999,
        -0.998976,
        0.998976
      ]
    ],
    [
      [
        0.998704,
        -0.668,
        0.6403440000000001,
        -0.015280000000000016,
        0.015280000000000016
      ],
      [
        -0.668,
        1.0,
        -0.6819999999999999,
        -0.01200000000000001,
        0.01200000000000001
      ],
      [
        0.6403440000000001,
        -0.6819999999999999,
        0.997884,
        -0.021079999999999967,
        0.021079999999999967
      ],
      [
        -0.015280000000000016,
        -0.01200000000000001,
        -0.021079999999999967,
        0.9996,
        -0.9996
      ],
      [
        0.015280000000000016,
        0.01200000000000001,
        0.021079999999999967,
        -0.9996,
        0.9996
      ]
    ],
    [
      [
        0.999964,
        -0.677928,
        0.6600119999999999,
        -0.08813200000000004,
        0.08813200000000004
      ],
      [
        -0.677928,
        0.999856,
        -0.662024,
        0.006263999999999977,
        -0.006263999999999977
      ],
      [
        0.6600119999999999,
        -0.662024,
        0.999996,
        -0.05595600000000002,
        0.05595600000000002
      ],
      [
        -0.08813200000000004,
        0.006263999999999977,
        -0.05595600000000002,
        0.999516,
        -0.999516
      ],
      [
        0.08813200000000004,
        -0.006263999999999977,
        0.05595600000000002,
        -0.999516,
        0.999516
      ]
    ],
    [
      [
        0.992604,
        -0.627484,
        0.6458719999999999,
        0.016967999999999983,
        -0.016967999999999983
      ],
      [
        -0.627484,
        0.999964,
        -0.6577120000000002,
        -0.02192800000000002,
        0.02192800000000002
      ],
      [
        0.6458719999999999,
        -0.6577120000000002,
        0.997696,
        0.019423999999999986,
        -0.019423999999999986
      ],
      [
        0.016967999999999983,
        -0.02192800000000002,
        0.019423999999999986,
        0.9998560000000002,
        -0.9998560000000002
      ],
      [
        -0.016967999999999983,
        0.02192800000000002,
        -0.019423999999999986,
        -0.9998560000000002,
        0.9998560000000002
      ]
    ]
  ]
}