{
  "settings_list": [
    [
      2.543461783093844,
      3.12464457096496,
      0.31757334257101655,
      1.6967260755833973,
      3.431694732243385,
      5.408610871491859,
      4.953110545125087,
      4.138867308365728,
      3.4483175049716435,
      1.5324966552970558,
      5.93954452363049,
      1.2010154076441197,
      5.085542142904633,
      0.39580261124752375,
      5.474042743269502
    ],
    [
      2.4572606999290443,
      3.1012111533617603,
      0.30981828951501655,
      1.6466540130777974,
      3.377817506448185,
      5.4042854671238585,
      4.929860383022687,
      4.0758107638537275,
      3.4638480535092433,
      1.446886490349856,
      6.12566535493929,
      1.1866148998233197,
      5.013328603106233,
      0.2174688722555238,
      5.4697439976023015
    ],
    [
      2.3302095200890443,
      3.0791485626417603,
      0.3142171735150166,
      1.5891428213977974,
      3.310355037328185,
      5.410756857043858,
      4.882056837262687,
      3.9992022766537274,
      3.4679153231092434,
      1.384284312269856,
      6.26358191141929,
      1.1741250355033197,
      4.942612062946233,
      0.10330859945552379,
      5.475260853922301
    ],
    [
      2.1797192840250443,
      3.0316901542897603,
      0.32394698813901657,
      1.5248095040857974,
      3.2045743419361847,
      5.411018868307858,
      4.822350837326687,
      3.8760810836617274,
      3.4726897853492433,
      1.3477885479498561,
      6.3290959857552895,
      1.1737675697433196,
      4.920833793090233,
      0.04705746707152381,
      5.473750488450301
    ],
    [
      2.0048886354490443,
      2.9973344106353603,
      0.3304175081582166,
      1.4588896444697974,
      3.086812907001785,
      5.4093108184390575,
      4.759841622341087,
      3.7329573613673275,
      3.478978155874043,
      1.371573152772256,
      6.328676222174489,
      1.1710895572121196,
      4.927484984130232,
      0.04741657763152382,
      5.486526573826302
    ],
    [
      1.8649711032890444,
      2.9345912392753606,
      0.3401127517582166,
      1.4546947520697975,
      2.9896217501217848,
      5.399635129159058,
      4.718641913541087,
      3.6014794388873277,
      3.489696524274043,
      1.3495938361322561,
      6.313296720014489,
      1.1855118440921195,
      4.928553550610232,
      0.05059354515152382,
      5.487115252866301
    ],
    [
      1.7980169394170444,
      2.9201551003633606,
      0.33985461332621664,
      1.4899213334457975,
      2.945976882441785,
      5.397342720167058,
      4.712757769189087,
      3.532374511527328,
      3.504758210322043,
      1.350260366596256,
      6.314068386446489,
      1.1995949724441195,
      4.947496981586232,
      0.023784253727523824,
      5.479920908386301
    ],
    [
      1.7201235361018443,
      2.8959136948849604,
      0.33703526947341667,
      1.5073214306905975,
      2.908818958371385,
      5.402148357466258,
      4.709830385179488,
      3.472457564928928,
      3.511713050286843,
      1.361806400730656,
      6.307063365198489,
      1.2092470943065194,
      4.933431022978232,
      0.020287954501923826,
      5.473964373263101
    ],
    [
      1.6498975607418445,
      2.8862164468849603,
      0.33152299491341664,
      1.5290020105305977,
      2.881672211811385,
      5.398158021146258,
      4.706512125659487,
      3.445274928448928,
      3.504567827566843,
      1.383774722330656,
      6.311621601838489,
      1.2048813371865195,
      4.933234555298232,
      -0.007139125018076151,
      5.479271750063101
    ],
    [
      1.6257732101370443,
      2.8557642064017603,
      0.32757740035981664,
      1.5272099199609979,
      2.880174723798585,
      5.377607519783058,
      4.700779363576287,
      3.420690408436128,
      3.5021440137012427,
      1.391983360647456,
      6.298909339860889,
      1.2063924866169196,
      4.911331527397432,
      -0.019181574659676147,
      5.4504773634999015
    ],
    [
      1.6118882052922443,
      2.83991150733936,
      0.32119639352461665,
      1.517528643816998,
      2.8768906363937847,
      5.392317852695058,
      4.687688577505887,
      3.410473350938528,
      3.4956038922964425,
      1.397499057537056,
      6.285649163656089,
      1.2136100248729196,
      4.909326451317432,
      0.0027256457531238364,
      5.420017367797501
    ],
    [
      1.5976994387386443,
      2.86317689452656,
      0.3090036839310166,
      1.546819443996198,
      2.8798142397089848,
      5.391508574986258,
      4.7106983252306875,
      3.416745922164128,
      3.5055622080980426,
      1.389556872500256,
      6.309129590408089,
      1.2043498819865197,
      4.919107532879033,
      0.016564621676323797,
      5.420334583861502
    ],
    [
      1.5736096328506444,
      2.88361116290736,
      0.3161888068718166,
      1.5432533773465982,
      2.8633443139073846,
      5.402529664874257,
      4.726764160344287,
      3.416157085767328,
      3.5142927103284425,
      1.3904680582378561,
      6.327896235851289,
      1.2072325454457198,
      4.901508916677432,
      0.03441584616592379,
      5.4274790071383014
    ],
    [
      1.5676502377434445,
      2.87037222890096,
      0.3168836111246166,
      1.5719836460825982,
      2.868824624422585,
      5.403993147399057,
      4.710685587393887,
      3.402137438196128,
      3.5165037770516423,
      1.393299186967456,
      6.296947907166489,
      1.2077518743417197,
      4.9028065915606325,
      0.010919633135523788,
      5.420137427624701
    ],
    [
      1.5856964310874444,
      2.89143273617136,
      0.3101252329678166,
      1.5839086131609983,
      2.884960507116985,
      5.414208059386257,
      4.731625544801887,
      3.396600751648928,
      3.5347683476180425,
      1.394303598845856,
      6.268667811985689,
      1.2067189356793198,
      4.894475868200632,
      0.021618066095523764,
      5.405418309819901
    ],
    [
      1.5481031901274445,
      2.89069162669936,
      0.31111306370381664,
      1.5730390505689982,
      2.8892314386529847,
      5.423343358330257,
      4.729410897457887,
      3.385336038144928,
      3.5418809857940423,
      1.3809273258538561,
      6.256248118209689,
      1.1823432954233197,
      4.892757969224633,
      0.030803166095523776,
      5.403418910843901
    ],
    [
      1.5495731496026446,
      2.89315381759856,
      0.30178248721741663,
      1.5792361335001983,
      2.8924649928801847,
      5.434514311341457,
      4.723633680638687,
      3.3917808036361277,
      3.5476247328660424,
      1.3499055533610562,
      6.274168818932889,
      1.1803872851321198,
      4.913377914389432,
      0.009161095874723763,
      5.408721930466301
    ],
    [
      1.5625027533786446,
      2.8924488435825597,
      0.29748244110541666,
      1.5867892652441984,
      2.9006899645281847,
      5.436652864205457,
      4.7280323081266875,
      3.3912862373641275,
      3.5681370492820426,
      1.3649522240490561,
      6.2721187041808895,
      1.1740161146681198,
      4.928263605653433,
      0.01152152384272377,
      5.4107239270423015
    ],
    [
      1.5669907419642446,
      2.8823944853809595,
      0.2962711089934167,
      1.5708335609401984,
      2.8875923671905848,
      5.440039622106257,
      4.734136817864288,
      3.4084397653769276,
      3.5550452884532424,
      1.3510406977930562,
      6.28492585984489,
      1.1859920356281197,
      4.907960578213433,
      0.011019385151523783,
      5.417207725733501
    ],
    [
      1.5570496319002445,
      2.8845469629585594,
      0.28563487753741673,
      1.5636993101337984,
      2.899808883619385,
      5.425062892099857,
      4.737047522885088,
      3.4072572990729277,
      3.5554707733236426,
      1.3808953343082562,
      6.2956000253232896,
      1.1789154179641197,
      4.9225357862294326,
      0.01921915124432378,
      5.415140735771901
    ],
    [
      1.5726300726138445,
      2.8923478617649594,
      0.27385787950861673,
      1.5786510803097984,
      2.890858518803385,
      5.410877424170256,
      4.710552282843488,
      3.3990732860201276,
      3.5811309567508425,
      1.3618188681962562,
      6.2812636413456895,
      1.1882550166457198,
      4.9050315091734324,
      0.006314759186723785,
      5.426639568143101
    ]
  ],
  "cost_vals": [],
  "step_size": 0.1,
  "opt_step_times": [
    36.272937059402466,
    100.79379844665527,
    65.12146139144897,
    33.97987747192383,
    76.70271062850952,
    68.50491762161255,
    32.17559885978699,
    41.14252519607544,
    100.32093334197998,
    163.4908528327942,
    100.3601062297821,
    74.6112859249115,
    58.22331523895264,
    20.661916971206665,
    33.20841383934021,
    24.407856702804565,
    40.99445152282715,
    72.0281913280487,
    60.720393657684326,
    37.95051050186157
  ],
  "opt_settings": [
    1.5726300726138445,
    2.8923478617649594,
    0.27385787950861673,
    1.5786510803097984,
    2.890858518803385,
    5.410877424170256,
    4.710552282843488,
    3.3990732860201276,
    3.5811309567508425,
    1.3618188681962562,
    6.2812636413456895,
    1.1882550166457198,
    4.9050315091734324,
    0.006314759186723785,
    5.426639568143101
  ],
  "min_cost": null,
  "datetime": "2023-05-22T16-49-10Z",
  "step_only": true,
  "ibm_device": "ibmq_qasm_simulator",
  "shots": 1000,
  "prep_node_name": "W_state_2-qubit_ghz_state",
  "num_qubits": 5,
  "error": false,
  "cov_mats": [
    [
      [
        0.960796,
        0.30283200000000005,
        -0.16613999999999998,
        -0.03956400000000004,
        -0.03156400000000003
      ],
      [
        0.30283200000000005,
        0.999744,
        -0.11288000000000005,
        -0.04628800000000007,
        -0.062288
      ],
      [
        -0.16613999999999998,
        -0.11288000000000005,
        0.9951,
        -0.01873999999999996,
        -0.014740000000000012
      ],
      [
        -0.03956400000000004,
        -0.04628800000000007,
        -0.01873999999999996,
        0.999676,
        0.735676
      ],
      [
        -0.03156400000000003,
        -0.062288,
        -0.014740000000000012,
        0.735676,
        0.999676
      ]
    ],
    [
      [
        0.907584,
        0.37099200000000004,
        -0.22993600000000006,
        -0.02068799999999997,
        -0.02172799999999997
      ],
      [
        0.37099200000000004,
        0.989596,
        -0.245268,
        0.0057560000000000215,
        -0.0052639999999999874
      ],
      [
        -0.22993600000000006,
        -0.245268,
        0.995644,
        0.06945200000000004,
        0.07611200000000004
      ],
      [
        -0.02068799999999997,
        0.0057560000000000215,
        0.06945200000000004,
        0.999516,
        0.9052959999999999
      ],
      [
        -0.02172799999999997,
        -0.0052639999999999874,
        0.07611200000000004,
        0.9052959999999999,
        0.998976
      ]
    ],
    [
      [
        0.945244,
        0.46932,
        -0.31425600000000004,
        -0.03766000000000002,
        -0.03578800000000002
      ],
      [
        0.46932,
        0.9996,
        -0.31568000000000007,
        -0.02580000000000002,
        -0.025640000000000024
      ],
      [
        -0.31425600000000004,
        -0.31568000000000007,
        0.999744,
        0.02184000000000002,
        0.017712000000000016
      ],
      [
        -0.03766000000000002,
        -0.02580000000000002,
        0.02184000000000002,
        0.9999000000000002,
        0.9878200000000003
      ],
      [
        -0.03578800000000002,
        -0.025640000000000024,
        0.017712000000000016,
        0.9878200000000003,
        0.9996760000000002
      ]
    ],
    [
      [
        0.976284,
        0.538164,
        -0.42999999999999994,
        0.009079999999999987,
        0.009079999999999987
      ],
      [
        0.538164,
        0.9956439999999999,
        -0.47,
        0.020680000000000042,
        0.020680000000000042
      ],
      [
        -0.42999999999999994,
        -0.47,
        1.0,
        0.048000000000000015,
        0.048000000000000015
      ],
      [
        0.009079999999999987,
        0.020680000000000042,
        0.048000000000000015,
        0.9996000000000003,
        0.9996000000000003
      ],
      [
        0.009079999999999987,
        0.020680000000000042,
        0.048000000000000015,
        0.9996000000000003,
        0.9996000000000003
      ]
    ],
    [
      [
        0.973756,
        0.633128,
        -0.54314,
        0.021195999999999972,
        0.021195999999999972
      ],
      [
        0.633128,
        0.998064,
        -0.6153200000000001,
        0.00784799999999995,
        0.00784799999999995
      ],
      [
        -0.54314,
        -0.6153200000000001,
        0.9991,
        0.025260000000000022,
        0.025260000000000022
      ],
      [
        0.021195999999999972,
        0.00784799999999995,
        0.025260000000000022,
        0.998236,
        0.998236
      ],
      [
        0.021195999999999972,
        0.00784799999999995,
        0.025260000000000022,
        0.998236,
        0.998236
      ]
    ],
    [
      [
        0.982044,
        0.6120200000000001,
        -0.609712,
        0.030288000000000065,
        0.030288000000000065
      ],
      [
        0.6120200000000001,
        0.9991,
        -0.6389600000000001,
        -0.018959999999999956,
        -0.018959999999999956
      ],
      [
        -0.609712,
        -0.6389600000000001,
        0.998976,
        0.010976000000000012,
        0.010976000000000012
      ],
      [
        0.030288000000000065,
        -0.018959999999999956,
        0.010976000000000012,
        0.998976,
        0.998976
      ],
      [
        0.030288000000000065,
        -0.018959999999999956,
        0.010976000000000012,
        0.998976,
        0.998976
      ]
    ],
    [
      [
        0.9951,
        0.6429399999999998,
        -0.61596,
        -0.02200000000000002,
        -0.02200000000000002
      ],
      [
        0.6429399999999998,
        0.998236,
        -0.6448240000000001,
        0.010000000000000009,
        0.010000000000000009
      ],
      [
        -0.61596,
        -0.6448240000000001,
        0.999216,
        2.7755575615628914e-17,
        2.7755575615628914e-17
      ],
      [
        -0.02200000000000002,
        0.010000000000000009,
        2.7755575615628914e-17,
        1.0,
        1.0
      ],
      [
        -0.02200000000000002,
        0.010000000000000009,
        2.7755575615628914e-17,
        1.0,
        1.0
      ]
    ],
    [
      [
        0.99,
        0.6597999999999999,
        -0.634,
        0.05100000000000002,
        0.05100000000000002
      ],
      [
        0.6597999999999999,
        0.999676,
        -0.65436,
        0.08854000000000005,
        0.08854000000000005
      ],
      [
        -0.634,
        -0.65436,
        0.9996,
        -0.041400000000000034,
        -0.041400000000000034
      ],
      [
        0.05100000000000002,
        0.08854000000000005,
        -0.041400000000000034,
        0.9991000000000002,
        0.9991000000000002
      ],
      [
        0.05100000000000002,
        0.08854000000000005,
        -0.041400000000000034,
        0.9991000000000002,
        0.9991000000000002
      ]
    ],
    [
      [
        0.999744,
        0.6871679999999999,
        -0.686672,
        -0.008128000000000007,
        -0.008064000000000007
      ],
      [
        0.6871679999999999,
        0.997296,
        -0.660184,
        -0.020415999999999962,
        -0.020207999999999962
      ],
      [
        -0.686672,
        -0.660184,
        0.9982359999999999,
        -0.006335999999999949,
        -0.0061679999999999496
      ],
      [
        -0.008128000000000007,
        -0.020415999999999962,
        -0.006335999999999949,
        0.999936,
        0.995968
      ],
      [
        -0.008064000000000007,
        -0.020207999999999962,
        -0.0061679999999999496,
        0.995968,
        0.999984
      ]
    ],
    [
      [
        0.999744,
        0.6905439999999999,
        -0.6548639999999999,
        -0.039680000000000035,
        -0.039680000000000035
      ],
      [
        0.6905439999999999,
        0.998844,
        -0.6381640000000001,
        -0.04268000000000001,
        -0.04268000000000001
      ],
      [
        -0.6548639999999999,
        -0.6381640000000001,
        0.997084,
        0.015079999999999984,
        0.015079999999999984
      ],
      [
        -0.039680000000000035,
        -0.04268000000000001,
        0.015079999999999984,
        0.9996,
        0.9996
      ],
      [
        -0.039680000000000035,
        -0.04268000000000001,
        0.015079999999999984,
        0.9996,
        0.9996
      ]
    ],
    [
      [
        0.9999,
        0.70414,
        -0.6919,
        -0.045360000000000046,
        -0.045360000000000046
      ],
      [
        0.70414,
        0.999804,
        -0.6881400000000001,
        -0.03489600000000003,
        -0.03489600000000003
      ],
      [
        -0.6919,
        -0.6881400000000001,
        0.9999,
        0.04135999999999998,
        0.04135999999999998
      ],
      [
        -0.045360000000000046,
        -0.03489600000000003,
        0.04135999999999998,
        0.995904,
        0.995904
      ],
      [
        -0.045360000000000046,
        -0.03489600000000003,
        0.04135999999999998,
        0.995904,
        0.995904
      ]
    ],
    [
      [
        0.999324,
        0.6524679999999999,
        -0.6754279999999999,
        -0.09807600000000001,
        -0.09807600000000001
      ],
      [
        0.6524679999999999,
        0.999676,
        -0.648396,
        -0.02533200000000002,
        -0.02533200000000002
      ],
      [
        -0.6754279999999999,
        -0.648396,
        0.999516,
        0.08237200000000004,
        0.08237200000000004
      ],
      [
        -0.09807600000000001,
        -0.02533200000000002,
        0.08237200000000004,
        0.994524,
        0.994524
      ],
      [
        -0.09807600000000001,
        -0.02533200000000002,
        0.08237200000000004,
        0.994524,
        0.994524
      ]
    ],
    [
      [
        0.999804,
        0.6414399999999999,
        -0.6516919999999999,
        -0.039972000000000035,
        -0.039972000000000035
      ],
      [
        0.6414399999999999,
        0.9984,
        -0.6411199999999999,
        -0.013919999999999984,
        -0.013919999999999984
      ],
      [
        -0.6516919999999999,
        -0.6411199999999999,
        0.999516,
        -0.048044000000000045,
        -0.048044000000000045
      ],
      [
        -0.039972000000000035,
        -0.013919999999999984,
        -0.048044000000000045,
        0.999996,
        0.999996
      ],
      [
        -0.039972000000000035,
        -0.013919999999999984,
        -0.048044000000000045,
        0.999996,
        0.999996
      ]
    ],
    [
      [
        0.9999,
        0.6418399999999999,
        -0.6361399999999999,
        -0.0043000000000000035,
        -0.0043000000000000035
      ],
      [
        0.6418399999999999,
        0.999744,
        -0.6302239999999999,
        0.013520000000000013,
        0.013520000000000013
      ],
      [
        -0.6361399999999999,
        -0.6302239999999999,
        0.999804,
        0.035580000000000035,
        0.035580000000000035
      ],
      [
        -0.0043000000000000035,
        0.013520000000000013,
        0.035580000000000035,
        0.9991,
        0.9991
      ],
      [
        -0.0043000000000000035,
        0.013520000000000013,
        0.035580000000000035,
        0.9991,
        0.9991
      ]
    ],
    [
      [
        0.9982359999999999,
        0.665832,
        -0.6549079999999999,
        -0.04015200000000004,
        -0.042236000000000044
      ],
      [
        0.665832,
        0.999984,
        -0.673896,
        -0.019823999999999935,
        -0.021831999999999935
      ],
      [
        -0.6549079999999999,
        -0.673896,
        0.999324,
        0.028856,
        0.030908
      ],
      [
        -0.04015200000000004,
        -0.019823999999999935,
        0.028856,
        0.998064,
        0.996152
      ],
      [
        -0.042236000000000044,
        -0.021831999999999935,
        0.030908,
        0.996152,
        0.998236
      ]
    ],
    [
      [
        0.9998999999999999,
        0.6796199999999999,
        -0.6533999999999999,
        -0.016739999999999953,
        -0.016739999999999953
      ],
      [
        0.6796199999999999,
        0.998556,
        -0.6397200000000001,
        0.01318800000000006,
        0.01318800000000006
      ],
      [
        -0.6533999999999999,
        -0.6397200000000001,
        0.9964,
        -0.02556000000000007,
        -0.02556000000000007
      ],
      [
        -0.016739999999999953,
        0.01318800000000006,
        -0.02556000000000007,
        0.994524,
        0.994524
      ],
      [
        -0.016739999999999953,
        0.01318800000000006,
        -0.02556000000000007,
        0.994524,
        0.994524
      ]
    ],
    [
      [
        0.9991,
        0.6708599999999999,
        -0.6484399999999999,
        0.007460000000000036,
        0.007460000000000036
      ],
      [
        0.6708599999999999,
        0.998556,
        -0.624024,
        0.03131600000000003,
        0.03131600000000003
      ],
      [
        -0.6484399999999999,
        -0.624024,
        0.997296,
        -0.005064000000000007,
        -0.005064000000000007
      ],
      [
        0.007460000000000036,
        0.03131600000000003,
        -0.005064000000000007,
        0.999676,
        0.999676
      ],
      [
        0.007460000000000036,
        0.03131600000000003,
        -0.005064000000000007,
        0.999676,
        0.999676
      ]
    ],
    [
      [
        0.994816,
        0.643392,
        -0.701696,
        0.017568000000000018,
        0.017568000000000018
      ],
      [
        0.643392,
        0.995904,
        -0.6619519999999999,
        -0.01438400000000001,
        -0.01438400000000001
      ],
      [
        -0.701696,
        -0.6619519999999999,
        0.998976,
        0.010192000000000008,
        0.010192000000000008
      ],
      [
        0.017568000000000018,
        -0.01438400000000001,
        0.010192000000000008,
        0.999964,
        0.999964
      ],
      [
        0.017568000000000018,
        -0.01438400000000001,
        0.010192000000000008,
        0.999964,
        0.999964
      ]
    ],
    [
      [
        0.996636,
        0.693332,
        -0.6422600000000002,
        0.05498400000000005,
        0.05498400000000005
      ],
      [
        0.693332,
        0.997884,
        -0.6786199999999999,
        0.043608000000000036,
        0.043608000000000036
      ],
      [
        -0.6422600000000002,
        -0.6786199999999999,
        0.9991,
        -0.048440000000000046,
        -0.048440000000000046
      ],
      [
        0.05498400000000005,
        0.043608000000000036,
        -0.048440000000000046,
        0.997296,
        0.997296
      ],
      [
        0.05498400000000005,
        0.043608000000000036,
        -0.048440000000000046,
        0.997296,
        0.997296
      ]
    ],
    [
      [
        0.995644,
        0.6214919999999999,
        -0.6297559999999999,
        0.010548000000000071,
        0.010548000000000071
      ],
      [
        0.6214919999999999,
        0.998556,
        -0.646708,
        0.007164000000000065,
        0.007164000000000065
      ],
      [
        -0.6297559999999999,
        -0.646708,
        0.998844,
        -0.019252000000000075,
        -0.019252000000000075
      ],
      [
        0.010548000000000071,
        0.007164000000000065,
        -0.019252000000000075,
        0.999516,
        0.999516
      ],
      [
        0.010548000000000071,
        0.007164000000000065,
        -0.019252000000000075,
        0.999516,
        0.999516
      ]
    ],
    [
      [
        0.999324,
        0.6758439999999999,
        -0.6758439999999999,
        0.018520000000000016,
        0.018520000000000016
      ],
      [
        0.6758439999999999,
        0.999964,
        -0.6679639999999999,
        0.03811999999999998,
        0.03811999999999998
      ],
      [
        -0.6758439999999999,
        -0.6679639999999999,
        0.999964,
        -0.06612,
        -0.06612
      ],
      [
        0.018520000000000016,
        0.03811999999999998,
        -0.06612,
        0.9996,
        0.9996
      ],
      [
        0.018520000000000016,
        0.03811999999999998,
        -0.06612,
        0.9996,
        0.9996
      ]
    ]
  ]
}