{
  "settings_list": [
    [
      4.2100087945287274,
      6.217058086755821,
      6.147711723659501,
      4.027655356888097,
      3.575502572570725,
      4.514604456609265,
      4.56715353445279,
      3.671754752150547,
      0.8346139224458432,
      6.0301159621171765,
      1.462720311739354,
      0.7666318090089457,
      5.61418996177765,
      5.094297697125557,
      5.4457903933194025
    ],
    [
      4.300499921187927,
      6.215553160042221,
      6.144926615077101,
      4.112692736100897,
      3.625240869197925,
      4.517878102986866,
      4.64260004574239,
      3.670130556518547,
      0.8317415902858433,
      6.018663768523576,
      1.5431173914513538,
      0.7699146194601457,
      5.61929402087845,
      4.965587888181557,
      5.441226802772203
    ],
    [
      4.3729594839015276,
      6.227179943658221,
      6.135739451205101,
      4.200026144427297,
      3.673087208116325,
      4.508499220804466,
      4.70151807177119,
      3.677073018726547,
      0.8403931601738432,
      6.013897522283576,
      1.5945142972881539,
      0.7750208116585457,
      5.6071575602448505,
      4.863193779957557,
      5.444486134157803
    ],
    [
      4.452444537757527,
      6.236048988131821,
      6.126672101841901,
      4.262061438481697,
      3.698036143002725,
      4.5012943960364655,
      4.75845896016799,
      3.693227470118547,
      0.8330805359818433,
      6.009877103998776,
      1.6247769099921539,
      0.7781832079401457,
      5.6082723854672505,
      4.817093744597557,
      5.4402286667274025
    ],
    [
      4.504412373482327,
      6.243175250371821,
      6.132171687681901,
      4.329276654542497,
      3.7347886474827248,
      4.514201883927665,
      4.7851299017391895,
      3.702448239081747,
      0.8310320465642432,
      6.0086904597075765,
      1.6183136947825538,
      0.7756494765321458,
      5.608951437188851,
      4.784786092530357,
      5.432474394727403
    ],
    [
      4.558469666973528,
      6.249456756240621,
      6.130813148213101,
      4.396456153384097,
      3.7417305196107247,
      4.513148129239665,
      4.8048264926255895,
      3.710492503977747,
      0.8331228052586432,
      5.997567340411576,
      1.6394806916337539,
      0.7726997982601458,
      5.612285106539251,
      4.766837614962357,
      5.428657098305003
    ],
    [
      4.609675803645527,
      6.264217033584621,
      6.132753362609901,
      4.461185669112097,
      3.7697842436843247,
      4.491467286330866,
      4.833690605732789,
      3.741495218963347,
      0.8411707124714433,
      5.990424783377977,
      1.6237597223505538,
      0.7767865252969458,
      5.615646797662452,
      4.751228034018357,
      5.4264690198122025
    ],
    [
      4.621884768125527,
      6.271369985904621,
      6.135196825009901,
      4.513512940152097,
      3.7846855806443247,
      4.498002706490865,
      4.822868728612789,
      3.751818798483347,
      0.8490534593514433,
      5.9933444748979765,
      1.6067026573905538,
      0.7757932472169459,
      5.601319552222452,
      4.742787918818357,
      5.439091940772203
    ],
    [
      4.656370629130327,
      6.275151960445421,
      6.137122628267501,
      4.549193054545697,
      3.8026874879403247,
      4.483359731316465,
      4.84363243857759,
      3.765209605952147,
      0.8388432340074433,
      5.987286953592377,
      1.6047131947857538,
      0.7769423778153459,
      5.602086679249652,
      4.724736768463157,
      5.439737652177003
    ],
    [
      4.689347220618327,
      6.273281593290221,
      6.137319297374701,
      4.586528103377697,
      3.8260560188331247,
      4.463181667546865,
      4.83650986503519,
      3.782586143756947,
      0.8463525780586433,
      5.984007156011577,
      1.5949922304593538,
      0.7764576710761459,
      5.578365262980852,
      4.722307096194357,
      5.429607456797803
    ],
    [
      4.704126590339927,
      6.290398433101421,
      6.1300458065747,
      4.617189945320097,
      3.8360110483499246,
      4.459425152532465,
      4.83356909991519,
      3.789099743324947,
      0.8519623194026432,
      5.9808083503795775,
      1.5837733325745538,
      0.768575614877746,
      5.577404836980852,
      4.723050779119157,
      5.434189392769003
    ],
    [
      4.711889785315926,
      6.291349040861421,
      6.1501746807827,
      4.622560414664097,
      3.8522790269579246,
      4.469697547556465,
      4.83954415146719,
      3.796112062940947,
      0.8380678078026432,
      5.991663861451578,
      1.5744643582545539,
      0.7584430699017459,
      5.588363905876852,
      4.693908827103157,
      5.430447625553003
    ],
    [
      4.708253280298326,
      6.321986655853421,
      6.1396492037843,
      4.6471271148304965,
      3.8714556891691245,
      4.453035113447665,
      4.82585593175519,
      3.833503371337747,
      0.8319493247274432,
      5.989326486661177,
      1.582288730568154,
      0.771022729703346,
      5.591458881281652,
      4.689667549893557,
      5.4299755940490035
    ],
    [
      4.709987628138326,
      6.350374226771821,
      6.1373004340179005,
      4.663268867444897,
      3.8778949826219247,
      4.444419421639665,
      4.8225929721071905,
      3.815112024246547,
      0.8318913904618432,
      5.985984371793977,
      1.5823484295953538,
      0.7642230956681461,
      5.590770074267253,
      4.6821543969015575,
      5.430965337594603
    ],
    [
      4.7128392606375265,
      6.359083562528621,
      6.138649144149101,
      4.697249556929696,
      3.8746814821163245,
      4.441164909703665,
      4.8165299927791905,
      3.822273790467347,
      0.8446078968042433,
      5.981367725073977,
      1.571499527284954,
      0.759966347008946,
      5.584241924788853,
      4.691998682648758,
      5.424894379143403
    ],
    [
      4.715168272080726,
      6.361226434554221,
      6.139999460494701,
      4.707960664571297,
      3.8888324737963247,
      4.445944797006065,
      4.81334242664799,
      3.835894075120147,
      0.8353102779114434,
      5.979188299467578,
      1.5746168109777539,
      0.760802297204146,
      5.585047681742453,
      4.703303511730358,
      5.424220656269803
    ],
    [
      4.6897571508455265,
      6.366957096711022,
      6.140244317192301,
      4.711152139419297,
      3.892994296081125,
      4.442270310241264,
      4.79620523724639,
      3.8509768357409473,
      0.8511896016938435,
      5.992057289342777,
      1.592037902049754,
      0.7674469487369461,
      5.603912857448053,
      4.700617731743158,
      5.417914343969003
    ],
    [
      4.706156448445527,
      6.384995261511022,
      6.131481529992301,
      4.735339505819296,
      3.896866212081125,
      4.4385077750412645,
      4.7980514724463905,
      3.8809981965409475,
      0.8625745440938435,
      5.9957864221427775,
      1.597894134849754,
      0.765072308736946,
      5.595933994248053,
      4.692209715743158,
      5.425321055169003
    ],
    [
      4.706468341642327,
      6.397726641331822,
      6.1484328933331005,
      4.734928405563297,
      3.917152370314725,
      4.418632929882865,
      4.78807193841759,
      3.8797296755105473,
      0.8545521668394435,
      5.9882181231539775,
      1.5893015074833539,
      0.757335460596146,
      5.588709799784053,
      4.681442997183158,
      5.419603057933803
    ],
    [
      4.698542433827927,
      6.413181581005422,
      6.167092685870701,
      4.7419914854224965,
      3.9460287861355248,
      4.417332952282865,
      4.80450663898719,
      3.8834085936801475,
      0.8461843432234435,
      5.969615590673977,
      1.5966556795921538,
      0.765673135066546,
      5.594977587636853,
      4.687280963160758,
      5.406647741863403
    ],
    [
      4.693495297818327,
      6.423476056960622,
      6.150586306677101,
      4.735185631604897,
      3.9501312513899247,
      4.422376397274865,
      4.802901036059191,
      3.8901204277825476,
      0.8366473760266435,
      5.969858552433977,
      1.5950584997265538,
      0.775164591853746,
      5.602217950894453,
      4.685436877829558,
      5.411237313549803
    ]
  ],
  "cost_vals": [],
  "step_size": 0.1,
  "opt_step_times": [
    62.026838541030884,
    41.06936860084534,
    47.08735156059265,
    42.91642498970032,
    41.342132329940796,
    40.666003465652466,
    51.45513319969177,
    39.66337990760803,
    40.94051671028137,
    39.508466720581055,
    80.23131537437439,
    42.26626634597778,
    41.78955674171448,
    43.018911838531494,
    41.25794315338135,
    40.811959743499756,
    43.595290422439575,
    49.672810792922974,
    39.545217752456665,
    43.79479360580444
  ],
  "opt_settings": [
    4.693495297818327,
    6.423476056960622,
    6.150586306677101,
    4.735185631604897,
    3.9501312513899247,
    4.422376397274865,
    4.802901036059191,
    3.8901204277825476,
    0.8366473760266435,
    5.969858552433977,
    1.5950584997265538,
    0.775164591853746,
    5.602217950894453,
    4.685436877829558,
    5.411237313549803
  ],
  "min_cost": null,
  "datetime": "2023-05-25T14-27-12Z",
  "step_only": true,
  "ibm_device": "ibmq_belem",
  "shots": 1000,
  "prep_node_name": "W_state_2-qubit_ghz_state",
  "num_qubits": 5,
  "error": false,
  "cov_mats": [
    [
      [
        0.9639,
        -0.21960000000000007,
        -0.35262,
        -0.041179999999999994,
        0.010760000000000054
      ],
      [
        -0.21960000000000007,
        0.9743999999999999,
        0.42968000000000006,
        0.05752,
        -0.028640000000000016
      ],
      [
        -0.35262,
        0.42968000000000006,
        0.989596,
        0.04404400000000005,
        -0.010408000000000004
      ],
      [
        -0.041179999999999994,
        0.05752,
        0.04404400000000005,
        0.993916,
        -0.774312
      ],
      [
        0.010760000000000054,
        -0.028640000000000016,
        -0.010408000000000004,
        -0.774312,
        0.999984
      ]
    ],
    [
      [
        0.965404,
        -0.2875400000000001,
        -0.350236,
        0.03320400000000004,
        -0.01520800000000003
      ],
      [
        -0.2875400000000001,
        0.9879,
        0.49185999999999996,
        -0.036539999999999975,
        -0.002920000000000063
      ],
      [
        -0.350236,
        0.49185999999999996,
        0.994524,
        -0.040435999999999916,
        0.03207199999999997
      ],
      [
        0.03320400000000004,
        -0.036539999999999975,
        -0.040435999999999916,
        0.987004,
        -0.7788080000000001
      ],
      [
        -0.01520800000000003,
        -0.002920000000000063,
        0.03207199999999997,
        -0.7788080000000001,
        0.999216
      ]
    ],
    [
      [
        0.975664,
        -0.29812000000000005,
        -0.4315920000000001,
        -0.026087999999999945,
        0.02212800000000003
      ],
      [
        -0.29812000000000005,
        0.9471,
        0.5608600000000001,
        0.032539999999999986,
        -0.031240000000000014
      ],
      [
        -0.4315920000000001,
        0.5608600000000001,
        0.986076,
        0.027963999999999975,
        -0.028584000000000005
      ],
      [
        -0.026087999999999945,
        0.032539999999999986,
        0.027963999999999975,
        0.989596,
        -0.8407760000000001
      ],
      [
        0.02212800000000003,
        -0.031240000000000014,
        -0.028584000000000005,
        -0.8407760000000001,
        0.999856
      ]
    ],
    [
      [
        0.997084,
        -0.3526600000000001,
        -0.47427600000000003,
        -0.039787999999999976,
        -0.015460000000000007
      ],
      [
        -0.3526600000000001,
        0.9559,
        0.52574,
        0.06361999999999995,
        -0.046099999999999954
      ],
      [
        -0.47427600000000003,
        0.52574,
        0.988764,
        0.055732000000000004,
        -0.009059999999999964
      ],
      [
        -0.039787999999999976,
        0.06361999999999995,
        0.055732000000000004,
        0.993916,
        -0.8407800000000001
      ],
      [
        -0.015460000000000007,
        -0.046099999999999954,
        -0.009059999999999964,
        -0.8407800000000001,
        0.9999
      ]
    ],
    [
      [
        0.997296,
        -0.41061600000000004,
        -0.43542400000000003,
        -0.006776000000000034,
        0.015975999999999987
      ],
      [
        -0.41061600000000004,
        0.979836,
        0.6135039999999998,
        0.039196000000000016,
        -0.057395999999999996
      ],
      [
        -0.43542400000000003,
        0.6135039999999998,
        0.992256,
        0.08054399999999996,
        -0.08534400000000002
      ],
      [
        -0.006776000000000034,
        0.039196000000000016,
        0.08054399999999996,
        0.996156,
        -0.850356
      ],
      [
        0.015975999999999987,
        -0.057395999999999996,
        -0.08534400000000002,
        -0.850356,
        0.998556
      ]
    ],
    [
      [
        0.999984,
        -0.38763200000000003,
        -0.411632,
        0.01628799999999996,
        0.008000000000000007
      ],
      [
        -0.38763200000000003,
        0.991536,
        0.523536,
        0.017375999999999982,
        -0.008000000000000018
      ],
      [
        -0.411632,
        0.523536,
        0.991536,
        -0.02662399999999998,
        -0.0040000000000000695
      ],
      [
        0.01628799999999996,
        0.017375999999999982,
        -0.02662399999999998,
        0.9948160000000003,
        -0.8920000000000001
      ],
      [
        0.008000000000000007,
        -0.008000000000000018,
        -0.0040000000000000695,
        -0.8920000000000001,
        1.0
      ]
    ],
    [
      [
        0.9999,
        -0.4006399999999999,
        -0.43311999999999995,
        0.04643999999999999,
        -0.04547999999999996
      ],
      [
        -0.4006399999999999,
        0.981504,
        0.516032,
        0.05801600000000003,
        -0.03507199999999997
      ],
      [
        -0.43311999999999995,
        0.516032,
        0.992256,
        -0.0038719999999999467,
        0.03942400000000003
      ],
      [
        0.04643999999999999,
        0.05801600000000003,
        -0.0038719999999999467,
        0.998064,
        -0.858288
      ],
      [
        -0.04547999999999996,
        -0.03507199999999997,
        0.03942400000000003,
        -0.858288,
        0.9972960000000002
      ]
    ],
    [
      [
        0.998976,
        -0.419472,
        -0.41366400000000003,
        -0.029408,
        0.0016799999999999717
      ],
      [
        -0.419472,
        0.997884,
        0.6236080000000002,
        -0.00802399999999998,
        -0.0004600000000000306
      ],
      [
        -0.41366400000000003,
        0.6236080000000002,
        0.997296,
        0.013712000000000035,
        -0.030520000000000057
      ],
      [
        -0.029408,
        -0.00802399999999998,
        0.013712000000000035,
        0.9980640000000002,
        -0.8944400000000001
      ],
      [
        0.0016799999999999717,
        -0.0004600000000000306,
        -0.030520000000000057,
        -0.8944400000000001,
        0.9999000000000002
      ]
    ],
    [
      [
        0.9990999999999999,
        -0.45033999999999996,
        -0.44027999999999995,
        0.05826000000000006,
        -0.05083999999999996
      ],
      [
        -0.45033999999999996,
        0.993916,
        0.6040719999999999,
        -0.012523999999999997,
        0.015816000000000018
      ],
      [
        -0.44027999999999995,
        0.6040719999999999,
        0.994224,
        -0.014407999999999982,
        0.02187200000000002
      ],
      [
        0.05826000000000006,
        -0.012523999999999997,
        -0.014407999999999982,
        0.996636,
        -0.8636240000000001
      ],
      [
        -0.05083999999999996,
        0.015816000000000018,
        0.02187200000000002,
        -0.8636240000000001,
        0.9992160000000002
      ]
    ],
    [
      [
        0.9951,
        -0.41588,
        -0.42899999999999994,
        -0.020979999999999957,
        -0.00016000000000000562
      ],
      [
        -0.41588,
        0.992944,
        0.5796,
        0.06482400000000003,
        -0.055392
      ],
      [
        -0.42899999999999994,
        0.5796,
        0.99,
        0.04860000000000005,
        -0.040799999999999975
      ],
      [
        -0.020979999999999957,
        0.06482400000000003,
        0.04860000000000005,
        0.999804,
        -0.8792320000000001
      ],
      [
        -0.00016000000000000562,
        -0.055392,
        -0.040799999999999975,
        -0.8792320000000001,
        0.9922560000000002
      ]
    ],
    [
      [
        0.9999,
        -0.4595000000000001,
        -0.44528000000000006,
        -0.02923999999999997,
        0.028019999999999996
      ],
      [
        -0.4595000000000001,
        0.9975,
        0.5744,
        0.030199999999999977,
        -0.044100000000000014
      ],
      [
        -0.44528000000000006,
        0.5744,
        0.994816,
        0.05052799999999999,
        -0.04614400000000001
      ],
      [
        -0.02923999999999997,
        0.030199999999999977,
        0.05052799999999999,
        0.994224,
        -0.8541520000000001
      ],
      [
        0.028019999999999996,
        -0.044100000000000014,
        -0.04614400000000001,
        -0.8541520000000001,
        0.9999960000000002
      ]
    ],
    [
      [
        0.999856,
        -0.397152,
        -0.410264,
        -0.05879199999999996,
        0.05195200000000002
      ],
      [
        -0.397152,
        0.990784,
        0.627888,
        0.04366399999999999,
        -0.03238400000000003
      ],
      [
        -0.410264,
        0.627888,
        0.999516,
        0.02254799999999999,
        -0.02208800000000002
      ],
      [
        -0.05879199999999996,
        0.04366399999999999,
        0.02254799999999999,
        0.995644,
        -0.8462640000000001
      ],
      [
        0.05195200000000002,
        -0.03238400000000003,
        -0.02208800000000002,
        -0.8462640000000001,
        0.9999840000000002
      ]
    ],
    [
      [
        0.999324,
        -0.44745599999999996,
        -0.44735199999999997,
        0.027844000000000053,
        -0.045299999999999986
      ],
      [
        -0.44745599999999996,
        0.996864,
        0.6810879999999999,
        0.013664000000000042,
        0.011199999999999979
      ],
      [
        -0.44735199999999997,
        0.6810879999999999,
        0.997296,
        -0.002312000000000082,
        0.02340000000000008
      ],
      [
        0.027844000000000053,
        0.013664000000000042,
        -0.002312000000000082,
        0.999964,
        -0.8763000000000001
      ],
      [
        -0.045299999999999986,
        0.011199999999999979,
        0.02340000000000008,
        -0.8763000000000001,
        0.9975000000000002
      ]
    ],
    [
      [
        0.9984,
        -0.42256,
        -0.39632,
        -0.023360000000000016,
        -0.007999999999999985
      ],
      [
        -0.42256,
        0.995904,
        0.6142880000000001,
        0.011823999999999994,
        0.004000000000000024
      ],
      [
        -0.39632,
        0.6142880000000001,
        0.996636,
        0.010028000000000047,
        0.009999999999999974
      ],
      [
        -0.023360000000000016,
        0.011823999999999994,
        0.010028000000000047,
        0.998844,
        -0.8620000000000001
      ],
      [
        -0.007999999999999985,
        0.004000000000000024,
        0.009999999999999974,
        -0.8620000000000001,
        1.0
      ]
    ],
    [
      [
        0.999856,
        -0.39700799999999997,
        -0.4025039999999999,
        0.033640000000000086,
        -0.05064799999999999
      ],
      [
        -0.39700799999999997,
        0.992944,
        0.590472,
        -0.02452000000000007,
        0.04146400000000006
      ],
      [
        -0.4025039999999999,
        0.590472,
        0.998236,
        0.006740000000000007,
        0.0017320000000000248
      ],
      [
        0.033640000000000086,
        -0.02452000000000007,
        0.006740000000000007,
        0.9991,
        -0.8816200000000001
      ],
      [
        -0.05064799999999999,
        0.04146400000000006,
        0.0017320000000000248,
        -0.8816200000000001,
        0.9970840000000002
      ]
    ],
    [
      [
        0.999216,
        -0.492976,
        -0.47264000000000006,
        -0.011327999999999956,
        -0.00826400000000001
      ],
      [
        -0.492976,
        0.988336,
        0.60304,
        0.01340800000000001,
        -0.00869600000000001
      ],
      [
        -0.47264000000000006,
        0.60304,
        0.9856,
        0.005120000000000003,
        -0.017440000000000018
      ],
      [
        -0.011327999999999956,
        0.01340800000000001,
        0.005120000000000003,
        0.9994240000000002,
        -0.8634880000000001
      ],
      [
        -0.00826400000000001,
        -0.00869600000000001,
        -0.017440000000000018,
        -0.8634880000000001,
        0.9961560000000003
      ]
    ],
    [
      [
        0.998976,
        -0.44411200000000006,
        -0.45752,
        -0.02681599999999994,
        0.019088000000000018
      ],
      [
        -0.44411200000000006,
        0.995644,
        0.62874,
        0.03619199999999998,
        -0.04175600000000001
      ],
      [
        -0.45752,
        0.62874,
        0.9879,
        0.01232000000000002,
        -0.016260000000000014
      ],
      [
        -0.02681599999999994,
        0.03619199999999998,
        0.01232000000000002,
        0.992256,
        -0.8790080000000001
      ],
      [
        0.019088000000000018,
        -0.04175600000000001,
        -0.016260000000000014,
        -0.8790080000000001,
        0.9988440000000002
      ]
    ],
    [
      [
        0.9993239999999999,
        -0.44111999999999996,
        -0.414652,
        -0.007975999999999971,
        -0.014519999999999983
      ],
      [
        -0.44111999999999996,
        0.9856,
        0.6337599999999999,
        0.05888000000000007,
        -0.03840000000000006
      ],
      [
        -0.414652,
        0.6337599999999999,
        0.989596,
        0.026248000000000035,
        -0.04804000000000004
      ],
      [
        -0.007975999999999971,
        0.05888000000000007,
        0.026248000000000035,
        0.994224,
        -0.84152
      ],
      [
        -0.014519999999999983,
        -0.03840000000000006,
        -0.04804000000000004,
        -0.84152,
        0.9996000000000003
      ]
    ],
    [
      [
        0.995376,
        -0.460696,
        -0.43316,
        -0.05646399999999997,
        0.03067999999999989
      ],
      [
        -0.460696,
        0.993916,
        0.5898599999999999,
        0.03394400000000001,
        -0.020779999999999993
      ],
      [
        -0.43316,
        0.5898599999999999,
        0.9831,
        -0.012759999999999987,
        -0.001300000000000009
      ],
      [
        -0.05646399999999997,
        0.03394400000000001,
        -0.012759999999999987,
        0.9972960000000002,
        -0.8785200000000001
      ],
      [
        0.03067999999999989,
        -0.020779999999999993,
        -0.001300000000000009,
        -0.8785200000000001,
        0.9999000000000002
      ]
    ],
    [
      [
        0.9990999999999999,
        -0.45834,
        -0.42305999999999994,
        0.005400000000000038,
        0.014980000000000044
      ],
      [
        -0.45834,
        0.993916,
        0.572044,
        -0.007560000000000052,
        0.03734800000000012
      ],
      [
        -0.42305999999999994,
        0.572044,
        0.989596,
        0.011960000000000023,
        0.0005320000000000307
      ],
      [
        0.005400000000000038,
        -0.007560000000000052,
        0.011960000000000023,
        0.9996,
        -0.8066800000000002
      ],
      [
        0.014980000000000044,
        0.03734800000000012,
        0.0005320000000000307,
        -0.8066800000000002,
        0.9988440000000002
      ]
    ],
    [
      [
        0.998064,
        -0.45914399999999994,
        -0.46193599999999996,
        -0.013608000000000094,
        0.03564800000000008
      ],
      [
        -0.45914399999999994,
        0.9993239999999999,
        0.5728559999999999,
        0.0018680000000000948,
        0.00979199999999998
      ],
      [
        -0.46193599999999996,
        0.5728559999999999,
        0.998064,
        0.03839200000000012,
        -0.06035200000000003
      ],
      [
        -0.013608000000000094,
        0.0018680000000000948,
        0.03839200000000012,
        0.993276,
        -0.8626560000000001
      ],
      [
        0.03564800000000008,
        0.00979199999999998,
        -0.06035200000000003,
        -0.8626560000000001,
        0.9999360000000003
      ]
    ]
  ]
}