{
  "settings_list": [
    [
      0.18582818520807734,
      0.8667991425992564,
      3.0985730996069463,
      0.9917815207810893,
      3.384050879448078,
      6.227308940645659,
      1.539485447285025,
      5.885467653776478,
      5.111008323546166,
      1.2363972691783904,
      0.3174387652964706,
      4.621839643198421,
      5.054121845106631,
      2.4296403482022417,
      5.04855643153551
    ],
    [
      0.17007200109287732,
      0.7709483793352563,
      3.0865451456357462,
      0.8899960537474892,
      3.358148296280078,
      6.225248444620059,
      1.545961235957025,
      5.883547401872478,
      5.118768246848566,
      1.1430403119943904,
      0.3114005580644706,
      4.623089609969621,
      5.117596411097031,
      2.445527076343042,
      5.04143325414031
    ],
    [
      0.1450594793584773,
      0.6532160255272563,
      3.082088266333346,
      0.7530906432930893,
      3.342362869169678,
      6.222750174866459,
      1.557420709272225,
      5.883526488557278,
      5.1181263204709655,
      1.0111024103271904,
      0.29128755472367057,
      4.613999847646421,
      5.184612131033031,
      2.4624506633382417,
      5.04281463389711
    ],
    [
      0.1058962820720773,
      0.4701877202728562,
      3.079446824899746,
      0.5511252250018892,
      3.283488645451278,
      6.218750989151259,
      1.5631340400114249,
      5.873369368557278,
      5.1163252844389655,
      0.7982561202535903,
      0.23887734974447053,
      4.592024430507221,
      5.343248178802631,
      2.518183866743042,
      5.03774822283791
    ],
    [
      0.04807795512487725,
      0.2417463467304562,
      3.077207542595746,
      0.30597097217948915,
      3.203477394408078,
      6.2133212039864585,
      1.603142816715425,
      5.8754573127652785,
      5.092629515760565,
      0.4618943698279901,
      0.1611876023940705,
      4.588889900216022,
      5.5871526809306316,
      2.6428407454918417,
      5.019181552201109
    ],
    [
      0.006298485844877237,
      0.008593600215256098,
      3.085069772707746,
      0.06904643184668907,
      3.165506252609678,
      6.237682524799259,
      1.6526311162098248,
      5.902464764048479,
      5.106628021968565,
      0.10823415222799004,
      0.048014235341270445,
      4.572734501726422,
      5.975625208149832,
      2.8660529217670416,
      5.011630817730709
    ],
    [
      -0.04938720612312277,
      0.011396248631256095,
      3.119548954051746,
      0.024044044454689106,
      3.128920006209678,
      6.230342810687259,
      1.6829714535218248,
      5.903713637968479,
      5.094830613680565,
      0.026369456963990068,
      0.047727765005270456,
      4.564530366174422,
      6.276697587733832,
      3.1809457449030414,
      5.013355266946709
    ],
    [
      -0.004313761627122811,
      0.04656256113045616,
      3.118569734685346,
      0.02482733549788906,
      3.153631082846478,
      6.228854362892059,
      1.8055567897810247,
      5.903615399485279,
      5.093656072304565,
      -0.032917253164009924,
      -0.006872870530729623,
      4.562518772404822,
      6.279320657913032,
      3.131612579251841,
      5.009309398210709
    ],
    [
      0.007280379227277173,
      -0.033273029407143884,
      3.112102810509346,
      0.02501134440348902,
      3.074302715393678,
      6.213485757426459,
      2.0322158869266245,
      5.923114925299679,
      5.084165519811766,
      0.01377547055759007,
      -0.016032355775529614,
      4.561359770417622,
      6.292486396217032,
      3.177283321395841,
      4.999694164642709
    ],
    [
      0.022975227659277127,
      0.013447030048856057,
      3.106037985005346,
      -0.01723738902051106,
      3.233409573953678,
      6.214468049298459,
      2.6045943141426244,
      6.062922464963679,
      5.0658766039237655,
      0.009304086061590005,
      -0.01988053060752966,
      4.566841910545621,
      6.2911265185690315,
      3.176207622211841,
      4.996049889714709
    ],
    [
      -0.010099155297522769,
      0.039119443348056074,
      3.099804870688546,
      -0.0015798557149110035,
      3.1030852304656777,
      6.214803879948059,
      3.2590750984114245,
      6.292618233718879,
      5.062974569792566,
      -0.0169045233720099,
      -0.0360777738267296,
      4.555704084472021,
      6.334515590722631,
      3.130316598141441,
      4.991270159570709
    ],
    [
      -0.03644053636632283,
      -0.09457542902954384,
      3.106938229206946,
      0.0021093073634889966,
      3.123842782811278,
      6.217923136882459,
      3.0953404000242246,
      6.302710232464479,
      5.071301687437366,
      0.040888145603990164,
      0.01653761278767043,
      4.5616262838064205,
      6.274338670239431,
      3.207551317690241,
      4.989906308617109
    ],
    [
      -0.007207467777522857,
      0.046575842317656144,
      3.095089533270946,
      -0.026226569295711058,
      3.083128232257678,
      6.214421381970459,
      3.2032614501938244,
      6.276997120995679,
      5.067720178733365,
      -0.0635110888728099,
      -0.0037446585659296726,
      4.558131719928021,
      6.307950899583432,
      3.211151599712641,
      4.99766696196111
    ],
    [
      0.05448576314727717,
      -0.036819060632743886,
      3.096187819517346,
      0.006632826057888917,
      3.134226316622478,
      6.212893931359258,
      3.0572405688626243,
      6.289404190653279,
      5.074067379194165,
      0.12398045574159011,
      -0.04712077627472962,
      4.558210696068821,
      6.275627761241032,
      3.059564737018241,
      4.99407779570191
    ],
    [
      0.0019242068816770624,
      0.08746229030485625,
      3.093511954003746,
      0.022092835693088935,
      3.142883403944078,
      6.216526986037659,
      3.2027607663410245,
      6.2486200792964794,
      5.0811696705925655,
      -0.12029500955120995,
      0.02675923426287037,
      4.547397692203221,
      6.271823184924232,
      3.135940868819841,
      5.00778871634511
    ],
    [
      0.01203962736487708,
      -0.01971126274154357,
      3.092354136170146,
      -0.060468727814111015,
      3.117587356414478,
      6.222890730008858,
      3.1496929554482245,
      6.2991194608228795,
      5.080681558176566,
      0.03881390260559006,
      -0.08980581293712968,
      4.5578876797968215,
      6.238429618357832,
      3.154057099591041,
      5.0095129490779104
    ],
    [
      -0.07492302139992288,
      -0.08755121125034365,
      3.1080804165477462,
      -0.01105505188451096,
      3.1260427601232776,
      6.228189329375258,
      3.1090782949458244,
      6.325065660922079,
      5.084202901494965,
      0.006726379744790026,
      0.03289998185647035,
      4.559441201000022,
      6.318961139487432,
      3.170852937731841,
      5.005353611135511
    ],
    [
      -0.038581009815922836,
      0.04840389102485648,
      3.1113766038277464,
      -0.0010926968701109666,
      3.2217013121136775,
      6.2313978734232585,
      3.1849650157714247,
      6.267590664560479,
      5.082602147622965,
      -0.05197810547441006,
      -0.01033828290512969,
      4.566491036993622,
      6.241111089679432,
      3.122499993290241,
      5.003273991071511
    ],
    [
      0.03414518116007718,
      0.033961154320856494,
      3.1010447724677466,
      0.034364662937889014,
      3.0820092516336777,
      6.228698219599258,
      3.1544150548114245,
      6.257889798832479,
      5.082485720358965,
      0.055386716029589986,
      0.061829889190870464,
      4.5624110440976215,
      6.316542920207432,
      3.191186985162241,
      4.999497566367511
    ],
    [
      0.026158312961677102,
      -0.026732187339943522,
      3.1091190438309466,
      0.029762411337889007,
      3.1614657614704775,
      6.2272659158072585,
      3.2553305736018245,
      6.307842055280479,
      5.087457382205365,
      -0.023222346351210052,
      -0.04021790458512934,
      4.563811698001621,
      6.234823062709832,
      3.1538163850982412,
      4.998634144377111
    ],
    [
      -0.004238099095922935,
      0.03085712037845649,
      3.1117762997285467,
      0.0018363139266890267,
      3.1555653829680774,
      6.220480794690459,
      3.0975646163730244,
      6.289425145498079,
      5.070763952314165,
      0.04242043472718987,
      0.07099867561007073,
      4.558627987105621,
      6.343076938012232,
      3.1118674302502414,
      4.992968575340311
    ]
  ],
  "cost_vals": [],
  "step_size": 0.1,
  "opt_step_times": [
    0.15332293510437012,
    0.15629100799560547,
    0.15857911109924316,
    0.16110897064208984,
    0.15189886093139648,
    0.14885997772216797,
    0.2101287841796875,
    0.15207886695861816,
    0.14074277877807617,
    0.14531993865966797,
    0.14226722717285156,
    0.14593887329101562,
    0.14350104331970215,
    0.15901803970336914,
    0.15446114540100098,
    0.15602898597717285,
    0.16056299209594727,
    0.15298104286193848,
    0.16115593910217285,
    0.164412260055542
  ],
  "opt_settings": [
    -0.004238099095922935,
    0.03085712037845649,
    3.1117762997285467,
    0.0018363139266890267,
    3.1555653829680774,
    6.220480794690459,
    3.0975646163730244,
    6.289425145498079,
    5.070763952314165,
    0.04242043472718987,
    0.07099867561007073,
    4.558627987105621,
    6.343076938012232,
    3.1118674302502414,
    4.992968575340311
  ],
  "min_cost": null,
  "datetime": "2023-05-30T16-36-35Z",
  "step_only": true,
  "ibm_device": "default.qubit",
  "shots": 1000,
  "prep_node_name": "5-qubit_ghz_state",
  "num_qubits": 5,
  "error": false,
  "cov_mats": [
    [
      [
        0.999804,
        -0.36752399999999996,
        0.013944000000000012,
        0.18414000000000005,
        -0.139008
      ],
      [
        -0.36752399999999996,
        0.998844,
        -0.08586400000000005,
        -0.13634000000000007,
        0.13644800000000007
      ],
      [
        0.013944000000000012,
        -0.08586400000000005,
        0.999984,
        0.04604000000000001,
        -0.02828799999999994
      ],
      [
        0.18414000000000005,
        -0.13634000000000007,
        0.04604000000000001,
        0.9999,
        -0.05728000000000005
      ],
      [
        -0.139008,
        0.13644800000000007,
        -0.02828799999999994,
        -0.05728000000000005,
        0.994816
      ]
    ],
    [
      [
        0.999996,
        -0.39386399999999994,
        -0.04405200000000004,
        0.2659119999999999,
        -0.190064
      ],
      [
        -0.39386399999999994,
        0.995376,
        -0.0002319999999999987,
        -0.28500799999999993,
        0.17017600000000005
      ],
      [
        -0.04405200000000004,
        -0.0002319999999999987,
        0.999324,
        -0.06714399999999998,
        0.005168000000000088
      ],
      [
        0.2659119999999999,
        -0.28500799999999993,
        -0.06714399999999998,
        0.998064,
        -0.12940800000000002
      ],
      [
        -0.190064,
        0.17017600000000005,
        0.005168000000000088,
        -0.12940800000000002,
        0.998976
      ]
    ],
    [
      [
        0.9999,
        -0.5540400000000001,
        -0.0019600000000000017,
        0.4199,
        -0.29796000000000006
      ],
      [
        -0.5540400000000001,
        0.999984,
        0.04001600000000004,
        -0.31004000000000004,
        0.26401600000000003
      ],
      [
        -0.0019600000000000017,
        0.04001600000000004,
        0.999984,
        -0.033959999999999976,
        -0.024015999999999964
      ],
      [
        0.4199,
        -0.31004000000000004,
        -0.033959999999999976,
        0.9999,
        -0.16996000000000006
      ],
      [
        -0.29796000000000006,
        0.26401600000000003,
        -0.024015999999999964,
        -0.16996000000000006,
        0.999984
      ]
    ],
    [
      [
        0.998976,
        -0.750464,
        0.006048000000000003,
        0.5989760000000001,
        -0.42672
      ],
      [
        -0.750464,
        0.997696,
        0.008927999999999959,
        -0.5664640000000001,
        0.41408
      ],
      [
        0.006048000000000003,
        0.008927999999999959,
        0.995904,
        -0.0019520000000000036,
        -0.06255999999999994
      ],
      [
        0.5989760000000001,
        -0.5664640000000001,
        -0.0019520000000000036,
        0.998976,
        -0.32672
      ],
      [
        -0.42672,
        0.41408,
        -0.06255999999999994,
        -0.32672,
        0.9984
      ]
    ],
    [
      [
        0.9984,
        -0.93248,
        0.005279999999999951,
        0.864,
        -0.67312
      ],
      [
        -0.93248,
        0.998556,
        -0.011315999999999956,
        -0.878,
        0.6591640000000002
      ],
      [
        0.005279999999999951,
        -0.011315999999999956,
        0.999676,
        0.009999999999999981,
        0.032396
      ],
      [
        0.864,
        -0.878,
        0.009999999999999981,
        1.0,
        -0.6260000000000001
      ],
      [
        -0.67312,
        0.6591640000000002,
        0.032396,
        -0.6260000000000001,
        0.999516
      ]
    ],
    [
      [
        0.9984,
        -0.99424,
        -0.04384000000000001,
        0.99056,
        -0.8999999999999999
      ],
      [
        -0.99424,
        0.998064,
        0.039824000000000005,
        -0.986416,
        0.8957999999999999
      ],
      [
        -0.04384000000000001,
        0.039824000000000005,
        0.999984,
        -0.04385600000000001,
        0.025800000000000052
      ],
      [
        0.99056,
        -0.986416,
        -0.04385600000000001,
        0.998704,
        -0.8922
      ],
      [
        -0.8999999999999999,
        0.8957999999999999,
        0.025800000000000052,
        -0.8922,
        0.9974999999999999
      ]
    ],
    [
      [
        0.999516,
        -0.99756,
        -0.08048400000000004,
        0.995516,
        -0.995604
      ],
      [
        -0.99756,
        0.9996,
        0.08244000000000004,
        -0.99756,
        0.99764
      ],
      [
        -0.08048400000000004,
        0.08244000000000004,
        0.999516,
        -0.08048400000000004,
        0.08039600000000005
      ],
      [
        0.995516,
        -0.99756,
        -0.08048400000000004,
        0.999516,
        -0.995604
      ],
      [
        -0.995604,
        0.99764,
        0.08039600000000005,
        -0.995604,
        0.999676
      ]
    ],
    [
      [
        0.999804,
        -0.99586,
        -0.19991599999999995,
        0.99586,
        -0.99586
      ],
      [
        -0.99586,
        0.9999,
        0.20393999999999995,
        -0.9999,
        0.9999
      ],
      [
        -0.19991599999999995,
        0.20393999999999995,
        0.999964,
        -0.20393999999999995,
        0.20393999999999995
      ],
      [
        0.99586,
        -0.9999,
        -0.20393999999999995,
        0.9999,
        -0.9999
      ],
      [
        -0.99586,
        0.9999,
        0.20393999999999995,
        -0.9999,
        0.9999
      ]
    ],
    [
      [
        0.999856,
        -0.997832,
        -0.43204799999999993,
        0.999856,
        -0.999856
      ],
      [
        -0.997832,
        0.999804,
        0.43005599999999994,
        -0.997832,
        0.997832
      ],
      [
        -0.43204799999999993,
        0.43005599999999994,
        0.999984,
        -0.43204799999999993,
        0.43204799999999993
      ],
      [
        0.999856,
        -0.997832,
        -0.43204799999999993,
        0.999856,
        -0.999856
      ],
      [
        -0.999856,
        0.997832,
        0.43204799999999993,
        -0.999856,
        0.999856
      ]
    ],
    [
      [
        0.9996,
        -0.99764,
        -0.83364,
        0.9996,
        -0.9996
      ],
      [
        -0.99764,
        0.999676,
        0.8316760000000001,
        -0.99764,
        0.99764
      ],
      [
        -0.83364,
        0.8316760000000001,
        0.999676,
        -0.83364,
        0.83364
      ],
      [
        0.9996,
        -0.99764,
        -0.83364,
        0.9996,
        -0.9996
      ],
      [
        -0.9996,
        0.99764,
        0.83364,
        -0.9996,
        0.9996
      ]
    ],
    [
      [
        0.999744,
        -0.999744,
        -0.989776,
        0.999744,
        -0.999744
      ],
      [
        -0.999744,
        0.999744,
        0.989776,
        -0.999744,
        0.999744
      ],
      [
        -0.989776,
        0.989776,
        0.999804,
        -0.989776,
        0.989776
      ],
      [
        0.999744,
        -0.999744,
        -0.989776,
        0.999744,
        -0.999744
      ],
      [
        -0.999744,
        0.999744,
        0.989776,
        -0.999744,
        0.999744
      ]
    ],
    [
      [
        0.999984,
        -0.989992,
        -0.991984,
        0.987968,
        -0.987984
      ],
      [
        -0.989992,
        0.999996,
        0.997992,
        -0.993984,
        0.993992
      ],
      [
        -0.991984,
        0.997992,
        0.999984,
        -0.995968,
        0.995984
      ],
      [
        0.987968,
        -0.993984,
        -0.995968,
        0.999936,
        -0.991968
      ],
      [
        -0.987984,
        0.993992,
        0.995984,
        -0.991968,
        0.999984
      ]
    ],
    [
      [
        0.999744,
        -0.997776,
        -0.995808,
        0.993712,
        -0.99384
      ],
      [
        -0.997776,
        0.999804,
        0.997832,
        -0.995748,
        0.99586
      ],
      [
        -0.995808,
        0.997832,
        0.999856,
        -0.993784,
        0.99388
      ],
      [
        0.993712,
        -0.995748,
        -0.993784,
        0.999676,
        -0.99182
      ],
      [
        -0.99384,
        0.99586,
        0.99388,
        -0.99182,
        0.9999
      ]
    ],
    [
      [
        0.9974999999999999,
        -0.9974999999999999,
        -0.9934999999999999,
        0.9838,
        -0.9956
      ],
      [
        -0.9974999999999999,
        0.9974999999999999,
        0.9934999999999999,
        -0.9838,
        0.9956
      ],
      [
        -0.9934999999999999,
        0.9934999999999999,
        0.9974999999999999,
        -0.9798,
        0.9916
      ],
      [
        0.9838,
        -0.9838,
        -0.9798,
        0.998064,
        -0.981888
      ],
      [
        -0.9956,
        0.9956,
        0.9916,
        -0.981888,
        0.997696
      ]
    ],
    [
      [
        0.999984,
        -0.991968,
        -0.98996,
        0.981976,
        -0.99396
      ],
      [
        -0.991968,
        0.999936,
        0.99392,
        -0.9859519999999999,
        0.99792
      ],
      [
        -0.98996,
        0.99392,
        0.9999,
        -0.98394,
        0.9959
      ],
      [
        0.981976,
        -0.9859519999999999,
        -0.98394,
        0.999964,
        -0.98794
      ],
      [
        -0.99396,
        0.99792,
        0.9959,
        -0.98794,
        0.9999
      ]
    ],
    [
      [
        0.9996,
        -0.99764,
        -0.9996,
        0.98744,
        -0.9996
      ],
      [
        -0.99764,
        0.999676,
        0.99764,
        -0.985496,
        0.99764
      ],
      [
        -0.9996,
        0.99764,
        0.9996,
        -0.98744,
        0.9996
      ],
      [
        0.98744,
        -0.985496,
        -0.98744,
        0.999216,
        -0.98744
      ],
      [
        -0.9996,
        0.99764,
        0.9996,
        -0.98744,
        0.9996
      ]
    ],
    [
      [
        0.998236,
        -0.9820679999999999,
        -0.9820679999999999,
        0.980152,
        -0.9820679999999999
      ],
      [
        -0.9820679999999999,
        0.997884,
        0.997884,
        -0.995976,
        0.997884
      ],
      [
        -0.9820679999999999,
        0.997884,
        0.997884,
        -0.995976,
        0.997884
      ],
      [
        0.980152,
        -0.995976,
        -0.995976,
        0.998064,
        -0.995976
      ],
      [
        -0.9820679999999999,
        0.997884,
        0.997884,
        -0.995976,
        0.997884
      ]
    ],
    [
      [
        0.999424,
        -0.991424,
        -0.993376,
        0.995328,
        -0.991232
      ],
      [
        -0.991424,
        0.999424,
        0.993376,
        -0.995328,
        0.991232
      ],
      [
        -0.993376,
        0.993376,
        0.999324,
        -0.997272,
        0.9931679999999999
      ],
      [
        0.995328,
        -0.995328,
        -0.997272,
        0.999216,
        -0.995104
      ],
      [
        -0.991232,
        0.991232,
        0.9931679999999999,
        -0.995104,
        0.998976
      ]
    ],
    [
      [
        0.999804,
        -0.991804,
        -0.997832,
        0.995804,
        -0.99586
      ],
      [
        -0.991804,
        0.999804,
        0.989832,
        -0.987804,
        0.98786
      ],
      [
        -0.997832,
        0.989832,
        0.999856,
        -0.993832,
        0.99388
      ],
      [
        0.995804,
        -0.987804,
        -0.993832,
        0.999804,
        -0.99186
      ],
      [
        -0.99586,
        0.98786,
        0.99388,
        -0.99186,
        0.9999
      ]
    ],
    [
      [
        0.998844,
        -0.998844,
        -0.986436,
        0.994844,
        -0.990844
      ],
      [
        -0.998844,
        0.998844,
        0.986436,
        -0.994844,
        0.990844
      ],
      [
        -0.986436,
        0.986436,
        0.997884,
        -0.982436,
        0.978436
      ],
      [
        0.994844,
        -0.994844,
        -0.982436,
        0.998844,
        -0.9868439999999999
      ],
      [
        -0.990844,
        0.990844,
        0.978436,
        -0.9868439999999999,
        0.998844
      ]
    ],
    [
      [
        0.999804,
        -0.999804,
        -0.999804,
        0.995804,
        -0.999804
      ],
      [
        -0.999804,
        0.999804,
        0.999804,
        -0.995804,
        0.999804
      ],
      [
        -0.999804,
        0.999804,
        0.999804,
        -0.995804,
        0.999804
      ],
      [
        0.995804,
        -0.995804,
        -0.995804,
        0.999804,
        -0.995804
      ],
      [
        -0.999804,
        0.999804,
        0.999804,
        -0.995804,
        0.999804
      ]
    ]
  ]
}