{
  "settings_list": [
    [
      2.362358179602113,
      2.235328295158043,
      6.266000526240429,
      0.48807361288026374,
      2.897199000032418,
      0.8933854738390853,
      3.8604727716397993,
      2.999941565626712,
      0.1591847425088345,
      5.181820834597773,
      0.1646668878611183,
      4.163506009641896,
      2.721717096433742,
      5.452747631525765,
      1.9341272471184374
    ],
    [
      2.5155367545653133,
      2.415418559471643,
      6.293984485094829,
      0.27236258565466365,
      2.992056238752418,
      0.8853687415830852,
      3.5842080844205992,
      3.079069765044312,
      0.15917439050883447,
      5.458862816991373,
      0.11987812315071827,
      4.166498052745896,
      2.8235475910001417,
      5.726437353311365,
      1.9367698837200373
    ],
    [
      2.8080073182069136,
      2.813854881628443,
      6.257525665011629,
      0.00655221252186361,
      3.1234256941764182,
      0.8654486920022852,
      3.217301473489399,
      3.120071524321112,
      0.17708903128323447,
      6.024623032588173,
      0.030479483566718257,
      4.191466330384296,
      3.083658373675342,
      6.150419501151365,
      1.9617382421456373
    ],
    [
      3.2655127330677134,
      3.243935175465243,
      6.231631315622829,
      0.035787659664263595,
      3.1344679845060184,
      0.8757822934102854,
      3.0679764378157994,
      3.114814863354712,
      0.17861795157763463,
      6.429165484504973,
      0.019947307822718204,
      4.183014981571496,
      3.182000585105742,
      6.442052671813765,
      1.9575020857808372
    ],
    [
      3.0938327159829133,
      3.127971517762843,
      6.251560578528429,
      -0.04758251309733642,
      3.1867190078116185,
      0.8845179509526853,
      3.2101644655789996,
      3.1375816044683122,
      0.18558395911043452,
      6.225131826639373,
      -0.0023346977644817697,
      4.175763822374696,
      3.115751261300942,
      6.2188872188153645,
      1.969325401169637
    ],
    [
      3.1568714088501135,
      3.112894548162843,
      6.262679007328429,
      -0.08252052722853648,
      3.1462028780292184,
      0.8876947493622853,
      3.2014620830253997,
      3.2035737831883124,
      0.18245426939523451,
      6.395672735612173,
      -0.007872566852481762,
      4.178955780755496,
      3.1666608307377424,
      6.268881726274564,
      1.9628480238480368
    ],
    [
      3.1207742198709134,
      3.143993826153243,
      6.257031721926829,
      0.03997224793946361,
      3.0892467025540182,
      0.8654720699254854,
      3.1291724846382,
      3.0986559989963127,
      0.18285231818883452,
      6.202533570133773,
      0.035089991765118296,
      4.173809109395496,
      3.2014406601777425,
      6.399786821224964,
      1.9669055997072369
    ],
    [
      3.1921961320341135,
      3.076823538598043,
      6.297994450387629,
      8.538996506362445e-05,
      3.176690677526818,
      0.8791010849526855,
      3.1258745109421997,
      3.131327220125913,
      0.20679610678723453,
      6.345345734735373,
      -0.03568346149888169,
      4.183687221453096,
      3.1400415353585425,
      6.212188719007364,
      1.940593875915237
    ],
    [
      3.1495410548309133,
      3.162421421708443,
      6.2895625959972286,
      0.03226387396186365,
      3.099232887462818,
      0.8777623383478854,
      3.1182739397101997,
      3.1963049176747127,
      0.21417523831043456,
      6.235539346610573,
      0.10064854559231826,
      4.173061819328296,
      3.0918034089649424,
      6.355251292968964,
      1.941518720001637
    ],
    [
      3.1702508555413136,
      3.074319752809243,
      6.288548969062829,
      -0.07023475186213635,
      3.143463789334818,
      0.8899032493590855,
      3.1922471715149996,
      3.117479604065113,
      0.21229059247043455,
      6.257334925090573,
      -0.10981148621248174,
      4.160938520288296,
      3.1597138803089426,
      6.282540112479364,
      1.9511927953584371
    ],
    [
      3.1188259317781135,
      3.166086538921243,
      6.285331748365229,
      0.025297852784263677,
      3.109395192637218,
      0.8880283303062855,
      3.1218600918221995,
      3.121610589895513,
      0.22030522247363457,
      6.276091596629773,
      0.05181963298111822,
      4.165303234361896,
      3.1387484445713425,
      6.273443606213764,
      1.9538295512112371
    ],
    [
      3.1434098925013134,
      3.107315533340443,
      6.276579489376428,
      0.03403789829466375,
      3.200295625315618,
      0.8822517359126855,
      3.1690750735629996,
      3.194388077114713,
      0.21745821033283452,
      6.290050548399373,
      -0.018264127735681895,
      4.167128671693096,
      3.1527183933393426,
      6.307157478354564,
      1.9504976818736373
    ],
    [
      3.1720639872117133,
      3.1504438936028434,
      6.268801821930028,
      -0.058580184290936324,
      3.157402368579618,
      0.8921698096822854,
      3.1184028974477993,
      3.060503574186713,
      0.21466428131523452,
      6.277366155970573,
      0.0037020683379181372,
      4.175872954569895,
      3.1783432419217426,
      6.242093207202564,
      1.9486039012848373
    ],
    [
      3.1547292055925134,
      3.1228072830428433,
      6.263807827382828,
      -0.009320618774136244,
      3.125591113642018,
      0.8823424463542853,
      3.1751965109389992,
      3.190421224925913,
      0.2148136200416345,
      6.297577708789773,
      0.03585592131711811,
      4.1715465514978955,
      3.1161352448401427,
      6.319513093794564,
      1.9521424665584373
    ],
    [
      3.164628004248513,
      3.120810923042843,
      6.267056897510828,
      -0.031217928854136254,
      3.114858076426018,
      0.8754430215862852,
      3.1091250391789993,
      3.145735024077913,
      0.21505330420163452,
      6.308880184757773,
      -0.013033705642881956,
      4.1718290209858955,
      3.217227568440143,
      6.315949289586563,
      1.9480545018704372
    ],
    [
      3.124309828376513,
      3.0950950484828432,
      6.254313230438828,
      0.01817642455386386,
      3.1617853886820178,
      0.8668010268342852,
      3.1488095473389994,
      3.104123553869913,
      0.2129816357216345,
      6.288043076149773,
      0.0033380446291180997,
      4.180345701817895,
      3.0783009125681424,
      6.2781620967545635,
      1.9400039213904372
    ],
    [
      3.152319431682113,
      3.1631876927292435,
      6.251919110438828,
      -0.020496192556536216,
      3.1481065870468177,
      0.8716671828662852,
      3.0777509460653993,
      3.1604562649547128,
      0.21266853948163453,
      6.280301278623373,
      -0.05015526151488195,
      4.178476672941096,
      3.1900308590769426,
      6.305068388255363,
      1.9465407451792371
    ],
    [
      3.121611800757313,
      3.1675659574876436,
      6.257360891606828,
      0.03407971920346388,
      3.1523266371876177,
      0.8712939058646852,
      3.2090134375661994,
      3.1340123543947125,
      0.20978931009283452,
      6.279808299464973,
      -0.00242425632768193,
      4.180415018099495,
      3.1230177364529426,
      6.346135193736964,
      1.9456861363312372
    ],
    [
      3.133900773301313,
      3.1946030013020437,
      6.261629218160428,
      -0.020858718786936112,
      3.162892596458018,
      0.8625499738070852,
      3.0840132629741994,
      3.1499912919947124,
      0.2118219188608345,
      6.328540469704973,
      0.07163105108991807,
      4.179813176281895,
      3.2291452126257427,
      6.216402327791363,
      1.9461379321968373
    ],
    [
      3.168009923048513,
      3.1100255588700434,
      6.257025332720428,
      0.03196060626906387,
      3.113676043190818,
      0.8618390619862852,
      3.1589552261613996,
      3.1479397368459123,
      0.20843242717443453,
      6.242450270101773,
      0.0043392555059180715,
      4.1805013864322955,
      3.1178835155505427,
      6.317007274197763,
      1.9466434662256373
    ],
    [
      3.075708682712513,
      3.1718288775900434,
      6.256392906128427,
      -0.08459781907493619,
      3.131264413766818,
      0.8630193740662853,
      3.1394842103853997,
      3.2002900240299126,
      0.21294164562243453,
      6.318934334869772,
      -0.04800721423808192,
      4.1800361112002955,
      3.2319504865425426,
      6.298299848901763,
      1.9510767146896373
    ]
  ],
  "cost_vals": [],
  "step_size": 0.1,
  "opt_step_times": [
    0.1826019287109375,
    0.17679309844970703,
    0.15563201904296875,
    0.16563105583190918,
    0.2784140110015869,
    0.19157123565673828,
    0.29708003997802734,
    0.1575770378112793,
    0.14903593063354492,
    0.15056419372558594,
    0.14414596557617188,
    0.15885591506958008,
    0.16703510284423828,
    0.16121435165405273,
    0.16224074363708496,
    0.16853594779968262,
    0.18175721168518066,
    0.16239619255065918,
    0.15385103225708008,
    0.15611600875854492
  ],
  "opt_settings": [
    3.075708682712513,
    3.1718288775900434,
    6.256392906128427,
    -0.08459781907493619,
    3.131264413766818,
    0.8630193740662853,
    3.1394842103853997,
    3.2002900240299126,
    0.21294164562243453,
    6.318934334869772,
    -0.04800721423808192,
    4.1800361112002955,
    3.2319504865425426,
    6.298299848901763,
    1.9510767146896373
  ],
  "min_cost": null,
  "datetime": "2023-05-30T16-40-53Z",
  "step_only": true,
  "ibm_device": "default.qubit",
  "shots": 1000,
  "prep_node_name": "5-qubit_ghz_state",
  "num_qubits": 5,
  "error": false,
  "cov_mats": [
    [
      [
        0.997296,
        -0.4187519999999999,
        0.336416,
        0.21389600000000006,
        -0.32231199999999993
      ],
      [
        -0.4187519999999999,
        0.999424,
        -0.6441919999999999,
        -0.39395199999999997,
        0.5381440000000001
      ],
      [
        0.336416,
        -0.6441919999999999,
        0.999936,
        0.322016,
        -0.425952
      ],
      [
        0.21389600000000006,
        -0.39395199999999997,
        0.322016,
        0.999996,
        -0.260012
      ],
      [
        -0.32231199999999993,
        0.5381440000000001,
        -0.425952,
        -0.260012,
        0.999964
      ]
    ],
    [
      [
        0.999964,
        -0.6020240000000001,
        0.5920360000000001,
        0.41802400000000006,
        -0.5180480000000001
      ],
      [
        -0.6020240000000001,
        0.999984,
        -0.8739760000000001,
        -0.5999840000000001,
        0.799968
      ],
      [
        0.5920360000000001,
        -0.8739760000000001,
        0.999964,
        0.6019760000000001,
        -0.753952
      ],
      [
        0.41802400000000006,
        -0.5999840000000001,
        0.6019760000000001,
        0.999984,
        -0.539968
      ],
      [
        -0.5180480000000001,
        0.799968,
        -0.753952,
        -0.539968,
        0.999936
      ]
    ],
    [
      [
        0.999216,
        -0.8993279999999999,
        0.8992159999999999,
        0.8773839999999999,
        -0.88916
      ],
      [
        -0.8993279999999999,
        0.999424,
        -0.995328,
        -0.973472,
        0.9852799999999999
      ],
      [
        0.8992159999999999,
        -0.995328,
        0.999216,
        0.973384,
        -0.98516
      ],
      [
        0.8773839999999999,
        -0.973472,
        0.973384,
        0.999516,
        -0.96334
      ],
      [
        -0.88916,
        0.9852799999999999,
        -0.98516,
        -0.96334,
        0.9991
      ]
    ],
    [
      [
        0.999856,
        -0.985832,
        0.985832,
        0.981832,
        -0.963904
      ],
      [
        -0.985832,
        0.999804,
        -0.999804,
        -0.995804,
        0.977888
      ],
      [
        0.985832,
        -0.999804,
        0.999804,
        0.995804,
        -0.977888
      ],
      [
        0.981832,
        -0.995804,
        0.995804,
        0.999804,
        -0.973888
      ],
      [
        -0.963904,
        0.977888,
        -0.977888,
        -0.973888,
        0.999936
      ]
    ],
    [
      [
        0.996636,
        -0.99452,
        0.99452,
        0.99452,
        -0.992404
      ],
      [
        -0.99452,
        0.9964,
        -0.9964,
        -0.9964,
        0.9942799999999999
      ],
      [
        0.99452,
        -0.9964,
        0.9964,
        0.9964,
        -0.9942799999999999
      ],
      [
        0.99452,
        -0.9964,
        0.9964,
        0.9964,
        -0.9942799999999999
      ],
      [
        -0.992404,
        0.9942799999999999,
        -0.9942799999999999,
        -0.9942799999999999,
        0.996156
      ]
    ],
    [
      [
        0.999676,
        -0.99764,
        0.999676,
        0.991604,
        -0.999676
      ],
      [
        -0.99764,
        0.9996,
        -0.99764,
        -0.98956,
        0.99764
      ],
      [
        0.999676,
        -0.99764,
        0.999676,
        0.991604,
        -0.999676
      ],
      [
        0.991604,
        -0.98956,
        0.991604,
        0.999516,
        -0.991604
      ],
      [
        -0.999676,
        0.99764,
        -0.999676,
        -0.991604,
        0.999676
      ]
    ],
    [
      [
        0.999424,
        -0.995424,
        0.999424,
        0.995424,
        -0.989472
      ],
      [
        -0.995424,
        0.999424,
        -0.995424,
        -0.991424,
        0.985472
      ],
      [
        0.999424,
        -0.995424,
        0.999424,
        0.995424,
        -0.989472
      ],
      [
        0.995424,
        -0.991424,
        0.995424,
        0.999424,
        -0.985472
      ],
      [
        -0.989472,
        0.985472,
        -0.989472,
        -0.985472,
        0.999516
      ]
    ],
    [
      [
        0.999804,
        -0.99586,
        0.99586,
        0.991804,
        -0.99586
      ],
      [
        -0.99586,
        0.9999,
        -0.9999,
        -0.99586,
        0.9999
      ],
      [
        0.99586,
        -0.9999,
        0.9999,
        0.99586,
        -0.9999
      ],
      [
        0.991804,
        -0.99586,
        0.99586,
        0.999804,
        -0.99586
      ],
      [
        -0.99586,
        0.9999,
        -0.9999,
        -0.99586,
        0.9999
      ]
    ],
    [
      [
        0.994816,
        -0.99296,
        0.994816,
        0.99296,
        -0.99296
      ],
      [
        -0.99296,
        0.9951,
        -0.99296,
        -0.9911,
        0.9911
      ],
      [
        0.994816,
        -0.99296,
        0.994816,
        0.99296,
        -0.99296
      ],
      [
        0.99296,
        -0.9911,
        0.99296,
        0.9951,
        -0.9911
      ],
      [
        -0.99296,
        0.9911,
        -0.99296,
        -0.9911,
        0.9951
      ]
    ],
    [
      [
        0.999324,
        -0.997272,
        0.997272,
        0.991428,
        -0.997272
      ],
      [
        -0.997272,
        0.999216,
        -0.999216,
        -0.993384,
        0.999216
      ],
      [
        0.997272,
        -0.999216,
        0.999216,
        0.993384,
        -0.999216
      ],
      [
        0.991428,
        -0.993384,
        0.993384,
        0.999516,
        -0.993384
      ],
      [
        -0.997272,
        0.999216,
        -0.999216,
        -0.993384,
        0.999216
      ]
    ],
    [
      [
        0.9996,
        -0.99756,
        0.9996,
        0.99552,
        -0.9996
      ],
      [
        -0.99756,
        0.999516,
        -0.99756,
        -0.993472,
        0.99756
      ],
      [
        0.9996,
        -0.99756,
        0.9996,
        0.99552,
        -0.9996
      ],
      [
        0.99552,
        -0.993472,
        0.99552,
        0.999424,
        -0.99552
      ],
      [
        -0.9996,
        0.99756,
        -0.9996,
        -0.99552,
        0.9996
      ]
    ],
    [
      [
        0.999964,
        -0.995988,
        0.997952,
        0.999964,
        -0.999964
      ],
      [
        -0.995988,
        0.999996,
        -0.993984,
        -0.995988,
        0.995988
      ],
      [
        0.997952,
        -0.993984,
        0.999936,
        0.997952,
        -0.997952
      ],
      [
        0.999964,
        -0.995988,
        0.997952,
        0.999964,
        -0.999964
      ],
      [
        -0.999964,
        0.995988,
        -0.997952,
        -0.999964,
        0.999964
      ]
    ],
    [
      [
        1.0,
        -1.0,
        0.998,
        1.0,
        -0.998
      ],
      [
        -1.0,
        1.0,
        -0.998,
        -1.0,
        0.998
      ],
      [
        0.998,
        -0.998,
        0.999996,
        0.998,
        -0.995996
      ],
      [
        1.0,
        -1.0,
        0.998,
        1.0,
        -0.998
      ],
      [
        -0.998,
        0.998,
        -0.995996,
        -0.998,
        0.999996
      ]
    ],
    [
      [
        0.999324,
        -0.997272,
        0.997272,
        0.99522,
        -0.995324
      ],
      [
        -0.997272,
        0.999216,
        -0.999216,
        -0.99716,
        0.997272
      ],
      [
        0.997272,
        -0.999216,
        0.999216,
        0.99716,
        -0.997272
      ],
      [
        0.99522,
        -0.99716,
        0.99716,
        0.9991,
        -0.99522
      ],
      [
        -0.995324,
        0.997272,
        -0.997272,
        -0.99522,
        0.999324
      ]
    ],
    [
      [
        0.999424,
        -0.999424,
        0.999424,
        0.999424,
        -0.997376
      ],
      [
        -0.999424,
        0.999424,
        -0.999424,
        -0.999424,
        0.997376
      ],
      [
        0.999424,
        -0.999424,
        0.999424,
        0.999424,
        -0.997376
      ],
      [
        0.999424,
        -0.999424,
        0.999424,
        0.999424,
        -0.997376
      ],
      [
        -0.997376,
        0.997376,
        -0.997376,
        -0.997376,
        0.999324
      ]
    ],
    [
      [
        0.999324,
        -0.997272,
        0.993376,
        0.997272,
        -0.997272
      ],
      [
        -0.997272,
        0.999216,
        -0.995328,
        -0.999216,
        0.999216
      ],
      [
        0.993376,
        -0.995328,
        0.999424,
        0.995328,
        -0.995328
      ],
      [
        0.997272,
        -0.999216,
        0.995328,
        0.999216,
        -0.999216
      ],
      [
        -0.997272,
        0.999216,
        -0.995328,
        -0.999216,
        0.999216
      ]
    ],
    [
      [
        0.997296,
        -0.997296,
        0.990984,
        0.997296,
        -0.997296
      ],
      [
        -0.997296,
        0.997296,
        -0.990984,
        -0.997296,
        0.997296
      ],
      [
        0.990984,
        -0.990984,
        0.996636,
        0.990984,
        -0.990984
      ],
      [
        0.997296,
        -0.997296,
        0.990984,
        0.997296,
        -0.997296
      ],
      [
        -0.997296,
        0.997296,
        -0.990984,
        -0.997296,
        0.997296
      ]
    ],
    [
      [
        0.999424,
        -0.997472,
        0.997376,
        0.999424,
        -0.997472
      ],
      [
        -0.997472,
        0.999516,
        -0.995428,
        -0.997472,
        0.995516
      ],
      [
        0.997376,
        -0.995428,
        0.999324,
        0.997376,
        -0.995428
      ],
      [
        0.999424,
        -0.997472,
        0.997376,
        0.999424,
        -0.997472
      ],
      [
        -0.997472,
        0.995516,
        -0.995428,
        -0.997472,
        0.999516
      ]
    ],
    [
      [
        0.998556,
        -0.996632,
        0.99248,
        0.996632,
        -0.994708
      ],
      [
        -0.996632,
        0.998704,
        -0.99456,
        -0.998704,
        0.996776
      ],
      [
        0.99248,
        -0.99456,
        0.9984,
        0.99456,
        -0.99264
      ],
      [
        0.996632,
        -0.998704,
        0.99456,
        0.998704,
        -0.996776
      ],
      [
        -0.994708,
        0.996776,
        -0.99264,
        -0.996776,
        0.998844
      ]
    ],
    [
      [
        0.999676,
        -0.997712,
        0.997712,
        0.997712,
        -0.997712
      ],
      [
        -0.997712,
        0.999744,
        -0.999744,
        -0.999744,
        0.999744
      ],
      [
        0.997712,
        -0.999744,
        0.999744,
        0.999744,
        -0.999744
      ],
      [
        0.997712,
        -0.999744,
        0.999744,
        0.999744,
        -0.999744
      ],
      [
        -0.997712,
        0.999744,
        -0.999744,
        -0.999744,
        0.999744
      ]
    ],
    [
      [
        0.999996,
        -0.993992,
        0.991996,
        0.986008,
        -0.996004
      ],
      [
        -0.993992,
        0.999984,
        -0.989992,
        -0.984016,
        0.994008
      ],
      [
        0.991996,
        -0.989992,
        0.999996,
        0.982008,
        -0.992004
      ],
      [
        0.986008,
        -0.984016,
        0.982008,
        0.999984,
        -0.985992
      ],
      [
        -0.996004,
        0.994008,
        -0.992004,
        -0.985992,
        0.999996
      ]
    ]
  ]
}