{
  "settings_list": [
    [
      5.565053092075943,
      2.565700966588697,
      0.533123119346041,
      5.945741616201881,
      1.8944146155459312,
      2.091744601821891,
      0.17634625187326794,
      3.9284099500108254,
      5.5441005713533,
      1.8715670105099693,
      0.41942146273098657,
      5.347421057354965,
      0.345409899463918,
      1.6069226424535539,
      0.10263446870240657
    ],
    [
      5.638420153163943,
      2.623560992060697,
      0.5287510623220409,
      5.955885156009881,
      1.9888351801539312,
      2.0960238849578907,
      0.16345821545726794,
      3.8137803045068255,
      5.5423426319293,
      1.9567293788939693,
      0.4061834058349865,
      5.358140645706965,
      0.353305874503918,
      1.5972768387095537,
      0.10115810137440655
    ],
    [
      5.763724544299943,
      2.717504997980697,
      0.527369698738041,
      5.977183207945881,
      2.142553621401931,
      2.0957810393258907,
      0.13056482243326792,
      3.6724344194508256,
      5.551935992153299,
      2.1253496314379694,
      0.37725512305098646,
      5.357209004842965,
      0.365949871111918,
      1.5726159911255537,
      0.09089655987040654
    ],
    [
      5.926366786123943,
      2.863620453660697,
      0.535007827282041,
      6.0218726268898815,
      2.3840013817859314,
      2.1008637759978908,
      0.0816051604812679,
      3.4867376678988258,
      5.5349397408573,
      2.3856720969419696,
      0.3245067199789864,
      5.353870927178965,
      0.370407665159918,
      1.5708111784215537,
      0.08542347609440652
    ],
    [
      6.170083952325543,
      3.0201361617182974,
      0.5480485194548409,
      6.105698934243481,
      2.7915205866051314,
      2.062194107607491,
      0.022814135796467877,
      3.282812407322826,
      5.524780957740499,
      2.7630377456587696,
      0.19430745940298638,
      5.373727076695765,
      0.3757155897615179,
      1.5012495853335537,
      0.09624533242720647
    ],
    [
      6.2909881989975425,
      3.120704794966297,
      0.532957677502841,
      6.287730485555481,
      3.1645260474211314,
      2.0780922756554907,
      -0.021583697451532165,
      3.151642193002826,
      5.528712506844499,
      3.1620602815147696,
      0.019679563338986406,
      5.410853438759765,
      0.3467400065455179,
      1.4095667245495536,
      0.11227833117920653
    ],
    [
      6.2696092125783425,
      3.150096040918297,
      0.5419075283316409,
      6.277649667481881,
      3.1613101223011313,
      2.0833593946058904,
      0.04118170043646783,
      3.153234020612426,
      5.5190848221341,
      3.1203869400235695,
      -0.01920775900341362,
      5.407427376014165,
      0.32644704792791795,
      1.1169715586743534,
      0.10088920076000654
    ],
    [
      6.308836769295143,
      3.131538179660697,
      0.5352771841748407,
      6.2606253011106805,
      3.1302077602211313,
      2.0958494926794904,
      -0.0043990394707322175,
      3.168503158698826,
      5.5210406005277,
      3.1203934712555697,
      -0.021370280302613752,
      5.389315714782165,
      0.23652962839511796,
      0.5257077246455536,
      0.11689542271520656
    ],
    [
      6.255885994075943,
      3.148644055705497,
      0.5452212348372407,
      6.295124059254681,
      3.1389126225571315,
      2.1026132505802906,
      -0.0133463042387322,
      3.169378368350026,
      5.5212724944925,
      3.1861127548907695,
      0.05696506385098626,
      5.382337520375765,
      -0.032586978785682036,
      -0.07353260203604661,
      0.08877194469920653
    ],
    [
      6.340088290133543,
      3.215604979481497,
      0.5388216422100407,
      6.293349680969881,
      3.1855189539555315,
      2.1042169528266905,
      0.029179312254067873,
      3.145994784625226,
      5.5348200623709,
      3.1470615897515697,
      -0.04403827350581375,
      5.390267020625365,
      0.022056083063917986,
      0.02362120789675344,
      0.0833749583184064
    ],
    [
      6.277103500002343,
      3.105422795404697,
      0.5345139028052407,
      6.25911399814108,
      3.0768120042339313,
      2.1071133757258904,
      -0.03815352484033217,
      3.112422674929226,
      5.527093500015701,
      3.1362730985131697,
      0.053694554794986075,
      5.385655925559765,
      -0.05547437337128214,
      0.0016434668919534413,
      0.07906837374240637
    ],
    [
      6.305482044920743,
      3.151723662006297,
      0.5146242441396407,
      6.3234768164642805,
      3.1820262492131315,
      2.0826290190762906,
      -0.020212383131532136,
      3.222090441054026,
      5.524965178953301,
      3.0772228110923696,
      0.057580974935786094,
      5.3799609518157645,
      0.052616449131117904,
      0.021518359631153488,
      0.07833261956000637
    ],
    [
      6.293593595269543,
      3.139345181091097,
      0.5110452820660407,
      6.25069615090268,
      3.0583423779939314,
      2.0661256782250907,
      -0.014037185397132218,
      3.030410293790026,
      5.522699709807701,
      3.22579704775157,
      -0.021152749339414023,
      5.382276053505365,
      -0.07566773116328215,
      0.022084945090353508,
      0.08678362523680636
    ],
    [
      6.346879550725544,
      3.1566784656670968,
      0.5106154835380408,
      6.35304116088668,
      3.1986039352419313,
      2.0410747305450907,
      -0.015224372565132222,
      3.146671814334026,
      5.526504167599701,
      3.17586152547957,
      0.03592851024458608,
      5.374464525249365,
      0.1188957662767178,
      -0.07186514063764653,
      0.06879216718880635
    ],
    [
      6.260198634034344,
      3.108663721711897,
      0.5109898678836408,
      6.26596271590748,
      3.077931918512331,
      2.0481150712170906,
      0.05618275329726788,
      3.182132640510026,
      5.532742732009301,
      3.13489347332597,
      0.037635950199786064,
      5.3693713689037645,
      -0.026838282420882292,
      0.06810356318955356,
      0.07954164445600621
    ],
    [
      6.235400355922344,
      3.1038358862142967,
      0.5172892569140408,
      6.29631222635548,
      3.126535535709131,
      2.0432185242762904,
      0.03540915652606785,
      3.073570054631626,
      5.532654946601301,
      3.23007077861877,
      0.051160089601386155,
      5.369347423361365,
      -0.01958494941928231,
      0.003561742475953561,
      0.07476480764640621
    ],
    [
      6.398236499858344,
      3.1380135720222966,
      0.5102036400020408,
      6.33555431830748,
      3.147563102541131,
      2.0490779497642904,
      0.02352258166206786,
      3.161483962615626,
      5.527029141257302,
      3.16594089802677,
      -0.009984866734613858,
      5.3738910628013645,
      -0.07188270495528225,
      0.005115039787953568,
      0.08121855534240621
    ],
    [
      6.220274951154344,
      3.1731737293790965,
      0.5162603110932408,
      6.26865713149148,
      3.135279402432331,
      2.0453680686378903,
      -0.060522165409932174,
      3.199549320951626,
      5.529613777065301,
      3.11870157370677,
      -0.014799059297813864,
      5.367284652414164,
      0.09216720355671772,
      -0.002387923789646435,
      0.08459008351520622
    ],
    [
      6.303224187186344,
      3.1541697500510963,
      0.5210647922452407,
      6.38726050353948,
      3.2180498426243314,
      2.0442174957578905,
      0.02057771966206788,
      3.137169612455626,
      5.532723444089301,
      3.2078920684907697,
      0.08196674347018616,
      5.359939439966165,
      -0.0597972576272824,
      0.04213765419435361,
      0.07419575273120621
    ],
    [
      6.283274361128744,
      3.1630825220254963,
      0.5220611038228408,
      6.20060869404188,
      3.1227617601379314,
      2.0347059923818906,
      0.021425735646067937,
      3.148598460506826,
      5.533352684486101,
      3.1230719602763695,
      -0.07985631320501375,
      5.348037873697365,
      0.03850518856471756,
      0.015371671627953564,
      0.07793715902880623
    ],
    [
      6.245790496655144,
      3.1217980618910963,
      0.5131648728084407,
      6.39759936058908,
      3.1561653889891312,
      2.0363060104042905,
      -0.0155479903571321,
      3.1225830284172256,
      5.538932562988501,
      3.1983855753291697,
      0.06338069415498633,
      5.352548799214165,
      -0.015458947166482558,
      0.029517600946353577,
      0.08520461984160625
    ]
  ],
  "cost_vals": [],
  "step_size": 0.1,
  "opt_step_times": [
    0.14519000053405762,
    0.1435692310333252,
    0.15024781227111816,
    0.15272903442382812,
    0.15102815628051758,
    0.15224194526672363,
    0.23883628845214844,
    0.1439199447631836,
    0.1516573429107666,
    0.15051984786987305,
    0.15053606033325195,
    0.15219902992248535,
    0.15364408493041992,
    0.15199804306030273,
    0.15636777877807617,
    0.15578293800354004,
    0.15338397026062012,
    0.15238666534423828,
    0.16033720970153809,
    0.15526914596557617
  ],
  "opt_settings": [
    6.245790496655144,
    3.1217980618910963,
    0.5131648728084407,
    6.39759936058908,
    3.1561653889891312,
    2.0363060104042905,
    -0.0155479903571321,
    3.1225830284172256,
    5.538932562988501,
    3.1983855753291697,
    0.06338069415498633,
    5.352548799214165,
    -0.015458947166482558,
    0.029517600946353577,
    0.08520461984160625
  ],
  "min_cost": null,
  "datetime": "2023-05-30T16-39-49Z",
  "step_only": true,
  "ibm_device": "default.qubit",
  "shots": 1000,
  "prep_node_name": "5-qubit_ghz_state",
  "num_qubits": 5,
  "error": false,
  "cov_mats": [
    [
      [
        0.999856,
        0.197736,
        0.38568800000000003,
        0.16433600000000012,
        -0.008335999999999953
      ],
      [
        0.197736,
        0.999516,
        0.19142800000000001,
        0.07461600000000007,
        -0.006615999999999947
      ],
      [
        0.38568800000000003,
        0.19142800000000001,
        0.999324,
        0.16672799999999996,
        0.02127200000000008
      ],
      [
        0.16433600000000012,
        0.07461600000000007,
        0.16672799999999996,
        0.999216,
        0.016784000000000042
      ],
      [
        -0.008335999999999953,
        -0.006615999999999947,
        0.02127200000000008,
        0.016784000000000042,
        0.999216
      ]
    ],
    [
      [
        0.999964,
        0.28578400000000004,
        0.6020240000000001,
        0.272228,
        0.039555999999999925
      ],
      [
        0.28578400000000004,
        0.998704,
        0.312144,
        0.14736800000000003,
        0.027336000000000048
      ],
      [
        0.6020240000000001,
        0.312144,
        0.999984,
        0.28984800000000005,
        0.03429600000000003
      ],
      [
        0.272228,
        0.14736800000000003,
        0.28984800000000005,
        0.998556,
        0.05481199999999999
      ],
      [
        0.039555999999999925,
        0.027336000000000048,
        0.03429600000000003,
        0.05481199999999999,
        0.9945240000000002
      ]
    ],
    [
      [
        0.9975,
        0.4028999999999999,
        0.6849999999999999,
        0.3807,
        0.0395
      ],
      [
        0.4028999999999999,
        0.999516,
        0.43756000000000006,
        0.20030800000000007,
        0.03177999999999997
      ],
      [
        0.6849999999999999,
        0.43756000000000006,
        0.9996,
        0.38628,
        0.03779999999999997
      ],
      [
        0.3807,
        0.20030800000000007,
        0.38628,
        0.999804,
        0.00013999999999991854
      ],
      [
        0.0395,
        0.03177999999999997,
        0.03779999999999997,
        0.00013999999999991854,
        0.9999
      ]
    ],
    [
      [
        0.999516,
        0.6272519999999999,
        0.8436040000000001,
        0.6433399999999999,
        -0.007144000000000032
      ],
      [
        0.6272519999999999,
        0.998844,
        0.6393880000000001,
        0.48697999999999997,
        -0.02376799999999999
      ],
      [
        0.8436040000000001,
        0.6393880000000001,
        0.999676,
        0.6514599999999999,
        -0.010936000000000036
      ],
      [
        0.6433399999999999,
        0.48697999999999997,
        0.6514599999999999,
        0.9991,
        0.02844
      ],
      [
        -0.007144000000000032,
        -0.02376799999999999,
        -0.010936000000000036,
        0.02844,
        0.997296
      ]
    ],
    [
      [
        0.999964,
        0.946024,
        0.987916,
        0.9378559999999999,
        -0.10798800000000004
      ],
      [
        0.946024,
        0.999984,
        0.9540559999999999,
        0.9000959999999999,
        -0.10600800000000003
      ],
      [
        0.987916,
        0.9540559999999999,
        0.999804,
        0.941664,
        -0.10397200000000006
      ],
      [
        0.9378559999999999,
        0.9000959999999999,
        0.941664,
        0.999424,
        -0.11395200000000007
      ],
      [
        -0.10798800000000004,
        -0.10600800000000003,
        -0.10397200000000006,
        -0.11395200000000007,
        0.999996
      ]
    ],
    [
      [
        0.999996,
        0.999996,
        0.999996,
        0.998,
        -0.19404
      ],
      [
        0.999996,
        0.999996,
        0.999996,
        0.998,
        -0.19404
      ],
      [
        0.999996,
        0.999996,
        0.999996,
        0.998,
        -0.19404
      ],
      [
        0.998,
        0.998,
        0.998,
        1.0,
        -0.19599999999999998
      ],
      [
        -0.19404,
        -0.19404,
        -0.19404,
        -0.19599999999999998,
        0.9996
      ]
    ],
    [
      [
        0.999424,
        0.999424,
        0.999424,
        0.999424,
        -0.372992
      ],
      [
        0.999424,
        0.999424,
        0.999424,
        0.999424,
        -0.372992
      ],
      [
        0.999424,
        0.999424,
        0.999424,
        0.999424,
        -0.372992
      ],
      [
        0.999424,
        0.999424,
        0.999424,
        0.999424,
        -0.372992
      ],
      [
        -0.372992,
        -0.372992,
        -0.372992,
        -0.372992,
        0.998236
      ]
    ],
    [
      [
        0.999744,
        0.997712,
        0.999744,
        0.999744,
        -0.8496480000000001
      ],
      [
        0.997712,
        0.999676,
        0.997712,
        0.997712,
        -0.8476040000000001
      ],
      [
        0.999744,
        0.997712,
        0.999744,
        0.999744,
        -0.8496480000000001
      ],
      [
        0.999744,
        0.997712,
        0.999744,
        0.999744,
        -0.8496480000000001
      ],
      [
        -0.8496480000000001,
        -0.8476040000000001,
        -0.8496480000000001,
        -0.8496480000000001,
        0.999516
      ]
    ],
    [
      [
        0.998844,
        0.998844,
        0.998844,
        0.99498,
        -0.998844
      ],
      [
        0.998844,
        0.998844,
        0.998844,
        0.99498,
        -0.998844
      ],
      [
        0.998844,
        0.998844,
        0.998844,
        0.99498,
        -0.998844
      ],
      [
        0.99498,
        0.99498,
        0.99498,
        0.9991,
        -0.99498
      ],
      [
        -0.998844,
        -0.998844,
        -0.998844,
        -0.99498,
        0.998844
      ]
    ],
    [
      [
        0.999856,
        0.995856,
        0.995904,
        0.99788,
        -0.99788
      ],
      [
        0.995856,
        0.999856,
        0.995904,
        0.99788,
        -0.99788
      ],
      [
        0.995904,
        0.995904,
        0.999936,
        0.99792,
        -0.99792
      ],
      [
        0.99788,
        0.99788,
        0.99792,
        0.9999,
        -0.9999
      ],
      [
        -0.99788,
        -0.99788,
        -0.99792,
        -0.9999,
        0.9999
      ]
    ],
    [
      [
        0.9991,
        0.98722,
        0.99316,
        0.99304,
        -0.99304
      ],
      [
        0.98722,
        0.999324,
        0.989272,
        0.9891679999999999,
        -0.9891679999999999
      ],
      [
        0.99316,
        0.989272,
        0.999216,
        0.995104,
        -0.995104
      ],
      [
        0.99304,
        0.9891679999999999,
        0.995104,
        0.998976,
        -0.994976
      ],
      [
        -0.99304,
        -0.9891679999999999,
        -0.995104,
        -0.994976,
        0.998976
      ]
    ],
    [
      [
        0.999744,
        0.999744,
        0.993776,
        0.997712,
        -0.997712
      ],
      [
        0.999744,
        0.999744,
        0.993776,
        0.997712,
        -0.997712
      ],
      [
        0.993776,
        0.993776,
        0.999804,
        0.991748,
        -0.991748
      ],
      [
        0.997712,
        0.997712,
        0.991748,
        0.999676,
        -0.995676
      ],
      [
        -0.997712,
        -0.997712,
        -0.991748,
        -0.995676,
        0.999676
      ]
    ],
    [
      [
        0.996636,
        0.994752,
        0.988868,
        0.990752,
        -0.990984
      ],
      [
        0.994752,
        0.996864,
        0.990976,
        0.992864,
        -0.993088
      ],
      [
        0.988868,
        0.990976,
        0.997084,
        0.986976,
        -0.987192
      ],
      [
        0.990752,
        0.992864,
        0.986976,
        0.996864,
        -0.989088
      ],
      [
        -0.990984,
        -0.993088,
        -0.987192,
        -0.989088,
        0.997296
      ]
    ],
    [
      [
        0.996156,
        0.992156,
        0.996156,
        0.994032,
        -0.98628
      ],
      [
        0.992156,
        0.996156,
        0.992156,
        0.990032,
        -0.98228
      ],
      [
        0.996156,
        0.992156,
        0.996156,
        0.994032,
        -0.98628
      ],
      [
        0.994032,
        0.990032,
        0.994032,
        0.995904,
        -0.98416
      ],
      [
        -0.98628,
        -0.98228,
        -0.98628,
        -0.98416,
        0.9964
      ]
    ],
    [
      [
        0.998064,
        0.995976,
        0.992152,
        0.995976,
        -0.993888
      ],
      [
        0.995976,
        0.997884,
        0.994068,
        0.997884,
        -0.995792
      ],
      [
        0.992152,
        0.994068,
        0.998236,
        0.994068,
        -0.991984
      ],
      [
        0.995976,
        0.997884,
        0.994068,
        0.997884,
        -0.995792
      ],
      [
        -0.993888,
        -0.995792,
        -0.991984,
        -0.995792,
        0.997696
      ]
    ],
    [
      [
        0.997884,
        0.997884,
        0.995976,
        0.991976,
        -0.997884
      ],
      [
        0.997884,
        0.997884,
        0.995976,
        0.991976,
        -0.997884
      ],
      [
        0.995976,
        0.995976,
        0.998064,
        0.9900639999999999,
        -0.995976
      ],
      [
        0.991976,
        0.991976,
        0.9900639999999999,
        0.998064,
        -0.991976
      ],
      [
        -0.997884,
        -0.997884,
        -0.995976,
        -0.991976,
        0.997884
      ]
    ],
    [
      [
        0.999856,
        0.98988,
        0.98988,
        0.991856,
        -0.98588
      ],
      [
        0.98988,
        0.9999,
        0.9959,
        0.99788,
        -0.9919
      ],
      [
        0.98988,
        0.9959,
        0.9999,
        0.99788,
        -0.9919
      ],
      [
        0.991856,
        0.99788,
        0.99788,
        0.999856,
        -0.99388
      ],
      [
        -0.98588,
        -0.9919,
        -0.9919,
        -0.99388,
        0.9999
      ]
    ],
    [
      [
        0.9999,
        0.99392,
        0.99392,
        0.99392,
        -0.99392
      ],
      [
        0.99392,
        0.999936,
        0.999936,
        0.999936,
        -0.999936
      ],
      [
        0.99392,
        0.999936,
        0.999936,
        0.999936,
        -0.999936
      ],
      [
        0.99392,
        0.999936,
        0.999936,
        0.999936,
        -0.999936
      ],
      [
        -0.99392,
        -0.999936,
        -0.999936,
        -0.999936,
        0.999936
      ]
    ],
    [
      [
        0.999804,
        0.985888,
        0.999804,
        0.997832,
        -0.99186
      ],
      [
        0.985888,
        0.999936,
        0.985888,
        0.983904,
        -0.97792
      ],
      [
        0.999804,
        0.985888,
        0.999804,
        0.997832,
        -0.99186
      ],
      [
        0.997832,
        0.983904,
        0.997832,
        0.999856,
        -0.98988
      ],
      [
        -0.99186,
        -0.97792,
        -0.99186,
        -0.98988,
        0.9999
      ]
    ],
    [
      [
        0.9999,
        0.99792,
        0.9999,
        0.9959,
        -0.99792
      ],
      [
        0.99792,
        0.999936,
        0.99792,
        0.99392,
        -0.995936
      ],
      [
        0.9999,
        0.99792,
        0.9999,
        0.9959,
        -0.99792
      ],
      [
        0.9959,
        0.99392,
        0.9959,
        0.9999,
        -0.99392
      ],
      [
        -0.99792,
        -0.995936,
        -0.99792,
        -0.99392,
        0.999936
      ]
    ],
    [
      [
        0.999984,
        0.98996,
        0.997992,
        0.995984,
        -0.997992
      ],
      [
        0.98996,
        0.9999,
        0.99198,
        0.98996,
        -0.99198
      ],
      [
        0.997992,
        0.99198,
        0.999996,
        0.997992,
        -0.999996
      ],
      [
        0.995984,
        0.98996,
        0.997992,
        0.999984,
        -0.997992
      ],
      [
        -0.997992,
        -0.99198,
        -0.999996,
        -0.997992,
        0.999996
      ]
    ]
  ]
}