{
  "settings_list": [
    [
      4.052046699731698,
      1.7766403935385666,
      2.238931101936549,
      5.6291581804659225,
      5.2058568022760525,
      1.8759831053979155,
      0.8359689968914632,
      3.414001029051312,
      4.472761893585141,
      3.6043839170724503,
      1.2913267672141502,
      2.815185156110582,
      0.5918482444080091,
      1.6088086687899177,
      1.1630177743110919
    ],
    [
      4.053564757043699,
      1.7937447576665666,
      2.235295915798949,
      5.647088932459522,
      5.248470412260053,
      1.8781013436507155,
      0.7981232426066632,
      3.404836420916912,
      4.473804910141941,
      3.59214065241325,
      1.2381218332429502,
      2.815149059835382,
      0.5930251206128091,
      1.6145110680155177,
      1.1589594559046918
    ],
    [
      4.046887327283699,
      1.8170508220761665,
      2.236718689270949,
      5.687449382750722,
      5.323573562538453,
      1.8773491093979155,
      0.7401294117522632,
      3.400011645985712,
      4.474308409841141,
      3.5829951178020503,
      1.1669275866125501,
      2.818577289601782,
      0.588230398846409,
      1.6595568950555177,
      1.163422233050292
    ],
    [
      4.043706240794099,
      1.8646674949721667,
      2.241775963152549,
      5.736320276216322,
      5.414575218013653,
      1.8724109390555155,
      0.6716860627346632,
      3.3791559900497123,
      4.475515806167541,
      3.56464441774445,
      1.0867070709517501,
      2.819090240718582,
      0.575570562788809,
      1.7041031478299178,
      1.1668569059718918
    ],
    [
      4.0330380698500985,
      1.8962236437849667,
      2.245101093078949,
      5.798141995531522,
      5.524787725802453,
      1.8752259099227155,
      0.5702708127826632,
      3.3437913546769122,
      4.471375361629941,
      3.53118857460845,
      0.9776063606477501,
      2.820539178625782,
      0.578042530699209,
      1.7483344267867178,
      1.160567253952692
    ],
    [
      4.0007068453700985,
      1.9619711843929668,
      2.252138278966949,
      5.8795929946995225,
      5.669990621994453,
      1.8871592539547155,
      0.4504390079186632,
      3.3116369918929123,
      4.481165094301941,
      3.49042104244845,
      0.81723083891975,
      2.831078608161782,
      0.5787976765872089,
      1.8058583814107179,
      1.155309735424692
    ],
    [
      3.9428085069572987,
      2.0710046652281666,
      2.243634701731749,
      6.010438026293122,
      5.872631537264852,
      1.8657883199355154,
      0.2750878382386631,
      3.2340460339345123,
      4.474361795677941,
      3.41854200557485,
      0.5548794928621499,
      2.829179170443382,
      0.552391094139209,
      1.918388565660318,
      1.136995633549492
    ],
    [
      3.8404043734148985,
      2.291148071090567,
      2.2654939520869486,
      6.153528534760322,
      6.116411906493653,
      1.8718428292731155,
      0.08729914039546305,
      3.1844886405393122,
      4.454093261405942,
      3.29056571852205,
      0.2299886791021497,
      2.852075553048182,
      0.5224273237072089,
      2.1151875448603183,
      1.136069470759092
    ],
    [
      3.5651156002628985,
      2.654128547986567,
      2.2636483140069483,
      6.293931730376322,
      6.297689906205653,
      1.8715813903931153,
      0.009637632235463059,
      3.1039261637393123,
      4.430181915037942,
      3.13963978889005,
      0.006533879582149682,
      2.897060478456182,
      0.3665783806352088,
      2.5315204281883186,
      1.170495707495092
    ],
    [
      3.1930010574404983,
      3.1664750327097675,
      2.2762049935269486,
      6.296960965531522,
      6.275809759751253,
      1.8702643888443153,
      -0.004708059914936884,
      3.1187507697681123,
      4.419606158385141,
      3.1117622676772503,
      -0.0061291341842502345,
      2.851324947198582,
      0.01626154639520877,
      3.1339008791483187,
      1.153066696471092
    ],
    [
      3.106500402448498,
      3.0934605456729676,
      2.2742643027045486,
      6.263524884369922,
      6.284177439959253,
      1.8653282498619153,
      -0.039803692356536954,
      3.1769185411857124,
      4.4044434929803415,
      3.1834079078212505,
      -0.0873586089170503,
      2.867021695028982,
      -0.014456760135991266,
      3.1120984475579188,
      1.151733489885492
    ],
    [
      3.1819059188644983,
      3.1507164945689676,
      2.2630296744485485,
      6.313383051393922,
      6.294314245783252,
      1.8772726885339153,
      0.06387985610746318,
      3.1548949550257124,
      4.400627515060341,
      3.1412623723972506,
      0.01937541109894965,
      2.8649236718449824,
      0.02488118357600875,
      3.206472160901919,
      1.153426810877492
    ],
    [
      3.120577752621298,
      3.1627690491609677,
      2.2657997891237485,
      6.258633194056322,
      6.210556589815252,
      1.8781743313467152,
      -0.026454266250936886,
      3.1458970303601124,
      4.401896434829941,
      3.1369305660388505,
      -0.006091243681850305,
      2.8673583995665823,
      0.06479700394080881,
      3.116122606978719,
      1.1537132742694922
    ],
    [
      3.196225792691698,
      3.1286417472217676,
      2.2702105011621483,
      6.340589622350722,
      6.334067806698452,
      1.883914466681115,
      -0.016289106698936857,
      3.1294358276145124,
      4.40225731232754,
      3.1999801764388507,
      0.00537346552774965,
      2.8695897712657823,
      -0.0373342230351911,
      3.168321343753119,
      1.1576155881254921
    ],
    [
      3.060701267635698,
      3.1962406837017676,
      2.2812426322725483,
      6.262537453333121,
      6.221632408304853,
      1.891056878591515,
      0.005729419368263107,
      3.109385331224112,
      4.40650092047474,
      3.103471428368451,
      0.001383330462149673,
      2.863439664232182,
      0.04946400509280896,
      3.093984920265119,
      1.1709576718310921
    ],
    [
      3.162131956160498,
      3.0678563488793675,
      2.2783115814469483,
      6.256592603739521,
      6.293966876148053,
      1.8925769839547149,
      -0.01105965649413684,
      3.1936645881073122,
      4.41763577078194,
      3.161958745773251,
      0.009600967057349679,
      2.8700861954641823,
      -0.050060273998391025,
      3.170795979417119,
      1.174255641421492
    ],
    [
      3.146675535075698,
      3.2147681035961675,
      2.2827548190309486,
      6.322289261630721,
      6.269600341754453,
      1.8864674606779148,
      0.06935211259066312,
      3.0834716623057123,
      4.39702312493554,
      3.163451102461251,
      -0.06803002264505044,
      2.8688472592113823,
      0.05433492215200908,
      3.165661526265119,
      1.175201361847092
    ],
    [
      3.177061568934898,
      3.0865493381945672,
      2.2877671950597485,
      6.236016412699521,
      6.276257426420052,
      1.893647801369115,
      -0.0408102929037369,
      3.1752132833521123,
      4.39727616018674,
      3.109696249382851,
      0.10985254351814967,
      2.854245266254582,
      -0.026155166091190896,
      3.1042205977435193,
      1.177472502103092
    ],
    [
      3.166868551837298,
      3.118249589295367,
      2.2761635384645484,
      6.358543186363521,
      6.311470786308052,
      1.905449357897115,
      0.021589957781063172,
      3.153488664283312,
      4.40004549378354,
      3.2001085560004507,
      -0.06005595431865039,
      2.857162413422582,
      -0.04191941692319094,
      3.2014801594523195,
      1.182397917408692
    ],
    [
      3.121443293581298,
      3.167540172840967,
      2.2875853632549483,
      6.207498101387521,
      6.252942216279252,
      1.875309866242715,
      -0.0029064409485368738,
      3.071279890984112,
      4.39952013319794,
      3.1027886629284507,
      0.02513271471494967,
      2.827047283464182,
      -0.038663853025591034,
      3.1818476372699194,
      1.172747237277492
    ],
    [
      3.141630430989298,
      3.138223973116167,
      2.2808787667621484,
      6.292418661957121,
      6.213906643805652,
      1.865114906389915,
      -0.022545566689336875,
      3.193915649409712,
      4.40201282766194,
      3.1866621420260506,
      0.044699954938949696,
      2.831004589710582,
      -0.03441941925919103,
      3.1321079298331194,
      1.1742073632038923
    ]
  ],
  "cost_vals": [],
  "step_size": 0.1,
  "opt_step_times": [
    0.1608140468597412,
    0.16579103469848633,
    0.16668391227722168,
    0.16884136199951172,
    0.16751885414123535,
    0.15671086311340332,
    0.22942519187927246,
    0.15601515769958496,
    0.1531820297241211,
    0.1532449722290039,
    0.16922807693481445,
    0.17699408531188965,
    0.1493082046508789,
    0.1514909267425537,
    0.15514087677001953,
    0.15431714057922363,
    0.16597199440002441,
    0.15356206893920898,
    0.157700777053833,
    0.1628868579864502
  ],
  "opt_settings": [
    3.141630430989298,
    3.138223973116167,
    2.2808787667621484,
    6.292418661957121,
    6.213906643805652,
    1.865114906389915,
    -0.022545566689336875,
    3.193915649409712,
    4.40201282766194,
    3.1866621420260506,
    0.044699954938949696,
    2.831004589710582,
    -0.03441941925919103,
    3.1321079298331194,
    1.1742073632038923
  ],
  "min_cost": null,
  "datetime": "2023-05-30T16-37-37Z",
  "step_only": true,
  "ibm_device": "default.qubit",
  "shots": 1000,
  "prep_node_name": "5-qubit_ghz_state",
  "num_qubits": 5,
  "error": false,
  "cov_mats": [
    [
      [
        0.999424,
        0.10390399999999998,
        -0.09843200000000003,
        -0.07686400000000004,
        -0.00652799999999998
      ],
      [
        0.10390399999999998,
        0.999984,
        -0.258072,
        -0.10814399999999999,
        0.029911999999999998
      ],
      [
        -0.09843200000000003,
        -0.258072,
        0.999676,
        0.18535199999999993,
        0.055603999999999966
      ],
      [
        -0.07686400000000004,
        -0.10814399999999999,
        0.18535199999999993,
        0.998704,
        -0.06679200000000006
      ],
      [
        -0.00652799999999998,
        0.029911999999999998,
        0.055603999999999966,
        -0.06679200000000006,
        0.9995160000000002
      ]
    ],
    [
      [
        0.999424,
        0.026624000000000023,
        -0.09494399999999997,
        -0.07785599999999998,
        -0.03414400000000006
      ],
      [
        0.026624000000000023,
        0.999324,
        -0.259144,
        -0.11615600000000002,
        -0.05984400000000002
      ],
      [
        -0.09494399999999997,
        -0.259144,
        0.998064,
        0.18173599999999998,
        0.09426400000000011
      ],
      [
        -0.07785599999999998,
        -0.11615600000000002,
        0.18173599999999998,
        0.999964,
        0.07203599999999995
      ],
      [
        -0.03414400000000006,
        -0.05984400000000002,
        0.09426400000000011,
        0.07203599999999995,
        0.999964
      ]
    ],
    [
      [
        0.9996,
        0.05192000000000002,
        -0.09331999999999997,
        0.0008800000000000571,
        -0.04383999999999998
      ],
      [
        0.05192000000000002,
        0.999984,
        -0.33786399999999994,
        -0.19582400000000008,
        -0.06796800000000006
      ],
      [
        -0.09331999999999997,
        -0.33786399999999994,
        0.998844,
        0.244504,
        0.085728
      ],
      [
        0.0008800000000000571,
        -0.19582400000000008,
        0.244504,
        0.998064,
        0.027648000000000058
      ],
      [
        -0.04383999999999998,
        -0.06796800000000006,
        0.085728,
        0.027648000000000058,
        0.999936
      ]
    ],
    [
      [
        0.999856,
        0.07754400000000002,
        -0.20140000000000002,
        -0.14183200000000007,
        0.006359999999999977
      ],
      [
        0.07754400000000002,
        0.998556,
        -0.3861,
        -0.2434680000000001,
        -0.05886000000000005
      ],
      [
        -0.20140000000000002,
        -0.3861,
        0.9975,
        0.35930000000000006,
        0.09450000000000006
      ],
      [
        -0.14183200000000007,
        -0.2434680000000001,
        0.35930000000000006,
        0.999804,
        0.07958000000000001
      ],
      [
        0.006359999999999977,
        -0.05886000000000005,
        0.09450000000000006,
        0.07958000000000001,
        0.9991000000000002
      ]
    ],
    [
      [
        0.999964,
        0.18216799999999997,
        -0.180012,
        -0.133832,
        -0.08183199999999999
      ],
      [
        0.18216799999999997,
        0.999216,
        -0.569944,
        -0.36478399999999994,
        -0.09678400000000009
      ],
      [
        -0.180012,
        -0.569944,
        0.999996,
        0.45005599999999996,
        0.13805599999999998
      ],
      [
        -0.133832,
        -0.36478399999999994,
        0.45005599999999996,
        0.999216,
        0.09121600000000002
      ],
      [
        -0.08183199999999999,
        -0.09678400000000009,
        0.13805599999999998,
        0.09121600000000002,
        0.999216
      ]
    ],
    [
      [
        0.999936,
        0.210304,
        -0.23625600000000002,
        -0.1742080000000001,
        -0.07417599999999998
      ],
      [
        0.210304,
        0.998556,
        -0.664784,
        -0.48301200000000005,
        -0.15916400000000003
      ],
      [
        -0.23625600000000002,
        -0.664784,
        0.998976,
        0.589168,
        0.21329600000000007
      ],
      [
        -0.1742080000000001,
        -0.48301200000000005,
        0.589168,
        0.999324,
        0.13942800000000005
      ],
      [
        -0.07417599999999998,
        -0.15916400000000003,
        0.21329600000000007,
        0.13942800000000005,
        0.999516
      ]
    ],
    [
      [
        0.9945240000000001,
        0.311776,
        -0.31296000000000007,
        -0.28933200000000003,
        -0.09703600000000003
      ],
      [
        0.311776,
        0.999424,
        -0.87504,
        -0.717568,
        -0.25766400000000006
      ],
      [
        -0.31296000000000007,
        -0.87504,
        0.9984,
        0.77328,
        0.25744
      ],
      [
        -0.28933200000000003,
        -0.717568,
        0.77328,
        0.999676,
        0.21574799999999997
      ],
      [
        -0.09703600000000003,
        -0.25766400000000006,
        0.25744,
        0.21574799999999997,
        0.999804
      ]
    ],
    [
      [
        0.998844,
        0.492368,
        -0.492368,
        -0.48036799999999996,
        -0.22532000000000005
      ],
      [
        0.492368,
        0.997696,
        -0.977696,
        -0.953696,
        -0.44304
      ],
      [
        -0.492368,
        -0.977696,
        0.997696,
        0.961696,
        0.43904
      ],
      [
        -0.48036799999999996,
        -0.953696,
        0.961696,
        0.997696,
        0.43504
      ],
      [
        -0.22532000000000005,
        -0.44304,
        0.43904,
        0.43504,
        0.9996
      ]
    ],
    [
      [
        0.999996,
        0.77998,
        -0.77998,
        -0.77998,
        -0.59396
      ],
      [
        0.77998,
        0.9999,
        -0.9999,
        -0.9999,
        -0.7738
      ],
      [
        -0.77998,
        -0.9999,
        0.9999,
        0.9999,
        0.7738
      ],
      [
        -0.77998,
        -0.9999,
        0.9999,
        0.9999,
        0.7738
      ],
      [
        -0.59396,
        -0.7738,
        0.7738,
        0.7738,
        0.9996
      ]
    ],
    [
      [
        0.998844,
        0.994844,
        -0.994844,
        -0.994844,
        -0.994844
      ],
      [
        0.994844,
        0.998844,
        -0.998844,
        -0.998844,
        -0.998844
      ],
      [
        -0.994844,
        -0.998844,
        0.998844,
        0.998844,
        0.998844
      ],
      [
        -0.994844,
        -0.998844,
        0.998844,
        0.998844,
        0.998844
      ],
      [
        -0.994844,
        -0.998844,
        0.998844,
        0.998844,
        0.998844
      ]
    ],
    [
      [
        0.996636,
        0.996636,
        -0.996636,
        -0.992404,
        -0.994752
      ],
      [
        0.996636,
        0.996636,
        -0.996636,
        -0.992404,
        -0.994752
      ],
      [
        -0.996636,
        -0.996636,
        0.996636,
        0.992404,
        0.994752
      ],
      [
        -0.992404,
        -0.992404,
        0.992404,
        0.996156,
        0.990528
      ],
      [
        -0.994752,
        -0.994752,
        0.994752,
        0.990528,
        0.996864
      ]
    ],
    [
      [
        0.999516,
        0.999516,
        -0.995516,
        -0.99756,
        -0.995604
      ],
      [
        0.999516,
        0.999516,
        -0.995516,
        -0.99756,
        -0.995604
      ],
      [
        -0.995516,
        -0.995516,
        0.999516,
        0.99356,
        0.991604
      ],
      [
        -0.99756,
        -0.99756,
        0.99356,
        0.9996,
        0.99364
      ],
      [
        -0.995604,
        -0.995604,
        0.991604,
        0.99364,
        0.999676
      ]
    ],
    [
      [
        0.9936,
        0.9896,
        -0.9936,
        -0.9936,
        -0.98928
      ],
      [
        0.9896,
        0.9936,
        -0.9896,
        -0.9896,
        -0.98528
      ],
      [
        -0.9936,
        -0.9896,
        0.9936,
        0.9936,
        0.98928
      ],
      [
        -0.9936,
        -0.9896,
        0.9936,
        0.9936,
        0.98928
      ],
      [
        -0.98928,
        -0.98528,
        0.98928,
        0.98928,
        0.992944
      ]
    ],
    [
      [
        0.9999,
        0.99586,
        -0.9999,
        -0.9999,
        -0.9959
      ],
      [
        0.99586,
        0.999804,
        -0.99586,
        -0.99586,
        -0.99186
      ],
      [
        -0.9999,
        -0.99586,
        0.9999,
        0.9999,
        0.9959
      ],
      [
        -0.9999,
        -0.99586,
        0.9999,
        0.9999,
        0.9959
      ],
      [
        -0.9959,
        -0.99186,
        0.9959,
        0.9959,
        0.9999
      ]
    ],
    [
      [
        0.999996,
        0.998,
        -0.998,
        -0.998,
        -0.996004
      ],
      [
        0.998,
        1.0,
        -1.0,
        -1.0,
        -0.998
      ],
      [
        -0.998,
        -1.0,
        1.0,
        1.0,
        0.998
      ],
      [
        -0.998,
        -1.0,
        1.0,
        1.0,
        0.998
      ],
      [
        -0.996004,
        -0.998,
        0.998,
        0.998,
        0.999996
      ]
    ],
    [
      [
        0.994524,
        0.992376,
        -0.990524,
        -0.992376,
        -0.992376
      ],
      [
        0.992376,
        0.994224,
        -0.992376,
        -0.994224,
        -0.994224
      ],
      [
        -0.990524,
        -0.992376,
        0.994524,
        0.992376,
        0.992376
      ],
      [
        -0.992376,
        -0.994224,
        0.992376,
        0.994224,
        0.994224
      ],
      [
        -0.992376,
        -0.994224,
        0.992376,
        0.994224,
        0.994224
      ]
    ],
    [
      [
        0.999856,
        0.993784,
        -0.99176,
        -0.993784,
        -0.993784
      ],
      [
        0.993784,
        0.999676,
        -0.99764,
        -0.999676,
        -0.999676
      ],
      [
        -0.99176,
        -0.99764,
        0.9996,
        0.99764,
        0.99764
      ],
      [
        -0.993784,
        -0.999676,
        0.99764,
        0.999676,
        0.999676
      ],
      [
        -0.993784,
        -0.999676,
        0.99764,
        0.999676,
        0.999676
      ]
    ],
    [
      [
        0.999216,
        0.999216,
        -0.999216,
        -0.989048,
        -0.99716
      ],
      [
        0.999216,
        0.999216,
        -0.999216,
        -0.989048,
        -0.99716
      ],
      [
        -0.999216,
        -0.999216,
        0.999216,
        0.989048,
        0.99716
      ],
      [
        -0.989048,
        -0.989048,
        0.989048,
        0.998844,
        0.98698
      ],
      [
        -0.99716,
        -0.99716,
        0.99716,
        0.98698,
        0.9991
      ]
    ],
    [
      [
        0.999676,
        0.997712,
        -0.999676,
        -0.999676,
        -0.995748
      ],
      [
        0.997712,
        0.999744,
        -0.997712,
        -0.997712,
        -0.993776
      ],
      [
        -0.999676,
        -0.997712,
        0.999676,
        0.999676,
        0.995748
      ],
      [
        -0.999676,
        -0.997712,
        0.999676,
        0.999676,
        0.995748
      ],
      [
        -0.995748,
        -0.993776,
        0.995748,
        0.995748,
        0.999804
      ]
    ],
    [
      [
        0.999516,
        0.995428,
        -0.997472,
        -0.99756,
        -0.999516
      ],
      [
        0.995428,
        0.999324,
        -0.993376,
        -0.99348,
        -0.995428
      ],
      [
        -0.997472,
        -0.993376,
        0.999424,
        0.99552,
        0.997472
      ],
      [
        -0.99756,
        -0.99348,
        0.99552,
        0.9996,
        0.99756
      ],
      [
        -0.999516,
        -0.995428,
        0.997472,
        0.99756,
        0.999516
      ]
    ],
    [
      [
        0.998704,
        0.992632,
        -0.994848,
        -0.996776,
        -0.998704
      ],
      [
        0.992632,
        0.998556,
        -0.988784,
        -0.990708,
        -0.992632
      ],
      [
        -0.994848,
        -0.988784,
        0.998976,
        0.992912,
        0.994848
      ],
      [
        -0.996776,
        -0.990708,
        0.992912,
        0.998844,
        0.996776
      ],
      [
        -0.998704,
        -0.992632,
        0.994848,
        0.996776,
        0.998704
      ]
    ]
  ]
}