{
  "settings_list": [
    [
      0.8545779979972741,
      0.9550041371554898,
      0.2962991718172701,
      1.7019256499985915,
      2.082427101618273,
      1.1456631618817952,
      6.251194377046832,
      0.48421120849714966,
      4.5810055136171055,
      2.347449338209962,
      4.871056769280755,
      0.27382318412678963,
      0.1981753404781216,
      0.28438731615301727,
      3.5174964957828854
    ],
    [
      0.7416931208100741,
      0.8127562316802899,
      0.2907052084860701,
      1.7142401077841916,
      2.095580241400673,
      1.1598891488993952,
      6.2636880133732316,
      0.30050191916274954,
      4.583959437837906,
      2.364973625713962,
      4.956006553133555,
      0.27097656530438957,
      0.13110203114372157,
      0.19282671299141724,
      3.523429407443685
    ],
    [
      0.560508300784474,
      0.5743964397954898,
      0.30100988280927016,
      1.7398383150609915,
      2.114547943890273,
      1.1592547274849951,
      6.274103880541231,
      0.14657749584754948,
      4.584961216129106,
      2.397768200965162,
      5.032194293946356,
      0.2806443601779896,
      0.07641565483012155,
      0.10542070387781723,
      3.542738755424485
    ],
    [
      0.31115311126447387,
      0.3147406060802897,
      0.31260155898207015,
      1.7865495793649917,
      2.1251605915926732,
      1.1370462469665952,
      6.279832889056431,
      0.05282753817394942,
      4.582976940052306,
      2.432863050171562,
      5.1910324582695555,
      0.29010173822918955,
      0.021714524932521517,
      0.04927218432581722,
      3.552878307578085
    ],
    [
      0.07435222020527385,
      0.10460420618268962,
      0.3220001114236701,
      1.8517792129777917,
      2.1591258677142733,
      1.1421891799905952,
      6.278540505837231,
      0.0303761661675494,
      4.5981734611659055,
      2.5552041605203617,
      5.476199476842355,
      0.3004704378579896,
      -0.034437733358678516,
      0.00425066671941722,
      3.5539924568836847
    ],
    [
      -4.8412575526193824e-05,
      0.023718203392289597,
      0.3245147228284701,
      2.0055010812657916,
      2.2109208185238733,
      1.1468183326561951,
      6.3073132876100315,
      0.0049835854571494,
      4.592048519649105,
      2.8009082815571618,
      5.871504129744755,
      0.29401484156998964,
      -0.016494076552278542,
      -0.0202800443205828,
      3.591625362560485
    ],
    [
      0.012938162150873787,
      0.028250305968289566,
      0.31316864495647007,
      2.170038705716992,
      2.3361752261302735,
      1.1560068839009952,
      6.252294627494831,
      -0.004018571742850616,
      4.579495482097105,
      3.123731641784362,
      6.288956599610355,
      0.32907393785158967,
      -0.017765721720278523,
      -0.006597020038982862,
      3.5949585574308847
    ],
    [
      -0.0902489126683263,
      0.005913843558689531,
      0.29523169379167,
      2.5240526366897917,
      2.5786498445590733,
      1.175927470048195,
      6.289951890816432,
      -0.05244612950605067,
      4.580266828301905,
      3.115328585912362,
      6.2700406750343545,
      0.3379900809203896,
      -0.027619566126678576,
      0.014807221468217049,
      3.5899307300868846
    ],
    [
      -0.017594262786726253,
      0.005543460659489536,
      0.27864371585887,
      3.0795357540273924,
      3.0567764702806737,
      1.176318494848195,
      6.2281273141828315,
      0.026993820017149464,
      4.595813105268306,
      3.156004683141162,
      6.323846484333554,
      0.33391051546758954,
      -0.00779686965307852,
      -0.004570265501382847,
      3.5981141451844847
    ],
    [
      -0.009067897516326246,
      -0.004453893372510464,
      0.27234431160927,
      3.1775063545681923,
      3.151193040037474,
      1.190453712614595,
      6.364238537789232,
      -0.021163599038850518,
      4.576905525690706,
      3.141999726360362,
      6.219248861747954,
      0.3492211434611896,
      -0.01562865585787855,
      -0.08707700332858286,
      3.5772951789572844
    ],
    [
      -0.018723882213926332,
      -0.004484792025310469,
      0.25975239290207,
      3.161650344836992,
      3.102819501487074,
      1.1939892544609951,
      6.285740670646832,
      -0.024775300533250524,
      4.599162238884306,
      3.162272601928362,
      6.325611918234355,
      0.31609232917638946,
      0.05895194061892148,
      0.08757180232901725,
      3.558693652198884
    ],
    [
      -0.0037454232187263195,
      0.0438519621122896,
      0.26357128444127,
      3.106610093508992,
      3.183750512523874,
      1.1917334507905952,
      6.316620091069232,
      -0.037934216181250535,
      4.591345486090706,
      3.144234126833962,
      6.229396229632755,
      0.3173080915507895,
      0.03221232707012153,
      -0.1333267762501827,
      3.552456749920484
    ],
    [
      0.03788778945007365,
      -0.05291104315171044,
      0.25698223220766997,
      3.212918478628992,
      3.100398319938274,
      1.1964960829249953,
      6.269170370237232,
      -0.03745962721485053,
      4.5923162307723056,
      3.043971539553962,
      6.372007200496755,
      0.3175765991763895,
      -0.07186850957947846,
      0.07668130368581733,
      3.562835416627684
    ],
    [
      -0.056395231973926374,
      -0.03634469534051041,
      0.26088116808607,
      3.052799932731392,
      3.136631552463074,
      1.1912303675617952,
      6.336520531974832,
      0.053486008519549384,
      4.586121246282706,
      3.149408463905962,
      6.2087785722855555,
      0.3357673370579895,
      0.030655294420521575,
      -0.09504095360378256,
      3.578044564134884
    ],
    [
      0.004798034400473661,
      0.08629962555548955,
      0.24824165921566999,
      3.235374470299392,
      3.198780573915874,
      1.1858360778401953,
      6.243400815213232,
      -0.050055468830850554,
      4.585347199921106,
      3.125896109192362,
      6.342944135255156,
      0.3454402465683895,
      -0.02965533852667842,
      0.10075576376581763,
      3.585819659898084
    ],
    [
      0.010899268077273656,
      -0.03425827422691047,
      0.25885438167006997,
      3.069626245611392,
      3.083934757375074,
      1.1939551315457952,
      6.317154991859632,
      0.03291182622194932,
      4.585252912209106,
      3.093209260613162,
      6.2422717147047555,
      0.33574824469318953,
      0.01522593804292164,
      -0.033113078330182344,
      3.585052163856484
    ],
    [
      -0.03376952907472632,
      0.005399320637089561,
      0.25325103138206984,
      3.1728866213713918,
      3.159748836959074,
      1.1947018101377953,
      6.302640950755632,
      -0.07090862526605068,
      4.588507996737106,
      3.220431263157162,
      6.290201110032755,
      0.3276140949971895,
      -0.08006220837307829,
      -0.027539699002182394,
      3.580353680288484
    ],
    [
      0.000503284845273691,
      0.06609134721308957,
      0.2502425837980698,
      3.0920471257713915,
      3.168658210703074,
      1.2015947934497953,
      6.196395773507632,
      0.03576754111794932,
      4.587548600497106,
      3.141939768325162,
      6.328471801328755,
      0.32914870926918954,
      0.00043863178692149507,
      0.01666733886981763,
      3.575458249840484
    ],
    [
      -0.0538605362683263,
      -0.03255775867491045,
      0.2570271017468698,
      3.1675863595249916,
      3.104742541080674,
      1.1916038517057952,
      6.333365108310832,
      0.027471513492349317,
      4.578566624525906,
      3.1452389039251623,
      6.197362056323955,
      0.32119909272838953,
      0.06700841954372151,
      -0.007358483318982444,
      3.5940961750564844
    ],
    [
      0.053417375795673634,
      0.03794847518108965,
      0.2767308212988697,
      3.1093432013809914,
      3.245956995096674,
      1.1937172257857953,
      6.240964808918832,
      -0.01308169981965076,
      4.562797510797906,
      3.1415748299411623,
      6.3502093909799555,
      0.3134009704883895,
      -0.027054166952278552,
      -0.00518500504698242,
      3.5908506073124844
    ],
    [
      -0.06725698567632646,
      -0.08615162547491041,
      0.27527833214686975,
      3.1618119482449916,
      3.052019817464674,
      1.1843727378497952,
      6.2850083052548325,
      -0.02552462124365075,
      4.560631795901906,
      3.080738729429162,
      6.266254488851955,
      0.3180531460243895,
      0.10417635119172142,
      -0.012429535062982427,
      3.5835869815044843
    ]
  ],
  "cost_vals": [],
  "step_size": 0.1,
  "opt_step_times": [
    0.18576908111572266,
    0.2229318618774414,
    0.17251110076904297,
    0.17249608039855957,
    0.21543407440185547,
    0.20168590545654297,
    0.29698801040649414,
    0.17218804359436035,
    0.16550397872924805,
    0.17430591583251953,
    0.15784096717834473,
    0.1675870418548584,
    0.18824195861816406,
    0.1764516830444336,
    0.15569782257080078,
    0.15910720825195312,
    0.1449589729309082,
    0.19646120071411133,
    0.17157387733459473,
    0.19628286361694336
  ],
  "opt_settings": [
    -0.06725698567632646,
    -0.08615162547491041,
    0.27527833214686975,
    3.1618119482449916,
    3.052019817464674,
    1.1843727378497952,
    6.2850083052548325,
    -0.02552462124365075,
    4.560631795901906,
    3.080738729429162,
    6.266254488851955,
    0.3180531460243895,
    0.10417635119172142,
    -0.012429535062982427,
    3.5835869815044843
  ],
  "min_cost": null,
  "datetime": "2023-05-30T16-38-43Z",
  "step_only": true,
  "ibm_device": "default.qubit",
  "shots": 1000,
  "prep_node_name": "5-qubit_ghz_state",
  "num_qubits": 5,
  "error": false,
  "cov_mats": [
    [
      [
        0.996636,
        0.014056000000000037,
        0.30768000000000006,
        -0.11304399999999999,
        0.32272400000000007
      ],
      [
        0.014056000000000037,
        0.995376,
        0.09728000000000009,
        -0.031224000000000002,
        0.084504
      ],
      [
        0.30768000000000006,
        0.09728000000000009,
        0.9984,
        -0.11471999999999993,
        0.8251200000000001
      ],
      [
        -0.11304399999999999,
        -0.031224000000000002,
        -0.11471999999999993,
        0.999676,
        -0.09239600000000002
      ],
      [
        0.32272400000000007,
        0.084504,
        0.8251200000000001,
        -0.09239600000000002,
        0.999516
      ]
    ],
    [
      [
        0.999804,
        0.010224000000000009,
        0.5452720000000001,
        -0.09800000000000006,
        0.527188
      ],
      [
        0.010224000000000009,
        0.999744,
        0.07283200000000004,
        -0.04800000000000004,
        0.09492800000000008
      ],
      [
        0.5452720000000001,
        0.07283200000000004,
        0.997296,
        -0.22000000000000003,
        0.9349839999999999
      ],
      [
        -0.09800000000000006,
        -0.04800000000000004,
        -0.22000000000000003,
        1.0,
        -0.20600000000000002
      ],
      [
        0.527188,
        0.09492800000000008,
        0.9349839999999999,
        -0.20600000000000002,
        0.996636
      ]
    ],
    [
      [
        0.999424,
        0.030048,
        0.696992,
        -0.18771200000000007,
        0.68704
      ],
      [
        0.030048,
        0.999996,
        0.07608400000000001,
        -0.03802400000000004,
        0.07808000000000001
      ],
      [
        0.696992,
        0.07608400000000001,
        0.998236,
        -0.2174960000000001,
        0.98032
      ],
      [
        -0.18771200000000007,
        -0.03802400000000004,
        -0.2174960000000001,
        0.999856,
        -0.2275200000000001
      ],
      [
        0.68704,
        0.07808000000000001,
        0.98032,
        -0.2275200000000001,
        0.9984
      ]
    ],
    [
      [
        0.999984,
        0.06806400000000006,
        0.8820239999999999,
        -0.3418,
        0.8800319999999999
      ],
      [
        0.06806400000000006,
        0.999744,
        0.05790400000000005,
        -0.038800000000000036,
        0.05987200000000002
      ],
      [
        0.8820239999999999,
        0.05790400000000005,
        0.999964,
        -0.40429999999999994,
        0.997952
      ],
      [
        -0.3418,
        -0.038800000000000036,
        -0.40429999999999994,
        0.9975,
        -0.4024
      ],
      [
        0.8800319999999999,
        0.05987200000000002,
        0.997952,
        -0.4024,
        0.999936
      ]
    ],
    [
      [
        0.998556,
        0.14590000000000009,
        0.990708,
        -0.561392,
        0.990708
      ],
      [
        0.14590000000000009,
        0.9975,
        0.14570000000000008,
        -0.11480000000000007,
        0.14570000000000008
      ],
      [
        0.990708,
        0.14570000000000008,
        0.998844,
        -0.5654560000000001,
        0.998844
      ],
      [
        -0.561392,
        -0.11480000000000007,
        -0.5654560000000001,
        0.999744,
        -0.5654560000000001
      ],
      [
        0.990708,
        0.14570000000000008,
        0.998844,
        -0.5654560000000001,
        0.998844
      ]
    ],
    [
      [
        0.998976,
        0.24025599999999997,
        0.998976,
        -0.9072319999999999,
        0.998976
      ],
      [
        0.24025599999999997,
        0.999936,
        0.24025599999999997,
        -0.21619199999999997,
        0.24025599999999997
      ],
      [
        0.998976,
        0.24025599999999997,
        0.998976,
        -0.9072319999999999,
        0.998976
      ],
      [
        -0.9072319999999999,
        -0.21619199999999997,
        -0.9072319999999999,
        0.999424,
        -0.9072319999999999
      ],
      [
        0.998976,
        0.24025599999999997,
        0.998976,
        -0.9072319999999999,
        0.998976
      ]
    ],
    [
      [
        0.9951,
        0.33621999999999996,
        0.9951,
        -0.9951,
        0.9951
      ],
      [
        0.33621999999999996,
        0.997084,
        0.33621999999999996,
        -0.33621999999999996,
        0.33621999999999996
      ],
      [
        0.9951,
        0.33621999999999996,
        0.9951,
        -0.9951,
        0.9951
      ],
      [
        -0.9951,
        -0.33621999999999996,
        -0.9951,
        0.9951,
        -0.9951
      ],
      [
        0.9951,
        0.33621999999999996,
        0.9951,
        -0.9951,
        0.9951
      ]
    ],
    [
      [
        0.999804,
        0.6663919999999999,
        0.995748,
        -0.995748,
        0.99372
      ],
      [
        0.6663919999999999,
        0.999216,
        0.6665039999999999,
        -0.6665039999999999,
        0.6645599999999999
      ],
      [
        0.995748,
        0.6665039999999999,
        0.999676,
        -0.999676,
        0.99764
      ],
      [
        -0.995748,
        -0.6665039999999999,
        -0.999676,
        0.999676,
        -0.99764
      ],
      [
        0.99372,
        0.6645599999999999,
        0.99764,
        -0.99764,
        0.9996
      ]
    ],
    [
      [
        0.996636,
        0.990752,
        0.994752,
        -0.996636,
        0.996636
      ],
      [
        0.990752,
        0.996864,
        0.988864,
        -0.990752,
        0.990752
      ],
      [
        0.994752,
        0.988864,
        0.996864,
        -0.994752,
        0.994752
      ],
      [
        -0.996636,
        -0.990752,
        -0.994752,
        0.996636,
        -0.996636
      ],
      [
        0.996636,
        0.990752,
        0.994752,
        -0.996636,
        0.996636
      ]
    ],
    [
      [
        0.9996,
        0.9996,
        0.9996,
        -0.9996,
        0.99756
      ],
      [
        0.9996,
        0.9996,
        0.9996,
        -0.9996,
        0.99756
      ],
      [
        0.9996,
        0.9996,
        0.9996,
        -0.9996,
        0.99756
      ],
      [
        -0.9996,
        -0.9996,
        -0.9996,
        0.9996,
        -0.99756
      ],
      [
        0.99756,
        0.99756,
        0.99756,
        -0.99756,
        0.999516
      ]
    ],
    [
      [
        0.999744,
        0.997712,
        0.997712,
        -0.997776,
        0.995744
      ],
      [
        0.997712,
        0.999676,
        0.995676,
        -0.995748,
        0.993712
      ],
      [
        0.997712,
        0.995676,
        0.999676,
        -0.995748,
        0.993712
      ],
      [
        -0.997776,
        -0.995748,
        -0.995748,
        0.999804,
        -0.993776
      ],
      [
        0.995744,
        0.993712,
        0.993712,
        -0.993776,
        0.999744
      ]
    ],
    [
      [
        0.999744,
        0.99168,
        0.99568,
        -0.99568,
        0.979744
      ],
      [
        0.99168,
        0.9996,
        0.9956,
        -0.9956,
        0.97568
      ],
      [
        0.99568,
        0.9956,
        0.9996,
        -0.9996,
        0.97968
      ],
      [
        -0.99568,
        -0.9956,
        -0.9996,
        0.9996,
        -0.97968
      ],
      [
        0.979744,
        0.97568,
        0.97968,
        -0.97968,
        0.999744
      ]
    ],
    [
      [
        0.999516,
        0.999516,
        0.999516,
        -0.98556,
        0.993472
      ],
      [
        0.999516,
        0.999516,
        0.999516,
        -0.98556,
        0.993472
      ],
      [
        0.999516,
        0.999516,
        0.999516,
        -0.98556,
        0.993472
      ],
      [
        -0.98556,
        -0.98556,
        -0.98556,
        0.9996,
        -0.97952
      ],
      [
        0.993472,
        0.993472,
        0.993472,
        -0.97952,
        0.999424
      ]
    ],
    [
      [
        0.9999,
        0.9999,
        0.99788,
        -0.9959,
        0.99792
      ],
      [
        0.9999,
        0.9999,
        0.99788,
        -0.9959,
        0.99792
      ],
      [
        0.99788,
        0.99788,
        0.999856,
        -0.99388,
        0.995904
      ],
      [
        -0.9959,
        -0.9959,
        -0.99388,
        0.9999,
        -0.99392
      ],
      [
        0.99792,
        0.99792,
        0.995904,
        -0.99392,
        0.999936
      ]
    ],
    [
      [
        0.995644,
        0.983644,
        0.986304,
        -0.987908,
        0.98604
      ],
      [
        0.983644,
        0.995644,
        0.986304,
        -0.987908,
        0.98604
      ],
      [
        0.986304,
        0.986304,
        0.996864,
        -0.990528,
        0.98864
      ],
      [
        -0.987908,
        -0.987908,
        -0.990528,
        0.996156,
        -0.99028
      ],
      [
        0.98604,
        0.98604,
        0.98864,
        -0.99028,
        0.9964
      ]
    ],
    [
      [
        0.9991,
        0.99122,
        0.9951,
        -0.9932799999999999,
        0.9991
      ],
      [
        0.99122,
        0.999324,
        0.98722,
        -0.985376,
        0.99122
      ],
      [
        0.9951,
        0.98722,
        0.9991,
        -0.9892799999999999,
        0.9951
      ],
      [
        -0.9932799999999999,
        -0.985376,
        -0.9892799999999999,
        0.999424,
        -0.9932799999999999
      ],
      [
        0.9991,
        0.99122,
        0.9951,
        -0.9932799999999999,
        0.9991
      ]
    ],
    [
      [
        0.998236,
        0.996152,
        0.994404,
        -0.998236,
        0.994236
      ],
      [
        0.996152,
        0.998064,
        0.992328,
        -0.996152,
        0.992152
      ],
      [
        0.994404,
        0.992328,
        0.998556,
        -0.994404,
        0.990404
      ],
      [
        -0.998236,
        -0.996152,
        -0.994404,
        0.998236,
        -0.994236
      ],
      [
        0.994236,
        0.992152,
        0.990404,
        -0.994236,
        0.998236
      ]
    ],
    [
      [
        0.999856,
        0.995808,
        0.99388,
        -0.997832,
        0.997832
      ],
      [
        0.995808,
        0.999744,
        0.99384,
        -0.997776,
        0.997776
      ],
      [
        0.99388,
        0.99384,
        0.9999,
        -0.99586,
        0.99586
      ],
      [
        -0.997832,
        -0.997776,
        -0.99586,
        0.999804,
        -0.999804
      ],
      [
        0.997832,
        0.997776,
        0.99586,
        -0.999804,
        0.999804
      ]
    ],
    [
      [
        1.0,
        0.994,
        0.996,
        -0.996,
        0.994
      ],
      [
        0.994,
        0.999964,
        0.997976,
        -0.997976,
        0.995988
      ],
      [
        0.996,
        0.997976,
        0.999984,
        -0.999984,
        0.997992
      ],
      [
        -0.996,
        -0.997976,
        -0.999984,
        0.999984,
        -0.997992
      ],
      [
        0.994,
        0.995988,
        0.997992,
        -0.997992,
        0.999996
      ]
    ],
    [
      [
        0.9984,
        0.99216,
        0.99424,
        -0.99056,
        0.99632
      ],
      [
        0.99216,
        0.997884,
        0.991976,
        -0.988344,
        0.994068
      ],
      [
        0.99424,
        0.991976,
        0.998064,
        -0.990416,
        0.996152
      ],
      [
        -0.99056,
        -0.988344,
        -0.990416,
        0.998704,
        -0.992488
      ],
      [
        0.99632,
        0.994068,
        0.996152,
        -0.992488,
        0.998236
      ]
    ],
    [
      [
        0.999676,
        0.98964,
        0.991604,
        -0.989568,
        0.981568
      ],
      [
        0.98964,
        0.9996,
        0.99356,
        -0.99152,
        0.98352
      ],
      [
        0.991604,
        0.99356,
        0.999516,
        -0.993472,
        0.985472
      ],
      [
        -0.989568,
        -0.99152,
        -0.993472,
        0.999424,
        -0.983424
      ],
      [
        0.981568,
        0.98352,
        0.985472,
        -0.983424,
        0.999424
      ]
    ]
  ]
}