{
  "settings_list": [
    [
      0.2664607830185705,
      1.3069959731764444,
      5.321992440609377,
      2.1041829894157464,
      5.168281196391936,
      0.15840165433132353,
      1.7458154038782883,
      4.3390788921175005,
      4.979946869029187,
      6.2008188848716514,
      0.6613871019352426,
      4.359938470421441,
      1.065764119715619,
      2.1274208314081497,
      4.404939886373901
    ],
    [
      0.2595625472681705,
      1.2296000708884445,
      5.328585835191777,
      2.132581090846146,
      5.204871706987136,
      0.16798270786732353,
      1.7618048814046883,
      4.332045295739901,
      4.988502572405188,
      6.204188372302052,
      0.6287381476760426,
      4.357216710693441,
      1.0285642117796188,
      2.1557115995169496,
      4.411847281132301
    ],
    [
      0.2531254911945705,
      1.1392725795892444,
      5.331927956583778,
      2.159548914343746,
      5.227593383060737,
      0.16063773204332352,
      1.7652695159198883,
      4.332229765963901,
      4.991533626926787,
      6.208903988385251,
      0.5878984763960426,
      4.360566202667841,
      0.9852465665508188,
      2.1939454582177498,
      4.407005828546701
    ],
    [
      0.2344588345161705,
      0.9848725889076444,
      5.337261375566178,
      2.217559267534146,
      5.281451227297537,
      0.1596298192113235,
      1.7772286256158885,
      4.328627111743101,
      5.003425091067587,
      6.212204537697251,
      0.5123550838840426,
      4.366752298514241,
      0.9184008859876187,
      2.25102375571535,
      4.409716365429901
    ],
    [
      0.21082575134177048,
      0.8230124674548444,
      5.344709231956578,
      2.279116757070146,
      5.353462365902337,
      0.15951527530732346,
      1.7685629633950883,
      4.316627962667901,
      5.021707158696387,
      6.216453635828451,
      0.4344451222712426,
      4.376408647320641,
      0.8294987884516187,
      2.3335528778721497,
      4.403442204572301
    ],
    [
      0.16209081452897045,
      0.5683603756500442,
      5.348725835428579,
      2.381659490100546,
      5.473278440711938,
      0.16816057737772347,
      1.7898163382558883,
      4.313941488719101,
      5.012212720325187,
      6.245690706046051,
      0.3263859736024424,
      4.3918485359574415,
      0.7017265420548187,
      2.45893809906895,
      4.403711566348301
    ],
    [
      0.08421674585697042,
      0.313481252466044,
      5.354663790276579,
      2.5950371898125457,
      5.671429205319938,
      0.16489494665772347,
      1.8088270926558883,
      4.293127023247101,
      4.999664896229187,
      6.251742900910051,
      0.15562183369844243,
      4.385147372981441,
      0.4765786868708187,
      2.6742954798689498,
      4.407748481388301
    ],
    [
      0.03658034011297043,
      0.08633614131404399,
      5.3324890545645784,
      2.8943199566445457,
      6.0265408911279374,
      0.1683719696497234,
      1.8619958192318882,
      4.280237107519102,
      4.977877489829187,
      6.277440337486051,
      0.028812189170442398,
      4.388050203109441,
      0.17773825951081862,
      2.97564825284495,
      4.4300030349403015
    ],
    [
      -0.025986679583029512,
      -0.018953934941956033,
      5.343100750900579,
      3.1245591755245457,
      6.302269816663937,
      0.17874118406572337,
      1.9425197440958883,
      4.230755500191101,
      4.986163487669187,
      6.248992433518051,
      0.005045334770442389,
      4.408158656725441,
      -0.0374006885851815,
      3.18552097668495,
      4.430481018924302
    ],
    [
      0.02331612929057049,
      -0.010806792125955974,
      5.346457356247779,
      3.1577856885549456,
      6.300474782567937,
      0.1909561287633234,
      2.045897581286288,
      4.160747194495101,
      4.975315646216387,
      6.281804492830052,
      -0.004589294259957596,
      4.406644876133441,
      0.023358085354018517,
      3.13310226835535,
      4.432072409420301
    ],
    [
      0.030222391588170503,
      0.000926551010043979,
      5.333256738046178,
      3.1740434474925454,
      6.287070322209537,
      0.19205796284972332,
      2.212580815251088,
      4.023593269720701,
      4.964426060059587,
      6.240985573489252,
      0.04130583903284236,
      4.411772751775041,
      -0.0399675997467815,
      3.14478683808335,
      4.442884938681101
    ],
    [
      0.024295460666570498,
      -0.004826631607556088,
      5.334481601476578,
      3.1485337360429453,
      6.320578120439937,
      0.1989342659697231,
      2.514189722220688,
      3.7571963090391005,
      4.976559512296387,
      6.2872079693420515,
      -0.01028406479435768,
      4.383886043051842,
      0.006191483837218528,
      3.13100536095055,
      4.442055766149901
    ],
    [
      -0.013843388255029433,
      0.0166479272148439,
      5.344519026782178,
      3.136994180151745,
      6.268873710839937,
      0.19926719089772335,
      3.027051296006288,
      3.2553626641879005,
      4.979258141109187,
      6.261880776151652,
      0.009348195864842347,
      4.412656536747842,
      -0.040563095260381404,
      3.13241182285135,
      4.428998554706701
    ],
    [
      0.003316138810570534,
      0.014554916526843908,
      5.355627470583778,
      3.1494357529901453,
      6.321924343339138,
      0.19174790623852334,
      3.188571338502288,
      3.0965547820247004,
      4.9718051017747875,
      6.239026829604452,
      -0.027289260979957763,
      4.418358020191042,
      0.015478514954018613,
      3.16871256005455,
      4.428442875013901
    ],
    [
      0.0031744715593706057,
      -0.008493230554755994,
      5.354512307866979,
      3.127966857793345,
      6.2869328313999375,
      0.19505703615532335,
      3.066715920252688,
      3.1958618144887003,
      4.961057964129988,
      6.307330941450852,
      -0.07276415478795775,
      4.418059624171843,
      0.007021619440418641,
      3.10924899527375,
      4.426724356937101
    ],
    [
      -0.0074432856374294,
      -0.0007578800587559947,
      5.3502319166349785,
      3.136884468698945,
      6.2863183161615375,
      0.18696357138732347,
      3.212393622134288,
      3.1659073968247005,
      4.967495739713987,
      6.258872816279652,
      0.017372076456842134,
      4.424394407807043,
      0.02113504900841861,
      3.14279855630415,
      4.436921184917901
    ],
    [
      -0.00684067387742939,
      0.04875133490124403,
      5.373459147898979,
      3.1915864199469453,
      6.312788160257537,
      0.20866881330732345,
      3.103900365478288,
      3.0941477318967006,
      4.966525540865987,
      6.366763203783652,
      -0.12398521327115775,
      4.4260792678230425,
      -0.052885265215581505,
      3.11122557316815,
      4.457234307045901
    ],
    [
      -0.020980000379829333,
      -0.016578923748355998,
      5.365353050375779,
      3.126254839223745,
      6.292347384270338,
      0.20018227035692343,
      3.222180397862288,
      3.1747143020215005,
      4.985349530715587,
      6.241395549102052,
      0.06890149673204235,
      4.441119984303042,
      0.00760099636521859,
      3.12411134850255,
      4.439241479359501
    ],
    [
      -0.01790903441502933,
      0.012966040360443964,
      5.370330705249379,
      3.162081615364545,
      6.2796208206735376,
      0.20995137812012343,
      3.079800184934288,
      3.1390458040759004,
      5.011663320872387,
      6.296362717844452,
      -0.05978509145355765,
      4.427187762005442,
      0.014682299085218668,
      3.13181950334415,
      4.464326032063502
    ],
    [
      -0.029160988770229414,
      -0.06434247879475608,
      5.369551056327779,
      3.106242785310145,
      6.315692418062338,
      0.21516721577772344,
      3.235206109785488,
      3.1744312796087004,
      5.008051520833987,
      6.339851448263651,
      0.0006711709464423676,
      4.425025035016642,
      -0.04389537877718142,
      3.13336964431055,
      4.458980166015502
    ],
    [
      -0.030592911605429405,
      -0.02596824036275608,
      5.366337094164579,
      3.1292025979053446,
      6.314233423182338,
      0.22315464187052345,
      3.050691781273488,
      3.0797311793527005,
      5.002361649173187,
      6.226525545441252,
      0.007873633525642399,
      4.427570362242242,
      0.0003603043652185625,
      3.18203136321615,
      4.4365846152443025
    ]
  ],
  "cost_vals": [],
  "step_size": 0.1,
  "opt_step_times": [
    0.13327479362487793,
    0.12822294235229492,
    0.13701915740966797,
    0.1532289981842041,
    0.14209389686584473,
    0.1334702968597412,
    0.20805025100708008,
    0.1301870346069336,
    0.12059712409973145,
    0.14898419380187988,
    0.13586926460266113,
    0.14717984199523926,
    0.13415765762329102,
    0.1299281120300293,
    0.12241101264953613,
    0.1225290298461914,
    0.12235689163208008,
    0.11996817588806152,
    0.11852598190307617,
    0.12213301658630371
  ],
  "opt_settings": [
    -0.030592911605429405,
    -0.02596824036275608,
    5.366337094164579,
    3.1292025979053446,
    6.314233423182338,
    0.22315464187052345,
    3.050691781273488,
    3.0797311793527005,
    5.002361649173187,
    6.226525545441252,
    0.007873633525642399,
    4.427570362242242,
    0.0003603043652185625,
    3.18203136321615,
    4.4365846152443025
  ],
  "min_cost": null,
  "datetime": "2023-05-30T16-34-33Z",
  "step_only": true,
  "ibm_device": "default.qubit",
  "shots": 1000,
  "prep_node_name": "5-qubit_ghz_state",
  "num_qubits": 5,
  "error": false,
  "cov_mats": [
    [
      [
        0.9999,
        -0.08164000000000005,
        0.09158000000000002,
        0.22608000000000006,
        -0.12536000000000003
      ],
      [
        -0.08164000000000005,
        0.998704,
        -0.020487999999999965,
        -0.18828799999999998,
        0.12969599999999998
      ],
      [
        0.09158000000000002,
        -0.020487999999999965,
        0.9982359999999999,
        0.09433599999999998,
        -0.03931200000000007
      ],
      [
        0.22608000000000006,
        -0.18828799999999998,
        0.09433599999999998,
        0.999936,
        -0.21651200000000007
      ],
      [
        -0.12536000000000003,
        0.12969599999999998,
        -0.03931200000000007,
        -0.21651200000000007,
        0.995904
      ]
    ],
    [
      [
        0.999856,
        -0.07412000000000003,
        0.048000000000000015,
        0.26640800000000003,
        -0.07662400000000004
      ],
      [
        -0.07412000000000003,
        0.9999,
        -0.010000000000000009,
        -0.20365999999999995,
        0.13348000000000002
      ],
      [
        0.048000000000000015,
        -0.010000000000000009,
        1.0,
        0.08200000000000002,
        0.02400000000000005
      ],
      [
        0.26640800000000003,
        -0.20365999999999995,
        0.08200000000000002,
        0.998844,
        -0.260232
      ],
      [
        -0.07662400000000004,
        0.13348000000000002,
        0.02400000000000005,
        -0.260232,
        0.997296
      ]
    ],
    [
      [
        0.999676,
        -0.164468,
        0.029568000000000053,
        0.34199999999999997,
        -0.12789200000000006
      ],
      [
        -0.164468,
        0.999324,
        0.017376000000000044,
        -0.258,
        0.09615600000000006
      ],
      [
        0.029568000000000053,
        0.017376000000000044,
        0.999424,
        0.02400000000000002,
        -0.029855999999999997
      ],
      [
        0.34199999999999997,
        -0.258,
        0.02400000000000002,
        1.0,
        -0.2899999999999999
      ],
      [
        -0.12789200000000006,
        0.09615600000000006,
        -0.029855999999999997,
        -0.2899999999999999,
        0.999964
      ]
    ],
    [
      [
        0.998976,
        -0.15859199999999996,
        0.04168000000000001,
        0.46993599999999996,
        -0.15264000000000005
      ],
      [
        -0.15859199999999996,
        0.998064,
        -0.03756,
        -0.321912,
        0.08888000000000006
      ],
      [
        0.04168000000000001,
        -0.03756,
        0.9999,
        0.09198000000000005,
        -0.010199999999999982
      ],
      [
        0.46993599999999996,
        -0.321912,
        0.09198000000000005,
        0.999996,
        -0.29003999999999996
      ],
      [
        -0.15264000000000005,
        0.08888000000000006,
        -0.010199999999999982,
        -0.29003999999999996,
        0.9996
      ]
    ],
    [
      [
        0.999424,
        -0.284896,
        0.07404800000000004,
        0.6063360000000001,
        -0.2827200000000001
      ],
      [
        -0.284896,
        0.9978839999999999,
        -0.00809199999999998,
        -0.39264400000000005,
        0.17738
      ],
      [
        0.07404800000000004,
        -0.00809199999999998,
        0.999996,
        0.06397200000000006,
        -0.03194000000000003
      ],
      [
        0.6063360000000001,
        -0.39264400000000005,
        0.06397200000000006,
        0.999804,
        -0.3715800000000001
      ],
      [
        -0.2827200000000001,
        0.17738,
        -0.03194000000000003,
        -0.3715800000000001,
        0.9991000000000002
      ]
    ],
    [
      [
        0.993276,
        -0.404884,
        -0.007047999999999982,
        0.794784,
        -0.5390480000000001
      ],
      [
        -0.404884,
        0.998556,
        -0.063368,
        -0.4866560000000001,
        0.32863200000000004
      ],
      [
        -0.007047999999999982,
        -0.063368,
        0.998704,
        0.0031680000000000245,
        -0.0012959999999999428
      ],
      [
        0.794784,
        -0.4866560000000001,
        0.0031680000000000245,
        0.992256,
        -0.584832
      ],
      [
        -0.5390480000000001,
        0.32863200000000004,
        -0.0012959999999999428,
        -0.584832,
        0.998704
      ]
    ],
    [
      [
        0.999804,
        -0.669944,
        0.08921599999999996,
        0.929944,
        -0.759804
      ],
      [
        -0.669944,
        0.999984,
        -0.071776,
        -0.711984,
        0.5739440000000001
      ],
      [
        0.08921599999999996,
        -0.071776,
        0.996864,
        0.09977600000000003,
        -0.05321600000000005
      ],
      [
        0.929944,
        -0.711984,
        0.09977600000000003,
        0.999984,
        -0.7899440000000001
      ],
      [
        -0.759804,
        0.5739440000000001,
        -0.05321600000000005,
        -0.7899440000000001,
        0.999804
      ]
    ],
    [
      [
        0.993276,
        -0.9329480000000001,
        0.037148,
        0.9806200000000002,
        -0.9504560000000001
      ],
      [
        -0.9329480000000001,
        0.992604,
        -0.041204000000000005,
        -0.9322600000000001,
        0.902088
      ],
      [
        0.037148,
        -0.041204000000000005,
        0.999804,
        0.041260000000000005,
        -0.031287999999999996
      ],
      [
        0.9806200000000002,
        -0.9322600000000001,
        0.041260000000000005,
        0.9919,
        -0.9537200000000001
      ],
      [
        -0.9504560000000001,
        0.902088,
        -0.031287999999999996,
        -0.9537200000000001,
        0.991536
      ]
    ],
    [
      [
        0.999516,
        -0.999516,
        0.16465999999999995,
        0.997472,
        -0.997472
      ],
      [
        -0.999516,
        0.999516,
        -0.16465999999999995,
        -0.997472,
        0.997472
      ],
      [
        0.16465999999999995,
        -0.16465999999999995,
        0.9991,
        0.16671999999999995,
        -0.16671999999999995
      ],
      [
        0.997472,
        -0.997472,
        0.16671999999999995,
        0.999424,
        -0.995424
      ],
      [
        -0.997472,
        0.997472,
        -0.16671999999999995,
        -0.995424,
        0.999424
      ]
    ],
    [
      [
        0.994224,
        -0.994224,
        0.268,
        0.994224,
        -0.994224
      ],
      [
        -0.994224,
        0.994224,
        -0.268,
        -0.994224,
        0.994224
      ],
      [
        0.268,
        -0.268,
        1.0,
        0.268,
        -0.268
      ],
      [
        0.994224,
        -0.994224,
        0.268,
        0.994224,
        -0.994224
      ],
      [
        -0.994224,
        0.994224,
        -0.268,
        -0.994224,
        0.994224
      ]
    ],
    [
      [
        0.9996,
        -0.99764,
        0.38636,
        0.99568,
        -0.9956
      ],
      [
        -0.99764,
        0.999676,
        -0.38432399999999994,
        -0.997712,
        0.99764
      ],
      [
        0.38636,
        -0.38432399999999994,
        0.999676,
        0.38228799999999996,
        -0.38236
      ],
      [
        0.99568,
        -0.997712,
        0.38228799999999996,
        0.999744,
        -0.99568
      ],
      [
        -0.9956,
        0.99764,
        -0.38236,
        -0.99568,
        0.9996
      ]
    ],
    [
      [
        0.998844,
        -0.998844,
        0.640476,
        0.998844,
        -0.998844
      ],
      [
        -0.998844,
        0.998844,
        -0.640476,
        -0.998844,
        0.998844
      ],
      [
        0.640476,
        -0.640476,
        0.999804,
        0.640476,
        -0.640476
      ],
      [
        0.998844,
        -0.998844,
        0.640476,
        0.998844,
        -0.998844
      ],
      [
        -0.998844,
        0.998844,
        -0.640476,
        -0.998844,
        0.998844
      ]
    ],
    [
      [
        0.999744,
        -0.999744,
        0.985904,
        0.999744,
        -0.999744
      ],
      [
        -0.999744,
        0.999744,
        -0.985904,
        -0.999744,
        0.999744
      ],
      [
        0.985904,
        -0.985904,
        0.999964,
        0.985904,
        -0.985904
      ],
      [
        0.999744,
        -0.999744,
        0.985904,
        0.999744,
        -0.999744
      ],
      [
        -0.999744,
        0.999744,
        -0.985904,
        -0.999744,
        0.999744
      ]
    ],
    [
      [
        0.998704,
        -0.998704,
        0.992776,
        0.996776,
        -0.998704
      ],
      [
        -0.998704,
        0.998704,
        -0.992776,
        -0.996776,
        0.998704
      ],
      [
        0.992776,
        -0.992776,
        0.998844,
        0.990844,
        -0.992776
      ],
      [
        0.996776,
        -0.996776,
        0.990844,
        0.998844,
        -0.996776
      ],
      [
        -0.998704,
        0.998704,
        -0.992776,
        -0.996776,
        0.998704
      ]
    ],
    [
      [
        1.0,
        -1.0,
        0.996,
        0.998,
        -1.0
      ],
      [
        -1.0,
        1.0,
        -0.996,
        -0.998,
        1.0
      ],
      [
        0.996,
        -0.996,
        0.999984,
        0.994008,
        -0.996
      ],
      [
        0.998,
        -0.998,
        0.994008,
        0.999996,
        -0.998
      ],
      [
        -1.0,
        1.0,
        -0.996,
        -0.998,
        1.0
      ]
    ],
    [
      [
        0.999856,
        -0.999856,
        0.997832,
        0.999856,
        -0.999856
      ],
      [
        -0.999856,
        0.999856,
        -0.997832,
        -0.999856,
        0.999856
      ],
      [
        0.997832,
        -0.997832,
        0.999804,
        0.997832,
        -0.997832
      ],
      [
        0.999856,
        -0.999856,
        0.997832,
        0.999856,
        -0.999856
      ],
      [
        -0.999856,
        0.999856,
        -0.997832,
        -0.999856,
        0.999856
      ]
    ],
    [
      [
        0.999996,
        -0.998,
        0.999996,
        0.996004,
        -0.994
      ],
      [
        -0.998,
        1.0,
        -0.998,
        -0.994,
        0.992
      ],
      [
        0.999996,
        -0.998,
        0.999996,
        0.996004,
        -0.994
      ],
      [
        0.996004,
        -0.994,
        0.996004,
        0.999996,
        -0.99
      ],
      [
        -0.994,
        0.992,
        -0.994,
        -0.99,
        1.0
      ]
    ],
    [
      [
        0.998844,
        -0.998844,
        0.996912,
        0.996912,
        -0.998844
      ],
      [
        -0.998844,
        0.998844,
        -0.996912,
        -0.996912,
        0.998844
      ],
      [
        0.996912,
        -0.996912,
        0.998976,
        0.994976,
        -0.996912
      ],
      [
        0.996912,
        -0.996912,
        0.994976,
        0.998976,
        -0.996912
      ],
      [
        -0.998844,
        0.998844,
        -0.996912,
        -0.996912,
        0.998844
      ]
    ],
    [
      [
        0.998844,
        -0.996912,
        0.994844,
        0.996912,
        -0.996912
      ],
      [
        -0.996912,
        0.998976,
        -0.996912,
        -0.998976,
        0.998976
      ],
      [
        0.994844,
        -0.996912,
        0.998844,
        0.996912,
        -0.996912
      ],
      [
        0.996912,
        -0.998976,
        0.996912,
        0.998976,
        -0.998976
      ],
      [
        -0.996912,
        0.998976,
        -0.996912,
        -0.998976,
        0.998976
      ]
    ],
    [
      [
        0.999424,
        -0.997472,
        0.993472,
        0.995424,
        -0.995424
      ],
      [
        -0.997472,
        0.999516,
        -0.995516,
        -0.997472,
        0.997472
      ],
      [
        0.993472,
        -0.995516,
        0.999516,
        0.993472,
        -0.993472
      ],
      [
        0.995424,
        -0.997472,
        0.993472,
        0.999424,
        -0.995424
      ],
      [
        -0.995424,
        0.997472,
        -0.993472,
        -0.995424,
        0.999424
      ]
    ],
    [
      [
        0.999216,
        -0.999216,
        0.999216,
        0.997272,
        -0.999216
      ],
      [
        -0.999216,
        0.999216,
        -0.999216,
        -0.997272,
        0.999216
      ],
      [
        0.999216,
        -0.999216,
        0.999216,
        0.997272,
        -0.999216
      ],
      [
        0.997272,
        -0.997272,
        0.997272,
        0.999324,
        -0.997272
      ],
      [
        -0.999216,
        0.999216,
        -0.999216,
        -0.997272,
        0.999216
      ]
    ]
  ]
}