{
  "settings_list": [
    [
      2.1598010789821904,
      3.77191433806816,
      1.6122549094147034,
      3.798152672444498,
      0.5813188263194339,
      2.929158182499612,
      5.796549116312878,
      2.439820390946151,
      6.11078046530002,
      2.4629477767847407,
      1.6406597616209802,
      0.9902787541784207,
      1.9233770688763945,
      1.6426814958620217,
      4.1114204179684215
    ],
    [
      2.2798168020541905,
      3.7081240608329598,
      1.5951583716611033,
      3.6940283356764976,
      0.49826805739783386,
      2.928005795043612,
      5.840970992626478,
      2.541740959342951,
      6.10822974308562,
      2.4626745131943406,
      1.63425343084338,
      0.9955173752856207,
      1.9234995173627945,
      1.6527637763356218,
      4.109060866813222
    ],
    [
      2.4396594765181905,
      3.6278871283401597,
      1.6025492042051033,
      3.5908126175388975,
      0.4025802344698338,
      2.934739619584412,
      5.932051158479278,
      2.6777226370485514,
      6.12024603794642,
      2.4620108186471406,
      1.67317061603378,
      0.9987558880152206,
      1.9180567248763944,
      1.6657235860348218,
      4.110090929469221
    ],
    [
      2.6342839601533905,
      3.5117444080329596,
      1.5907914255427034,
      3.4428889949340973,
      0.28877135557063377,
      2.9219005899012123,
      6.051895338524078,
      2.8453927224501516,
      6.10745228224722,
      2.4695264646759405,
      1.75061048875058,
      0.9940000634008206,
      1.9116372624507945,
      1.6542465290364219,
      4.1080818327652215
    ],
    [
      2.8855272279293906,
      3.3135956153801596,
      1.5921376616931033,
      3.271647479798097,
      0.14798114643783375,
      2.9250981534052123,
      6.177703610322478,
      3.0519183397301517,
      6.1272477889480195,
      2.4854290431783403,
      1.88144681898738,
      1.0001137289496207,
      1.8866394972859943,
      1.6328961181340218,
      4.1327960492036215
    ],
    [
      3.0696418748221905,
      3.2065651693065593,
      1.5906681505699034,
      3.187273700431697,
      0.026846807525833696,
      2.9195280752036123,
      6.255455122079278,
      3.081589873675752,
      6.1257487255048195,
      2.5393532309863405,
      2.09042198816498,
      0.9957841666200207,
      1.8902010985787943,
      1.614316495894022,
      4.125329144646821
    ],
    [
      3.1259362486877906,
      3.1575307895209592,
      1.5926668974659033,
      3.144227538502097,
      -0.023767528771766376,
      2.9211038373700124,
      6.263891693980078,
      3.125867263173352,
      6.15329860856402,
      2.6928625416679406,
      2.4695546364209804,
      1.0069576107000207,
      1.8908804760699942,
      1.624578461974022,
      4.128657679344421
    ],
    [
      3.143579550447791,
      3.138698660496959,
      1.6116742761539034,
      3.137837157446097,
      0.020607930556233625,
      2.9404655015620125,
      6.278695768796078,
      3.161077904965352,
      6.15170540888402,
      2.9914576212199404,
      2.9562484700849803,
      1.0035749032440207,
      1.891425769317994,
      1.640943344854022,
      4.128381307056421
    ],
    [
      3.1240102328509907,
      3.135418734980159,
      1.6095554569955033,
      3.0971160038492966,
      0.002604895074633587,
      2.9439355346212124,
      6.240867800050478,
      3.1159040834293523,
      6.14596099109522,
      3.1543195401895403,
      3.19256588412658,
      0.9987300186168206,
      1.8915370893243941,
      1.6529380092700219,
      4.1239941079972215
    ],
    [
      3.1706557387965906,
      3.186245772778559,
      1.6210945375971033,
      3.1640392973404965,
      -0.006432652752566428,
      2.949186879722012,
      6.314334080396078,
      3.151054463154152,
      6.15768425519762,
      3.1146751506087402,
      3.1317108583601803,
      1.0078270047288205,
      1.8876880720827942,
      1.6670896653084215,
      4.129189231504421
    ],
    [
      3.0999377571069906,
      3.173294671607359,
      1.6291858575683034,
      3.1879592596124966,
      0.007489596729033559,
      2.944014623011612,
      6.243181782476078,
      3.095423318558952,
      6.16791757706322,
      3.1141229456359403,
      3.12613462469298,
      1.0079799420888205,
      1.8814090320475942,
      1.6977641415612212,
      4.129656805360422
    ],
    [
      3.1574795885949904,
      3.1147070754217587,
      1.6241311026819034,
      3.1151153757724965,
      -0.05061924468536645,
      2.9452876908484122,
      6.289883875215278,
      3.177940514731752,
      6.169632499456821,
      3.1413445791591403,
      3.16804175309618,
      1.0103970959000206,
      1.8861992090555944,
      1.7166270314204213,
      4.128350522701222
    ],
    [
      3.1601674710653906,
      3.1633641281449587,
      1.6160543636867033,
      3.0985216271900966,
      0.04102336213703357,
      2.9477518594500123,
      6.313690341084078,
      3.1884841469109517,
      6.161262330599221,
      3.1098435944295404,
      3.1364399323985803,
      1.0032731531928205,
      1.8856773471163943,
      1.7288384651996211,
      4.125906361958822
    ],
    [
      3.152009373830191,
      3.168980573008959,
      1.6118673949891034,
      3.1541458824092965,
      0.013150779129033598,
      2.947255616570012,
      6.285305588188078,
      3.0974667521269517,
      6.160958401562421,
      3.14787398049034,
      3.13404697039538,
      1.0024245349336205,
      1.8915251803195945,
      1.7387273583772211,
      4.126555308019622
    ],
    [
      3.181830840614191,
      3.137994752298559,
      1.6066344127683034,
      3.1147867468764963,
      0.03128013535303357,
      2.942378734234012,
      6.266233603797678,
      3.157177186667752,
      6.156559474727221,
      3.1267105464423404,
      3.1692978264721803,
      0.9942757466520205,
      1.9141000647867945,
      1.785703813039621,
      4.125760253267622
    ],
    [
      3.089789822610991,
      3.145791253620159,
      1.6037830649059033,
      3.1188772049756963,
      -0.011336969331766443,
      2.9362508976324118,
      6.249449008748078,
      3.136999376066152,
      6.158797285268021,
      3.1500040051687406,
      3.1109261676369804,
      0.9931012498776205,
      1.9207892455739946,
      1.792445352041221,
      4.135840644493221
    ],
    [
      3.166479819257391,
      3.137401184397759,
      1.6061402167011032,
      3.1574231956316963,
      -0.04184014557496653,
      2.9364345159364116,
      6.319206181253678,
      3.1543665749909517,
      6.159345454714421,
      3.1568675587559407,
      3.1368019073873805,
      0.9916785032024205,
      1.9325314804027944,
      1.8182155920668208,
      4.128999478106022
    ],
    [
      3.1403414957469913,
      3.132556594055359,
      1.6018974503075032,
      3.113760268991696,
      0.011285858911433487,
      2.9499067117028117,
      6.256831328015278,
      3.155087817272552,
      6.161295298954421,
      3.0947927831687405,
      3.0877906431409805,
      0.9964806475992204,
      1.9702164291131943,
      1.8604710310332206,
      4.130569328909222
    ],
    [
      3.176388647887791,
      3.1410002193865587,
      1.610811947606703,
      3.186699545625296,
      0.021066443807433395,
      2.9422907132068117,
      6.289076839368878,
      3.170686011614952,
      6.154020188157621,
      3.1394413082951407,
      3.1069301817457804,
      0.9932311353880204,
      2.029723592044394,
      1.9382839374844205,
      4.125373744755622
    ],
    [
      3.104567391695791,
      3.1666766818761585,
      1.6010603580771032,
      3.133607332274896,
      0.01649541719623333,
      2.9372662561444116,
      6.274038996194478,
      3.1498380083637523,
      6.147717655268021,
      3.1209827502919407,
      3.1489912077425806,
      0.9865461581336205,
      2.084742950226794,
      2.0046847761148205,
      4.1246420472452225
    ],
    [
      3.166136839775791,
      3.1810166233961583,
      1.6017010210371032,
      3.101509273554896,
      0.009516563036233328,
      2.9299246577444116,
      6.301024939074478,
      3.1909196031637523,
      6.146942393908021,
      3.130973394611941,
      3.1797730046225805,
      0.9808057913336204,
      2.2005009946267937,
      2.15476713163482,
      4.136003432925222
    ]
  ],
  "cost_vals": [],
  "step_size": 0.1,
  "opt_step_times": [
    0.13629913330078125,
    0.13870000839233398,
    0.1531970500946045,
    0.1444709300994873,
    0.13513803482055664,
    0.1343522071838379,
    0.1990370750427246,
    0.1351461410522461,
    0.13645601272583008,
    0.14435720443725586,
    0.1629958152770996,
    0.14069414138793945,
    0.14357209205627441,
    0.14605283737182617,
    0.14416289329528809,
    0.14283204078674316,
    0.13515496253967285,
    0.13422536849975586,
    0.13482403755187988,
    0.13540911674499512
  ],
  "opt_settings": [
    3.166136839775791,
    3.1810166233961583,
    1.6017010210371032,
    3.101509273554896,
    0.009516563036233328,
    2.9299246577444116,
    6.301024939074478,
    3.1909196031637523,
    6.146942393908021,
    3.130973394611941,
    3.1797730046225805,
    0.9808057913336204,
    2.2005009946267937,
    2.15476713163482,
    4.136003432925222
  ],
  "min_cost": null,
  "datetime": "2023-05-30T16-42-04Z",
  "step_only": true,
  "ibm_device": "default.qubit",
  "shots": 1000,
  "prep_node_name": "5-qubit_ghz_state",
  "num_qubits": 5,
  "error": false,
  "cov_mats": [
    [
      [
        0.9993239999999999,
        -0.33768800000000004,
        -0.27563600000000005,
        0.0011680000000000054,
        -0.012675999999999982
      ],
      [
        -0.33768800000000004,
        0.999856,
        0.45383199999999996,
        -0.027616000000000054,
        -0.0016880000000000005
      ],
      [
        -0.27563600000000005,
        0.45383199999999996,
        0.999804,
        -0.03355200000000003,
        0.004364000000000031
      ],
      [
        0.0011680000000000054,
        -0.027616000000000054,
        -0.03355200000000003,
        0.998976,
        -0.006832000000000007
      ],
      [
        -0.012675999999999982,
        -0.0016880000000000005,
        0.004364000000000031,
        -0.006832000000000007,
        0.9993240000000002
      ]
    ],
    [
      [
        0.986544,
        -0.445504,
        -0.3980559999999999,
        0.010520000000000036,
        8.799999999997308e-05
      ],
      [
        -0.445504,
        0.996864,
        0.5760959999999999,
        -0.07232000000000001,
        -0.01900799999999999
      ],
      [
        -0.3980559999999999,
        0.5760959999999999,
        0.998844,
        -0.07498000000000002,
        -0.012611999999999925
      ],
      [
        0.010520000000000036,
        -0.07232000000000001,
        -0.07498000000000002,
        0.9991000000000002,
        -0.019460000000000043
      ],
      [
        8.799999999997308e-05,
        -0.01900799999999999,
        -0.012611999999999925,
        -0.019460000000000043,
        0.9996760000000002
      ]
    ],
    [
      [
        0.998704,
        -0.583136,
        -0.57764,
        0.08092000000000005,
        0.03922400000000009
      ],
      [
        -0.583136,
        0.999424,
        0.71776,
        -0.06528000000000003,
        -0.08681600000000002
      ],
      [
        -0.57764,
        0.71776,
        0.9999,
        -0.09970000000000001,
        -0.06434000000000001
      ],
      [
        0.08092000000000005,
        -0.06528000000000003,
        -0.09970000000000001,
        0.9991,
        0.02501999999999999
      ],
      [
        0.03922400000000009,
        -0.08681600000000002,
        -0.06434000000000001,
        0.02501999999999999,
        0.998844
      ]
    ],
    [
      [
        0.999804,
        -0.73856,
        -0.762448,
        0.16036400000000003,
        0.0039160000000000045
      ],
      [
        -0.73856,
        0.9984,
        0.82672,
        -0.1689600000000001,
        -0.014240000000000067
      ],
      [
        -0.762448,
        0.82672,
        0.998976,
        -0.18916800000000009,
        -0.00619200000000006
      ],
      [
        0.16036400000000003,
        -0.1689600000000001,
        -0.18916800000000009,
        0.999324,
        -0.003843999999999949
      ],
      [
        0.0039160000000000045,
        -0.014240000000000067,
        -0.00619200000000006,
        -0.003843999999999949,
        0.999964
      ]
    ],
    [
      [
        0.999804,
        -0.9319719999999999,
        -0.931916,
        0.28352400000000005,
        0.055636000000000047
      ],
      [
        -0.9319719999999999,
        0.999996,
        0.959988,
        -0.279932,
        -0.03994800000000003
      ],
      [
        -0.931916,
        0.959988,
        0.999964,
        -0.27179600000000004,
        -0.03584400000000003
      ],
      [
        0.28352400000000005,
        -0.279932,
        -0.27179600000000004,
        0.998844,
        -0.02088400000000002
      ],
      [
        0.055636000000000047,
        -0.03994800000000003,
        -0.03584400000000003,
        -0.02088400000000002,
        0.999324
      ]
    ],
    [
      [
        0.9999959999999999,
        -0.991988,
        -0.99,
        0.36203199999999996,
        0.042032000000000035
      ],
      [
        -0.991988,
        0.9999639999999999,
        0.994,
        -0.35809599999999997,
        -0.042096000000000036
      ],
      [
        -0.99,
        0.994,
        1.0,
        -0.36,
        -0.04400000000000004
      ],
      [
        0.36203199999999996,
        -0.35809599999999997,
        -0.36,
        0.9997439999999999,
        -0.028256000000000024
      ],
      [
        0.042032000000000035,
        -0.042096000000000036,
        -0.04400000000000004,
        -0.028256000000000024,
        0.999744
      ]
    ],
    [
      [
        0.999324,
        -0.997272,
        -0.999324,
        0.6827279999999999,
        -0.010208000000000009
      ],
      [
        -0.997272,
        0.999216,
        0.997272,
        -0.680784,
        0.008224000000000007
      ],
      [
        -0.999324,
        0.997272,
        0.999324,
        -0.6827279999999999,
        0.010208000000000009
      ],
      [
        0.6827279999999999,
        -0.680784,
        -0.6827279999999999,
        0.999216,
        -0.02377600000000002
      ],
      [
        -0.010208000000000009,
        0.008224000000000007,
        0.010208000000000009,
        -0.02377600000000002,
        0.999936
      ]
    ],
    [
      [
        0.998976,
        -0.998976,
        -0.998976,
        0.9629759999999999,
        -0.036512
      ],
      [
        -0.998976,
        0.998976,
        0.998976,
        -0.9629759999999999,
        0.036512
      ],
      [
        -0.998976,
        0.998976,
        0.998976,
        -0.9629759999999999,
        0.036512
      ],
      [
        0.9629759999999999,
        -0.9629759999999999,
        -0.9629759999999999,
        0.998976,
        -0.040512000000000006
      ],
      [
        -0.036512,
        0.036512,
        0.036512,
        -0.040512000000000006,
        0.999744
      ]
    ],
    [
      [
        0.999856,
        -0.999856,
        -0.997832,
        0.99788,
        0.02047999999999999
      ],
      [
        -0.999856,
        0.999856,
        0.997832,
        -0.99788,
        -0.02047999999999999
      ],
      [
        -0.997832,
        0.997832,
        0.999804,
        -0.99586,
        -0.022559999999999993
      ],
      [
        0.99788,
        -0.99788,
        -0.99586,
        0.9999,
        0.01839999999999999
      ],
      [
        0.02047999999999999,
        -0.02047999999999999,
        -0.022559999999999993,
        0.01839999999999999,
        0.9984
      ]
    ],
    [
      [
        0.9996,
        -0.9996,
        -0.9996,
        0.9996,
        0.014120000000000013
      ],
      [
        -0.9996,
        0.9996,
        0.9996,
        -0.9996,
        -0.014120000000000013
      ],
      [
        -0.9996,
        0.9996,
        0.9996,
        -0.9996,
        -0.014120000000000013
      ],
      [
        0.9996,
        -0.9996,
        -0.9996,
        0.9996,
        0.014120000000000013
      ],
      [
        0.014120000000000013,
        -0.014120000000000013,
        -0.014120000000000013,
        0.014120000000000013,
        0.999964
      ]
    ],
    [
      [
        0.999744,
        -0.995808,
        -0.995808,
        0.995808,
        0.037968000000000036
      ],
      [
        -0.995808,
        0.999856,
        0.999856,
        -0.999856,
        -0.03797600000000003
      ],
      [
        -0.995808,
        0.999856,
        0.999856,
        -0.999856,
        -0.03797600000000003
      ],
      [
        0.995808,
        -0.999856,
        -0.999856,
        0.999856,
        0.03797600000000003
      ],
      [
        0.037968000000000036,
        -0.03797600000000003,
        -0.03797600000000003,
        0.03797600000000003,
        0.999996
      ]
    ],
    [
      [
        0.999964,
        -0.995988,
        -0.999964,
        0.999964,
        0.05998800000000003
      ],
      [
        -0.995988,
        0.999996,
        0.995988,
        -0.995988,
        -0.05999600000000003
      ],
      [
        -0.999964,
        0.995988,
        0.999964,
        -0.999964,
        -0.05998800000000003
      ],
      [
        0.999964,
        -0.995988,
        -0.999964,
        0.999964,
        0.05998800000000003
      ],
      [
        0.05998800000000003,
        -0.05999600000000003,
        -0.05998800000000003,
        0.05998800000000003,
        0.999996
      ]
    ],
    [
      [
        0.999996,
        -0.995996,
        -0.999996,
        0.998,
        0.027996000000000024
      ],
      [
        -0.995996,
        0.999996,
        0.995996,
        -0.994,
        -0.03199600000000003
      ],
      [
        -0.999996,
        0.995996,
        0.999996,
        -0.998,
        -0.027996000000000024
      ],
      [
        0.998,
        -0.994,
        -0.998,
        1.0,
        0.026000000000000023
      ],
      [
        0.027996000000000024,
        -0.03199600000000003,
        -0.027996000000000024,
        0.026000000000000023,
        0.999996
      ]
    ],
    [
      [
        0.996156,
        -0.9942799999999999,
        -0.9942799999999999,
        0.9942799999999999,
        0.059412
      ],
      [
        -0.9942799999999999,
        0.9964,
        0.9964,
        -0.9964,
        -0.05755999999999999
      ],
      [
        -0.9942799999999999,
        0.9964,
        0.9964,
        -0.9964,
        -0.05755999999999999
      ],
      [
        0.9942799999999999,
        -0.9964,
        -0.9964,
        0.9964,
        0.05755999999999999
      ],
      [
        0.059412,
        -0.05755999999999999,
        -0.05755999999999999,
        0.05755999999999999,
        0.994524
      ]
    ],
    [
      [
        1.0,
        -0.998,
        -0.998,
        0.998,
        0.016000000000000014
      ],
      [
        -0.998,
        0.999996,
        0.999996,
        -0.999996,
        -0.018000000000000016
      ],
      [
        -0.998,
        0.999996,
        0.999996,
        -0.999996,
        -0.018000000000000016
      ],
      [
        0.998,
        -0.999996,
        -0.999996,
        0.999996,
        0.018000000000000016
      ],
      [
        0.016000000000000014,
        -0.018000000000000016,
        -0.018000000000000016,
        0.018000000000000016,
        1.0
      ]
    ],
    [
      [
        0.999984,
        -0.995984,
        -0.995984,
        0.993976,
        0.061975999999999996
      ],
      [
        -0.995984,
        0.999984,
        0.999984,
        -0.997976,
        -0.061975999999999996
      ],
      [
        -0.995984,
        0.999984,
        0.999984,
        -0.997976,
        -0.061975999999999996
      ],
      [
        0.993976,
        -0.997976,
        -0.997976,
        0.999964,
        0.06396400000000001
      ],
      [
        0.061975999999999996,
        -0.061975999999999996,
        -0.061975999999999996,
        0.06396400000000001,
        0.999964
      ]
    ],
    [
      [
        0.999676,
        -0.997712,
        -0.997712,
        0.997712,
        0.04578400000000004
      ],
      [
        -0.997712,
        0.999744,
        0.999744,
        -0.999744,
        -0.047808000000000045
      ],
      [
        -0.997712,
        0.999744,
        0.999744,
        -0.999744,
        -0.047808000000000045
      ],
      [
        0.997712,
        -0.999744,
        -0.999744,
        0.999744,
        0.047808000000000045
      ],
      [
        0.04578400000000004,
        -0.047808000000000045,
        -0.047808000000000045,
        0.047808000000000045,
        0.999856
      ]
    ],
    [
      [
        0.9999,
        -0.9999,
        -0.9999,
        0.9959,
        0.16627999999999996
      ],
      [
        -0.9999,
        0.9999,
        0.9999,
        -0.9959,
        -0.16627999999999996
      ],
      [
        -0.9999,
        0.9999,
        0.9999,
        -0.9959,
        -0.16627999999999996
      ],
      [
        0.9959,
        -0.9959,
        -0.9959,
        0.9999,
        0.16627999999999996
      ],
      [
        0.16627999999999996,
        -0.16627999999999996,
        -0.16627999999999996,
        0.16627999999999996,
        0.999216
      ]
    ],
    [
      [
        0.999744,
        -0.997776,
        -0.999744,
        0.999744,
        0.16342400000000004
      ],
      [
        -0.997776,
        0.999804,
        0.997776,
        -0.997776,
        -0.16149600000000003
      ],
      [
        -0.999744,
        0.997776,
        0.999744,
        -0.999744,
        -0.16342400000000004
      ],
      [
        0.999744,
        -0.997776,
        -0.999744,
        0.999744,
        0.16342400000000004
      ],
      [
        0.16342400000000004,
        -0.16149600000000003,
        -0.16342400000000004,
        0.16342400000000004,
        0.998704
      ]
    ],
    [
      [
        0.999324,
        -0.997272,
        -0.997272,
        0.997272,
        0.25563600000000003
      ],
      [
        -0.997272,
        0.999216,
        0.999216,
        -0.999216,
        -0.257608
      ],
      [
        -0.997272,
        0.999216,
        0.999216,
        -0.999216,
        -0.257608
      ],
      [
        0.997272,
        -0.999216,
        -0.999216,
        0.999216,
        0.257608
      ],
      [
        0.25563600000000003,
        -0.257608,
        -0.257608,
        0.257608,
        0.999804
      ]
    ],
    [
      [
        1.0,
        -1.0,
        -0.998,
        1.0,
        0.32600000000000007
      ],
      [
        -1.0,
        1.0,
        0.998,
        -1.0,
        -0.32600000000000007
      ],
      [
        -0.998,
        0.998,
        0.999996,
        -0.998,
        -0.32404400000000005
      ],
      [
        1.0,
        -1.0,
        -0.998,
        1.0,
        0.32600000000000007
      ],
      [
        0.32600000000000007,
        -0.32600000000000007,
        -0.32404400000000005,
        0.32600000000000007,
        0.999516
      ]
    ]
  ]
}