{
  "settings_list": [
    [
      0.4370578891926255,
      4.083854368787783,
      0.6041969055935842,
      3.8671173051553933,
      3.133542918254829,
      4.882549849998104,
      3.3792819286295024,
      3.2305115446629142,
      3.949373797843134,
      1.4990777144068432,
      1.269951757324465,
      4.8629045579285615,
      2.188667796918886,
      2.159929019832233,
      4.128689190762709
    ],
    [
      0.3518687921846254,
      3.822601727885383,
      0.5979776380991841,
      3.6055130624161933,
      3.127686535461229,
      4.873624416228504,
      3.304421966280702,
      3.200709277990914,
      3.9535193436863336,
      1.522545479571643,
      1.2737217420380649,
      4.861843205694962,
      2.2975969264356864,
      2.2577923825554334,
      4.12012020140271
    ],
    [
      0.2008484017846254,
      3.473263623085383,
      0.6037778540991842,
      3.3269028480161933,
      3.169677774661229,
      4.859757925828504,
      3.210655648680702,
      3.166381775590914,
      3.9174926236863334,
      1.507338591571643,
      1.266521177238065,
      4.884090188094961,
      2.4886552600356864,
      2.4800115721554334,
      4.11772730540271
    ],
    [
      0.01515025155742536,
      3.202349206115783,
      0.5515820486463842,
      3.134067654057793,
      3.163586088702829,
      4.844628040583704,
      3.1458081627831023,
      3.143134183219714,
      3.9102062800383335,
      1.4966234722724432,
      1.2776801094812649,
      4.877272293717361,
      2.8194055126244866,
      2.8333451698962335,
      4.13441385261551
    ],
    [
      -0.008805322708174641,
      3.116860706944583,
      0.5547673827039842,
      3.143622248483393,
      3.116928088360429,
      4.848541766785304,
      3.153842294133502,
      3.116151350310914,
      3.8956424424223335,
      1.4947358379588431,
      1.2793295403740648,
      4.869340300888561,
      3.1321603494020867,
      3.1584548442418336,
      4.12990627795311
    ],
    [
      0.003243550443825377,
      3.0851657264773826,
      0.5554424057599842,
      3.0955928665857932,
      3.143133492766829,
      4.847960584052504,
      3.138976173944702,
      3.180149529424514,
      3.8970194939231333,
      1.490173267619643,
      1.277584753292465,
      4.868709631237361,
      3.1509120130468866,
      3.1186140931122335,
      4.12415074064111
    ],
    [
      -0.013581311844174628,
      3.1581510320485826,
      0.5549646614751842,
      3.1322186365889935,
      3.1386409223092286,
      4.838184017774104,
      3.1356485811863024,
      3.128411837696514,
      3.8896012662271335,
      1.506856003840443,
      1.267812449266865,
      4.851044700238961,
      3.1077832057572867,
      3.1767448264818334,
      4.123146880541911
    ],
    [
      0.02770151796702536,
      3.1251630787909828,
      0.5543768325567842,
      3.1502738084129933,
      3.1368006475828287,
      4.835576979508504,
      3.1167661955831023,
      3.142809839811714,
      3.8811493058815336,
      1.5137226057188429,
      1.268917505554865,
      4.855647548715761,
      3.204291920038887,
      3.1123682951058336,
      4.138398123620311
    ],
    [
      0.0039047863254253676,
      3.1231373873765826,
      0.5515169952383842,
      3.1549025595937934,
      3.1875324417044286,
      4.833124802654104,
      3.1342986829495025,
      3.145564354186114,
      3.8779966255583336,
      1.5186250220676427,
      1.272417960975665,
      4.855925945038961,
      3.1159406111300867,
      3.1160409792754336,
      4.144100471645911
    ],
    [
      -0.020818203719374637,
      3.0898495393317824,
      0.550839975126384,
      3.1303132639969933,
      3.1415638344244288,
      4.836975353025304,
      3.1061300178039026,
      3.153558582867714,
      3.8768673211167335,
      1.5144770374596428,
      1.273774119154865,
      4.855097463890161,
      3.1547252070948866,
      3.1105542260914336,
      4.143223065521111
    ],
    [
      -0.0006303058121746238,
      3.1647529270629824,
      0.551648840252784,
      3.1366579905889935,
      3.1605536599348287,
      4.846286951764504,
      3.1167881059671028,
      3.150540046755714,
      3.8758239961407335,
      1.5001976552004426,
      1.279673419858865,
      4.862710714994161,
      3.1131056482212864,
      3.0995913133234336,
      4.138460610093911
    ],
    [
      -0.02271042663137459,
      3.1395589533989825,
      0.5536973686431841,
      3.1156038930497933,
      3.170663304248429,
      4.847483492308504,
      3.1402242335607027,
      3.145092739805314,
      3.8743541758239335,
      1.4949629204580426,
      1.2801812075164651,
      4.863939619442161,
      3.1039954914724865,
      3.2200721712402336,
      4.139061722922711
    ],
    [
      -0.03320254727137461,
      3.1667690754949827,
      0.5557438457759841,
      3.1772780789921935,
      3.1123431970740287,
      4.849023988334103,
      3.1802069982903025,
      3.125141691709314,
      3.8756958032031337,
      1.4641154393764424,
      1.276858675628465,
      4.862415896808561,
      3.1365347908516865,
      3.1090011819570336,
      4.149362063783511
    ],
    [
      0.0052612099382253405,
      3.137705838445383,
      0.5647698132255842,
      3.1355615477217933,
      3.1263051113524285,
      4.848982766772504,
      3.0805090093815024,
      3.125469662736514,
      3.873248848271934,
      1.4469031442852425,
      1.2815258802172649,
      4.861965144904561,
      3.1680090723876866,
      3.1525486830578338,
      4.142759981825111
    ],
    [
      -0.026838527815374706,
      3.1601363356485828,
      0.5671451827743842,
      3.1084067937761932,
      3.1585392696628283,
      4.8427722602765035,
      3.1581564030711022,
      3.135366665488514,
      3.8701240972959337,
      1.4497784891044423,
      1.2720580914684647,
      4.870337960008561,
      3.1827890076196867,
      3.1376624794354337,
      4.144836724071511
    ],
    [
      0.026737303122225317,
      3.126762558240583,
      0.5708381573407842,
      3.0788474885089934,
      3.0906053477940283,
      4.841446704999703,
      3.146360771122302,
      3.154120626320514,
      3.8652702429087338,
      1.4045621514916422,
      1.250568179071665,
      4.871390824878961,
      3.1551738409508867,
      3.1277470773746336,
      4.141059150823511
    ],
    [
      -0.006687578669774721,
      3.1477615513125827,
      0.5617788819647843,
      3.1404126965729935,
      3.167217768626028,
      4.8290658931597035,
      3.154824389426302,
      3.1419087878565137,
      3.8624221868927338,
      1.365373447235642,
      1.224949236383665,
      4.870977020302961,
      3.1642827561988867,
      3.1058936948306335,
      4.143193533927511
    ],
    [
      -0.03547617943777472,
      3.163666106579783,
      0.5551692759167843,
      3.1172534613569933,
      3.118893096744428,
      4.835375666209304,
      3.161856368043902,
      3.1558336022469136,
      3.876117319068734,
      1.3061482402468418,
      1.189826736748465,
      4.871404281118961,
      3.1146073538308867,
      3.1734061451954334,
      4.141151038356311
    ],
    [
      0.05733073223262531,
      3.109584678570183,
      0.5610844435199844,
      3.1337931548289935,
      3.187693129214828,
      4.8330677427917035,
      3.1516785594135017,
      3.1343174472133137,
      3.873601867820734,
      1.227082688384442,
      1.142653184306865,
      4.869398103662961,
      3.1612040382084867,
      3.100645362577833,
      4.143759285943511
    ],
    [
      -0.046794170160974737,
      3.150810068829383,
      0.5601500233311845,
      3.1065431896961937,
      3.170802061490028,
      4.827551416122904,
      3.1324495227863016,
      3.1719159729989137,
      3.8716290651007337,
      1.137521724838842,
      1.073793217942065,
      4.863676840405361,
      3.115366376288487,
      3.178252366629033,
      4.143296205386711
    ],
    [
      0.004301753400625184,
      3.142612220355783,
      0.5645868729215845,
      3.2101909016321937,
      3.1112691489108277,
      4.808118743623703,
      3.169739075448702,
      3.1083312686565137,
      3.8768033211519337,
      1.0088562127524416,
      0.9512361115868648,
      4.881375355032561,
      3.154803359776487,
      3.125019583688233,
      4.13132359601071
    ]
  ],
  "cost_vals": [],
  "step_size": 0.1,
  "opt_step_times": [
    0.11944794654846191,
    0.1436758041381836,
    0.12717914581298828,
    0.12525677680969238,
    0.12678885459899902,
    0.12592291831970215,
    0.2100827693939209,
    0.12135720252990723,
    0.12073302268981934,
    0.12531471252441406,
    0.12145614624023438,
    0.12811875343322754,
    0.1245260238647461,
    0.1254730224609375,
    0.12299609184265137,
    0.12083292007446289,
    0.12041711807250977,
    0.12037515640258789,
    0.12296175956726074,
    0.13146090507507324
  ],
  "opt_settings": [
    0.004301753400625184,
    3.142612220355783,
    0.5645868729215845,
    3.2101909016321937,
    3.1112691489108277,
    4.808118743623703,
    3.169739075448702,
    3.1083312686565137,
    3.8768033211519337,
    1.0088562127524416,
    0.9512361115868648,
    4.881375355032561,
    3.154803359776487,
    3.125019583688233,
    4.13132359601071
  ],
  "min_cost": null,
  "datetime": "2023-05-30T16-33-36Z",
  "step_only": true,
  "ibm_device": "default.qubit",
  "shots": 1000,
  "prep_node_name": "5-qubit_ghz_state",
  "num_qubits": 5,
  "error": false,
  "cov_mats": [
    [
      [
        0.9996,
        -0.38156,
        -0.52556,
        0.008360000000000034,
        -0.13624
      ],
      [
        -0.38156,
        0.999516,
        0.7315159999999999,
        0.005803999999999973,
        0.23026400000000005
      ],
      [
        -0.52556,
        0.7315159999999999,
        0.999516,
        0.017803999999999962,
        0.31026400000000004
      ],
      [
        0.008360000000000034,
        0.005803999999999973,
        0.017803999999999962,
        0.993276,
        0.029015999999999993
      ],
      [
        -0.13624,
        0.23026400000000005,
        0.31026400000000004,
        0.029015999999999993,
        0.9998560000000002
      ]
    ],
    [
      [
        0.997296,
        -0.668024,
        -0.7408800000000001,
        -0.005664000000000005,
        -0.3258960000000001
      ],
      [
        -0.668024,
        0.998556,
        0.8677200000000002,
        0.011215999999999981,
        0.383924
      ],
      [
        -0.7408800000000001,
        0.8677200000000002,
        0.9964000000000002,
        0.025920000000000026,
        0.42988
      ],
      [
        -0.005664000000000005,
        0.011215999999999981,
        0.025920000000000026,
        0.998976,
        0.018063999999999934
      ],
      [
        -0.3258960000000001,
        0.383924,
        0.42988,
        0.018063999999999934,
        0.999996
      ]
    ],
    [
      [
        0.9999,
        -0.9140799999999999,
        -0.92394,
        0.02244000000000002,
        -0.6381600000000002
      ],
      [
        -0.9140799999999999,
        0.999936,
        0.978048,
        -0.01164800000000001,
        0.6718720000000001
      ],
      [
        -0.92394,
        0.978048,
        0.999964,
        -0.018264000000000013,
        0.6780960000000001
      ],
      [
        0.02244000000000002,
        -0.01164800000000001,
        -0.018264000000000013,
        0.998064,
        0.016704000000000014
      ],
      [
        -0.6381600000000002,
        0.6718720000000001,
        0.6780960000000001,
        0.016704000000000014,
        0.999744
      ]
    ],
    [
      [
        0.999936,
        -0.999936,
        -0.999936,
        -0.04387199999999998,
        -0.9298559999999999
      ],
      [
        -0.999936,
        0.999936,
        0.999936,
        0.04387199999999998,
        0.9298559999999999
      ],
      [
        -0.999936,
        0.999936,
        0.999936,
        0.04387199999999998,
        0.9298559999999999
      ],
      [
        -0.04387199999999998,
        0.04387199999999998,
        0.04387199999999998,
        0.999744,
        0.037711999999999975
      ],
      [
        -0.9298559999999999,
        0.9298559999999999,
        0.9298559999999999,
        0.037711999999999975,
        0.999676
      ]
    ],
    [
      [
        0.994524,
        -0.994524,
        -0.994524,
        0.015479999999999987,
        -0.994524
      ],
      [
        -0.994524,
        0.994524,
        0.994524,
        -0.015479999999999987,
        0.994524
      ],
      [
        -0.994524,
        0.994524,
        0.994524,
        -0.015479999999999987,
        0.994524
      ],
      [
        0.015479999999999987,
        -0.015479999999999987,
        -0.015479999999999987,
        0.9996,
        -0.015479999999999987
      ],
      [
        -0.994524,
        0.994524,
        0.994524,
        -0.015479999999999987,
        0.994524
      ]
    ],
    [
      [
        0.9999,
        -0.99788,
        -0.9959,
        -0.08200000000000002,
        -0.99788
      ],
      [
        -0.99788,
        0.999856,
        0.99788,
        0.08400000000000002,
        0.999856
      ],
      [
        -0.9959,
        0.99788,
        0.9999,
        0.08200000000000002,
        0.99788
      ],
      [
        -0.08200000000000002,
        0.08400000000000002,
        0.08200000000000002,
        1.0,
        0.08400000000000002
      ],
      [
        -0.99788,
        0.999856,
        0.99788,
        0.08400000000000002,
        0.999856
      ]
    ],
    [
      [
        0.999216,
        -0.999216,
        -0.999216,
        -0.047064000000000016,
        -0.995216
      ],
      [
        -0.999216,
        0.999216,
        0.999216,
        0.047064000000000016,
        0.995216
      ],
      [
        -0.999216,
        0.999216,
        0.999216,
        0.047064000000000016,
        0.995216
      ],
      [
        -0.047064000000000016,
        0.047064000000000016,
        0.047064000000000016,
        0.998556,
        0.047064000000000016
      ],
      [
        -0.995216,
        0.995216,
        0.995216,
        0.047064000000000016,
        0.999216
      ]
    ],
    [
      [
        0.999424,
        -0.999424,
        -0.999424,
        -0.02352000000000002,
        -0.993472
      ],
      [
        -0.999424,
        0.999424,
        0.999424,
        0.02352000000000002,
        0.993472
      ],
      [
        -0.999424,
        0.999424,
        0.999424,
        0.02352000000000002,
        0.993472
      ],
      [
        -0.02352000000000002,
        0.02352000000000002,
        0.02352000000000002,
        0.9996,
        0.02156000000000002
      ],
      [
        -0.993472,
        0.993472,
        0.993472,
        0.02156000000000002,
        0.999516
      ]
    ],
    [
      [
        0.998704,
        -0.996776,
        -0.998704,
        0.02164000000000002,
        -0.998704
      ],
      [
        -0.996776,
        0.998844,
        0.996776,
        -0.02366000000000002,
        0.996776
      ],
      [
        -0.998704,
        0.996776,
        0.998704,
        -0.02164000000000002,
        0.998704
      ],
      [
        0.02164000000000002,
        -0.02366000000000002,
        -0.02164000000000002,
        0.9999,
        -0.02164000000000002
      ],
      [
        -0.998704,
        0.996776,
        0.998704,
        -0.02164000000000002,
        0.998704
      ]
    ],
    [
      [
        0.997696,
        -0.997696,
        -0.997696,
        0.031039999999999998,
        -0.989696
      ],
      [
        -0.997696,
        0.997696,
        0.997696,
        -0.031039999999999998,
        0.989696
      ],
      [
        -0.997696,
        0.997696,
        0.997696,
        -0.031039999999999998,
        0.989696
      ],
      [
        0.031039999999999998,
        -0.031039999999999998,
        -0.031039999999999998,
        0.9996,
        -0.031039999999999998
      ],
      [
        -0.989696,
        0.989696,
        0.989696,
        -0.031039999999999998,
        0.997696
      ]
    ],
    [
      [
        0.999856,
        -0.999856,
        -0.999856,
        0.01147200000000001,
        -0.99788
      ],
      [
        -0.999856,
        0.999856,
        0.999856,
        -0.01147200000000001,
        0.99788
      ],
      [
        -0.999856,
        0.999856,
        0.999856,
        -0.01147200000000001,
        0.99788
      ],
      [
        0.01147200000000001,
        -0.01147200000000001,
        -0.01147200000000001,
        0.998064,
        -0.009560000000000008
      ],
      [
        -0.99788,
        0.99788,
        0.99788,
        -0.009560000000000008,
        0.9999
      ]
    ],
    [
      [
        0.998236,
        -0.998236,
        -0.998236,
        -0.014939999999999988,
        -0.996152
      ],
      [
        -0.998236,
        0.998236,
        0.998236,
        0.014939999999999988,
        0.996152
      ],
      [
        -0.998236,
        0.998236,
        0.998236,
        0.014939999999999988,
        0.996152
      ],
      [
        -0.014939999999999988,
        0.014939999999999988,
        0.014939999999999988,
        0.9951,
        0.01707999999999999
      ],
      [
        -0.996152,
        0.996152,
        0.996152,
        0.01707999999999999,
        0.998064
      ]
    ],
    [
      [
        0.998704,
        -0.998704,
        -0.996632,
        -0.02270400000000002,
        -0.998704
      ],
      [
        -0.998704,
        0.998704,
        0.996632,
        0.02270400000000002,
        0.998704
      ],
      [
        -0.996632,
        0.996632,
        0.998556,
        0.024632000000000022,
        0.996632
      ],
      [
        -0.02270400000000002,
        0.02270400000000002,
        0.024632000000000022,
        0.998704,
        0.02270400000000002
      ],
      [
        -0.998704,
        0.998704,
        0.996632,
        0.02270400000000002,
        0.998704
      ]
    ],
    [
      [
        0.9991,
        -0.9991,
        -0.9991,
        -0.03944000000000001,
        -0.9991
      ],
      [
        -0.9991,
        0.9991,
        0.9991,
        0.03944000000000001,
        0.9991
      ],
      [
        -0.9991,
        0.9991,
        0.9991,
        0.03944000000000001,
        0.9991
      ],
      [
        -0.03944000000000001,
        0.03944000000000001,
        0.03944000000000001,
        0.997696,
        0.03944000000000001
      ],
      [
        -0.9991,
        0.9991,
        0.9991,
        0.03944000000000001,
        0.9991
      ]
    ],
    [
      [
        0.999804,
        -0.999804,
        -0.999804,
        -0.025047999999999994,
        -0.997776
      ],
      [
        -0.999804,
        0.999804,
        0.999804,
        0.025047999999999994,
        0.997776
      ],
      [
        -0.999804,
        0.999804,
        0.999804,
        0.025047999999999994,
        0.997776
      ],
      [
        -0.025047999999999994,
        0.025047999999999994,
        0.025047999999999994,
        0.995376,
        0.02291199999999999
      ],
      [
        -0.997776,
        0.997776,
        0.997776,
        0.02291199999999999,
        0.999744
      ]
    ],
    [
      [
        0.9999,
        -0.9959,
        -0.9999,
        -0.008820000000000008,
        -0.9999
      ],
      [
        -0.9959,
        0.9999,
        0.9959,
        0.004820000000000005,
        0.9959
      ],
      [
        -0.9999,
        0.9959,
        0.9999,
        0.008820000000000008,
        0.9999
      ],
      [
        -0.008820000000000008,
        0.004820000000000005,
        0.008820000000000008,
        0.993276,
        0.008820000000000008
      ],
      [
        -0.9999,
        0.9959,
        0.9999,
        0.008820000000000008,
        0.9999
      ]
    ],
    [
      [
        0.999996,
        -0.999996,
        -0.999996,
        -0.04804400000000002,
        -0.999996
      ],
      [
        -0.999996,
        0.999996,
        0.999996,
        0.04804400000000002,
        0.999996
      ],
      [
        -0.999996,
        0.999996,
        0.999996,
        0.04804400000000002,
        0.999996
      ],
      [
        -0.04804400000000002,
        0.04804400000000002,
        0.04804400000000002,
        0.999516,
        0.04804400000000002
      ],
      [
        -0.999996,
        0.999996,
        0.999996,
        0.04804400000000002,
        0.999996
      ]
    ],
    [
      [
        0.996864,
        -0.996864,
        -0.996864,
        -0.09209599999999997,
        -0.996864
      ],
      [
        -0.996864,
        0.996864,
        0.996864,
        0.09209599999999997,
        0.996864
      ],
      [
        -0.996864,
        0.996864,
        0.996864,
        0.09209599999999997,
        0.996864
      ],
      [
        -0.09209599999999997,
        0.09209599999999997,
        0.09209599999999997,
        0.998844,
        0.09209599999999997
      ],
      [
        -0.996864,
        0.996864,
        0.996864,
        0.09209599999999997,
        0.996864
      ]
    ],
    [
      [
        0.9964,
        -0.99452,
        -0.9964,
        -0.13032,
        -0.9964
      ],
      [
        -0.99452,
        0.996636,
        0.99452,
        0.128376,
        0.99452
      ],
      [
        -0.9964,
        0.99452,
        0.9964,
        0.13032,
        0.9964
      ],
      [
        -0.13032,
        0.128376,
        0.13032,
        0.999216,
        0.13032
      ],
      [
        -0.9964,
        0.99452,
        0.9964,
        0.13032,
        0.9964
      ]
    ],
    [
      [
        0.9991,
        -0.99704,
        -0.9991,
        -0.21957999999999997,
        -0.9991
      ],
      [
        -0.99704,
        0.998976,
        0.99704,
        0.22155199999999997,
        0.99704
      ],
      [
        -0.9991,
        0.99704,
        0.9991,
        0.21957999999999997,
        0.9991
      ],
      [
        -0.21957999999999997,
        0.22155199999999997,
        0.21957999999999997,
        0.999804,
        0.21957999999999997
      ],
      [
        -0.9991,
        0.99704,
        0.9991,
        0.21957999999999997,
        0.9991
      ]
    ],
    [
      [
        0.994224,
        -0.994224,
        -0.992376,
        -0.23604800000000004,
        -0.994224
      ],
      [
        -0.994224,
        0.994224,
        0.992376,
        0.23604800000000004,
        0.994224
      ],
      [
        -0.992376,
        0.992376,
        0.994524,
        0.23815200000000006,
        0.992376
      ],
      [
        -0.23604800000000004,
        0.23604800000000004,
        0.23815200000000006,
        0.997296,
        0.23604800000000004
      ],
      [
        -0.994224,
        0.994224,
        0.992376,
        0.23604800000000004,
        0.994224
      ]
    ]
  ]
}