{
  "settings_list": [
    [
      6.014214115495023,
      4.856690270739519,
      4.306117277489809,
      5.627564534678387,
      0.4776274444914158,
      5.100645577111543,
      3.4670318823423716,
      1.256013896948351,
      1.8307345130450823,
      4.828797461528191,
      0.10633246603035655,
      6.19525929129781,
      2.84369770665021,
      4.462983124927347,
      4.337201667795766
    ],
    [
      6.013980273338223,
      4.886829128237119,
      4.306676230536209,
      5.6531766591263874,
      0.4617491253202158,
      5.102039321130743,
      3.4600845444511714,
      1.2073336989707508,
      1.8248251355826823,
      4.865583526353791,
      0.10333684754395656,
      6.20007044216181,
      2.84782676324861,
      4.401371047189747,
      4.3372211754885654
    ],
    [
      6.017393788042224,
      4.943047410301119,
      4.301444275176209,
      5.684243798406388,
      0.4300144166802157,
      5.099512916362743,
      3.4441514800351714,
      1.1306131185387507,
      1.8301606748946824,
      4.913605372721791,
      0.10501505811995658,
      6.199872332433809,
      2.84961774017661,
      4.334201933077748,
      4.335139219328566
    ],
    [
      6.0186813233862235,
      5.014726264166719,
      4.297163836184209,
      5.744660280179188,
      0.3910726213906157,
      5.091267130887543,
      3.4329918250943714,
      1.0193042900427507,
      1.8327550981682823,
      4.967089721931391,
      0.10764295832475657,
      6.193246874651409,
      2.8648315445670103,
      4.2134231115257474,
      4.331335249328566
    ],
    [
      6.037359815827823,
      5.157839217363519,
      4.284478368357009,
      5.831764943955188,
      0.3276966818322157,
      5.0827442902795426,
      3.3878236383935714,
      0.8527907116363506,
      1.8242862334834822,
      5.092039043121791,
      0.1259435134671566,
      6.197165234702609,
      2.89317810729981,
      4.055060471269748,
      4.326691773878966
    ],
    [
      6.064102301418224,
      5.37310834872352,
      4.270673290929809,
      5.981972154143988,
      0.22863522381301565,
      5.081634465553143,
      3.3389599923903712,
      0.5839592191947505,
      1.8413221199698822,
      5.273370823201791,
      0.14059063867355662,
      6.18185024703221,
      2.9428356074790103,
      3.7980542094457475,
      4.3134343981509655
    ],
    [
      6.1289550962022235,
      5.7661250167875195,
      4.250884379617808,
      6.200142448911988,
      0.09325855011701562,
      5.080997627425143,
      3.2095521981023714,
      0.20750280730675025,
      1.8466875857298821,
      5.6403405608977915,
      0.14852560190555658,
      6.167149156328209,
      3.0640919939910103,
      3.3797863866777473,
      4.306009333350966
    ],
    [
      6.261139681328624,
      6.399424569805119,
      4.258440275304209,
      6.3176544263263885,
      -0.010765891514984319,
      5.102326536020343,
      3.0969950832479713,
      -0.0367474894292498,
      1.8261879628882822,
      6.297838445883391,
      0.011286454155156583,
      6.143458507304209,
      3.1916190293446105,
      3.089326868604147,
      4.338562079053366
    ],
    [
      6.320893688512624,
      6.207431531785919,
      4.267570022574609,
      6.255424132316788,
      -0.031379484929384346,
      5.106636251607544,
      3.1558625836735716,
      -0.024711256814849883,
      1.8400242574770822,
      6.264790044654591,
      0.02701126708315656,
      6.131702639717009,
      3.0484674311270106,
      3.150076746328947,
      4.339149006986166
    ],
    [
      6.2623738676006235,
      6.302711537187519,
      4.266433890149009,
      6.264603611990388,
      0.038692832360215756,
      5.112701222557943,
      3.1518691135839716,
      0.055740018282750145,
      1.8377292319602823,
      6.297306956846591,
      -0.023298181956843498,
      6.125451577112209,
      3.190330936762211,
      3.121722261960947,
      4.336984615171766
    ],
    [
      6.284264381955824,
      6.382073690864319,
      4.242520602494609,
      6.360683446358388,
      -0.012724593534184238,
      5.118267205713143,
      3.1015502224479716,
      0.019313306423550163,
      1.8586003677810825,
      6.345510534523391,
      0.013159600494356553,
      6.125553223601809,
      3.1066001368902105,
      3.111462686357747,
      4.3373599616549665
    ],
    [
      6.313353871395824,
      6.201319900272319,
      4.237800642078609,
      6.256763733110389,
      0.024360152065815807,
      5.134508387505143,
      3.1604452941919714,
      -0.007454803016449872,
      1.8667866413810825,
      6.245524897371391,
      0.031402147694356564,
      6.118215304241809,
      3.1303934537542104,
      3.152093023221747,
      4.341180091350966
    ],
    [
      6.225664157603824,
      6.369375513021119,
      4.237300977067409,
      6.311095845276789,
      -0.07378956595658427,
      5.132143863204343,
      3.1740179938911712,
      0.07441467650355013,
      1.8574275079026825,
      6.322015776296191,
      0.005630849799956438,
      6.119588145694609,
      3.1755851584582104,
      3.104125512156147,
      4.333921529917366
    ],
    [
      6.254892545706224,
      6.2017721196387186,
      4.230902417374609,
      6.2980690047903884,
      -0.0075199313709842786,
      5.128926652753143,
      3.1612659775199714,
      -0.043546048654849914,
      1.8475518943666824,
      6.267931592974591,
      0.03469036202395651,
      6.118185653758609,
      3.1139546244742102,
      3.135897729660147,
      4.339409071805366
    ],
    [
      6.246032472429424,
      6.296874681312318,
      4.231149772446609,
      6.315621110275188,
      0.05803178639541566,
      5.126278975527542,
      3.0722336093439715,
      -0.00398147907084985,
      1.8524029321906825,
      6.249544891083391,
      -0.017823939784043452,
      6.118552684824208,
      3.16175953155901,
      3.209639185404147,
      4.339209601187766
    ],
    [
      6.2852119099206245,
      6.294299336198718,
      4.225623434667409,
      6.174278728118388,
      0.0228677054098156,
      5.133739492327543,
      3.1602881415935715,
      -0.02382398638604987,
      1.8619570576818825,
      6.347472886372992,
      0.04874572864475657,
      6.119324956734609,
      3.12644308992061,
      3.056293156066547,
      4.3566606845669655
    ],
    [
      6.3373029442374245,
      6.247161483206718,
      4.22815521124981,
      6.412898200572788,
      -0.03284952139018447,
      5.134363016017143,
      3.1166790056639715,
      0.011220532445950157,
      1.8576613345010826,
      6.221632630254591,
      -0.03330421369444346,
      6.122680966251409,
      3.17331901239741,
      3.2195601789817467,
      4.359204333245366
    ],
    [
      6.2212134025862245,
      6.295065821779518,
      4.24428120663221,
      6.171440740419188,
      -0.037406220369384624,
      5.1153238945579425,
      3.1147014618751716,
      0.013345215226750182,
      1.8798790563154828,
      6.348075024955391,
      0.03724129262555664,
      6.100799902133009,
      3.10949078559741,
      3.110846286786547,
      4.363233128384565
    ],
    [
      6.272798087386224,
      6.281048490963518,
      4.23004756272821,
      6.349222141763188,
      0.022465768110615437,
      5.078422790301943,
      3.1610757685631716,
      0.0005650655947502109,
      1.8614398797394829,
      6.225718437691391,
      -0.13289155780644338,
      6.0957180725010085,
      3.13219315321341,
      3.148087469762547,
      4.3711238657925655
    ],
    [
      6.212697687632624,
      6.301584459965118,
      4.22235295357621,
      6.255761829724788,
      0.07888800405621543,
      5.079059878337143,
      3.1500506900895715,
      -0.08138904117004987,
      1.8623643362130828,
      6.275409309144191,
      0.08641754748315694,
      6.106384314200208,
      3.10838337874621,
      3.1048522745913467,
      4.377623894243766
    ],
    [
      6.3163290785126245,
      6.270619014285118,
      4.2151020154962096,
      6.265162718524788,
      -0.12360075698378462,
      5.083733574337143,
      3.1163733312095716,
      0.03861807578995015,
      1.868653928533083,
      6.313122959304191,
      -0.09915823707684301,
      6.102566558120208,
      3.12611115898621,
      3.2057503880313467,
      4.383173969523766
    ]
  ],
  "cost_vals": [],
  "step_size": 0.1,
  "opt_step_times": [
    0.14248418807983398,
    0.1465141773223877,
    0.1472148895263672,
    0.13996434211730957,
    0.13655900955200195,
    0.14158892631530762,
    0.19991803169250488,
    0.14064407348632812,
    0.14451098442077637,
    0.14494729042053223,
    0.15251588821411133,
    0.14574098587036133,
    0.13834500312805176,
    0.13954925537109375,
    0.14073920249938965,
    0.13837289810180664,
    0.1381371021270752,
    0.14215588569641113,
    0.14875483512878418,
    0.15546703338623047
  ],
  "opt_settings": [
    6.3163290785126245,
    6.270619014285118,
    4.2151020154962096,
    6.265162718524788,
    -0.12360075698378462,
    5.083733574337143,
    3.1163733312095716,
    0.03861807578995015,
    1.868653928533083,
    6.313122959304191,
    -0.09915823707684301,
    6.102566558120208,
    3.12611115898621,
    3.2057503880313467,
    4.383173969523766
  ],
  "min_cost": null,
  "datetime": "2023-05-30T16-43-09Z",
  "step_only": true,
  "ibm_device": "default.qubit",
  "shots": 1000,
  "prep_node_name": "5-qubit_ghz_state",
  "num_qubits": 5,
  "error": false,
  "cov_mats": [
    [
      [
        0.9999,
        0.11755999999999997,
        -0.047780000000000045,
        -0.013680000000000012,
        0.07815999999999998
      ],
      [
        0.11755999999999997,
        0.998064,
        -0.141032,
        0.08140800000000002,
        0.16070400000000004
      ],
      [
        -0.047780000000000045,
        -0.141032,
        0.9995159999999998,
        -0.022703999999999988,
        -0.038352000000000004
      ],
      [
        -0.013680000000000012,
        0.08140800000000002,
        -0.022703999999999988,
        0.998976,
        0.01148800000000004
      ],
      [
        0.07815999999999998,
        0.16070400000000004,
        -0.038352000000000004,
        0.01148800000000004,
        0.999744
      ]
    ],
    [
      [
        0.998844,
        0.15701999999999994,
        -0.09318399999999998,
        0.011359999999999983,
        0.061592000000000036
      ],
      [
        0.15701999999999994,
        0.9991,
        -0.27072,
        0.06879999999999997,
        0.23836000000000004
      ],
      [
        -0.09318399999999998,
        -0.27072,
        0.999424,
        -0.03296000000000003,
        -0.09971200000000004
      ],
      [
        0.011359999999999983,
        0.06879999999999997,
        -0.03296000000000003,
        0.9984,
        0.06448
      ],
      [
        0.061592000000000036,
        0.23836000000000004,
        -0.09971200000000004,
        0.06448,
        0.999856
      ]
    ],
    [
      [
        0.9991,
        0.22176000000000004,
        -0.13520000000000007,
        0.12298000000000009,
        0.08916000000000003
      ],
      [
        0.22176000000000004,
        0.999936,
        -0.31632,
        0.1257280000000001,
        0.26377599999999995
      ],
      [
        -0.13520000000000007,
        -0.31632,
        0.9984,
        -0.08336000000000002,
        -0.13712000000000005
      ],
      [
        0.12298000000000009,
        0.1257280000000001,
        -0.08336000000000002,
        0.998844,
        0.10504800000000004
      ],
      [
        0.08916000000000003,
        0.26377599999999995,
        -0.13712000000000005,
        0.10504800000000004,
        0.9992159999999999
      ]
    ],
    [
      [
        0.9999000000000002,
        0.22446000000000005,
        -0.12980000000000003,
        0.07573999999999999,
        0.11638000000000003
      ],
      [
        0.22446000000000005,
        0.997884,
        -0.36291999999999996,
        0.19319599999999998,
        0.350252
      ],
      [
        -0.12980000000000003,
        -0.36291999999999996,
        0.9996,
        -0.12148000000000007,
        -0.25476000000000004
      ],
      [
        0.07573999999999999,
        0.19319599999999998,
        -0.12148000000000007,
        0.999324,
        0.13298800000000005
      ],
      [
        0.11638000000000003,
        0.350252,
        -0.25476000000000004,
        0.13298800000000005,
        0.9985560000000002
      ]
    ],
    [
      [
        0.997296,
        0.356832,
        -0.26568800000000004,
        0.14693600000000004,
        0.24358400000000008
      ],
      [
        0.356832,
        0.999744,
        -0.550096,
        0.3137120000000001,
        0.5641280000000001
      ],
      [
        -0.26568800000000004,
        -0.550096,
        0.999964,
        -0.21210800000000007,
        -0.35795200000000005
      ],
      [
        0.14693600000000004,
        0.3137120000000001,
        -0.21210800000000007,
        0.999676,
        0.2501440000000001
      ],
      [
        0.24358400000000008,
        0.5641280000000001,
        -0.35795200000000005,
        0.2501440000000001,
        0.9999360000000003
      ]
    ],
    [
      [
        0.999424,
        0.5654720000000001,
        -0.50224,
        0.26147200000000015,
        0.44908799999999993
      ],
      [
        0.5654720000000001,
        0.999516,
        -0.76822,
        0.42351600000000006,
        0.719164
      ],
      [
        -0.50224,
        -0.76822,
        0.9999,
        -0.41222000000000003,
        -0.6163800000000001
      ],
      [
        0.26147200000000015,
        0.42351600000000006,
        -0.41222000000000003,
        0.999516,
        0.371164
      ],
      [
        0.44908799999999993,
        0.719164,
        -0.6163800000000001,
        0.371164,
        0.998556
      ]
    ],
    [
      [
        0.998844,
        0.8511160000000001,
        -0.821728,
        0.6629800000000001,
        0.82132
      ],
      [
        0.8511160000000001,
        0.999324,
        -0.957792,
        0.7792200000000001,
        0.95748
      ],
      [
        -0.821728,
        -0.957792,
        0.999936,
        -0.7497600000000001,
        -0.9238399999999999
      ],
      [
        0.6629800000000001,
        0.7792200000000001,
        -0.7497600000000001,
        0.9991,
        0.7574000000000001
      ],
      [
        0.82132,
        0.95748,
        -0.9238399999999999,
        0.7574000000000001,
        0.9996
      ]
    ],
    [
      [
        0.998064,
        0.995976,
        -0.995976,
        0.995976,
        0.995976
      ],
      [
        0.995976,
        0.997884,
        -0.997884,
        0.997884,
        0.997884
      ],
      [
        -0.995976,
        -0.997884,
        0.997884,
        -0.997884,
        -0.997884
      ],
      [
        0.995976,
        0.997884,
        -0.997884,
        0.997884,
        0.997884
      ],
      [
        0.995976,
        0.997884,
        -0.997884,
        0.997884,
        0.997884
      ]
    ],
    [
      [
        0.999744,
        0.995744,
        -0.997712,
        0.997712,
        0.989712
      ],
      [
        0.995744,
        0.999744,
        -0.997712,
        0.997712,
        0.989712
      ],
      [
        -0.997712,
        -0.997712,
        0.999676,
        -0.999676,
        -0.991676
      ],
      [
        0.997712,
        0.997712,
        -0.999676,
        0.999676,
        0.991676
      ],
      [
        0.989712,
        0.989712,
        -0.991676,
        0.991676,
        0.999676
      ]
    ],
    [
      [
        0.9999,
        0.9999,
        -0.9999,
        0.9999,
        0.9999
      ],
      [
        0.9999,
        0.9999,
        -0.9999,
        0.9999,
        0.9999
      ],
      [
        -0.9999,
        -0.9999,
        0.9999,
        -0.9999,
        -0.9999
      ],
      [
        0.9999,
        0.9999,
        -0.9999,
        0.9999,
        0.9999
      ],
      [
        0.9999,
        0.9999,
        -0.9999,
        0.9999,
        0.9999
      ]
    ],
    [
      [
        0.999996,
        0.982016,
        -0.984004,
        0.982016,
        0.984012
      ],
      [
        0.982016,
        0.999936,
        -0.993984,
        0.991936,
        0.993952
      ],
      [
        -0.984004,
        -0.993984,
        0.999996,
        -0.993984,
        -0.995988
      ],
      [
        0.982016,
        0.991936,
        -0.993984,
        0.999936,
        0.993952
      ],
      [
        0.984012,
        0.993952,
        -0.995988,
        0.993952,
        0.999964
      ]
    ],
    [
      [
        0.999324,
        0.997376,
        -0.997376,
        0.995324,
        0.997376
      ],
      [
        0.997376,
        0.999424,
        -0.999424,
        0.997376,
        0.999424
      ],
      [
        -0.997376,
        -0.999424,
        0.999424,
        -0.997376,
        -0.999424
      ],
      [
        0.995324,
        0.997376,
        -0.997376,
        0.999324,
        0.997376
      ],
      [
        0.997376,
        0.999424,
        -0.999424,
        0.997376,
        0.999424
      ]
    ],
    [
      [
        0.9996,
        0.98956,
        -0.98948,
        0.99348,
        0.99348
      ],
      [
        0.98956,
        0.999516,
        -0.991428,
        0.995428,
        0.995428
      ],
      [
        -0.98948,
        -0.991428,
        0.999324,
        -0.995324,
        -0.995324
      ],
      [
        0.99348,
        0.995428,
        -0.995324,
        0.999324,
        0.999324
      ],
      [
        0.99348,
        0.995428,
        -0.995324,
        0.999324,
        0.999324
      ]
    ],
    [
      [
        0.999676,
        0.993712,
        -0.993712,
        0.991676,
        0.993712
      ],
      [
        0.993712,
        0.999744,
        -0.999744,
        0.997712,
        0.999744
      ],
      [
        -0.993712,
        -0.999744,
        0.999744,
        -0.997712,
        -0.999744
      ],
      [
        0.991676,
        0.997712,
        -0.997712,
        0.999676,
        0.997712
      ],
      [
        0.993712,
        0.999744,
        -0.999744,
        0.997712,
        0.999744
      ]
    ],
    [
      [
        0.999744,
        0.997712,
        -0.995744,
        0.999744,
        0.999744
      ],
      [
        0.997712,
        0.999676,
        -0.993712,
        0.997712,
        0.997712
      ],
      [
        -0.995744,
        -0.993712,
        0.999744,
        -0.995744,
        -0.995744
      ],
      [
        0.999744,
        0.997712,
        -0.995744,
        0.999744,
        0.999744
      ],
      [
        0.999744,
        0.997712,
        -0.995744,
        0.999744,
        0.999744
      ]
    ],
    [
      [
        0.998556,
        0.99648,
        -0.998556,
        0.99648,
        0.992632
      ],
      [
        0.99648,
        0.9984,
        -0.99648,
        0.9944,
        0.99056
      ],
      [
        -0.998556,
        -0.99648,
        0.998556,
        -0.99648,
        -0.992632
      ],
      [
        0.99648,
        0.9944,
        -0.99648,
        0.9984,
        0.99056
      ],
      [
        0.992632,
        0.99056,
        -0.992632,
        0.99056,
        0.998704
      ]
    ],
    [
      [
        1.0,
        0.992,
        -0.998,
        0.994,
        0.994
      ],
      [
        0.992,
        0.999936,
        -0.993984,
        0.989984,
        0.990016
      ],
      [
        -0.998,
        -0.993984,
        0.999996,
        -0.995996,
        -0.996004
      ],
      [
        0.994,
        0.989984,
        -0.995996,
        0.999996,
        0.992004
      ],
      [
        0.994,
        0.990016,
        -0.996004,
        0.992004,
        0.999996
      ]
    ],
    [
      [
        0.999984,
        0.985976,
        -0.993992,
        0.992,
        0.987984
      ],
      [
        0.985976,
        0.999964,
        -0.991988,
        0.99,
        0.985976
      ],
      [
        -0.993992,
        -0.991988,
        0.999996,
        -0.998,
        -0.993992
      ],
      [
        0.992,
        0.99,
        -0.998,
        1.0,
        0.992
      ],
      [
        0.987984,
        0.985976,
        -0.993992,
        0.992,
        0.999984
      ]
    ],
    [
      [
        0.999856,
        0.997832,
        -0.999856,
        0.995856,
        0.999856
      ],
      [
        0.997832,
        0.999804,
        -0.997832,
        0.993832,
        0.997832
      ],
      [
        -0.999856,
        -0.997832,
        0.999856,
        -0.995856,
        -0.999856
      ],
      [
        0.995856,
        0.993832,
        -0.995856,
        0.999856,
        0.995856
      ],
      [
        0.999856,
        0.997832,
        -0.999856,
        0.995856,
        0.999856
      ]
    ],
    [
      [
        0.999744,
        0.995808,
        -0.993648,
        0.997712,
        0.999744
      ],
      [
        0.995808,
        0.999856,
        -0.989736,
        0.993784,
        0.995808
      ],
      [
        -0.993648,
        -0.989736,
        0.999516,
        -0.991604,
        -0.993648
      ],
      [
        0.997712,
        0.993784,
        -0.991604,
        0.999676,
        0.997712
      ],
      [
        0.999744,
        0.995808,
        -0.993648,
        0.997712,
        0.999744
      ]
    ],
    [
      [
        0.999964,
        0.993952,
        -0.997952,
        0.999964,
        0.999964
      ],
      [
        0.993952,
        0.999936,
        -0.991936,
        0.993952,
        0.993952
      ],
      [
        -0.997952,
        -0.991936,
        0.999936,
        -0.997952,
        -0.997952
      ],
      [
        0.999964,
        0.993952,
        -0.997952,
        0.999964,
        0.999964
      ],
      [
        0.999964,
        0.993952,
        -0.997952,
        0.999964,
        0.999964
      ]
    ]
  ]
}