{
  "settings_list": [
    [
      2.5842092636894116,
      4.526473204781344,
      3.0218612283370927,
      5.130880621555602,
      0.911684666714182,
      3.242145948765393,
      2.396941009366891,
      2.691096874888646,
      3.0126433955396954,
      3.7534126192395,
      3.032512301511152,
      1.3995087068254017,
      2.43205378605549,
      1.2917057683672448,
      4.749356223267267
    ],
    [
      2.5876799576286116,
      4.452882715744544,
      3.0289601785322926,
      5.189555500019602,
      0.872973734106182,
      3.229776950109393,
      2.5203958326884908,
      2.761989254613446,
      3.0051110135620953,
      3.6403305263371,
      3.0457808452039523,
      1.4080779875934017,
      2.45720193832429,
      1.2045406620888448,
      4.751214198921667
    ],
    [
      2.5973962289630115,
      4.381080086720544,
      3.0345982402026928,
      5.305753982234002,
      0.8107419861445819,
      3.2413590816229934,
      2.6856086206372907,
      2.8438181975766463,
      3.012536640480495,
      3.5139049588683,
      3.0564389543367523,
      1.4152650534046018,
      2.4984821497162897,
      1.0459330986840447,
      4.744836246160067
    ],
    [
      2.6287132588894115,
      4.223109304640545,
      3.027036578570693,
      5.434166551994002,
      0.7256442545765819,
      3.260166906707793,
      2.865352338493291,
      2.9662898531606463,
      3.026974978992495,
      3.3553681478954998,
      3.082132252019952,
      1.403706596022202,
      2.5822266046474898,
      0.8412942412216446,
      4.749172565529667
    ],
    [
      2.7003995837470116,
      3.929552109613345,
      3.041773645937093,
      5.677137676826002,
      0.5416655474885818,
      3.232836243792593,
      3.041392287834091,
      3.043518974520646,
      3.028757522003695,
      3.2082960339979,
      3.126970977043952,
      1.396684745395002,
      2.7676271815722897,
      0.5214651513240445,
      4.733918924560067
    ],
    [
      2.8929348106814117,
      3.4602229377765443,
      3.047890169338693,
      6.0495842190500015,
      0.1519133902597815,
      3.244324446278993,
      3.128717270864491,
      3.126859905522246,
      3.022644686963695,
      3.1376840736523,
      3.203431432115952,
      1.413686276732602,
      3.04239266236589,
      0.09154963502964425,
      4.751739733712067
    ],
    [
      3.2003590480446116,
      3.0140073436901442,
      3.033157648020293,
      6.429622635946002,
      -0.06003655027141844,
      3.257312043846993,
      3.159931830198891,
      3.196079337611846,
      3.003798822054895,
      3.0815898089227,
      3.127810696986352,
      1.4366197884638021,
      3.17061459270829,
      -0.03766183146635582,
      4.773536812240066
    ],
    [
      3.0910186803966115,
      3.1437998306821444,
      3.035343166388293,
      6.196846018378002,
      0.04142885756858175,
      3.2557338018789928,
      3.091351198006891,
      3.138081891739846,
      3.005758304294895,
      3.1536094935307,
      3.091156479162352,
      1.423566498879802,
      3.07992294704429,
      0.005183067397644223,
      4.7886421945440665
    ],
    [
      3.1654925869438117,
      3.1951668586117443,
      3.032875635482693,
      6.384865817258002,
      0.0021472004677816903,
      3.2577179044133926,
      3.099490860483691,
      3.140644975163846,
      3.0145990328196954,
      3.2245279485835003,
      3.1875745846087518,
      1.425984043391802,
      3.11524914806189,
      -0.027703002637555832,
      4.797529696649667
    ],
    [
      3.0987871735998116,
      3.087458162579744,
      3.033552558698693,
      6.217116082858002,
      0.034039189155781656,
      3.2389778999173924,
      3.209138918291691,
      3.162389469339846,
      3.0081000865316954,
      3.1619933653835,
      3.1529419601607516,
      1.426721213535802,
      3.15971052988589,
      0.024994887234444263,
      4.801525001417667
    ],
    [
      3.2333834534334116,
      3.1828401283141443,
      3.040515480221893,
      6.345428238058002,
      -0.013523926274618354,
      3.249097141338192,
      3.0928146178884908,
      3.102812078760646,
      3.0080092509348955,
      3.1565406454091,
      3.2101370830279516,
      1.430517452678202,
      3.1293910508970897,
      -0.036207108835955785,
      4.794544872662467
    ],
    [
      3.1451757772414117,
      3.1216656215941443,
      3.038694838765893,
      6.293504348605202,
      0.02495307554938165,
      3.240841184608592,
      3.1669156701092906,
      3.169636771282246,
      3.017599264726895,
      3.0478546500875003,
      3.1189152025831515,
      1.438866838915002,
      3.1982146466954897,
      -0.012070370915955711,
      4.798144495395267
    ],
    [
      3.167525050374212,
      3.1303828276901444,
      3.040789249405893,
      6.273584882608402,
      -0.06768783916741833,
      3.241397293731792,
      3.0373364288004905,
      3.1136468567254463,
      3.0121008418788953,
      3.224906981511501,
      3.1747137518951516,
      1.434725656451002,
      3.1230649686186895,
      -0.045969153376755785,
      4.803249288569667
    ],
    [
      3.115110052607812,
      3.1300561338789445,
      3.049981400586693,
      6.295561023050002,
      0.0004177924229818025,
      3.235674175350992,
      3.2164347449412904,
      3.154703882223046,
      2.9868548193252953,
      3.104122239969101,
      3.1497081752807516,
      1.4302404227166021,
      3.1612137473322894,
      0.03194296014004432,
      4.851205538156867
    ],
    [
      3.0946103526078117,
      3.0849908238789445,
      3.063213110586693,
      6.312054723050002,
      0.015347492422981782,
      3.207116805350992,
      3.0220828649412907,
      3.0944909222230463,
      2.9819819493252955,
      3.1286032999691007,
      3.1615237052807514,
      1.4411673227166022,
      3.0642778873322896,
      0.004160070140044384,
      4.8354847181568665
    ],
    [
      3.144366936748612,
      3.1875462381765445,
      3.066900113082693,
      6.285320850205202,
      -0.0029169939002181566,
      3.1929380632837923,
      3.1942938013380906,
      3.1559876741462465,
      2.9831574433156955,
      3.1522281070603007,
      3.1107592126599513,
      1.4495195170718023,
      3.1310857804522896,
      0.009259821948044367,
      4.833993225395266
    ],
    [
      3.1103381986238117,
      3.0956099291845445,
      3.070416122426693,
      6.264678948406802,
      0.022911632659781835,
      3.196116518400592,
      3.1095581248708903,
      3.0890499252566466,
      2.9910489752964957,
      3.1973825584907005,
      3.262994741261551,
      1.4572458351006023,
      3.1365251257834896,
      -0.015455391645555629,
      4.829421001139266
    ],
    [
      3.157362430387012,
      3.1665939064645445,
      3.0687990999818933,
      6.323745005686802,
      0.011785592666181805,
      3.199658436230992,
      3.1487666014404905,
      3.1878556196246466,
      2.983323859885296,
      3.0926261134859008,
      3.092611746253551,
      1.4587948367518024,
      3.1433439361130895,
      -0.006682838071155611,
      4.824419507097667
    ],
    [
      3.216450439078212,
      3.1301261860389444,
      3.069113550449093,
      6.2738426139396015,
      -0.004875650127418196,
      3.199259922474192,
      3.1350611510884905,
      3.1805995132918468,
      2.986100806464496,
      3.204061162724301,
      3.174514082615151,
      1.4576979523518023,
      3.1536569939274894,
      0.08336547811124437,
      4.8312076842144664
    ],
    [
      3.1259781046910122,
      3.1136597208997445,
      3.0718674843370932,
      6.285428659059601,
      -0.022586425116218157,
      3.203827656682192,
      3.1045049542756904,
      3.1149177919606466,
      2.982090143040496,
      3.148755133194701,
      3.163345600323951,
      1.4531820723134024,
      3.1195477938762894,
      -0.0491604549319557,
      4.8339113544352665
    ],
    [
      3.1196987326910124,
      3.1607150148997443,
      3.0695277183370933,
      6.295187683059601,
      -0.028465837116218223,
      3.203047734682192,
      3.1417412302756906,
      3.2267266099606466,
      2.980430309040496,
      3.139536055194701,
      3.061395796323951,
      1.4508423063134024,
      3.118447903876289,
      0.06232839506804437,
      4.842550490435267
    ]
  ],
  "cost_vals": [],
  "step_size": 0.1,
  "opt_step_times": [
    92.85453510284424,
    71.6949999332428,
    82.25996899604797,
    110.99005222320557,
    139.26732802391052,
    89.89461517333984,
    86.43668818473816,
    90.77466630935669,
    103.01118183135986,
    74.16656017303467,
    112.98083996772766,
    105.51605701446533,
    213.48716592788696,
    66.66573882102966,
    75.1440577507019,
    78.10684585571289,
    68.86912727355957,
    73.89716386795044,
    108.30550789833069,
    85.5717408657074
  ],
  "opt_settings": [
    3.1196987326910124,
    3.1607150148997443,
    3.0695277183370933,
    6.295187683059601,
    -0.028465837116218223,
    3.203047734682192,
    3.1417412302756906,
    3.2267266099606466,
    2.980430309040496,
    3.139536055194701,
    3.061395796323951,
    1.4508423063134024,
    3.118447903876289,
    0.06232839506804437,
    4.842550490435267
  ],
  "min_cost": null,
  "datetime": "2023-04-19T21-57-54Z",
  "step_only": true,
  "ibm_device": "ibmq_qasm_simulator",
  "shots": 1000,
  "prep_node_name": "5-qubit_ghz_state",
  "num_qubits": 5,
  "cov_mats": [
    [
      [
        0.9964,
        0.05364000000000005,
        0.1214,
        0.14448000000000005,
        -0.03812000000000004
      ],
      [
        0.05364000000000005,
        0.999964,
        0.15194,
        0.2500480000000001,
        -0.040012000000000034
      ],
      [
        0.1214,
        0.15194,
        0.9999,
        0.67408,
        -0.16402000000000003
      ],
      [
        0.14448000000000005,
        0.2500480000000001,
        0.67408,
        0.999936,
        -0.23798400000000008
      ],
      [
        -0.03812000000000004,
        -0.040012000000000034,
        -0.16402000000000003,
        -0.23798400000000008,
        0.999996
      ]
    ],
    [
      [
        0.999216,
        0.13805600000000004,
        0.29667199999999994,
        0.29211200000000004,
        -0.15472800000000003
      ],
      [
        0.13805600000000004,
        0.999996,
        0.31395200000000006,
        0.345992,
        -0.11994800000000005
      ],
      [
        0.29667199999999994,
        0.31395200000000006,
        0.999424,
        0.8199040000000001,
        -0.325376
      ],
      [
        0.29211200000000004,
        0.345992,
        0.8199040000000001,
        0.999984,
        -0.35389600000000004
      ],
      [
        -0.15472800000000003,
        -0.11994800000000005,
        -0.325376,
        -0.35389600000000004,
        0.9993240000000002
      ]
    ],
    [
      [
        0.999324,
        0.227844,
        0.404052,
        0.41205200000000003,
        -0.20262400000000005
      ],
      [
        0.227844,
        0.999964,
        0.45201199999999997,
        0.472012,
        -0.29414400000000007
      ],
      [
        0.404052,
        0.45201199999999997,
        0.999996,
        0.9359959999999999,
        -0.529952
      ],
      [
        0.41205200000000003,
        0.472012,
        0.9359959999999999,
        0.999996,
        -0.545952
      ],
      [
        -0.20262400000000005,
        -0.29414400000000007,
        -0.529952,
        -0.545952,
        0.999424
      ]
    ],
    [
      [
        0.998704,
        0.46636,
        0.665928,
        0.669928,
        -0.534648
      ],
      [
        0.46636,
        0.9999,
        0.68002,
        0.68402,
        -0.5318200000000001
      ],
      [
        0.665928,
        0.68002,
        0.999996,
        0.991996,
        -0.7840360000000001
      ],
      [
        0.669928,
        0.68402,
        0.991996,
        0.999996,
        -0.7880360000000001
      ],
      [
        -0.534648,
        -0.5318200000000001,
        -0.7840360000000001,
        -0.7880360000000001,
        0.999676
      ]
    ],
    [
      [
        0.999996,
        0.9139839999999999,
        0.9479799999999999,
        0.9479799999999999,
        -0.9419919999999999
      ],
      [
        0.9139839999999999,
        0.999936,
        0.96192,
        0.96192,
        -0.9559679999999999
      ],
      [
        0.9479799999999999,
        0.96192,
        0.9999,
        0.9999,
        -0.99396
      ],
      [
        0.9479799999999999,
        0.96192,
        0.9999,
        0.9999,
        -0.99396
      ],
      [
        -0.9419919999999999,
        -0.9559679999999999,
        -0.99396,
        -0.99396,
        0.999984
      ]
    ],
    [
      [
        0.999964,
        0.9819519999999999,
        0.993952,
        0.995964,
        -0.993952
      ],
      [
        0.9819519999999999,
        0.999936,
        0.983936,
        0.9859519999999999,
        -0.983936
      ],
      [
        0.993952,
        0.983936,
        0.999936,
        0.997952,
        -0.995936
      ],
      [
        0.995964,
        0.9859519999999999,
        0.997952,
        0.999964,
        -0.997952
      ],
      [
        -0.993952,
        -0.983936,
        -0.995936,
        -0.997952,
        0.999936
      ]
    ],
    [
      [
        0.9996,
        0.99168,
        0.99364,
        0.9956,
        -0.99764
      ],
      [
        0.99168,
        0.999744,
        0.989712,
        0.99168,
        -0.993712
      ],
      [
        0.99364,
        0.989712,
        0.999676,
        0.99364,
        -0.995676
      ],
      [
        0.9956,
        0.99168,
        0.99364,
        0.9996,
        -0.99764
      ],
      [
        -0.99764,
        -0.993712,
        -0.995676,
        -0.99764,
        0.999676
      ]
    ],
    [
      [
        0.999996,
        0.991988,
        0.995988,
        0.989976,
        -0.995988
      ],
      [
        0.991988,
        0.999964,
        0.995964,
        0.989928,
        -0.995964
      ],
      [
        0.995988,
        0.995964,
        0.999964,
        0.993928,
        -0.999964
      ],
      [
        0.989976,
        0.989928,
        0.993928,
        0.999856,
        -0.993928
      ],
      [
        -0.995988,
        -0.995964,
        -0.999964,
        -0.993928,
        0.999964
      ]
    ],
    [
      [
        0.999516,
        0.99756,
        0.99756,
        0.99756,
        -0.99756
      ],
      [
        0.99756,
        0.9996,
        0.9996,
        0.9996,
        -0.9996
      ],
      [
        0.99756,
        0.9996,
        0.9996,
        0.9996,
        -0.9996
      ],
      [
        0.99756,
        0.9996,
        0.9996,
        0.9996,
        -0.9996
      ],
      [
        -0.99756,
        -0.9996,
        -0.9996,
        -0.9996,
        0.9996
      ]
    ],
    [
      [
        1.0,
        0.992,
        0.99,
        0.986,
        -0.99
      ],
      [
        0.992,
        0.999984,
        0.997992,
        0.993992,
        -0.997976
      ],
      [
        0.99,
        0.997992,
        0.999996,
        0.991996,
        -0.995988
      ],
      [
        0.986,
        0.993992,
        0.991996,
        0.999996,
        -0.991988
      ],
      [
        -0.99,
        -0.997976,
        -0.995988,
        -0.991988,
        0.999964
      ]
    ],
    [
      [
        0.999964,
        0.999964,
        0.999964,
        0.993976,
        -0.999964
      ],
      [
        0.999964,
        0.999964,
        0.999964,
        0.993976,
        -0.999964
      ],
      [
        0.999964,
        0.999964,
        0.999964,
        0.993976,
        -0.999964
      ],
      [
        0.993976,
        0.993976,
        0.993976,
        0.999984,
        -0.993976
      ],
      [
        -0.999964,
        -0.999964,
        -0.999964,
        -0.993976,
        0.999964
      ]
    ],
    [
      [
        0.999804,
        0.995804,
        0.991748,
        0.987804,
        -0.99186
      ],
      [
        0.995804,
        0.999804,
        0.995748,
        0.991804,
        -0.99586
      ],
      [
        0.991748,
        0.995748,
        0.999676,
        0.987748,
        -0.99182
      ],
      [
        0.987804,
        0.991804,
        0.987748,
        0.999804,
        -0.98786
      ],
      [
        -0.99186,
        -0.99586,
        -0.99182,
        -0.98786,
        0.9999
      ]
    ],
    [
      [
        0.995644,
        0.993512,
        0.99138,
        0.991644,
        -0.993512
      ],
      [
        0.993512,
        0.995376,
        0.99324,
        0.993512,
        -0.995376
      ],
      [
        0.99138,
        0.99324,
        0.9951,
        0.99138,
        -0.99324
      ],
      [
        0.991644,
        0.993512,
        0.99138,
        0.995644,
        -0.993512
      ],
      [
        -0.993512,
        -0.995376,
        -0.99324,
        -0.993512,
        0.995376
      ]
    ],
    [
      [
        0.999996,
        0.998,
        0.987988,
        0.998,
        -0.995996
      ],
      [
        0.998,
        1.0,
        0.99,
        1.0,
        -0.998
      ],
      [
        0.987988,
        0.99,
        0.999964,
        0.99,
        -0.987988
      ],
      [
        0.998,
        1.0,
        0.99,
        1.0,
        -0.998
      ],
      [
        -0.995996,
        -0.998,
        -0.987988,
        -0.998,
        0.999996
      ]
    ],
    [
      [
        0.999964,
        0.997976,
        0.997976,
        0.997976,
        -0.997976
      ],
      [
        0.997976,
        0.999984,
        0.999984,
        0.999984,
        -0.999984
      ],
      [
        0.997976,
        0.999984,
        0.999984,
        0.999984,
        -0.999984
      ],
      [
        0.997976,
        0.999984,
        0.999984,
        0.999984,
        -0.999984
      ],
      [
        -0.997976,
        -0.999984,
        -0.999984,
        -0.999984,
        0.999984
      ]
    ],
    [
      [
        0.997884,
        0.995976,
        0.993884,
        0.98416,
        -0.995976
      ],
      [
        0.995976,
        0.998064,
        0.995976,
        0.98624,
        -0.998064
      ],
      [
        0.993884,
        0.995976,
        0.997884,
        0.98416,
        -0.995976
      ],
      [
        0.98416,
        0.98624,
        0.98416,
        0.9984,
        -0.98624
      ],
      [
        -0.995976,
        -0.998064,
        -0.995976,
        -0.98624,
        0.998064
      ]
    ],
    [
      [
        0.9991,
        0.99704,
        0.9991,
        0.99704,
        -0.9991
      ],
      [
        0.99704,
        0.998976,
        0.99704,
        0.994976,
        -0.99704
      ],
      [
        0.9991,
        0.99704,
        0.9991,
        0.99704,
        -0.9991
      ],
      [
        0.99704,
        0.994976,
        0.99704,
        0.998976,
        -0.99704
      ],
      [
        -0.9991,
        -0.99704,
        -0.9991,
        -0.99704,
        0.9991
      ]
    ],
    [
      [
        0.998236,
        0.994236,
        0.994236,
        0.99232,
        -0.987984
      ],
      [
        0.994236,
        0.998236,
        0.998236,
        0.99632,
        -0.991984
      ],
      [
        0.994236,
        0.998236,
        0.998236,
        0.99632,
        -0.991984
      ],
      [
        0.99232,
        0.99632,
        0.99632,
        0.9984,
        -0.99008
      ],
      [
        -0.987984,
        -0.991984,
        -0.991984,
        -0.99008,
        0.997696
      ]
    ],
    [
      [
        0.999996,
        0.998,
        0.999996,
        0.999996,
        -0.997992
      ],
      [
        0.998,
        1.0,
        0.998,
        0.998,
        -0.996
      ],
      [
        0.999996,
        0.998,
        0.999996,
        0.999996,
        -0.997992
      ],
      [
        0.999996,
        0.998,
        0.999996,
        0.999996,
        -0.997992
      ],
      [
        -0.997992,
        -0.996,
        -0.997992,
        -0.997992,
        0.999984
      ]
    ],
    [
      [
        0.998236,
        0.998236,
        0.994068,
        0.99632,
        -0.998236
      ],
      [
        0.998236,
        0.998236,
        0.994068,
        0.99632,
        -0.998236
      ],
      [
        0.994068,
        0.994068,
        0.997884,
        0.99216,
        -0.994068
      ],
      [
        0.99632,
        0.99632,
        0.99216,
        0.9984,
        -0.99632
      ],
      [
        -0.998236,
        -0.998236,
        -0.994068,
        -0.99632,
        0.998236
      ]
    ]
  ]
}