{
  "settings_list": [
    [
      5.461329353033641,
      4.216833628634215,
      5.924538906644411,
      5.953934219236042,
      1.2816979425102442,
      4.296073950813483,
      5.222519926249677,
      1.8350637543403976,
      0.01916829783683622,
      6.001965134476597,
      4.249657309770795,
      3.0232762114419813,
      2.0151003888984356,
      5.407394280231021,
      1.7094792628144553
    ],
    [
      5.473786871043241,
      4.190445991879015,
      5.931371696948411,
      5.954759749047242,
      1.2603417697294441,
      4.300179968183083,
      5.231760550857677,
      1.8362804182891976,
      0.01706638985603623,
      6.007432819769397,
      4.2213232876843945,
      3.0162216584115815,
      2.0261356012760356,
      5.400291272487021,
      1.7103556915056553
    ],
    [
      5.4783549292416405,
      4.166525467466215,
      5.927654401566011,
      5.947046576384842,
      1.2442318894350441,
      4.339815975991083,
      5.227268344636877,
      1.8611739755595977,
      0.03106757277443621,
      6.036390405958197,
      4.221443807610794,
      3.0029828955731817,
      2.0015086685496355,
      5.437951928199021,
      1.7116723101232552
    ],
    [
      5.4945008873216405,
      4.152212186666215,
      5.918027010926011,
      5.930692783424842,
      1.222967844955044,
      4.331788767751084,
      5.249688069596877,
      1.8731284769995977,
      0.03076644893443623,
      6.0553788831581965,
      4.1905135402507945,
      3.0127594628531815,
      2.0265373455896354,
      5.430163391719021,
      1.7098349902032552
    ],
    [
      5.514010242950441,
      4.130125106231016,
      5.918398737383611,
      5.934606332404042,
      1.198703713051044,
      4.3302303936710835,
      5.261901163376077,
      1.8901048772875977,
      0.025470466291236234,
      6.060262937154996,
      4.147492267777195,
      3.0171830831859814,
      2.0437684847768356,
      5.436859823994221,
      1.7016112142800552
    ],
    [
      5.519427710406441,
      4.090161492823015,
      5.920565640999611,
      5.9489522663560415,
      1.171540119067044,
      4.324165868359083,
      5.289933477200077,
      1.9152097250315976,
      0.028561281075236224,
      6.076918503970996,
      4.105447674817195,
      3.0260148541939813,
      2.0582601498008355,
      5.468024033594221,
      1.6989236654800552
    ],
    [
      5.555862974368041,
      4.045443622167015,
      5.921120108238011,
      5.955014931303242,
      1.130401633377444,
      4.313962784826283,
      5.299233638140877,
      1.9314892729483977,
      0.02610297158403621,
      6.082300156124596,
      4.048811083514795,
      3.022039608907581,
      2.0882098856216356,
      5.4758923125766215,
      1.7013427706320552
    ],
    [
      5.5868723026880405,
      4.014442770423015,
      5.917989021998011,
      5.9602826935592415,
      1.110660234321444,
      4.3181266549382835,
      5.309139304876877,
      1.9294873437963977,
      0.009669501232036214,
      6.084950138572596,
      3.980419132538795,
      3.004991449355581,
      2.1030991327096356,
      5.495298229488621,
      1.6837276771600551
    ],
    [
      5.624674155699241,
      3.962417288439015,
      5.917499254366011,
      5.979473926749641,
      1.079470850830244,
      4.3072680301894835,
      5.317129370278477,
      1.9514934498731977,
      -0.0010443749919637965,
      6.105575349574196,
      3.926384769626795,
      3.0198392744275813,
      2.1403911753464357,
      5.502345485626221,
      1.6867646926704551
    ],
    [
      5.659337889632041,
      3.907214208355815,
      5.922024946673211,
      5.994265534365641,
      1.022803645895844,
      4.268033547527083,
      5.336438733542477,
      1.9920416589099976,
      0.0274160303392362,
      6.084153306911796,
      3.874574133876395,
      3.0220895347539813,
      2.1590185784504357,
      5.5420511060550215,
      1.679545047486455
    ],
    [
      5.709542634924841,
      3.831441160583015,
      5.922763210103612,
      6.003716917082441,
      1.012643637873444,
      4.240830503155883,
      5.344028492745677,
      2.0770468298795977,
      0.04708281407363621,
      6.0837210383645965,
      3.782111531818795,
      3.018202681617981,
      2.2141360740696356,
      5.582311322909422,
      1.673331640449655
    ],
    [
      5.78498874093444,
      3.7339166204742154,
      5.914743314398011,
      6.0174712396680405,
      0.961529886756644,
      4.242612836083883,
      5.382286258787277,
      2.1517380166699978,
      0.04516910849923622,
      6.0957273959709966,
      3.6848564688299947,
      3.0445806050995814,
      2.319298626517636,
      5.628856560797422,
      1.689260594254455
    ],
    [
      5.89409639388164,
      3.6043896649286156,
      5.938749685681211,
      6.05130238000084,
      0.879933492503844,
      4.245939504039083,
      5.473763997520076,
      2.2492376821227977,
      0.0331249499136362,
      6.123479355375797,
      3.582153603805995,
      3.0777007685171816,
      2.463800458575236,
      5.7332022298662215,
      1.674924867176055
    ],
    [
      5.99484866623364,
      3.4738372788166156,
      5.939908997873211,
      6.137088362784841,
      0.7713145950318441,
      4.222566271719083,
      5.518679594096076,
      2.357684588746798,
      0.023120196249636224,
      6.147027129775797,
      3.484934481757995,
      3.1364239276851817,
      2.628823407759236,
      5.8244032930982215,
      1.638409868008055
    ],
    [
      6.07846618335364,
      3.3787111850566154,
      5.938239812913211,
      6.18365513782484,
      0.7410919812718441,
      4.247150137959083,
      5.659725212976076,
      2.4839850418667977,
      0.028416544729636246,
      6.153748551535797,
      3.3333049991979946,
      3.150757721925182,
      2.8002147303192357,
      6.011209300778221,
      1.648059408168055
    ],
    [
      6.19441918417284,
      3.2563763454310153,
      6.003987857140411,
      6.189035466016841,
      0.4049408112526441,
      4.315917805293483,
      5.809849338208076,
      2.6705828952811976,
      0.13194426660163625,
      6.106457551980597,
      3.1993604097803945,
      3.1823947531795818,
      2.9879729065144356,
      6.246819438259821,
      1.640555590228855
    ],
    [
      6.234734900444841,
      3.1435252545030155,
      5.901223523220411,
      6.333759467888841,
      0.2846912403886441,
      4.196588546845483,
      6.045288957152075,
      2.8554951733771974,
      0.24411644100163626,
      6.186392337708597,
      3.0350933928683945,
      3.1911848588275817,
      3.0665088571064354,
      6.265266009539821,
      1.601248331428855
    ],
    [
      6.270877105577641,
      3.2313196200198155,
      5.834300328007611,
      6.291039612016841,
      0.3151314978094441,
      4.1959312051878825,
      6.250914735507275,
      2.9728990100235975,
      0.20906117226563636,
      6.208960645868597,
      3.0610077502059947,
      3.2037308720371818,
      3.1728481451064354,
      6.339784479722221,
      1.556131519512055
    ],
    [
      6.306895171174442,
      3.0954857027398157,
      5.743087789230011,
      6.315146443924041,
      0.21284784423504421,
      4.108374009991082,
      6.326749062892875,
      2.9920186535627975,
      0.16823455400963644,
      6.137715186860597,
      3.2042629296971947,
      3.0796659368723818,
      3.2733263275896354,
      6.271816609299821,
      1.4280986585648552
    ],
    [
      6.264243208396842,
      3.1547028037190157,
      5.703392115988411,
      6.237109415802441,
      0.20433132580944421,
      4.165744716218282,
      6.317475732000076,
      3.1057308994251973,
      0.13495776760323647,
      6.220158688479797,
      3.1136230281035946,
      3.113110290945982,
      3.2700059798648353,
      6.381120174125421,
      1.4257421771824552
    ],
    [
      6.245299534361641,
      3.1376883298310156,
      5.695441767527611,
      6.229040503136841,
      0.12049183265744409,
      4.184575289901482,
      6.364699792864076,
      3.1049899177099975,
      0.2013406884160365,
      6.291374192524597,
      3.147468663348395,
      3.197194641141182,
      3.153552613432835,
      6.2585372896838205,
      1.3902410660912552
    ]
  ],
  "cost_vals": [],
  "step_size": 0.1,
  "opt_step_times": [
    47.38878893852234,
    75.01387071609497,
    47.61535573005676,
    87.819833278656,
    56.76262164115906,
    47.091809034347534,
    48.84289813041687,
    48.919694900512695,
    49.49706816673279,
    56.932706356048584,
    56.98867678642273,
    47.134772062301636,
    52.55634880065918,
    46.661123514175415,
    48.13343358039856,
    47.20638179779053,
    57.46766686439514,
    60.51222538948059,
    47.541284799575806,
    47.559847831726074
  ],
  "opt_settings": [
    6.245299534361641,
    3.1376883298310156,
    5.695441767527611,
    6.229040503136841,
    0.12049183265744409,
    4.184575289901482,
    6.364699792864076,
    3.1049899177099975,
    0.2013406884160365,
    6.291374192524597,
    3.147468663348395,
    3.197194641141182,
    3.153552613432835,
    6.2585372896838205,
    1.3902410660912552
  ],
  "min_cost": null,
  "datetime": "2023-04-26T01-10-21Z",
  "step_only": true,
  "ibm_device": "ibmq_belem",
  "shots": 1000,
  "prep_node_name": "5-qubit_ghz_state",
  "num_qubits": 5,
  "cov_mats": [
    [
      [
        0.998844,
        -0.061539999999999984,
        0.04651599999999998,
        0.07301999999999995,
        0.09182399999999995
      ],
      [
        -0.061539999999999984,
        0.9639,
        -0.0020599999999999976,
        -0.11770000000000003,
        -0.02584000000000001
      ],
      [
        0.04651599999999998,
        -0.0020599999999999976,
        0.994524,
        0.11378000000000002,
        0.10673600000000004
      ],
      [
        0.07301999999999995,
        -0.11770000000000003,
        0.11378000000000002,
        0.9991,
        0.07592000000000002
      ],
      [
        0.09182399999999995,
        -0.02584000000000001,
        0.10673600000000004,
        0.07592000000000002,
        0.995904
      ]
    ],
    [
      [
        0.999216,
        -0.04547199999999993,
        0.02623200000000005,
        0.12945600000000013,
        0.13484000000000004
      ],
      [
        -0.04547199999999993,
        0.858624,
        0.007455999999999935,
        0.020447999999999966,
        -0.033280000000000004
      ],
      [
        0.02623200000000005,
        0.007455999999999935,
        0.913564,
        0.058712,
        -0.032819999999999946
      ],
      [
        0.12945600000000013,
        0.020447999999999966,
        0.058712,
        0.997296,
        0.1164400000000001
      ],
      [
        0.13484000000000004,
        -0.033280000000000004,
        -0.032819999999999946,
        0.1164400000000001,
        0.9991000000000002
      ]
    ],
    [
      [
        0.997296,
        -0.022071999999999967,
        0.06721599999999996,
        0.14966400000000007,
        0.05804000000000006
      ],
      [
        -0.022071999999999967,
        0.8510040000000001,
        -0.021512000000000073,
        -0.08964800000000005,
        -0.044780000000000056
      ],
      [
        0.06721599999999996,
        -0.021512000000000073,
        0.991536,
        0.06294399999999999,
        0.044839999999999984
      ],
      [
        0.14966400000000007,
        -0.08964800000000005,
        0.06294399999999999,
        0.998976,
        0.057359999999999946
      ],
      [
        0.05804000000000006,
        -0.044780000000000056,
        0.044839999999999984,
        0.057359999999999946,
        0.9471000000000002
      ]
    ],
    [
      [
        0.997696,
        -0.168992,
        0.08209600000000004,
        0.22344,
        0.09760000000000005
      ],
      [
        -0.168992,
        0.989184,
        -0.02979199999999997,
        -0.16287999999999997,
        -0.11120000000000009
      ],
      [
        0.08209600000000004,
        -0.02979199999999997,
        0.999996,
        0.03593999999999995,
        0.03860000000000001
      ],
      [
        0.22344,
        -0.16287999999999997,
        0.03593999999999995,
        0.9991,
        0.10299999999999995
      ],
      [
        0.09760000000000005,
        -0.11120000000000009,
        0.03860000000000001,
        0.10299999999999995,
        0.9100000000000001
      ]
    ],
    [
      [
        0.999996,
        -0.148164,
        0.07557200000000007,
        0.21606800000000004,
        0.12212800000000006
      ],
      [
        -0.148164,
        0.993276,
        -0.053548000000000116,
        -0.18521200000000002,
        -0.15275200000000005
      ],
      [
        0.07557200000000007,
        -0.053548000000000116,
        0.954204,
        0.09927599999999995,
        0.03569599999999998
      ],
      [
        0.21606800000000004,
        -0.18521200000000002,
        0.09927599999999995,
        0.998844,
        0.13182399999999997
      ],
      [
        0.12212800000000006,
        -0.15275200000000005,
        0.03569599999999998,
        0.13182399999999997,
        0.995904
      ]
    ],
    [
      [
        0.997884,
        -0.11398,
        0.124344,
        0.295356,
        0.14923599999999995
      ],
      [
        -0.11398,
        0.9831,
        -0.04668000000000004,
        -0.06981999999999998,
        -0.03841999999999998
      ],
      [
        0.124344,
        -0.04668000000000004,
        0.998704,
        0.10549600000000006,
        0.06557599999999997
      ],
      [
        0.295356,
        -0.06981999999999998,
        0.10549600000000006,
        0.999804,
        0.1087240000000001
      ],
      [
        0.14923599999999995,
        -0.03841999999999998,
        0.06557599999999997,
        0.1087240000000001,
        0.9452440000000004
      ]
    ],
    [
      [
        0.997084,
        -0.19092399999999998,
        0.11199600000000004,
        0.278364,
        0.20362400000000003
      ],
      [
        -0.19092399999999998,
        0.991164,
        -0.058955999999999995,
        -0.12900399999999998,
        -0.06186400000000002
      ],
      [
        0.11199600000000004,
        -0.058955999999999995,
        0.994524,
        0.07631599999999997,
        0.04525599999999997
      ],
      [
        0.278364,
        -0.12900399999999998,
        0.07631599999999997,
        0.929244,
        0.11370399999999997
      ],
      [
        0.20362400000000003,
        -0.06186400000000002,
        0.04525599999999997,
        0.11370399999999997,
        0.9980640000000001
      ]
    ],
    [
      [
        0.9932759999999999,
        -0.1837720000000001,
        0.11930400000000005,
        0.36685200000000007,
        0.201016
      ],
      [
        -0.1837720000000001,
        0.997884,
        -0.04448800000000008,
        -0.236644,
        -0.10255200000000006
      ],
      [
        0.11930400000000005,
        -0.04448800000000008,
        0.9480160000000001,
        0.11880799999999997,
        0.025264000000000068
      ],
      [
        0.36685200000000007,
        -0.236644,
        0.11880799999999997,
        0.999804,
        0.23383200000000007
      ],
      [
        0.201016,
        -0.10255200000000006,
        0.025264000000000068,
        0.23383200000000007,
        0.9998560000000002
      ]
    ],
    [
      [
        0.9903959999999999,
        -0.16653600000000007,
        0.09839200000000005,
        0.34152799999999994,
        0.17101999999999998
      ],
      [
        -0.16653600000000007,
        0.889776,
        -0.12267200000000002,
        -0.17604800000000007,
        -0.10132000000000006
      ],
      [
        0.09839200000000005,
        -0.12267200000000002,
        0.999984,
        0.12385600000000006,
        0.05803999999999997
      ],
      [
        0.34152799999999994,
        -0.17604800000000007,
        0.12385600000000006,
        0.998704,
        0.20636000000000007
      ],
      [
        0.17101999999999998,
        -0.10132000000000006,
        0.05803999999999997,
        0.20636000000000007,
        0.9999000000000002
      ]
    ],
    [
      [
        0.9991,
        -0.16188,
        0.13148,
        0.3354,
        0.23534000000000002
      ],
      [
        -0.16188,
        0.843184,
        -0.11326399999999998,
        -0.18711999999999995,
        -0.162712
      ],
      [
        0.13148,
        -0.11326399999999998,
        0.992944,
        0.17751999999999996,
        0.15615199999999999
      ],
      [
        0.3354,
        -0.18711999999999995,
        0.17751999999999996,
        0.9516,
        0.20916000000000004
      ],
      [
        0.23534000000000002,
        -0.162712,
        0.15615199999999999,
        0.20916000000000004,
        0.999516
      ]
    ],
    [
      [
        0.999324,
        -0.241564,
        0.22381600000000004,
        0.43028400000000006,
        0.33122000000000007
      ],
      [
        -0.241564,
        0.954204,
        -0.14397599999999997,
        -0.21412399999999995,
        -0.19042000000000003
      ],
      [
        0.22381600000000004,
        -0.14397599999999997,
        0.992944,
        0.23645600000000006,
        0.2034800000000001
      ],
      [
        0.43028400000000006,
        -0.21412399999999995,
        0.23645600000000006,
        0.995644,
        0.3580200000000001
      ],
      [
        0.33122000000000007,
        -0.19042000000000003,
        0.2034800000000001,
        0.3580200000000001,
        0.9991000000000002
      ]
    ],
    [
      [
        0.9999,
        -0.34685999999999995,
        0.25052,
        0.62604,
        0.3977400000000001
      ],
      [
        -0.34685999999999995,
        0.987004,
        -0.13992800000000005,
        -0.3824560000000001,
        -0.22383600000000006
      ],
      [
        0.25052,
        -0.13992800000000005,
        0.997296,
        0.2517920000000001,
        0.16895200000000007
      ],
      [
        0.62604,
        -0.3824560000000001,
        0.2517920000000001,
        0.9999840000000002,
        0.421304
      ],
      [
        0.3977400000000001,
        -0.22383600000000006,
        0.16895200000000007,
        0.421304,
        0.9697239999999999
      ]
    ],
    [
      [
        0.9974999999999999,
        -0.31980000000000003,
        0.3748,
        0.6641999999999999,
        0.5902999999999999
      ],
      [
        -0.31980000000000003,
        0.923824,
        -0.19958399999999998,
        -0.375856,
        -0.28738400000000003
      ],
      [
        0.3748,
        -0.19958399999999998,
        0.999744,
        0.363296,
        0.31454400000000005
      ],
      [
        0.6641999999999999,
        -0.375856,
        0.363296,
        0.998064,
        0.607496
      ],
      [
        0.5902999999999999,
        -0.28738400000000003,
        0.31454400000000005,
        0.607496,
        0.998844
      ]
    ],
    [
      [
        1.0,
        -0.556,
        0.56,
        0.6839999999999999,
        0.712
      ],
      [
        -0.556,
        0.9846239999999999,
        -0.390944,
        -0.474816,
        -0.547504
      ],
      [
        0.56,
        -0.390944,
        0.996864,
        0.517696,
        0.476224
      ],
      [
        0.6839999999999999,
        -0.474816,
        0.517696,
        0.966144,
        0.568736
      ],
      [
        0.712,
        -0.547504,
        0.476224,
        0.568736,
        0.999984
      ]
    ],
    [
      [
        0.998844,
        -0.70124,
        0.6858640000000001,
        0.7593880000000001,
        0.7060519999999999
      ],
      [
        -0.70124,
        0.9803999999999999,
        -0.54744,
        -0.65948,
        -0.5589200000000001
      ],
      [
        0.6858640000000001,
        -0.54744,
        0.999984,
        0.6179280000000001,
        0.5187120000000001
      ],
      [
        0.7593880000000001,
        -0.65948,
        0.6179280000000001,
        0.999676,
        0.6032040000000001
      ],
      [
        0.7060519999999999,
        -0.5589200000000001,
        0.5187120000000001,
        0.6032040000000001,
        0.968316
      ]
    ],
    [
      [
        0.999804,
        -0.8110200000000001,
        0.69716,
        0.6528559999999999,
        0.8940559999999999
      ],
      [
        -0.8110200000000001,
        0.9950999999999999,
        -0.6818,
        -0.57628,
        -0.7782799999999999
      ],
      [
        0.69716,
        -0.6818,
        0.9964,
        0.51224,
        0.6762400000000001
      ],
      [
        0.6528559999999999,
        -0.57628,
        0.51224,
        0.958384,
        0.6391839999999999
      ],
      [
        0.8940559999999999,
        -0.7782799999999999,
        0.6762400000000001,
        0.6391839999999999,
        0.999984
      ]
    ],
    [
      [
        0.999964,
        -0.7028639999999999,
        0.773664,
        0.6529679999999999,
        0.907916
      ],
      [
        -0.7028639999999999,
        0.979264,
        -0.660064,
        -0.540768,
        -0.696016
      ],
      [
        0.773664,
        -0.660064,
        0.996864,
        0.6063680000000001,
        0.785216
      ],
      [
        0.6529679999999999,
        -0.540768,
        0.6063680000000001,
        0.9704160000000001,
        0.6675920000000001
      ],
      [
        0.907916,
        -0.696016,
        0.785216,
        0.6675920000000001,
        0.999804
      ]
    ],
    [
      [
        0.999676,
        -0.38809600000000005,
        0.733188,
        0.7079639999999999,
        0.8934240000000001
      ],
      [
        -0.38809600000000005,
        0.892416,
        -0.335648,
        -0.31334400000000007,
        -0.385504
      ],
      [
        0.733188,
        -0.335648,
        0.995644,
        0.672132,
        0.720112
      ],
      [
        0.7079639999999999,
        -0.31334400000000007,
        0.672132,
        0.999996,
        0.697936
      ],
      [
        0.8934240000000001,
        -0.385504,
        0.720112,
        0.697936,
        0.998976
      ]
    ],
    [
      [
        0.998064,
        -0.6927840000000001,
        0.768328,
        0.8585920000000001,
        0.649328
      ],
      [
        -0.6927840000000001,
        0.973104,
        -0.655768,
        -0.6907519999999999,
        -0.526768
      ],
      [
        0.768328,
        -0.655768,
        0.998556,
        0.768784,
        0.574056
      ],
      [
        0.8585920000000001,
        -0.6907519999999999,
        0.768784,
        0.998976,
        0.654784
      ],
      [
        0.649328,
        -0.526768,
        0.574056,
        0.654784,
        0.955056
      ]
    ],
    [
      [
        0.997296,
        -0.34612000000000004,
        0.711328,
        0.6976640000000002,
        0.782752
      ],
      [
        -0.34612000000000004,
        0.9039,
        -0.38216,
        -0.3440800000000001,
        -0.34144
      ],
      [
        0.711328,
        -0.38216,
        0.995904,
        0.7619520000000001,
        0.733536
      ],
      [
        0.6976640000000002,
        -0.3440800000000001,
        0.7619520000000001,
        0.998976,
        0.728768
      ],
      [
        0.782752,
        -0.34144,
        0.733536,
        0.728768,
        0.999424
      ]
    ]
  ]
}