{
  "settings_list": [
    [
      5.932088907907188,
      4.530963435743583,
      6.256008888455904,
      5.689371408988512,
      0.964366886862808,
      3.805010311897589,
      5.297325324514349,
      0.5333226940284824,
      1.5497050184122494,
      1.613287408642241,
      4.443080238845149,
      0.20424460048630858,
      4.719384487762384,
      4.410452702310916,
      1.1378118575062242
    ],
    [
      5.932492624508788,
      4.581704057474783,
      6.258852937214304,
      5.641265552950112,
      1.065764648507608,
      3.804254471446389,
      5.197736951871149,
      0.5656759339708824,
      1.5493264477338493,
      1.602655960671041,
      4.446595105817949,
      0.20095111560310858,
      4.713147913099984,
      4.415264171597316,
      1.1354073760374241
    ],
    [
      5.924187598729588,
      4.637722220620383,
      6.258305665703904,
      5.605654193679712,
      1.159289899291608,
      3.8102099696799887,
      5.104920517279149,
      0.5968897475260825,
      1.5601711356730492,
      1.600862767279041,
      4.448108612128349,
      0.2060596914271086,
      4.7167182185143846,
      4.414111931786117,
      1.134783260267824
    ],
    [
      5.927196771494388,
      4.656257976415583,
      6.252789452391903,
      5.571033029458912,
      1.241823917934808,
      3.8075972332255885,
      5.0275397202487495,
      0.6170276009756825,
      1.5569341026074492,
      1.601356648901441,
      4.449020115536349,
      0.2067493400895086,
      4.706080287826384,
      4.4166112887749165,
      1.1332131038806241
    ],
    [
      5.927301438102388,
      4.676273452457183,
      6.251972808769503,
      5.550420481231711,
      1.301164679682008,
      3.8060415772799887,
      4.953170764373549,
      0.6332954795420825,
      1.5531151689914493,
      1.596391832907841,
      4.449948806992349,
      0.2040696160479086,
      4.707512395445584,
      4.417836163258117,
      1.1324740836886242
    ],
    [
      5.923924026326388,
      4.702623106617183,
      6.249017319921503,
      5.533431354735711,
      1.3594785066100081,
      3.809753627183989,
      4.89716628667755,
      0.6421187244540826,
      1.5542276684154492,
      1.598545021211841,
      4.446401662256349,
      0.2013825726879086,
      4.718417564757584,
      4.411706691194117,
      1.1369767637046242
    ],
    [
      5.923512040767988,
      4.690764463199582,
      6.250892916459103,
      5.523002310553311,
      1.4034618719924081,
      3.809509403830389,
      4.866411486997549,
      0.6468588684188825,
      1.5535829128250491,
      1.6081499947574411,
      4.445388975494749,
      0.2006639865343086,
      4.727165894440784,
      4.4127495533381165,
      1.1376205133974242
    ],
    [
      5.923817476633587,
      4.7097168769595825,
      6.2484917373999025,
      5.517942687654111,
      1.4342975613108082,
      3.810056842831989,
      4.833360325295149,
      0.6509766778780826,
      1.5525415096250492,
      1.608201289848641,
      4.447728398854749,
      0.1992544115199086,
      4.730708450421584,
      4.412826518125317,
      1.1381827627670242
    ],
    [
      5.920485557055987,
      4.686052463839583,
      6.248207929515102,
      5.515478596185311,
      1.4562655156788082,
      3.810768317174389,
      4.795672242645549,
      0.6534802320028825,
      1.5560090859834492,
      1.601908787973441,
      4.447867783097949,
      0.1984861048831086,
      4.724102627957584,
      4.411652632224516,
      1.1424961208214242
    ],
    [
      5.920173100271987,
      4.691196794815583,
      6.2494629015311025,
      5.51100311090531,
      1.4871745982548084,
      3.810194973350389,
      4.7727855180055485,
      0.6556908773468825,
      1.5559743350394493,
      1.600410368469441,
      4.447193144425949,
      0.1992295790751086,
      4.720717063957584,
      4.412470207568516,
      1.1422835332854242
    ],
    [
      5.918579863782387,
      4.696814110415583,
      6.2486019757327025,
      5.510098667465311,
      1.4986303993844083,
      3.8105856498303887,
      4.7612067165335485,
      0.6558246392092825,
      1.5550151467834492,
      1.597188661455041,
      4.446961739549149,
      0.1994267340031086,
      4.721342987595984,
      4.412862596461316,
      1.1414401092310242
    ],
    [
      5.920761294070387,
      4.704758027887583,
      6.2470046503087024,
      5.50916375223331,
      1.5091337116564083,
      3.8124411570783887,
      4.751462774789548,
      0.6562160472092825,
      1.5531415895354492,
      1.597295385999041,
      4.4446092959491486,
      0.19899911960310857,
      4.719294256203984,
      4.413523550493316,
      1.1432420794070242
    ],
    [
      5.919415013945588,
      4.698759139737183,
      6.245609646171102,
      5.5076368365981105,
      1.5335174587892084,
      3.8111294985183886,
      4.7488177671191485,
      0.6577516309596825,
      1.5529753722778492,
      1.595888839749441,
      4.444261878045149,
      0.19791123828150858,
      4.725903878181584,
      4.4130811729957165,
      1.1438046803894242
    ],
    [
      5.9204966908959875,
      4.706439257673183,
      6.245802789518303,
      5.5079732890237105,
      1.5439516883540085,
      3.8108926609119886,
      4.752147359653549,
      0.6565538902876825,
      1.5535943678842492,
      1.592398786155841,
      4.444145474009948,
      0.1979511515999086,
      4.724063171515984,
      4.412811666746117,
      1.142829142155824
    ],
    [
      5.920719313987187,
      4.731733777225183,
      6.245197144788703,
      5.506000041740511,
      1.5570161129620086,
      3.811520491715189,
      4.725534294795948,
      0.6573194799452825,
      1.5541717715194492,
      1.589401112171841,
      4.444916055955549,
      0.20039336797110857,
      4.720973107003984,
      4.412131883066117,
      1.144718950917424
    ],
    [
      5.921779589459187,
      4.7236872908251835,
      6.243163908916703,
      5.5059192086685105,
      1.5489846603540085,
      3.809050737763189,
      4.718833805243948,
      0.6562924824092825,
      1.553618584175449,
      1.587868126523841,
      4.4473937985635486,
      0.20166031118710856,
      4.722539949019984,
      4.413202774906117,
      1.144692536549424
    ],
    [
      5.923520206643187,
      4.7143380860891835,
      6.241418116756702,
      5.50593001663651,
      1.5679235472340085,
      3.8112595764511887,
      4.714514616923948,
      0.6552463366812825,
      1.555466740847449,
      1.580007938171841,
      4.444403208803548,
      0.20139573307510855,
      4.718970273371983,
      4.412873142554117,
      1.1448850777014241
    ],
    [
      5.922722571123187,
      4.715572413961183,
      6.241458904788702,
      5.505910195036511,
      1.5638557327060085,
      3.811042275075189,
      4.722686077467948,
      0.6552223178972825,
      1.555263697871449,
      1.577770774747841,
      4.444597083363548,
      0.20139929368310855,
      4.720302635643983,
      4.413122228634117,
      1.145118637829424
    ],
    [
      5.922282517734387,
      4.699088805154783,
      6.239610455687902,
      5.50575275199011,
      1.5524302994772086,
      3.811518870159989,
      4.738883414043948,
      0.6547236493788825,
      1.556413776297049,
      1.575712320437441,
      4.444987843798748,
      0.19982071994870854,
      4.721343359023183,
      4.413572941555717,
      1.1442031530166241
    ],
    [
      5.922874892403187,
      4.7072302418011835,
      6.241677603444702,
      5.50654607638051,
      1.5392042892372086,
      3.812284947823989,
      4.737643781595948,
      0.6547357976860825,
      1.556172011125849,
      1.570783958619841,
      4.445397130211547,
      0.19818357335670853,
      4.713349740911183,
      4.4149328967685175,
      1.142189578271024
    ],
    [
      5.921103775625587,
      4.695117172393184,
      6.241222776359902,
      5.50371425806051,
      1.5507555415636087,
      3.812679114124789,
      4.747130235083948,
      0.6540981630396825,
      1.556510301509849,
      1.567496266133441,
      4.445973537945947,
      0.19788153224630853,
      4.711840048133583,
      4.414581362883718,
      1.142253361666224
    ]
  ],
  "cost_vals": [],
  "step_size": 0.1,
  "opt_step_times": [
    0.12757396697998047,
    0.13562893867492676,
    0.1317460536956787,
    0.1429450511932373,
    0.13655519485473633,
    0.14091730117797852,
    0.1610400676727295,
    0.1323540210723877,
    0.13847899436950684,
    0.13593816757202148,
    0.1354811191558838,
    0.14149999618530273,
    0.13705706596374512,
    0.14658880233764648,
    0.21313691139221191,
    0.13640809059143066,
    0.14052319526672363,
    0.16370391845703125,
    0.14937925338745117,
    0.14053726196289062
  ],
  "opt_settings": [
    5.921103775625587,
    4.695117172393184,
    6.241222776359902,
    5.50371425806051,
    1.5507555415636087,
    3.812679114124789,
    4.747130235083948,
    0.6540981630396825,
    1.556510301509849,
    1.567496266133441,
    4.445973537945947,
    0.19788153224630853,
    4.711840048133583,
    4.414581362883718,
    1.142253361666224
  ],
  "min_cost": null,
  "datetime": "2023-05-30T16-40-07Z",
  "step_only": true,
  "ibm_device": "default.qubit",
  "shots": 1000,
  "prep_node_name": "5-qubit_zero_state",
  "num_qubits": 5,
  "error": false,
  "cov_mats": [
    [
      [
        0.979264,
        -0.005216000000000026,
        -0.010911999999999991,
        -0.005151999999999997,
        -0.03715199999999998
      ],
      [
        -0.005216000000000026,
        0.809904,
        -0.01707199999999995,
        -0.01251199999999998,
        0.0034880000000001143
      ],
      [
        -0.010911999999999991,
        -0.01707199999999995,
        0.7956960000000001,
        0.01961600000000002,
        -0.016383999999999878
      ],
      [
        -0.005151999999999997,
        -0.01251199999999998,
        0.01961600000000002,
        0.999936,
        0.01193600000000001
      ],
      [
        -0.03715199999999998,
        0.0034880000000001143,
        -0.016383999999999878,
        0.01193600000000001,
        0.9999360000000003
      ]
    ],
    [
      [
        0.9878999999999999,
        0.010399999999999986,
        -0.046060000000000094,
        0.0015199999999999732,
        -0.005120000000000017
      ],
      [
        0.010399999999999986,
        0.8064,
        -0.013759999999999967,
        0.013919999999999929,
        -0.007520000000000013
      ],
      [
        -0.046060000000000094,
        -0.013759999999999967,
        0.793884,
        -0.01652799999999996,
        -0.03363199999999998
      ],
      [
        0.0015199999999999732,
        0.013919999999999929,
        -0.01652799999999996,
        0.998976,
        0.04774400000000004
      ],
      [
        -0.005120000000000017,
        -0.007520000000000013,
        -0.03363199999999998,
        0.04774400000000004,
        0.999936
      ]
    ],
    [
      [
        0.9998039999999999,
        -0.032444000000000056,
        -0.013856000000000045,
        -0.032811999999999994,
        -0.02132799999999997
      ],
      [
        -0.032444000000000056,
        0.935484,
        -0.041183999999999985,
        -0.025267999999999968,
        0.0058079999999999625
      ],
      [
        -0.013856000000000045,
        -0.041183999999999985,
        0.912384,
        0.015167999999999987,
        0.06979200000000005
      ],
      [
        -0.032811999999999994,
        -0.025267999999999968,
        0.015167999999999987,
        0.996636,
        0.008784000000000042
      ],
      [
        -0.02132799999999997,
        0.0058079999999999625,
        0.06979200000000005,
        0.008784000000000042,
        0.9976960000000002
      ]
    ],
    [
      [
        0.997696,
        -0.04351999999999993,
        0.008111999999999979,
        0.0064640000000000045,
        -0.002656000000000029
      ],
      [
        -0.04351999999999993,
        0.9324,
        0.01756000000000006,
        0.02432000000000005,
        -0.03527999999999995
      ],
      [
        0.008111999999999979,
        0.01756000000000006,
        0.913564,
        -0.036592000000000034,
        -0.006231999999999949
      ],
      [
        0.0064640000000000045,
        0.02432000000000005,
        -0.036592000000000034,
        0.998976,
        0.03289600000000003
      ],
      [
        -0.002656000000000029,
        -0.03527999999999995,
        -0.006231999999999949,
        0.03289600000000003,
        0.9992160000000002
      ]
    ],
    [
      [
        0.999424,
        0.0007040000000000301,
        -0.04572800000000001,
        -0.01852799999999999,
        -0.024992000000000025
      ],
      [
        0.0007040000000000301,
        0.961584,
        -0.02088800000000004,
        -0.02968799999999997,
        0.025768000000000013
      ],
      [
        -0.04572800000000001,
        -0.02088800000000004,
        0.9683160000000001,
        0.03191599999999997,
        0.020523999999999987
      ],
      [
        -0.01852799999999999,
        -0.02968799999999997,
        0.03191599999999997,
        0.999516,
        0.020924000000000016
      ],
      [
        -0.024992000000000025,
        0.025768000000000013,
        0.020523999999999987,
        0.020924000000000016,
        0.998236
      ]
    ],
    [
      [
        0.9964,
        0.04079999999999998,
        0.00547999999999999,
        -0.010840000000000013,
        0.06172000000000002
      ],
      [
        0.04079999999999998,
        0.9856,
        -0.0030399999999999837,
        0.0003199999999999928,
        0.017439999999999997
      ],
      [
        0.00547999999999999,
        -0.0030399999999999837,
        0.979836,
        -0.08598799999999997,
        -0.0071959999999999524
      ],
      [
        -0.010840000000000013,
        0.0003199999999999928,
        -0.08598799999999997,
        0.999804,
        0.028868
      ],
      [
        0.06172000000000002,
        0.017439999999999997,
        -0.0071959999999999524,
        0.028868,
        0.9961560000000003
      ]
    ],
    [
      [
        0.999216,
        -0.03525599999999998,
        0.0015279999999999665,
        0.056336000000000025,
        0.036448000000000036
      ],
      [
        -0.03525599999999998,
        0.990396,
        0.02365200000000004,
        -0.015176000000000012,
        0.032432000000000016
      ],
      [
        0.0015279999999999665,
        0.02365200000000004,
        0.984124,
        0.0004880000000000559,
        0.003983999999999989
      ],
      [
        0.056336000000000025,
        -0.015176000000000012,
        0.0004880000000000559,
        0.999856,
        0.06380800000000006
      ],
      [
        0.036448000000000036,
        0.032432000000000016,
        0.003983999999999989,
        0.06380800000000006,
        0.999744
      ]
    ],
    [
      [
        0.999804,
        0.038516000000000016,
        -0.02193200000000001,
        -0.014616000000000039,
        -0.019803999999999936
      ],
      [
        0.038516000000000016,
        0.988764,
        -0.018627999999999947,
        0.009336000000000065,
        -0.04251600000000004
      ],
      [
        -0.02193200000000001,
        -0.018627999999999947,
        0.980956,
        -0.012072000000000012,
        0.033932000000000004
      ],
      [
        -0.014616000000000039,
        0.009336000000000065,
        -0.012072000000000012,
        0.998064,
        0.042616000000000036
      ],
      [
        -0.019803999999999936,
        -0.04251600000000004,
        0.033932000000000004,
        0.042616000000000036,
        0.9998040000000002
      ]
    ],
    [
      [
        0.999984,
        0.012367999999999983,
        -0.04575200000000004,
        0.005784000000000005,
        -0.05415200000000005
      ],
      [
        0.012367999999999983,
        0.991536,
        -0.03170399999999997,
        0.010967999999999953,
        -0.05050400000000001
      ],
      [
        -0.04575200000000004,
        -0.03170399999999997,
        0.996156,
        -0.032652000000000084,
        0.054355999999999974
      ],
      [
        0.005784000000000005,
        0.010967999999999953,
        -0.032652000000000084,
        0.997084,
        0.013948000000000033
      ],
      [
        -0.05415200000000005,
        -0.05050400000000001,
        0.054355999999999974,
        0.013948000000000033,
        0.998556
      ]
    ],
    [
      [
        0.999676,
        0.009188000000000009,
        0.020756000000000017,
        -0.006719999999999978,
        -0.017640000000000017
      ],
      [
        0.009188000000000009,
        0.995644,
        0.029228000000000025,
        -0.03536000000000003,
        -0.01932000000000001
      ],
      [
        0.020756000000000017,
        0.029228000000000025,
        0.998236,
        0.0036800000000000027,
        -0.00684000000000003
      ],
      [
        -0.006719999999999978,
        -0.03536000000000003,
        0.0036800000000000027,
        0.9984,
        -0.015199999999999991
      ],
      [
        -0.017640000000000017,
        -0.01932000000000001,
        -0.00684000000000003,
        -0.015199999999999991,
        0.9996
      ]
    ],
    [
      [
        0.9996,
        -0.014919999999999987,
        0.019360000000000016,
        0.004800000000000005,
        -0.02808000000000002
      ],
      [
        -0.014919999999999987,
        0.997884,
        0.0005279999999999992,
        -0.02416000000000002,
        0.005816000000000013
      ],
      [
        0.019360000000000016,
        0.0005279999999999992,
        0.998976,
        0.005280000000000006,
        -0.008128000000000002
      ],
      [
        0.004800000000000005,
        -0.02416000000000002,
        0.005280000000000006,
        0.9984,
        -0.00384000000000001
      ],
      [
        -0.02808000000000002,
        0.005816000000000013,
        -0.008128000000000002,
        -0.00384000000000001,
        0.9999840000000002
      ]
    ],
    [
      [
        0.998556,
        -0.019468000000000017,
        -0.047720000000000005,
        0.005696000000000004,
        0.022000000000000023
      ],
      [
        -0.019468000000000017,
        0.999804,
        -0.026839999999999996,
        -0.013888000000000011,
        -0.030000000000000027
      ],
      [
        -0.047720000000000005,
        -0.026839999999999996,
        0.9964,
        0.024480000000000023,
        -0.028000000000000004
      ],
      [
        0.005696000000000004,
        -0.013888000000000011,
        0.024480000000000023,
        0.999936,
        -0.020000000000000018
      ],
      [
        0.022000000000000023,
        -0.030000000000000027,
        -0.028000000000000004,
        -0.020000000000000018,
        1.0
      ]
    ],
    [
      [
        0.999856,
        0.03436000000000003,
        0.008000000000000007,
        -0.017304000000000014,
        -0.027808000000000024
      ],
      [
        0.03436000000000003,
        0.9991,
        -0.013999999999999985,
        -0.03774000000000001,
        -0.05048000000000002
      ],
      [
        0.008000000000000007,
        -0.013999999999999985,
        1.0,
        -0.01400000000000004,
        0.011999999999999955
      ],
      [
        -0.017304000000000014,
        -0.03774000000000001,
        -0.01400000000000004,
        0.996636,
        0.005072000000000004
      ],
      [
        -0.027808000000000024,
        -0.05048000000000002,
        0.011999999999999955,
        0.005072000000000004,
        0.9997440000000002
      ]
    ],
    [
      [
        0.998704,
        0.017151999999999987,
        0.03614400000000003,
        -0.006992000000000005,
        0.06520800000000007
      ],
      [
        0.017151999999999987,
        0.998976,
        -0.03212800000000003,
        0.03510400000000003,
        -0.02929599999999995
      ],
      [
        0.03614400000000003,
        -0.03212800000000003,
        0.999984,
        -0.04411200000000001,
        0.018088000000000014
      ],
      [
        -0.006992000000000005,
        0.03510400000000003,
        -0.04411200000000001,
        0.999216,
        -0.04138400000000002
      ],
      [
        0.06520800000000007,
        -0.02929599999999995,
        0.018088000000000014,
        -0.04138400000000002,
        0.9995160000000002
      ]
    ],
    [
      [
        0.999964,
        -0.03982000000000001,
        -0.004204000000000004,
        -0.016276000000000016,
        0.008036000000000034
      ],
      [
        -0.03982000000000001,
        0.9991,
        -0.006980000000000033,
        -0.03461999999999998,
        -0.040180000000000035
      ],
      [
        -0.004204000000000004,
        -0.006980000000000033,
        0.998844,
        0.010435999999999952,
        0.05220400000000002
      ],
      [
        -0.016276000000000016,
        -0.03461999999999998,
        0.010435999999999952,
        0.997884,
        0.03627599999999998
      ],
      [
        0.008036000000000034,
        -0.040180000000000035,
        0.05220400000000002,
        0.03627599999999998,
        0.9999640000000002
      ]
    ],
    [
      [
        0.999996,
        0.030000000000000027,
        -0.016036000000000016,
        -0.01009600000000001,
        0.009984000000000008
      ],
      [
        0.030000000000000027,
        1.0,
        0.0020000000000000018,
        -0.10000000000000009,
        0.0040000000000000036
      ],
      [
        -0.016036000000000016,
        0.0020000000000000018,
        0.999676,
        -0.03886400000000004,
        0.017856000000000014
      ],
      [
        -0.01009600000000001,
        -0.10000000000000009,
        -0.03886400000000004,
        0.997696,
        -0.01638399999999999
      ],
      [
        0.009984000000000008,
        0.0040000000000000036,
        0.017856000000000014,
        -0.01638399999999999,
        0.9999360000000003
      ]
    ],
    [
      [
        0.997696,
        -0.028383999999999996,
        -0.0011679999999999724,
        -0.0028640000000000024,
        -0.012384000000000011
      ],
      [
        -0.028383999999999996,
        0.999936,
        0.017472000000000043,
        -0.042144000000000036,
        0.039936000000000034
      ],
      [
        -0.0011679999999999724,
        0.017472000000000043,
        0.995644,
        0.010812000000000009,
        -0.07052800000000006
      ],
      [
        -0.0028640000000000024,
        -0.042144000000000036,
        0.010812000000000009,
        0.999676,
        -0.03814400000000003
      ],
      [
        -0.012384000000000011,
        0.039936000000000034,
        -0.07052800000000006,
        -0.03814400000000003,
        0.9999360000000003
      ]
    ],
    [
      [
        0.999676,
        0.04243200000000004,
        0.02192800000000002,
        0.019675999999999992,
        0.010216000000000008
      ],
      [
        0.04243200000000004,
        0.999424,
        0.04809600000000004,
        0.014432000000000013,
        -0.00028799999999999784
      ],
      [
        0.02192800000000002,
        0.04809600000000004,
        0.999984,
        -0.030071999999999998,
        0.02404800000000002
      ],
      [
        0.019675999999999992,
        0.014432000000000013,
        -0.030071999999999998,
        0.999676,
        0.006216000000000003
      ],
      [
        0.010216000000000008,
        -0.00028799999999999784,
        0.02404800000000002,
        0.006216000000000003,
        0.9998560000000004
      ]
    ],
    [
      [
        0.998704,
        -0.038072000000000036,
        0.08627200000000002,
        0.006848000000000005,
        -0.07628800000000006
      ],
      [
        -0.038072000000000036,
        0.999996,
        -0.018096000000000015,
        -0.010064000000000009,
        -0.01801600000000007
      ],
      [
        0.08627200000000002,
        -0.018096000000000015,
        0.997696,
        -0.03753600000000001,
        -0.016384000000000003
      ],
      [
        0.006848000000000005,
        -0.010064000000000009,
        -0.03753600000000001,
        0.998976,
        -0.016256000000000007
      ],
      [
        -0.07628800000000006,
        -0.01801600000000007,
        -0.016384000000000003,
        -0.016256000000000007,
        0.9999360000000003
      ]
    ],
    [
      [
        0.999964,
        -0.035892000000000035,
        0.00025200000000000043,
        -0.04422800000000001,
        0.02214399999999999
      ],
      [
        -0.035892000000000035,
        0.999676,
        -0.004756000000000005,
        0.032684000000000026,
        0.02156800000000002
      ],
      [
        0.00025200000000000043,
        -0.004756000000000005,
        0.998236,
        0.03759600000000003,
        0.10099200000000001
      ],
      [
        -0.04422800000000001,
        0.032684000000000026,
        0.03759600000000003,
        0.998556,
        0.01891199999999998
      ],
      [
        0.02214399999999999,
        0.02156800000000002,
        0.10099200000000001,
        0.01891199999999998,
        0.999424
      ]
    ],
    [
      [
        0.9991,
        -0.03424000000000003,
        -0.011240000000000007,
        0.03412000000000003,
        0.012540000000000015
      ],
      [
        -0.03424000000000003,
        0.999936,
        0.004736000000000005,
        -0.03996800000000004,
        -0.009856000000000007
      ],
      [
        -0.011240000000000007,
        0.004736000000000005,
        0.991536,
        -0.028368000000000032,
        -0.03165600000000001
      ],
      [
        0.03412000000000003,
        -0.03996800000000004,
        -0.028368000000000032,
        0.999984,
        -0.006072000000000007
      ],
      [
        0.012540000000000015,
        -0.009856000000000007,
        -0.03165600000000001,
        -0.006072000000000007,
        0.999676
      ]
    ]
  ]
}