{
  "settings_list": [
    [
      6.186124558132757,
      0.37959907084521344,
      3.7955937013399192,
      4.1416938331438615,
      2.8411080287445487,
      1.8004494639571897,
      0.07516480115004802,
      1.5524872123618758,
      0.14083248701398351,
      5.270483822294164,
      4.346766347308104,
      2.295835950579132,
      5.056248871663812,
      4.866176001464399,
      1.9527235000979022
    ],
    [
      6.182974441230357,
      0.39805937300201344,
      3.7986557764375193,
      4.264130509931062,
      2.824303186427749,
      1.8049658415827898,
      0.07760509689404801,
      1.5619197275106758,
      0.13775857027798352,
      5.241790903369364,
      4.384263152658503,
      2.300564922892732,
      5.054247901846212,
      4.866206059358799,
      1.948538763483502
    ],
    [
      6.173128258676757,
      0.42430659134761345,
      3.804196772402319,
      4.3843838765390615,
      2.800455332514149,
      1.8076067276531897,
      0.07644939260604801,
      1.5658622147490757,
      0.13665669255638352,
      5.219197821330964,
      4.408692050498503,
      2.3022132549311323,
      5.046381290204612,
      4.849111810158798,
      1.950828015016302
    ],
    [
      6.168357412327957,
      0.44694025577641344,
      3.808027690911119,
      4.468219590516662,
      2.794243600392549,
      1.8083403072883897,
      0.076850709386848,
      1.5833243118818758,
      0.1381051564475835,
      5.198811709906964,
      4.442068706223304,
      2.298585859609532,
      5.0414849399646116,
      4.839656278030798,
      1.954431529377902
    ],
    [
      6.154563518446357,
      0.47975504061481344,
      3.8079938930775192,
      4.553428232619062,
      2.783786249288549,
      1.8118211893395897,
      0.072851904650848,
      1.5873478107618757,
      0.14079649596758348,
      5.185944403487764,
      4.4672670325113035,
      2.301186617014332,
      5.040360994745412,
      4.831120794536398,
      1.954003940913902
    ],
    [
      6.142572748548758,
      0.5133751719332135,
      3.808639879291919,
      4.603289292011062,
      2.779933950933349,
      1.8126179010131898,
      0.073692705175648,
      1.5854000240802757,
      0.13988610174358346,
      5.178725964297364,
      4.487639002943304,
      2.300553766358332,
      5.039280614991812,
      4.824867538078798,
      1.957005686065902
    ],
    [
      6.132769272222357,
      0.5566919834404135,
      3.8114139782615193,
      4.623791664836662,
      2.7765042598997494,
      1.8098896708691898,
      0.07251414477884799,
      1.5899491532194756,
      0.14017401552278344,
      5.169328416534164,
      4.503761452927304,
      2.300065956783932,
      5.039777350454212,
      4.814292683243598,
      1.959700427889902
    ],
    [
      6.122397084913557,
      0.6022624387300135,
      3.8102487654423194,
      4.637922132676662,
      2.7767444389397493,
      1.8104925910675898,
      0.07011363921084798,
      1.5997727920866756,
      0.13969617187478345,
      5.158608963938963,
      4.517121351064904,
      2.299222591587132,
      5.038827772617412,
      4.812211731339597,
      1.960618868408302
    ],
    [
      6.110073903102357,
      0.6563295831780135,
      3.8089076697623194,
      4.675457510097462,
      2.778397940283749,
      1.8121909550547897,
      0.07136951224764798,
      1.5853826139298757,
      0.13799415796758346,
      5.149809748617363,
      4.536643765023304,
      2.300719103817532,
      5.037141598575812,
      4.8035747273331975,
      1.960018413656302
    ],
    [
      6.090383204702357,
      0.7286226928964135,
      3.8098439360439196,
      4.681353910919862,
      2.7811168062517493,
      1.8142000588499896,
      0.06961801497724798,
      1.5766416196578756,
      0.13659563092438345,
      5.143683577222163,
      4.547386476060104,
      2.2979307672159317,
      5.0390324584926125,
      4.798009143627597,
      1.958627102014702
    ],
    [
      6.066142883067157,
      0.8192688838564135,
      3.8053557824471196,
      4.7178486296238615,
      2.7834206857269495,
      1.8138635821363895,
      0.06714734642044798,
      1.5850435329346757,
      0.13762824877718347,
      5.139996135698963,
      4.555196309925703,
      2.2978064271359315,
      5.040961402515013,
      4.7959175944659975,
      1.958636163630702
    ],
    [
      6.0496131618831575,
      0.9205215892804135,
      3.8042780559991196,
      4.713337497287862,
      2.7835153539349493,
      1.8145606483763896,
      0.061554081300447976,
      1.6019721714306758,
      0.1384830798171835,
      5.139853251266963,
      4.562320481477704,
      2.2969099704959315,
      5.038209957219013,
      4.7888188472819975,
      1.956958146270702
    ],
    [
      6.029748937716757,
      1.0392984931748135,
      3.8042625138487196,
      4.699814401796662,
      2.7822645327541493,
      1.8181990598675897,
      0.06189142701244798,
      1.5972235897282758,
      0.1381531774747835,
      5.137374887842963,
      4.567676486463304,
      2.2992362988223314,
      5.035146092684613,
      4.785275914558797,
      1.952611622776302
    ],
    [
      6.0106201561807575,
      1.1624985642468135,
      3.8062005092727196,
      4.703025124868661,
      2.7824218760181494,
      1.8173888985875897,
      0.058995246404447976,
      1.5800267009922757,
      0.1348649103707835,
      5.135355211138963,
      4.575315913919304,
      2.300394248454331,
      5.033007966604613,
      4.781789741086797,
      1.952113525976302
    ],
    [
      5.997161386388758,
      1.2797237262948136,
      3.8077022212087197,
      4.699755161092662,
      2.7844333301621496,
      1.8213428327955896,
      0.057161883268447976,
      1.5743894976642756,
      0.1365925383387835,
      5.132946485378963,
      4.584575262463304,
      2.301751719238331,
      5.031552447756613,
      4.778860338910797,
      1.950089850392302
    ],
    [
      5.991725422852758,
      1.3717868301252136,
      3.8156937440791197,
      4.711482339121462,
      2.7836609073557494,
      1.8186530228051896,
      0.05582239905404795,
      1.5864465774850756,
      0.1385501336987835,
      5.131542677164563,
      4.597776586863303,
      2.301333084707131,
      5.031652552489413,
      4.773850713995597,
      1.948774956673902
    ],
    [
      5.989331606836758,
      1.4370328121956135,
      3.8167458015831195,
      4.698731348478262,
      2.7869369857109496,
      1.8177478463315897,
      0.05832575363004794,
      1.5578755832290756,
      0.13787405586518348,
      5.128176196409363,
      4.607955150162503,
      2.302066890198331,
      5.030425546089413,
      4.773046890315597,
      1.946168040005102
    ],
    [
      5.986070168980758,
      1.4829693708068135,
      3.8172455232855196,
      4.704269275550262,
      2.7876624477973495,
      1.8183391271187896,
      0.05684117487804791,
      1.5831582281250756,
      0.13777041800278347,
      5.126119367442963,
      4.615095592050503,
      2.303753256655931,
      5.032792516694213,
      4.771352256408397,
      1.946535879761902
    ],
    [
      5.985988901518358,
      1.5040706587428134,
      3.8170967940695197,
      4.700038951134261,
      2.7866408028437495,
      1.8187631739859897,
      0.05467710432444791,
      1.5781518361314755,
      0.13836931859158347,
      5.127072396159763,
      4.620197480914503,
      2.304320854851131,
      5.032977403561413,
      4.7697897527347966,
      1.947012988843502
    ],
    [
      5.986543202535958,
      1.5220908020708135,
      3.81616759453672,
      4.6963261050062615,
      2.7867294803445497,
      1.8175100489395897,
      0.054870531095647906,
      1.5692910291298754,
      0.13842456419478347,
      5.127239340860563,
      4.619314581096903,
      2.305134101676731,
      5.032055584121413,
      4.770816163329997,
      1.9470725219283018
    ],
    [
      5.987818409691158,
      1.5324531487076134,
      3.81613471003112,
      4.715699913249462,
      2.7880129016565496,
      1.8181292102707898,
      0.05472133160764791,
      1.5736750493282754,
      0.13794071399318347,
      5.125407768290963,
      4.628409255208903,
      2.305497993964731,
      5.032687145977413,
      4.764026051829196,
      1.9475509238227018
    ]
  ],
  "cost_vals": [],
  "step_size": 0.1,
  "opt_step_times": [
    0.14058279991149902,
    0.12671303749084473,
    0.1306450366973877,
    0.12671208381652832,
    0.12815213203430176,
    0.13414978981018066,
    0.1501779556274414,
    0.14557218551635742,
    0.13642024993896484,
    0.13518881797790527,
    0.141463041305542,
    0.14542222023010254,
    0.13196325302124023,
    0.15764904022216797,
    0.20648717880249023,
    0.13079118728637695,
    0.1326770782470703,
    0.14881587028503418,
    0.1405487060546875,
    0.13337302207946777
  ],
  "opt_settings": [
    5.987818409691158,
    1.5324531487076134,
    3.81613471003112,
    4.715699913249462,
    2.7880129016565496,
    1.8181292102707898,
    0.05472133160764791,
    1.5736750493282754,
    0.13794071399318347,
    5.125407768290963,
    4.628409255208903,
    2.305497993964731,
    5.032687145977413,
    4.764026051829196,
    1.9475509238227018
  ],
  "min_cost": null,
  "datetime": "2023-05-30T16-41-13Z",
  "step_only": true,
  "ibm_device": "default.qubit",
  "shots": 1000,
  "prep_node_name": "5-qubit_zero_state",
  "num_qubits": 5,
  "error": false,
  "cov_mats": [
    [
      [
        0.14252399999999987,
        -0.007224000000000064,
        -0.006592000000000002,
        -0.005243999999999999,
        0.006292000000000006
      ],
      [
        -0.007224000000000064,
        0.725424,
        -0.011807999999999996,
        -0.01405599999999993,
        0.023607999999999966
      ],
      [
        -0.006592000000000002,
        -0.011807999999999996,
        0.999936,
        -0.01164800000000001,
        0.026463999999999994
      ],
      [
        -0.005243999999999999,
        -0.01405599999999993,
        -0.01164800000000001,
        0.957564,
        0.04794800000000002
      ],
      [
        0.006292000000000006,
        0.023607999999999966,
        0.026463999999999994,
        0.04794800000000002,
        0.9966360000000002
      ]
    ],
    [
      [
        0.12764399999999987,
        -0.02043200000000006,
        -0.008812000000000007,
        -0.006711999999999996,
        -0.013207999999999954
      ],
      [
        -0.02043200000000006,
        0.799296,
        0.017935999999999987,
        -0.04486399999999997,
        0.014624000000000012
      ],
      [
        -0.008812000000000007,
        0.017935999999999987,
        0.999676,
        -0.055624000000000055,
        0.009784000000000037
      ],
      [
        -0.006711999999999996,
        -0.04486399999999997,
        -0.055624000000000055,
        0.982576,
        0.009583999999999981
      ],
      [
        -0.013207999999999954,
        0.014624000000000012,
        0.009784000000000037,
        0.009583999999999981,
        0.999856
      ]
    ],
    [
      [
        0.17189999999999994,
        0.002659999999999968,
        0.01544000000000001,
        -0.007539999999999991,
        0.02012
      ],
      [
        0.002659999999999968,
        0.924924,
        0.0016160000000000011,
        0.005044000000000045,
        -0.01663200000000008
      ],
      [
        0.01544000000000001,
        0.0016160000000000011,
        0.999744,
        0.059695999999999944,
        -0.0010880000000000549
      ],
      [
        -0.007539999999999991,
        0.005044000000000045,
        0.059695999999999944,
        0.988764,
        0.0012079999999999504
      ],
      [
        0.02012,
        -0.01663200000000008,
        -0.0010880000000000549,
        0.0012079999999999504,
        0.995376
      ]
    ],
    [
      [
        0.16825600000000018,
        0.020464000000000038,
        -0.009232000000000006,
        -0.0019839999999999858,
        -0.0015359999999999437
      ],
      [
        0.020464000000000038,
        0.922716,
        0.003891999999999976,
        0.0009040000000000228,
        -0.021783999999999977
      ],
      [
        -0.009232000000000006,
        0.003891999999999976,
        0.999804,
        -0.066952,
        0.042392000000000006
      ],
      [
        -0.0019839999999999858,
        0.0009040000000000228,
        -0.066952,
        0.995376,
        -0.058095999999999946
      ],
      [
        -0.0015359999999999437,
        -0.021783999999999977,
        0.042392000000000006,
        -0.058095999999999946,
        0.9992159999999998
      ]
    ],
    [
      [
        0.2500439999999998,
        -0.023756000000000027,
        -0.013444000000000011,
        -0.03727600000000002,
        -0.007816000000000017
      ],
      [
        -0.023756000000000027,
        0.972444,
        -0.021643999999999983,
        -0.009076000000000098,
        -0.038616
      ],
      [
        -0.013444000000000011,
        -0.021643999999999983,
        0.998844,
        0.01987600000000001,
        0.0034160000000000345
      ],
      [
        -0.03727600000000002,
        -0.009076000000000098,
        0.01987600000000001,
        0.987004,
        0.02266399999999999
      ],
      [
        -0.007816000000000017,
        -0.038616,
        0.0034160000000000345,
        0.02266399999999999,
        0.994224
      ]
    ],
    [
      [
        0.24309999999999976,
        -0.013000000000000025,
        0.0070399999999999985,
        -0.014899999999999983,
        -0.008020000000000013
      ],
      [
        -0.013000000000000025,
        0.99,
        -0.0007999999999999394,
        -0.05300000000000003,
        -0.04260000000000001
      ],
      [
        0.0070399999999999985,
        -0.0007999999999999394,
        0.999936,
        -0.06095999999999998,
        0.037632000000000033
      ],
      [
        -0.014899999999999983,
        -0.05300000000000003,
        -0.06095999999999998,
        0.9831,
        -0.046019999999999985
      ],
      [
        -0.008020000000000013,
        -0.04260000000000001,
        0.037632000000000033,
        -0.046019999999999985,
        0.997884
      ]
    ],
    [
      [
        0.28428399999999987,
        -0.027216000000000032,
        0.010600000000000012,
        0.002607999999999999,
        -0.029688000000000006
      ],
      [
        -0.027216000000000032,
        0.990784,
        0.04159999999999998,
        0.0006080000000000018,
        -0.030688000000000028
      ],
      [
        0.010600000000000012,
        0.04159999999999998,
        0.99,
        0.011200000000000036,
        0.05079999999999999
      ],
      [
        0.002607999999999999,
        0.0006080000000000018,
        0.011200000000000036,
        0.997696,
        -0.026656000000000023
      ],
      [
        -0.029688000000000006,
        -0.030688000000000028,
        0.05079999999999999,
        -0.026656000000000023,
        0.999216
      ]
    ],
    [
      [
        0.3503639999999999,
        0.009879999999999951,
        0.011284000000000067,
        -0.002563999999999969,
        0.022536000000000077
      ],
      [
        0.009879999999999951,
        0.9996,
        -0.05772000000000008,
        0.07612000000000001,
        -0.024879999999999968
      ],
      [
        0.011284000000000067,
        -0.05772000000000008,
        0.999804,
        0.014516000000000069,
        -0.03738399999999998
      ],
      [
        -0.002563999999999969,
        0.07612000000000001,
        0.014516000000000069,
        0.988764,
        0.014664000000000012
      ],
      [
        0.022536000000000077,
        -0.024879999999999968,
        -0.03738399999999998,
        0.014664000000000012,
        0.998064
      ]
    ],
    [
      [
        0.37273599999999996,
        0.011647999999999957,
        -0.010336000000000014,
        -0.014144000000000018,
        -0.008192000000000005
      ],
      [
        0.011647999999999957,
        0.996864,
        0.03155200000000006,
        0.01180799999999987,
        0.02774400000000003
      ],
      [
        -0.010336000000000014,
        0.03155200000000006,
        0.999936,
        -0.015456000000000072,
        -0.032608
      ],
      [
        -0.014144000000000018,
        0.01180799999999987,
        -0.015456000000000072,
        0.995376,
        -0.0028320000000000576
      ],
      [
        -0.008192000000000005,
        0.02774400000000003,
        -0.032608,
        -0.0028320000000000576,
        0.994224
      ]
    ],
    [
      [
        0.46710000000000007,
        -0.01723999999999996,
        -0.034659999999999976,
        -0.04273999999999999,
        0.026000000000000023
      ],
      [
        -0.01723999999999996,
        0.999856,
        0.03450400000000003,
        -0.038744000000000035,
        -0.00799999999999998
      ],
      [
        -0.034659999999999976,
        0.03450400000000003,
        0.9982359999999999,
        0.010603999999999973,
        -0.025999999999999995
      ],
      [
        -0.04273999999999999,
        -0.038744000000000035,
        0.010603999999999973,
        0.996156,
        0.03
      ],
      [
        0.026000000000000023,
        -0.00799999999999998,
        -0.025999999999999995,
        0.03,
        1.0
      ]
    ],
    [
      [
        0.51,
        -0.024400000000000026,
        0.05319999999999998,
        -0.050399999999999986,
        -0.00980000000000001
      ],
      [
        -0.024400000000000026,
        0.999856,
        0.035952000000000005,
        -0.027424000000000056,
        -0.022888000000000016
      ],
      [
        0.05319999999999998,
        0.035952000000000005,
        0.9999839999999999,
        0.02419199999999996,
        -0.01429600000000006
      ],
      [
        -0.050399999999999986,
        -0.027424000000000056,
        0.02419199999999996,
        0.997696,
        -0.010448000000000016
      ],
      [
        -0.00980000000000001,
        -0.022888000000000016,
        -0.01429600000000006,
        -0.010448000000000016,
        0.994524
      ]
    ],
    [
      [
        0.6399999999999999,
        -0.004800000000000013,
        -0.003999999999999947,
        -0.010399999999999965,
        -2.42861286636753e-17
      ],
      [
        -0.004800000000000013,
        0.996636,
        0.00458000000000006,
        -0.032692000000000034,
        0.035679999999999976
      ],
      [
        -0.003999999999999947,
        0.00458000000000006,
        0.9999,
        0.04274000000000004,
        0.03439999999999997
      ],
      [
        -0.010399999999999965,
        -0.032692000000000034,
        0.04274000000000004,
        0.9841240000000002,
        -0.03696000000000007
      ],
      [
        -2.42861286636753e-17,
        0.035679999999999976,
        0.03439999999999997,
        -0.03696000000000007,
        0.9984
      ]
    ],
    [
      [
        0.751996,
        -0.025044000000000025,
        0.014988000000000013,
        -0.008120000000000006,
        -0.030000000000000013
      ],
      [
        -0.025044000000000025,
        0.999516,
        0.0038680000000000034,
        -0.023319999999999994,
        -0.045999999999999985
      ],
      [
        0.014988000000000013,
        0.0038680000000000034,
        0.999964,
        -0.062360000000000027,
        0.01399999999999993
      ],
      [
        -0.008120000000000006,
        -0.023319999999999994,
        -0.062360000000000027,
        0.9964000000000002,
        0.015999999999999986
      ],
      [
        -0.030000000000000013,
        -0.045999999999999985,
        0.01399999999999993,
        0.015999999999999986,
        1.0
      ]
    ],
    [
      [
        0.874684,
        0.01904400000000002,
        0.016955999999999985,
        -0.03318400000000001,
        0.040708
      ],
      [
        0.01904400000000002,
        0.999804,
        -0.019804000000000016,
        0.023455999999999966,
        0.004028000000000005
      ],
      [
        0.016955999999999985,
        -0.019804000000000016,
        0.999804,
        -0.015455999999999932,
        0.011972000000000066
      ],
      [
        -0.03318400000000001,
        0.023455999999999966,
        -0.015455999999999932,
        0.989184,
        0.065792
      ],
      [
        0.040708,
        0.004028000000000005,
        0.011972000000000066,
        0.065792,
        0.9999960000000002
      ]
    ],
    [
      [
        0.9099999999999999,
        0.0015999999999999465,
        -0.010600000000000045,
        0.015800000000000043,
        0.020799999999999933
      ],
      [
        0.0015999999999999465,
        0.999936,
        0.03430400000000003,
        -0.0656319999999999,
        -0.0038720000000000035
      ],
      [
        -0.010600000000000045,
        0.03430400000000003,
        0.9985559999999999,
        0.03425199999999993,
        -0.002607999999999973
      ],
      [
        0.015800000000000043,
        -0.0656319999999999,
        0.03425199999999993,
        0.997884,
        0.06526400000000003
      ],
      [
        0.020799999999999933,
        -0.0038720000000000035,
        -0.002607999999999973,
        0.06526400000000003,
        0.9997440000000002
      ]
    ],
    [
      [
        0.958384,
        -0.03828799999999993,
        0.01044800000000001,
        0.022367999999999964,
        -0.04000000000000001
      ],
      [
        -0.03828799999999993,
        0.999216,
        0.011663999999999983,
        0.04422400000000007,
        0.08400000000000005
      ],
      [
        0.01044800000000001,
        0.011663999999999983,
        0.999856,
        -0.03190400000000006,
        -0.003999999999999976
      ],
      [
        0.022367999999999964,
        0.04422400000000007,
        -0.03190400000000006,
        0.999936,
        0.012000000000000038
      ],
      [
        -0.04000000000000001,
        0.08400000000000005,
        -0.003999999999999976,
        0.012000000000000038,
        1.0000000000000002
      ]
    ],
    [
      [
        0.99,
        -0.012999999999999984,
        0.001600000000000002,
        0.026800000000000025,
        -0.07019999999999998
      ],
      [
        -0.012999999999999984,
        0.9991,
        0.030480000000000028,
        -0.009160000000000007,
        0.005140000000000002
      ],
      [
        0.001600000000000002,
        0.030480000000000028,
        0.999744,
        -0.004448000000000004,
        -0.018608000000000017
      ],
      [
        0.026800000000000025,
        -0.009160000000000007,
        -0.004448000000000004,
        0.999216,
        -0.031064000000000026
      ],
      [
        -0.07019999999999998,
        0.005140000000000002,
        -0.018608000000000017,
        -0.031064000000000026,
        0.9985560000000004
      ]
    ],
    [
      [
        0.9903959999999999,
        0.04152799999999998,
        -0.00011999999999999511,
        0.03870400000000001,
        0.039568000000000034
      ],
      [
        0.04152799999999998,
        0.998704,
        -0.006160000000000004,
        -0.009728000000000007,
        -0.0005759999999999724
      ],
      [
        -0.00011999999999999511,
        -0.006160000000000004,
        0.9964,
        0.01312000000000001,
        0.007040000000000033
      ],
      [
        0.03870400000000001,
        -0.009728000000000007,
        0.01312000000000001,
        0.997696,
        0.00323200000000003
      ],
      [
        0.039568000000000034,
        -0.0005759999999999724,
        0.007040000000000033,
        0.00323200000000003,
        0.9997440000000004
      ]
    ],
    [
      [
        0.9996,
        -0.0029200000000000033,
        0.012560000000000012,
        0.023720000000000022,
        -0.016840000000000018
      ],
      [
        -0.0029200000000000033,
        0.997884,
        0.003288000000000004,
        0.023956000000000026,
        0.022668000000000015
      ],
      [
        0.012560000000000012,
        0.003288000000000004,
        0.999216,
        0.011592000000000009,
        -0.015624000000000011
      ],
      [
        0.023720000000000022,
        0.023956000000000026,
        0.011592000000000009,
        0.992604,
        0.03901199999999999
      ],
      [
        -0.016840000000000018,
        0.022668000000000015,
        -0.015624000000000011,
        0.03901199999999999,
        0.9966360000000002
      ]
    ],
    [
      [
        0.998844,
        0.001048,
        0.017048000000000015,
        -0.03498000000000003,
        -0.017292000000000012
      ],
      [
        0.001048,
        0.999216,
        0.051216000000000046,
        -0.02116000000000002,
        -0.011064000000000008
      ],
      [
        0.017048000000000015,
        0.051216000000000046,
        0.999216,
        0.018840000000000016,
        -0.06306400000000002
      ],
      [
        -0.03498000000000003,
        -0.02116000000000002,
        0.018840000000000016,
        0.9991,
        -0.03486000000000003
      ],
      [
        -0.017292000000000012,
        -0.011064000000000008,
        -0.06306400000000002,
        -0.03486000000000003,
        0.9985560000000004
      ]
    ],
    [
      [
        0.997884,
        0.05590800000000002,
        0.0024840000000000044,
        -0.007540000000000006,
        -0.005564000000000001
      ],
      [
        0.05590800000000002,
        0.999996,
        -0.019892000000000017,
        0.01202000000000001,
        0.007932000000000007
      ],
      [
        0.0024840000000000044,
        -0.019892000000000017,
        0.997084,
        -0.03254,
        -0.01816400000000002
      ],
      [
        -0.007540000000000006,
        0.01202000000000001,
        -0.03254,
        0.9999,
        0.004340000000000003
      ],
      [
        -0.005564000000000001,
        0.007932000000000007,
        -0.01816400000000002,
        0.004340000000000003,
        0.998844
      ]
    ]
  ]
}