{
  "settings_list": [
    [
      0.3044418533532839,
      1.3472182597784848,
      2.9456457780797933,
      4.250273124549768,
      3.1376285324706155,
      3.6813782811584446,
      5.942155934011322,
      0.6088046496133133,
      2.275641365817253,
      2.577297177745823,
      0.7354330450444911,
      4.555833589145424,
      0.38638010227313097,
      0.12719983086690892,
      2.23199009891032
    ],
    [
      0.3094636692700839,
      1.4362211825944848,
      2.9483179962557933,
      4.377017872210568,
      3.1486786592674156,
      3.6800088475072448,
      5.905004990657722,
      0.6752542906885133,
      2.274286277042853,
      2.520297172939423,
      0.8205430934156911,
      4.551955417107024,
      0.40786959314033094,
      0.12771123906530893,
      2.22910574980312
    ],
    [
      0.3190173942460839,
      1.4786372581304847,
      2.944278692143793,
      4.489879444661768,
      3.151418306797016,
      3.677844564547245,
      5.865107675211322,
      0.7557641265573133,
      2.271917641878053,
      2.457641011297823,
      0.9083390017836912,
      4.561461021625424,
      0.43298697868593095,
      0.12990443532450893,
      2.23434505705432
    ],
    [
      0.31675386765408386,
      1.5049885815864847,
      2.9483942367517932,
      4.583662291413768,
      3.151154044013016,
      3.6715988184992447,
      5.812987480395321,
      0.8490688479653132,
      2.268649953910053,
      2.3970015783058227,
      0.9961706667116913,
      4.563053784889424,
      0.46204397519793095,
      0.13405553996450892,
      2.2296971865903203
    ],
    [
      0.31283598703328386,
      1.5252632185912849,
      2.9498385703325933,
      4.621629631183368,
      3.147217180429016,
      3.672461023868845,
      5.767379237380921,
      0.9523322052581132,
      2.268280491580453,
      2.3457459722258225,
      1.0725490223148912,
      4.5705838359038236,
      0.49216631610673095,
      0.14070195905570893,
      2.2369305173359204
    ],
    [
      0.3063036680572839,
      1.533656305628085,
      2.9441903202461934,
      4.655592400332168,
      3.1452797771106162,
      3.6717634530752448,
      5.717693363864121,
      1.0570839519301132,
      2.267025961135653,
      2.3113299198066226,
      1.1441232185580912,
      4.570158606719824,
      0.5232329098731309,
      0.1550472407581089,
      2.2366285783375206
    ],
    [
      0.2994635738716839,
      1.535571545468085,
      2.9447279410013936,
      4.662935294597768,
      3.152491297859416,
      3.6750941422368446,
      5.681964082062521,
      1.1640969058245132,
      2.262076268412453,
      2.2907023263666226,
      1.2051583454124912,
      4.568031281708624,
      0.5684071636459308,
      0.1691506663197089,
      2.2384918267951206
    ],
    [
      0.30329317927008387,
      1.5561146561240848,
      2.9451082640925934,
      4.678373635541767,
      3.148880611629016,
      3.6740898200896446,
      5.653157485227321,
      1.2517432142245133,
      2.261194276226853,
      2.2711905326162225,
      1.2552181570220913,
      4.562433870025424,
      0.6215412397867308,
      0.1790757394909089,
      2.2355672291631206
    ],
    [
      0.3069703820604839,
      1.5738375326936849,
      2.940260657986993,
      4.704930656143367,
      3.151668223072216,
      3.6783890987264445,
      5.63580105411052,
      1.3275563920997133,
      2.2599049886492533,
      2.2587741649874227,
      1.3020929047852914,
      4.566000202428624,
      0.6776661926315308,
      0.1900885269341089,
      2.2386741502959207
    ],
    [
      0.3058746263996839,
      1.572852807407285,
      2.938740696450993,
      4.719769616924167,
      3.1560287739458164,
      3.6799986008960444,
      5.62802739534572,
      1.3757011679077134,
      2.261668708137253,
      2.243305493614623,
      1.3527180818476914,
      4.5682652210782235,
      0.7562619241259309,
      0.2051059989853089,
      2.241428791217521
    ],
    [
      0.3050226423676839,
      1.571994063490485,
      2.939600467388593,
      4.720906974408967,
      3.1541426334594163,
      3.677553861344044,
      5.62430914952172,
      1.4158891015525135,
      2.263546584553253,
      2.2325544875026226,
      1.3870989053612914,
      4.568667755753424,
      0.848381477661931,
      0.22671436419490892,
      2.2441196810351207
    ],
    [
      0.30465831838048385,
      1.602151889071285,
      2.936204422646193,
      4.706695216584967,
      3.1528153966466164,
      3.676642571603244,
      5.622527662808119,
      1.4403506173221134,
      2.267140546134053,
      2.2262919443538225,
      1.4173508279916915,
      4.568394158307024,
      0.9577048008107311,
      0.25164029417250894,
      2.2369785948527205
    ],
    [
      0.30144713307488386,
      1.5850661135704849,
      2.942561901404593,
      4.728501699196166,
      3.1512958648514164,
      3.6772388045824442,
      5.620619510571319,
      1.4559919913509134,
      2.2683821963036532,
      2.2222782056978225,
      1.4436226060460915,
      4.560461745660624,
      1.0821034264555311,
      0.2806326327837089,
      2.2329295588399205
    ],
    [
      0.29815843637088385,
      1.576469808431285,
      2.944245594646193,
      4.724344860719366,
      3.1530369944258165,
      3.674190935315244,
      5.619932086289719,
      1.4826310224165133,
      2.269098604470053,
      2.2078447984210223,
      1.4799520074796915,
      4.560189781654224,
      1.2044508472043312,
      0.30573348073250894,
      2.2320734128751205
    ],
    [
      0.2986888374908838,
      1.566028598204085,
      2.9520288725213932,
      4.729694823170567,
      3.1529794606594166,
      3.676739023065644,
      5.6156873070385185,
      1.4930667023013133,
      2.2679612380508534,
      2.2069394230034223,
      1.4957863068140915,
      4.559180748342224,
      1.3185676383979312,
      0.32065270505890897,
      2.2319451489583204
    ],
    [
      0.3001537486908838,
      1.5585246502040848,
      2.9518706425213934,
      4.713596563570567,
      3.1580929134594165,
      3.676502571865644,
      5.6133125190385185,
      1.5005365343013133,
      2.2705127916508534,
      2.206828753403422,
      1.5083679288140914,
      4.562054166342224,
      1.4140728671979312,
      0.33192458745890896,
      2.2298344845583205
    ],
    [
      0.2986441667644838,
      1.5655770031448848,
      2.9516400950877935,
      4.719354531356167,
      3.1578905438114164,
      3.678072510652844,
      5.614064925000118,
      1.5038365241573133,
      2.2706071927580536,
      2.2082082799666223,
      1.5173177467532915,
      4.560489347571024,
      1.4718862107211315,
      0.33528602605090896,
      2.2310086389679205
    ],
    [
      0.2984574414044838,
      1.5821504255768848,
      2.9513637246941933,
      4.722563586690567,
      3.1564597176546165,
      3.676207647702444,
      5.611316301294519,
      1.5348163433733133,
      2.2714615324796537,
      2.206468981483422,
      1.5164137704012914,
      4.563423730009424,
      1.5059383374635313,
      0.338714891807709,
      2.2290668797103206
    ],
    [
      0.29894733326688383,
      1.5671850438808848,
      2.9523877153021933,
      4.725016036738567,
      3.1550749284194164,
      3.676194252262444,
      5.6100412158417186,
      1.5311265151653133,
      2.2718390273116538,
      2.2047271017106223,
      1.5205652048780915,
      4.562800819785424,
      1.5336167971691315,
      0.339553677660509,
      2.2298034504143205
    ],
    [
      0.2986987579132838,
      1.5824660238488848,
      2.951387006694193,
      4.729858626792967,
      3.1539700843810166,
      3.676978152518444,
      5.610170446049718,
      1.5323538509157133,
      2.2709191262940536,
      2.2018758697106224,
      1.5437196766924917,
      4.562714597263824,
      1.5484849349611316,
      0.340151915849309,
      2.2296454252623206
    ],
    [
      0.2985841909084838,
      1.5910535160600847,
      2.9514742273341934,
      4.721241590389767,
      3.1543850559746165,
      3.6769771271232443,
      5.6108562555217185,
      1.5528900408837134,
      2.2699478281628536,
      2.2003955560658226,
      1.5558688563308918,
      4.561531716876624,
      1.5627426459627316,
      0.340601579052509,
      2.2311632370895205
    ]
  ],
  "cost_vals": [],
  "step_size": 0.1,
  "opt_step_times": [
    0.13445711135864258,
    0.13454008102416992,
    0.13463115692138672,
    0.13674688339233398,
    0.13858294486999512,
    0.13695621490478516,
    0.13730812072753906,
    0.13826298713684082,
    0.14565086364746094,
    0.13993382453918457,
    0.13953471183776855,
    0.14343881607055664,
    0.1382739543914795,
    0.13900208473205566,
    0.19941020011901855,
    0.13977909088134766,
    0.14188289642333984,
    0.14213800430297852,
    0.14375710487365723,
    0.14352703094482422
  ],
  "opt_settings": [
    0.2985841909084838,
    1.5910535160600847,
    2.9514742273341934,
    4.721241590389767,
    3.1543850559746165,
    3.6769771271232443,
    5.6108562555217185,
    1.5528900408837134,
    2.2699478281628536,
    2.2003955560658226,
    1.5558688563308918,
    4.561531716876624,
    1.5627426459627316,
    0.340601579052509,
    2.2311632370895205
  ],
  "min_cost": null,
  "datetime": "2023-05-30T16-39-07Z",
  "step_only": true,
  "ibm_device": "default.qubit",
  "shots": 1000,
  "prep_node_name": "5-qubit_zero_state",
  "num_qubits": 5,
  "error": false,
  "cov_mats": [
    [
      [
        0.958384,
        0.030199999999999894,
        0.0016159999999999786,
        0.01374400000000009,
        0.0019119999999999138
      ],
      [
        0.030199999999999894,
        0.7974999999999999,
        -0.012199999999999989,
        -0.0037999999999999146,
        0.01309999999999989
      ],
      [
        0.0016159999999999786,
        -0.012199999999999989,
        0.36638399999999993,
        -0.005743999999999749,
        8.799999999997699e-05
      ],
      [
        0.01374400000000009,
        -0.0037999999999999146,
        -0.005743999999999749,
        0.5955039999999998,
        -0.007607999999999615
      ],
      [
        0.0019119999999999138,
        0.01309999999999989,
        8.799999999997699e-05,
        -0.007607999999999615,
        0.14991599999999994
      ]
    ],
    [
      [
        0.984624,
        0.009808000000000039,
        0.00295200000000001,
        0.022895999999999986,
        -0.004095999999999961
      ],
      [
        0.009808000000000039,
        0.9051359999999999,
        0.017783999999999994,
        0.002032000000000006,
        -0.022432000000000007
      ],
      [
        0.00295200000000001,
        0.017783999999999994,
        0.507196,
        0.006008000000000124,
        0.015391999999999961
      ],
      [
        0.022895999999999986,
        0.002032000000000006,
        0.006008000000000124,
        0.635184,
        0.006016000000000021
      ],
      [
        -0.004095999999999961,
        -0.022432000000000007,
        0.015391999999999961,
        0.006016000000000021,
        0.18278399999999995
      ]
    ],
    [
      [
        0.992944,
        0.03800800000000004,
        -0.0036239999999999467,
        -0.004992000000000052,
        -0.010103999999999919
      ],
      [
        0.03800800000000004,
        0.943356,
        -0.043267999999999945,
        -0.03614400000000004,
        -0.011628
      ],
      [
        -0.0036239999999999467,
        -0.043267999999999945,
        0.529404,
        0.0012320000000001219,
        -0.0015160000000001839
      ],
      [
        -0.004992000000000052,
        -0.03614400000000004,
        0.0012320000000001219,
        0.7378560000000001,
        -0.014127999999999863
      ],
      [
        -0.010103999999999919,
        -0.011628,
        -0.0015160000000001839,
        -0.014127999999999863,
        0.179164
      ]
    ],
    [
      [
        0.987004,
        0.05940800000000004,
        0.050563999999999956,
        -0.09154000000000001,
        -0.01917999999999999
      ],
      [
        0.05940800000000004,
        0.983616,
        -0.027472000000000024,
        0.007920000000000135,
        0.006639999999999979
      ],
      [
        0.050563999999999956,
        -0.027472000000000024,
        0.6705239999999999,
        0.03186,
        -0.007380000000000109
      ],
      [
        -0.09154000000000001,
        0.007920000000000135,
        0.03186,
        0.8479,
        -0.00869999999999993
      ],
      [
        -0.01917999999999999,
        0.006639999999999979,
        -0.007380000000000109,
        -0.00869999999999993,
        0.24309999999999998
      ]
    ],
    [
      [
        0.995644,
        0.015664000000000067,
        0.02502000000000002,
        0.008988000000000149,
        -0.03262799999999997
      ],
      [
        0.015664000000000067,
        0.990784,
        0.007120000000000064,
        -0.015471999999999892,
        0.003632000000000052
      ],
      [
        0.02502000000000002,
        0.007120000000000064,
        0.7191,
        -0.007459999999999967,
        0.017259999999999998
      ],
      [
        0.008988000000000149,
        -0.015471999999999892,
        -0.007459999999999967,
        0.898876,
        0.012844000000000022
      ],
      [
        -0.03262799999999997,
        0.003632000000000052,
        0.017259999999999998,
        0.012844000000000022,
        0.26383600000000007
      ]
    ],
    [
      [
        0.998976,
        0.0,
        0.015200000000000016,
        -0.019039999999999932,
        0.0038400000000000066
      ],
      [
        0.0,
        1.0,
        -0.032,
        -0.048000000000000015,
        -0.007999999999999896
      ],
      [
        0.015200000000000016,
        -0.032,
        0.8400000000000001,
        -0.03199999999999997,
        0.0040000000000000036
      ],
      [
        -0.019039999999999932,
        -0.048000000000000015,
        -0.03199999999999997,
        0.9216,
        -0.005599999999999994
      ],
      [
        0.0038400000000000066,
        -0.007999999999999896,
        0.0040000000000000036,
        -0.005599999999999994,
        0.22560000000000013
      ]
    ],
    [
      [
        0.994224,
        -0.02608000000000002,
        -0.022800000000000032,
        0.015759999999999944,
        -0.046624
      ],
      [
        -0.02608000000000002,
        0.9936,
        -0.0040000000000000695,
        -0.01519999999999997,
        -0.005920000000000078
      ],
      [
        -0.022800000000000032,
        -0.0040000000000000695,
        0.91,
        0.00999999999999994,
        0.012799999999999895
      ],
      [
        0.015759999999999944,
        -0.01519999999999997,
        0.00999999999999994,
        0.9324,
        0.010240000000000055
      ],
      [
        -0.046624,
        -0.005920000000000078,
        0.012799999999999895,
        0.010240000000000055,
        0.3210240000000001
      ]
    ],
    [
      [
        0.999424,
        0.0006080000000000562,
        0.01804799999999996,
        0.0015680000000000034,
        0.02303999999999996
      ],
      [
        0.0006080000000000562,
        0.996636,
        -0.012384000000000053,
        0.02345600000000001,
        -0.005820000000000082
      ],
      [
        0.01804799999999996,
        -0.012384000000000053,
        0.938496,
        0.01753599999999999,
        -0.029920000000000002
      ],
      [
        0.0015680000000000034,
        0.02345600000000001,
        0.01753599999999999,
        0.9461759999999999,
        0.02928000000000014
      ],
      [
        0.02303999999999996,
        -0.005820000000000082,
        -0.029920000000000002,
        0.02928000000000014,
        0.3759
      ]
    ],
    [
      [
        0.998236,
        0.026671999999999994,
        0.028148000000000017,
        0.02361599999999997,
        0.0008439999999999559
      ],
      [
        0.026671999999999994,
        0.999744,
        -0.013104000000000013,
        0.006432000000000035,
        0.017488000000000017
      ],
      [
        0.028148000000000017,
        -0.013104000000000013,
        0.962364,
        0.01548800000000004,
        -0.003707999999999989
      ],
      [
        0.02361599999999997,
        0.006432000000000035,
        0.01548800000000004,
        0.976896,
        0.000864000000000073
      ],
      [
        0.0008439999999999559,
        0.017488000000000017,
        -0.003707999999999989,
        0.000864000000000073,
        0.38847599999999993
      ]
    ],
    [
      [
        0.9982359999999999,
        0.001259999999999999,
        -0.052315999999999974,
        0.051879999999999926,
        -0.028576000000000004
      ],
      [
        0.001259999999999999,
        0.9991,
        0.009939999999999984,
        -0.002199999999999978,
        -0.00016000000000005246
      ],
      [
        -0.052315999999999974,
        0.009939999999999984,
        0.960796,
        0.05372000000000003,
        -0.006144000000000066
      ],
      [
        0.051879999999999926,
        -0.002199999999999978,
        0.05372000000000003,
        0.9803999999999999,
        0.009920000000000193
      ],
      [
        -0.028576000000000004,
        -0.00016000000000005246,
        -0.006144000000000066,
        0.009920000000000193,
        0.4700159999999999
      ]
    ],
    [
      [
        0.999676,
        0.0026480000000000028,
        0.007871999999999952,
        0.021516000000000018,
        0.03402400000000004
      ],
      [
        0.0026480000000000028,
        0.998704,
        0.032256,
        0.06296800000000004,
        -0.004048000000000017
      ],
      [
        0.007871999999999952,
        0.032256,
        0.989184,
        0.032352000000000034,
        0.010527999999999899
      ],
      [
        0.021516000000000018,
        0.06296800000000004,
        0.032352000000000034,
        0.9809559999999999,
        -0.013815999999999856
      ],
      [
        0.03402400000000004,
        -0.004048000000000017,
        0.010527999999999899,
        -0.013815999999999856,
        0.5537759999999997
      ]
    ],
    [
      [
        0.997084,
        -0.022164000000000024,
        -0.003304000000000004,
        -0.06924000000000004,
        0.013700000000000108
      ],
      [
        -0.022164000000000024,
        0.998844,
        -0.070216,
        0.02003999999999999,
        -0.026700000000000057
      ],
      [
        -0.003304000000000004,
        -0.070216,
        0.9846239999999999,
        -0.06856000000000002,
        -0.014200000000000074
      ],
      [
        -0.06924000000000004,
        0.02003999999999999,
        -0.06856000000000002,
        0.9964,
        -0.06100000000000004
      ],
      [
        0.013700000000000108,
        -0.026700000000000057,
        -0.014200000000000074,
        -0.06100000000000004,
        0.6975
      ]
    ],
    [
      [
        0.9996,
        0.009080000000000034,
        0.00036000000000003,
        0.030480000000000024,
        -0.04155999999999998
      ],
      [
        0.009080000000000034,
        0.997884,
        0.02142799999999994,
        -0.025496000000000026,
        0.04341200000000005
      ],
      [
        0.00036000000000003,
        0.02142799999999994,
        0.986076,
        0.01896799999999997,
        -0.021796000000000065
      ],
      [
        0.030480000000000024,
        -0.025496000000000026,
        0.01896799999999997,
        0.994224,
        0.022072000000000112
      ],
      [
        -0.04155999999999998,
        0.04341200000000005,
        -0.021796000000000065,
        0.022072000000000112,
        0.8219160000000001
      ]
    ],
    [
      [
        0.999856,
        -0.007712000000000035,
        0.03503200000000003,
        -0.01079200000000001,
        -0.0137039999999999
      ],
      [
        -0.007712000000000035,
        0.999424,
        0.003936000000000004,
        -0.004416000000000002,
        -0.06259199999999994
      ],
      [
        0.03503200000000003,
        0.003936000000000004,
        0.9926039999999999,
        -0.014324000000000014,
        0.02121200000000006
      ],
      [
        -0.01079200000000001,
        -0.004416000000000002,
        -0.014324000000000014,
        0.995644,
        -0.028371999999999915
      ],
      [
        -0.0137039999999999,
        -0.06259199999999994,
        0.02121200000000006,
        -0.028371999999999915,
        0.871836
      ]
    ],
    [
      [
        0.997084,
        0.014000000000000012,
        -0.05843200000000005,
        0.04508400000000004,
        -0.04465999999999998
      ],
      [
        0.014000000000000012,
        1.0,
        -0.020000000000000018,
        -0.03,
        0.05799999999999997
      ],
      [
        -0.05843200000000005,
        -0.020000000000000018,
        0.999936,
        0.009568000000000009,
        -0.024319999999999994
      ],
      [
        0.04508400000000004,
        -0.03,
        0.009568000000000009,
        0.997084,
        -0.036659999999999915
      ],
      [
        -0.04465999999999998,
        0.05799999999999997,
        -0.024319999999999994,
        -0.036659999999999915,
        0.9559
      ]
    ],
    [
      [
        0.999324,
        -0.013896000000000013,
        0.07184400000000006,
        0.005612000000000007,
        -0.007900000000000004
      ],
      [
        -0.013896000000000013,
        0.999984,
        -0.02197600000000002,
        0.049752000000000046,
        0.038599999999999926
      ],
      [
        0.07184400000000006,
        -0.02197600000000002,
        0.999964,
        -0.027628000000000024,
        0.0071000000000000065
      ],
      [
        0.005612000000000007,
        0.049752000000000046,
        -0.027628000000000024,
        0.996156,
        0.013300000000000006
      ],
      [
        -0.007900000000000004,
        0.038599999999999926,
        0.0071000000000000065,
        0.013300000000000006,
        0.9775000000000003
      ]
    ],
    [
      [
        0.9996,
        0.049640000000000045,
        -0.019680000000000017,
        0.04588000000000004,
        -0.014480000000000014
      ],
      [
        0.049640000000000045,
        0.999676,
        -0.025712000000000023,
        -0.004108000000000004,
        -0.06863200000000001
      ],
      [
        -0.019680000000000017,
        -0.025712000000000023,
        0.999744,
        0.03409600000000003,
        0.006783999999999979
      ],
      [
        0.04588000000000004,
        -0.004108000000000004,
        0.03409600000000003,
        0.999964,
        -0.0015439999999999738
      ],
      [
        -0.014480000000000014,
        -0.06863200000000001,
        0.006783999999999979,
        -0.0015439999999999738,
        0.994224
      ]
    ],
    [
      [
        0.999856,
        -0.0016880000000000289,
        0.031184000000000055,
        -0.05595200000000005,
        -0.0028400000000000005
      ],
      [
        -0.0016880000000000289,
        0.999324,
        0.007767999999999981,
        0.04989600000000002,
        -0.042180000000000016
      ],
      [
        0.031184000000000055,
        0.007767999999999981,
        0.995376,
        -0.043728000000000065,
        -0.010760000000000026
      ],
      [
        -0.05595200000000005,
        0.04989600000000002,
        -0.043728000000000065,
        0.999984,
        -0.009720000000000038
      ],
      [
        -0.0028400000000000005,
        -0.042180000000000016,
        -0.010760000000000026,
        -0.009720000000000038,
        0.9951000000000002
      ]
    ],
    [
      [
        0.999744,
        -0.02051200000000002,
        0.019488000000000016,
        -0.03200000000000003,
        -0.02496000000000002
      ],
      [
        -0.02051200000000002,
        0.998976,
        -0.005024000000000006,
        0.03600000000000003,
        -0.03392
      ],
      [
        0.019488000000000016,
        -0.005024000000000006,
        0.998976,
        -0.028000000000000025,
        -0.021920000000000016
      ],
      [
        -0.03200000000000003,
        0.03600000000000003,
        -0.028000000000000025,
        1.0,
        0.05600000000000005
      ],
      [
        -0.02496000000000002,
        -0.03392,
        -0.021920000000000016,
        0.05600000000000005,
        0.9964000000000003
      ]
    ],
    [
      [
        0.997696,
        -0.05388800000000002,
        -0.01697600000000002,
        -0.008192000000000008,
        0.05446400000000003
      ],
      [
        -0.05388800000000002,
        0.998064,
        0.052728000000000025,
        0.012176000000000011,
        -0.042592000000000026
      ],
      [
        -0.01697600000000002,
        0.052728000000000025,
        0.996156,
        0.021752000000000018,
        -0.019984000000000005
      ],
      [
        -0.008192000000000008,
        0.012176000000000011,
        0.021752000000000018,
        0.999984,
        0.019872000000000018
      ],
      [
        0.05446400000000003,
        -0.042592000000000026,
        -0.019984000000000005,
        0.019872000000000018,
        0.9989760000000002
      ]
    ],
    [
      [
        0.999936,
        -0.002112000000000002,
        0.007936000000000035,
        -0.050048000000000044,
        0.05632000000000005
      ],
      [
        -0.002112000000000002,
        0.999804,
        -0.04211199999999998,
        -0.02008400000000002,
        -0.017440000000000018
      ],
      [
        0.007936000000000035,
        -0.04211199999999998,
        0.999936,
        -0.03804800000000003,
        0.0003199999999999988
      ],
      [
        -0.050048000000000044,
        -0.02008400000000002,
        -0.03804800000000003,
        0.999964,
        0.010240000000000008
      ],
      [
        0.05632000000000005,
        -0.017440000000000018,
        0.0003199999999999988,
        0.010240000000000008,
        0.9984000000000003
      ]
    ]
  ]
}