{
  "settings_list": [
    [
      4.20641292960741,
      2.673996684417544,
      5.148690999368992,
      0.7139748721752751,
      5.801610560575609,
      4.305102830567318,
      0.36751590187255273,
      6.0033082009087595,
      2.890249701230567,
      4.6553075720891925,
      3.9900860292787987,
      5.011042364439217,
      2.826435672368303,
      3.7598082247528506,
      0.7460462457939988
    ],
    [
      4.31552999423461,
      2.6386903892495437,
      5.144773339183392,
      0.7988320385624751,
      5.751767474393209,
      4.308175413325718,
      0.4012175039205527,
      5.98438992488956,
      2.895168330068967,
      4.656703978565993,
      3.9956534892211986,
      5.012252746519217,
      2.798694705123503,
      3.8246868963688505,
      0.7459225782099989
    ],
    [
      4.41179345331621,
      2.6171870665391435,
      5.136408653439393,
      0.8951204162872751,
      5.698995759788409,
      4.316370019213718,
      0.43188912297655274,
      5.95044985549436,
      2.894988279502567,
      4.688039736220393,
      3.9949911681331987,
      5.018247851021617,
      2.763332131481903,
      3.9048863771560507,
      0.7461034023859988
    ],
    [
      4.49459513007781,
      2.6065517964847436,
      5.133284724037793,
      0.9849858681016752,
      5.650598541452409,
      4.318668922528918,
      0.47409002075575274,
      5.91872311073916,
      2.894650814856167,
      4.6865152793115925,
      3.992885293477199,
      5.012257025370418,
      2.721227640230703,
      3.9998852914856506,
      0.7439174887027988
    ],
    [
      4.55843741221541,
      2.5957429267759435,
      5.135395685432993,
      1.0815198271352753,
      5.605592699766008,
      4.3168610785449175,
      0.5146474884485528,
      5.88074388210556,
      2.891397295208167,
      4.699943824156392,
      4.000354641838799,
      5.0122856926536175,
      2.677071070115503,
      4.108470862004051,
      0.7385237035731989
    ],
    [
      4.6005258288330095,
      2.5966789587247434,
      5.129530881372193,
      1.1698378544600754,
      5.564258384025209,
      4.318880278314517,
      0.5694765969925528,
      5.84011951810876,
      2.885068726446567,
      4.6962405357019925,
      4.002698857934798,
      5.0130422034664175,
      2.644446763433903,
      4.210415494205651,
      0.7427166361107989
    ],
    [
      4.625338526829809,
      2.5905611112559432,
      5.123951927820193,
      1.2424946820632754,
      5.537975950841209,
      4.312964327543317,
      0.6316179691685528,
      5.80372383563836,
      2.882643914014567,
      4.705798846607593,
      4.001902076309198,
      5.008758073972017,
      2.6121609005667032,
      4.318983567152851,
      0.7424089027763988
    ],
    [
      4.633089711649009,
      2.5877578385007434,
      5.130206751884193,
      1.2898526026264754,
      5.520382475103609,
      4.309243786205717,
      0.7086663688869529,
      5.74960527064636,
      2.883605358622567,
      4.694440063119592,
      3.9981535387347984,
      5.007275688308018,
      2.5808537132899034,
      4.406695087869651,
      0.7385379634867988
    ],
    [
      4.668404018977009,
      2.5871861980527435,
      5.125757439372193,
      1.3377035048984753,
      5.5084146831036085,
      4.316120042333717,
      0.7927198786469529,
      5.69302837183036,
      2.882778730142567,
      4.685832892431592,
      4.000029115950799,
      5.006225507572018,
      2.5680292107619036,
      4.480600500733651,
      0.7370662534067988
    ],
    [
      4.687854362321009,
      2.5882465355087434,
      5.124614491644193,
      1.3731936020184754,
      5.501806957823608,
      4.3189091195497165,
      0.875649731142953,
      5.64245896453436,
      2.879020332942567,
      4.699250682415592,
      3.997026820270799,
      5.0096248820200175,
      2.5575411947459035,
      4.534560719213651,
      0.7364809710227987
    ],
    [
      4.679903542193009,
      2.5842518646031434,
      5.1224893460825935,
      1.4240252164504754,
      5.493358847199608,
      4.3216360109097165,
      0.966793528134953,
      5.58136675799356,
      2.879367137064167,
      4.709745278389992,
      3.990314761038799,
      5.009908896887217,
      2.5467899814787036,
      4.584716170516051,
      0.7250808560275988
    ],
    [
      4.673704551722609,
      2.5859961205679434,
      5.124289685410593,
      1.4615717265432755,
      5.485606715945208,
      4.321741996935317,
      1.059584104211753,
      5.53382158510076,
      2.8787915618609667,
      4.710531743948392,
      3.983927567272399,
      5.010870204810417,
      2.5459578503971034,
      4.617215941149651,
      0.7193095975891988
    ],
    [
      4.669931602858608,
      2.5891586374319435,
      5.120502829730594,
      1.4858279578392755,
      5.481726996905207,
      4.321216364423317,
      1.143140797587753,
      5.488378641356761,
      2.8762587037489666,
      4.692362880716392,
      3.983452469800399,
      5.006300858890417,
      2.5398983832611033,
      4.633099885981651,
      0.7189075952851988
    ],
    [
      4.672221206730608,
      2.5891892716879434,
      5.121319524066593,
      1.4958392640792755,
      5.4793283092412075,
      4.322681654087317,
      1.210664424291753,
      5.45863198799676,
      2.8760337609809667,
      4.693988033628393,
      3.981577890744399,
      5.009494908090417,
      2.537616201629103,
      4.650939436749651,
      0.7157731505811987
    ],
    [
      4.679818620106608,
      2.5900639547471433,
      5.120461040904994,
      1.4996793006040754,
      5.481819044844407,
      4.3248014294153165,
      1.273370425898153,
      5.433469343977561,
      2.8754943199057665,
      4.687565240533993,
      3.987911602078799,
      5.006417313325617,
      2.534851769136303,
      4.6601680320008505,
      0.7124595524627987
    ],
    [
      4.689069670279408,
      2.5915568309391435,
      5.122232389685794,
      1.5358783909560754,
      5.481286706940407,
      4.323162459776917,
      1.316992354870953,
      5.417231545279961,
      2.8767993495025665,
      4.700255098521193,
      3.990589593633999,
      5.008562847264817,
      2.5356427631875027,
      4.68877061496405,
      0.7120191478419987
    ],
    [
      4.6755986535370075,
      2.5942334936719433,
      5.122388745692194,
      1.5370055137080754,
      5.480111342306808,
      4.325091500237717,
      1.3591381519653531,
      5.403272692838361,
      2.8776110350705664,
      4.693576636492393,
      3.9916761211859986,
      5.009308541140017,
      2.535245153984303,
      4.70249799243605,
      0.7083015393171987
    ],
    [
      4.686948303025008,
      2.5948985587055433,
      5.120755048380194,
      1.5437750223000752,
      5.478569445010808,
      4.3233847043849165,
      1.3957147872517532,
      5.3952882462911615,
      2.8789176069073665,
      4.700232805740393,
      3.9903735041299986,
      5.009695398023217,
      2.535585951721903,
      4.69895595413525,
      0.7084114674131987
    ],
    [
      4.684910482967408,
      2.594173389655943,
      5.121071694882594,
      1.5541307094168753,
      5.477811701650808,
      4.324493143476117,
      1.4208191868165532,
      5.3893003202239615,
      2.8802771783633667,
      4.694357971205993,
      3.9898421805843984,
      5.0109261289288165,
      2.535628564304303,
      4.69741199816725,
      0.7076194664403987
    ],
    [
      4.693471302282608,
      2.595108127115143,
      5.119001279458594,
      1.5707406822040753,
      5.478050182265208,
      4.322922738560917,
      1.4324128479109532,
      5.388029853369561,
      2.8786810297041665,
      4.694008561465193,
      3.9892629206419983,
      5.0117258729800165,
      2.537198910621103,
      4.68964828458005,
      0.7061315266643987
    ],
    [
      4.715548329319407,
      2.592146282228743,
      5.118969392082594,
      1.5621471888536753,
      5.477553569359608,
      4.321136097415317,
      1.4610891540453532,
      5.382147386019161,
      2.8807567931153666,
      4.693318032642793,
      3.9867952157907984,
      5.0105531794632165,
      2.537004495606703,
      4.67996130241365,
      0.7055339684787987
    ]
  ],
  "cost_vals": [],
  "step_size": 0.1,
  "opt_step_times": [
    0.1535351276397705,
    0.16988110542297363,
    0.16828012466430664,
    0.15158295631408691,
    0.1548149585723877,
    0.17171788215637207,
    0.16037607192993164,
    0.17235088348388672,
    0.1658620834350586,
    0.15665102005004883,
    0.15871500968933105,
    0.1586470603942871,
    0.15716910362243652,
    0.15551328659057617,
    0.22428512573242188,
    0.14731597900390625,
    0.14457106590270996,
    0.14119911193847656,
    0.144517183303833,
    0.15278005599975586
  ],
  "opt_settings": [
    4.715548329319407,
    2.592146282228743,
    5.118969392082594,
    1.5621471888536753,
    5.477553569359608,
    4.321136097415317,
    1.4610891540453532,
    5.382147386019161,
    2.8807567931153666,
    4.693318032642793,
    3.9867952157907984,
    5.0105531794632165,
    2.537004495606703,
    4.67996130241365,
    0.7055339684787987
  ],
  "min_cost": null,
  "datetime": "2023-05-30T16-42-18Z",
  "step_only": true,
  "ibm_device": "default.qubit",
  "shots": 1000,
  "prep_node_name": "5-qubit_zero_state",
  "num_qubits": 5,
  "error": false,
  "cov_mats": [
    [
      [
        0.751996,
        0.005303999999999975,
        0.005800000000000083,
        0.0062079999999999635,
        -0.012415999999999816
      ],
      [
        0.005303999999999975,
        0.5748959999999999,
        -0.010800000000000032,
        -0.011808000000000055,
        0.011615999999999849
      ],
      [
        0.005800000000000083,
        -0.010800000000000032,
        0.19000000000000017,
        -0.005599999999999994,
        -0.0047999999999999154
      ],
      [
        0.0062079999999999635,
        -0.011808000000000055,
        -0.005599999999999994,
        0.989184,
        0.005631999999999984
      ],
      [
        -0.012415999999999816,
        0.011615999999999849,
        -0.0047999999999999154,
        0.005631999999999984,
        0.37273599999999996
      ]
    ],
    [
      [
        0.8718360000000002,
        -0.008208000000000076,
        -0.020052000000000125,
        0.012420000000000011,
        0.0014760000000000328
      ],
      [
        -0.008208000000000076,
        0.6682239999999999,
        -0.016944000000000126,
        -0.015760000000000014,
        -0.014128000000000085
      ],
      [
        -0.020052000000000125,
        -0.016944000000000126,
        0.20076399999999994,
        -0.020940000000000014,
        -0.007532000000000094
      ],
      [
        0.012420000000000011,
        -0.015760000000000014,
        -0.020940000000000014,
        0.9999,
        0.004219999999999891
      ],
      [
        0.0014760000000000328,
        -0.014128000000000085,
        -0.007532000000000094,
        0.004219999999999891,
        0.39471599999999996
      ]
    ],
    [
      [
        0.9271,
        0.008519999999999972,
        0.005420000000000008,
        -0.027140000000000025,
        0.02088000000000001
      ],
      [
        0.008519999999999972,
        0.725424,
        -0.0014960000000001639,
        -0.028568000000000024,
        -0.01974400000000015
      ],
      [
        0.005420000000000008,
        -0.0014960000000001639,
        0.2706839999999998,
        -0.020628,
        -0.01822400000000013
      ],
      [
        -0.027140000000000025,
        -0.028568000000000024,
        -0.020628,
        0.999676,
        -0.0021919999999999995
      ],
      [
        0.02088000000000001,
        -0.01974400000000015,
        -0.01822400000000013,
        -0.0021919999999999995,
        0.5696639999999998
      ]
    ],
    [
      [
        0.973756,
        -0.00992800000000009,
        -0.014951999999999993,
        0.004928000000000042,
        -0.0012559999999998822
      ],
      [
        -0.00992800000000009,
        0.802864,
        -0.021423999999999888,
        0.027135999999999997,
        0.010927999999999993
      ],
      [
        -0.014951999999999993,
        -0.021423999999999888,
        0.36638399999999993,
        0.01942400000000006,
        -0.016048000000000062
      ],
      [
        0.004928000000000042,
        0.027135999999999997,
        0.01942400000000006,
        0.996864,
        -0.032928000000000054
      ],
      [
        -0.0012559999999998822,
        0.010927999999999993,
        -0.016048000000000062,
        -0.032928000000000054,
        0.6542560000000002
      ]
    ],
    [
      [
        0.982576,
        -0.009176000000000052,
        0.018399999999999944,
        -0.016071999999999968,
        -0.034680000000000044
      ],
      [
        -0.009176000000000052,
        0.8252759999999999,
        0.019599999999999895,
        0.01277199999999993,
        -0.020820000000000144
      ],
      [
        0.018399999999999944,
        0.019599999999999895,
        0.3599999999999999,
        0.001199999999999958,
        0.013999999999999901
      ],
      [
        -0.016071999999999968,
        0.01277199999999993,
        0.001199999999999958,
        0.9978840000000002,
        -0.010540000000000098
      ],
      [
        -0.034680000000000044,
        -0.020820000000000144,
        0.013999999999999901,
        -0.010540000000000098,
        0.7598999999999999
      ]
    ],
    [
      [
        0.994816,
        -0.03846399999999994,
        -0.010144000000000077,
        0.00940800000000004,
        0.021056000000000033
      ],
      [
        -0.03846399999999994,
        0.902656,
        -0.02662399999999998,
        0.01276799999999997,
        0.008576
      ],
      [
        -0.010144000000000077,
        -0.02662399999999998,
        0.434496,
        0.0009280000000000434,
        -0.032304000000000055
      ],
      [
        0.00940800000000004,
        0.01276799999999997,
        0.0009280000000000434,
        0.998704,
        0.011528000000000028
      ],
      [
        0.021056000000000033,
        0.008576,
        -0.032304000000000055,
        0.011528000000000028,
        0.8383960000000001
      ]
    ],
    [
      [
        0.979836,
        0.012512000000000065,
        -0.041387999999999966,
        0.002579999999999983,
        0.02285600000000003
      ],
      [
        0.012512000000000065,
        0.9303039999999999,
        -0.038496,
        -0.02863999999999993,
        0.012352000000000016
      ],
      [
        -0.041387999999999966,
        -0.038496,
        0.4902040000000001,
        0.008860000000000062,
        -0.0030480000000000507
      ],
      [
        0.002579999999999983,
        -0.02863999999999993,
        0.008860000000000062,
        0.9999,
        -0.009319999999999991
      ],
      [
        0.02285600000000003,
        0.012352000000000016,
        -0.0030480000000000507,
        -0.009319999999999991,
        0.8897760000000001
      ]
    ],
    [
      [
        0.9984,
        -0.026559999999999993,
        0.03295999999999992,
        0.009439999999999983,
        -0.02591999999999994
      ],
      [
        -0.026559999999999993,
        0.954204,
        -0.029963999999999963,
        -0.050996000000000034,
        0.008927999999999978
      ],
      [
        0.03295999999999992,
        -0.029963999999999963,
        0.6081240000000001,
        -0.01676399999999991,
        0.054751999999999995
      ],
      [
        0.009439999999999983,
        -0.050996000000000034,
        -0.01676399999999991,
        0.999804,
        0.05452800000000001
      ],
      [
        -0.02591999999999994,
        0.008927999999999978,
        0.054751999999999995,
        0.05452800000000001,
        0.9384960000000002
      ]
    ],
    [
      [
        0.998556,
        0.036779999999999924,
        0.02603600000000002,
        -0.034,
        -0.056131999999999974
      ],
      [
        0.036779999999999924,
        0.9639,
        -0.025819999999999996,
        -0.006000000000000005,
        0.007339999999999951
      ],
      [
        0.02603600000000002,
        -0.025819999999999996,
        0.6659160000000002,
        -0.038000000000000006,
        -0.003692000000000195
      ],
      [
        -0.034,
        -0.006000000000000005,
        -0.038000000000000006,
        1.0,
        0.014000000000000068
      ],
      [
        -0.056131999999999974,
        0.007339999999999951,
        -0.003692000000000195,
        0.014000000000000068,
        0.9542040000000002
      ]
    ],
    [
      [
        0.996156,
        0.03870000000000001,
        -0.014488000000000015,
        -0.034636000000000035,
        0.03905600000000003
      ],
      [
        0.03870000000000001,
        0.9775,
        0.06340000000000005,
        0.019300000000000008,
        0.02520000000000003
      ],
      [
        -0.014488000000000015,
        0.06340000000000005,
        0.725424,
        0.029528,
        0.017311999999999904
      ],
      [
        -0.034636000000000035,
        0.019300000000000008,
        0.029528,
        0.999516,
        0.024464000000000017
      ],
      [
        0.03905600000000003,
        0.02520000000000003,
        0.017311999999999904,
        0.024464000000000017,
        0.987456
      ]
    ],
    [
      [
        0.999996,
        0.04973599999999999,
        -0.032916,
        -0.03802400000000004,
        -0.008164000000000008
      ],
      [
        0.04973599999999999,
        0.982576,
        0.021544000000000063,
        0.010416000000000009,
        -0.004823999999999919
      ],
      [
        -0.032916,
        0.021544000000000063,
        0.790236,
        0.052503999999999995,
        -0.021555999999999957
      ],
      [
        -0.03802400000000004,
        0.010416000000000009,
        0.052503999999999995,
        0.999856,
        0.01301600000000004
      ],
      [
        -0.008164000000000008,
        -0.004823999999999919,
        -0.021555999999999957,
        0.01301600000000004,
        0.993276
      ]
    ],
    [
      [
        0.999676,
        0.015604000000000012,
        0.023951999999999973,
        -0.027820000000000022,
        0.06084799999999999
      ],
      [
        0.015604000000000012,
        0.999516,
        -0.025391999999999998,
        0.03222000000000003,
        0.0005919999999999728
      ],
      [
        0.023951999999999973,
        -0.025391999999999998,
        0.8871039999999999,
        0.04936000000000009,
        -0.017504000000000002
      ],
      [
        -0.027820000000000022,
        0.03222000000000003,
        0.04936000000000009,
        0.9999,
        -0.009360000000000005
      ],
      [
        0.06084799999999999,
        0.0005919999999999728,
        -0.017504000000000002,
        -0.009360000000000005,
        0.995904
      ]
    ],
    [
      [
        0.999744,
        0.055231999999999996,
        0.0014240000000000017,
        -0.012192000000000012,
        0.025199999999999965
      ],
      [
        0.055231999999999996,
        0.997696,
        -0.007728000000000073,
        0.02342400000000002,
        -0.028400000000000022
      ],
      [
        0.0014240000000000017,
        -0.007728000000000073,
        0.918204,
        0.006568000000000006,
        -0.03829999999999993
      ],
      [
        -0.012192000000000012,
        0.02342400000000002,
        0.006568000000000006,
        0.999856,
        0.061400000000000024
      ],
      [
        0.025199999999999965,
        -0.028400000000000022,
        -0.03829999999999993,
        0.061400000000000024,
        0.9975
      ]
    ],
    [
      [
        0.999676,
        -0.03769199999999999,
        -0.03765200000000007,
        0.01924400000000001,
        0.05009200000000003
      ],
      [
        -0.03769199999999999,
        0.991164,
        -0.0055160000000000695,
        -0.011947999999999983,
        0.09803600000000008
      ],
      [
        -0.03765200000000007,
        -0.0055160000000000695,
        0.901404,
        0.022811999999999964,
        -0.05328399999999996
      ],
      [
        0.01924400000000001,
        -0.011947999999999983,
        0.022811999999999964,
        0.998236,
        -0.00045199999999994897
      ],
      [
        0.05009200000000003,
        0.09803600000000008,
        -0.05328399999999996,
        -0.00045199999999994897,
        0.9887640000000002
      ]
    ],
    [
      [
        0.999676,
        -0.01342400000000004,
        -0.014759999999999964,
        0.02695599999999997,
        0.007079999999999975
      ],
      [
        -0.01342400000000004,
        0.998976,
        -0.03375999999999992,
        -0.0001439999999999985,
        0.034080000000000055
      ],
      [
        -0.014759999999999964,
        -0.03375999999999992,
        0.9675999999999999,
        -0.01156,
        0.02519999999999991
      ],
      [
        0.02695599999999997,
        -0.0001439999999999985,
        -0.01156,
        0.996636,
        0.04148000000000001
      ],
      [
        0.007079999999999975,
        0.034080000000000055,
        0.02519999999999991,
        0.04148000000000001,
        0.9964
      ]
    ],
    [
      [
        0.999424,
        0.03344,
        0.017407999999999983,
        0.014144000000000012,
        -0.03443200000000003
      ],
      [
        0.03344,
        0.9964,
        0.04148,
        0.017639999999999934,
        -0.004919999999999996
      ],
      [
        0.017407999999999983,
        0.04148,
        0.9798359999999999,
        0.01914799999999996,
        -0.017443999999999998
      ],
      [
        0.014144000000000012,
        0.017639999999999934,
        0.01914799999999996,
        0.999964,
        0.04810800000000002
      ],
      [
        -0.03443200000000003,
        -0.004919999999999996,
        -0.017443999999999998,
        0.04810800000000002,
        0.999676
      ]
    ],
    [
      [
        0.999996,
        -0.005919999999999977,
        -0.03583600000000001,
        -0.032004000000000025,
        0.03613999999999995
      ],
      [
        -0.005919999999999977,
        0.9984,
        0.010720000000000035,
        0.038079999999999975,
        -0.0007999999999999943
      ],
      [
        -0.03583600000000001,
        0.010720000000000035,
        0.9932759999999999,
        -0.003835999999999948,
        -0.0017400000000000158
      ],
      [
        -0.032004000000000025,
        0.038079999999999975,
        -0.003835999999999948,
        0.999996,
        -0.07586000000000004
      ],
      [
        0.03613999999999995,
        -0.0007999999999999943,
        -0.0017400000000000158,
        -0.07586000000000004,
        0.9951
      ]
    ],
    [
      [
        0.999216,
        -0.005680000000000002,
        0.0018000000000000368,
        0.018095999999999963,
        0.004223999999999948
      ],
      [
        -0.005680000000000002,
        0.9964,
        0.053000000000000026,
        0.023919999999999966,
        -0.027520000000000024
      ],
      [
        0.0018000000000000368,
        0.053000000000000026,
        0.9775,
        -0.02020000000000002,
        0.011199999999999927
      ],
      [
        0.018095999999999963,
        0.023919999999999966,
        -0.02020000000000002,
        0.995376,
        0.00854399999999998
      ],
      [
        0.004223999999999948,
        -0.027520000000000024,
        0.011199999999999927,
        0.00854399999999998,
        0.9999360000000003
      ]
    ],
    [
      [
        0.9919,
        -0.007060000000000026,
        -0.018599999999999943,
        0.016919999999999987,
        0.060919999999999995
      ],
      [
        -0.007060000000000026,
        0.998844,
        0.0012400000000000067,
        0.00959199999999998,
        0.013591999999999955
      ],
      [
        -0.018599999999999943,
        0.0012400000000000067,
        0.9803999999999999,
        -0.033679999999999946,
        -0.02168000000000003
      ],
      [
        0.016919999999999987,
        0.00959199999999998,
        -0.033679999999999946,
        0.999856,
        -0.024144000000000023
      ],
      [
        0.060919999999999995,
        0.013591999999999955,
        -0.02168000000000003,
        -0.024144000000000023,
        0.9998560000000002
      ]
    ],
    [
      [
        0.999964,
        0.008012000000000007,
        0.01191600000000001,
        -0.002168000000000002,
        -0.026000000000000023
      ],
      [
        0.008012000000000007,
        0.999996,
        -0.04797200000000004,
        -0.005944000000000005,
        0.04200000000000001
      ],
      [
        0.01191600000000001,
        -0.04797200000000004,
        0.999804,
        -0.0023920000000000026,
        -0.034000000000000086
      ],
      [
        -0.002168000000000002,
        -0.005944000000000005,
        -0.0023920000000000026,
        0.999216,
        0.07200000000000004
      ],
      [
        -0.026000000000000023,
        0.04200000000000001,
        -0.034000000000000086,
        0.07200000000000004,
        1.0000000000000002
      ]
    ],
    [
      [
        0.999964,
        0.04190400000000004,
        0.004276000000000004,
        0.0019280000000000018,
        0.028300000000000027
      ],
      [
        0.04190400000000004,
        0.999744,
        0.014736000000000013,
        0.007808000000000007,
        -0.017200000000000014
      ],
      [
        0.004276000000000004,
        0.014736000000000013,
        0.997884,
        0.034552000000000034,
        -0.00629999999999998
      ],
      [
        0.0019280000000000018,
        0.007808000000000007,
        0.034552000000000034,
        0.999856,
        0.006599999999999978
      ],
      [
        0.028300000000000027,
        -0.017200000000000014,
        -0.00629999999999998,
        0.006599999999999978,
        0.9975000000000002
      ]
    ]
  ]
}