{
  "settings_list": [
    [
      4.417280293978464,
      3.557180467157346,
      4.637796783350627,
      1.8199683287089077,
      5.555248987009093,
      6.110945444136565,
      3.8371847041594958,
      2.2131283246343263,
      2.3230364820516503,
      2.693374854816723,
      3.3866676565493483,
      5.506575165871757,
      3.9830695159106666,
      3.0008343070581227,
      3.197770924764331
    ],
    [
      4.508334908237663,
      3.565606220578146,
      4.635785519030627,
      1.7497477542961077,
      5.545463402586693,
      6.111311025397365,
      3.896509480991496,
      2.124419760883926,
      2.32197932776045,
      2.661243235219923,
      3.4021686732533483,
      5.509406052783757,
      4.0891032088514665,
      2.9885582012277228,
      3.1873690314907313
    ],
    [
      4.556730130071263,
      3.5655712644405457,
      4.642185155929827,
      1.7206803294129078,
      5.537859228061893,
      6.111269562046965,
      3.947430330591496,
      2.0387502737831262,
      2.31700478876205,
      2.619211171187923,
      3.4298952764565485,
      5.510839714406157,
      4.213863432345867,
      2.9744647487061227,
      3.186369998895531
    ],
    [
      4.631490590490463,
      3.5782591865717457,
      4.640646982461027,
      1.695549709771308,
      5.537546432493893,
      6.111317976421365,
      3.976141699685896,
      1.9699679973575261,
      2.32408163047725,
      2.5710118931911228,
      3.4588369268117485,
      5.512242024444557,
      4.329735864339467,
      2.9608787789525226,
      3.185771196300331
    ],
    [
      4.641773196717663,
      3.5759415118901456,
      4.640398407357027,
      1.680597924075308,
      5.550570830797893,
      6.116277424696564,
      4.014782796889096,
      1.8962698732935261,
      2.32771750156845,
      2.510421836730323,
      3.4959382377493484,
      5.507904864610957,
      4.455083075110667,
      2.9529121272533225,
      3.182320419813931
    ],
    [
      4.677999923671263,
      3.5743628698805456,
      4.637421807773027,
      1.656797128340908,
      5.542122724129094,
      6.113700829826164,
      4.035875938069896,
      1.847328089741526,
      2.32865798801005,
      2.4323328353511227,
      3.5320816724501483,
      5.507063702009357,
      4.535810274803468,
      2.9497385870261223,
      3.182016640453931
    ],
    [
      4.671125600791263,
      3.5750966744053456,
      4.637259455881827,
      1.628020744897708,
      5.548143283725894,
      6.1072821740053636,
      4.054635239151496,
      1.7920776427015261,
      2.32974222342765,
      2.345367306621523,
      3.572150941410148,
      5.513338610470157,
      4.611291767168268,
      2.9427787086773223,
      3.181320135257131
    ],
    [
      4.681264770884063,
      3.5730188007861456,
      4.643139368541027,
      1.613499495528108,
      5.550113989044294,
      6.108813186110964,
      4.067836047887496,
      1.753947875779926,
      2.32856176980205,
      2.243790554842323,
      3.622374060616548,
      5.513180676850957,
      4.638790434963468,
      2.9452225818293223,
      3.179859301426731
    ],
    [
      4.686945924794463,
      3.578998679570146,
      4.6485824341698265,
      1.614318612833708,
      5.5483423703178945,
      6.113159001691764,
      4.0761107824890965,
      1.735488779063126,
      2.33286999102125,
      2.138680820048723,
      3.671339838786148,
      5.5082999996189566,
      4.674869484694668,
      2.945274181627722,
      3.179111985186731
    ],
    [
      4.678728108762463,
      3.575818087630946,
      4.647698479069026,
      1.6051635998257079,
      5.544262580852294,
      6.118627123179763,
      4.082540857135497,
      1.7185083557447258,
      2.32692156325805,
      2.030530400256723,
      3.7128323852853478,
      5.510945155417357,
      4.679644229673868,
      2.933846433595722,
      3.180940164975531
    ],
    [
      4.6945742631816625,
      3.577295438901346,
      4.651219302825826,
      1.6026700461937078,
      5.547057556993094,
      6.113880520555763,
      4.087292595369097,
      1.6944665641287258,
      2.32981498837805,
      1.932224960525523,
      3.742690256997348,
      5.5119881635197565,
      4.695465592534668,
      2.936731178536522,
      3.1753180023771312
    ],
    [
      4.697377381997662,
      3.5776346035733457,
      4.6505239540898256,
      1.5973646768817078,
      5.545410053953094,
      6.117257792139763,
      4.089994899113097,
      1.6664868456647257,
      2.32503769436205,
      1.847387908077523,
      3.765213885669348,
      5.510622723039757,
      4.712190751574668,
      2.938823721640522,
      3.1707989397531313
    ],
    [
      4.712729701696862,
      3.577494797576546,
      4.6478751037922255,
      1.6014704707377079,
      5.548277797889094,
      6.117179751166963,
      4.097255819356297,
      1.6539508774343257,
      2.32388486154285,
      1.778138286874323,
      3.779776213253348,
      5.511169077778956,
      4.714537835792268,
      2.9413252664597223,
      3.1709937680667313
    ],
    [
      4.706108500896862,
      3.575275162376546,
      4.650731701392226,
      1.5851514131377078,
      5.548196702689094,
      6.117526781566964,
      4.096163524956297,
      1.6453104542343258,
      2.32292920954285,
      1.724513838074323,
      3.789709430853348,
      5.509769248178956,
      4.737134197392268,
      2.941652088859722,
      3.171499260866731
    ],
    [
      4.722267716756062,
      3.578401858261346,
      4.650758256605026,
      1.5803615870001078,
      5.5464335342154945,
      6.1146575337077635,
      4.094000085692297,
      1.6338636784327258,
      2.32382022750125,
      1.690882651968723,
      3.796581385886948,
      5.510019433836556,
      4.708289188464268,
      2.9400598959445223,
      3.171517111957931
    ],
    [
      4.728219916756062,
      3.578842971381346,
      4.649691712285025,
      1.5696568822001078,
      5.547807290535494,
      6.112760663467763,
      4.0951027733722976,
      1.6260807568327258,
      2.32220634062125,
      1.663545602688723,
      3.7999919238069477,
      5.508985157516555,
      4.725254236144268,
      2.9388545813845224,
      3.169928604597931
    ],
    [
      4.729298978836062,
      3.578865798101346,
      4.650043389725026,
      1.559460283800108,
      5.549443786855494,
      6.113106274667763,
      4.093532673692297,
      1.6189638909127257,
      2.32229280430125,
      1.632659200288723,
      3.8013787630069475,
      5.5098369863165555,
      4.734161623984268,
      2.9384406460245223,
      3.169029276757931
    ],
    [
      4.736947472698462,
      3.5801425645717457,
      4.648987282966626,
      1.5695142760305079,
      5.550036391348294,
      6.115335274117363,
      4.092437495330697,
      1.6093530451335258,
      2.32137218796845,
      1.624132891066323,
      3.8015511695349478,
      5.509614080793355,
      4.720107946422668,
      2.9391015521301225,
      3.169687942780331
    ],
    [
      4.7342190348104625,
      3.5791366299317455,
      4.6485475667330265,
      1.561998788235308,
      5.549625510058694,
      6.116021479445363,
      4.0921770823450965,
      1.602474967120726,
      2.32276786764845,
      1.609430495207123,
      3.801949789995748,
      5.509154041887755,
      4.7228794940898675,
      2.9403701216789226,
      3.1702181611163307
    ],
    [
      4.7362223427336625,
      3.5764110968853453,
      4.648558784909026,
      1.572325632961708,
      5.549581180989894,
      6.116862126709363,
      4.091428308732296,
      1.6039125435303259,
      2.32357941970285,
      1.617595951959123,
      3.800126610990948,
      5.509821956230155,
      4.721433683933068,
      2.9407217285365226,
      3.1696534986459306
    ],
    [
      4.721429269428063,
      3.5770824197909454,
      4.650399358477026,
      1.579385951342508,
      5.550237770157894,
      6.117515871029363,
      4.092408727916296,
      1.6071924507207258,
      2.32356794055725,
      1.611168793773523,
      3.799890636142948,
      5.5090285131773555,
      4.742874683222667,
      2.9405649280821224,
      3.1694018692411308
    ]
  ],
  "cost_vals": [],
  "step_size": 0.1,
  "opt_step_times": [
    0.14260315895080566,
    0.14661288261413574,
    0.14351105690002441,
    0.14740514755249023,
    0.14832401275634766,
    0.16960525512695312,
    0.14982390403747559,
    0.15066790580749512,
    0.14151978492736816,
    0.13900184631347656,
    0.1588459014892578,
    0.16375994682312012,
    0.14751791954040527,
    0.14904212951660156,
    0.21778488159179688,
    0.15519309043884277,
    0.14717483520507812,
    0.15508818626403809,
    0.153029203414917,
    0.14059901237487793
  ],
  "opt_settings": [
    4.721429269428063,
    3.5770824197909454,
    4.650399358477026,
    1.579385951342508,
    5.550237770157894,
    6.117515871029363,
    4.092408727916296,
    1.6071924507207258,
    2.32356794055725,
    1.611168793773523,
    3.799890636142948,
    5.5090285131773555,
    4.742874683222667,
    2.9405649280821224,
    3.1694018692411308
  ],
  "min_cost": null,
  "datetime": "2023-05-30T16-37-10Z",
  "step_only": true,
  "ibm_device": "default.qubit",
  "shots": 1000,
  "prep_node_name": "5-qubit_zero_state",
  "num_qubits": 5,
  "error": false,
  "cov_mats": [
    [
      [
        0.953344,
        0.005695999999999979,
        0.01734400000000004,
        -0.022240000000000038,
        -0.0034239999999998993
      ],
      [
        0.005695999999999979,
        0.975664,
        -0.009304000000000007,
        -0.007160000000000055,
        0.023584000000000077
      ],
      [
        0.01734400000000004,
        -0.009304000000000007,
        0.7828440000000001,
        -0.006739999999999968,
        0.024575999999999987
      ],
      [
        -0.022240000000000038,
        -0.007160000000000055,
        -0.006739999999999968,
        0.20789999999999997,
        -0.016960000000000086
      ],
      [
        -0.0034239999999998993,
        0.023584000000000077,
        0.024575999999999987,
        -0.016960000000000086,
        0.559104
      ]
    ],
    [
      [
        0.969024,
        0.0024960000000000537,
        0.022287999999999974,
        -0.003584000000000115,
        -0.019008000000000025
      ],
      [
        0.0024960000000000537,
        0.961584,
        0.03695200000000001,
        0.013264000000000026,
        0.01516799999999996
      ],
      [
        0.022287999999999974,
        0.03695200000000001,
        0.8689560000000001,
        0.0019919999999999938,
        0.021904000000000035
      ],
      [
        -0.003584000000000115,
        0.013264000000000026,
        0.0019919999999999938,
        0.21854400000000018,
        0.014527999999999985
      ],
      [
        -0.019008000000000025,
        0.01516799999999996,
        0.021904000000000035,
        0.014527999999999985,
        0.6303359999999999
      ]
    ],
    [
      [
        0.970416,
        0.0069840000000000665,
        -0.01437600000000007,
        0.035239999999999966,
        -0.03968000000000009
      ],
      [
        0.0069840000000000665,
        0.985116,
        0.007476000000000045,
        -0.010740000000000097,
        0.0076799999999999854
      ],
      [
        -0.01437600000000007,
        0.007476000000000045,
        0.933436,
        0.005859999999999865,
        0.01648000000000001
      ],
      [
        0.035239999999999966,
        -0.010740000000000097,
        0.005859999999999865,
        0.31109999999999993,
        -0.019199999999999995
      ],
      [
        -0.03968000000000009,
        0.0076799999999999854,
        0.01648000000000001,
        -0.019199999999999995,
        0.8064
      ]
    ],
    [
      [
        0.9975,
        -0.00120000000000003,
        0.02039999999999997,
        -0.01990000000000003,
        -0.015399999999999994
      ],
      [
        -0.00120000000000003,
        0.990784,
        0.03043199999999995,
        0.04260800000000009,
        0.005087999999999981
      ],
      [
        0.02039999999999997,
        0.03043199999999995,
        0.963136,
        0.0007839999999999792,
        0.03382399999999984
      ],
      [
        -0.01990000000000003,
        0.04260800000000009,
        0.0007839999999999792,
        0.36319599999999996,
        0.008455999999999964
      ],
      [
        -0.015399999999999994,
        0.005087999999999981,
        0.03382399999999984,
        0.008455999999999964,
        0.816816
      ]
    ],
    [
      [
        0.998844,
        -0.03098,
        -0.054432000000000105,
        0.007751999999999898,
        -0.028472
      ],
      [
        -0.03098,
        0.9991,
        -0.022559999999999962,
        -0.014840000000000016,
        -0.01676000000000001
      ],
      [
        -0.054432000000000105,
        -0.022559999999999962,
        0.938496,
        -0.023456000000000088,
        -0.0043840000000000545
      ],
      [
        0.007751999999999898,
        -0.014840000000000016,
        -0.023456000000000088,
        0.40401600000000004,
        -0.017776000000000014
      ],
      [
        -0.028472,
        -0.01676000000000001,
        -0.0043840000000000545,
        -0.017776000000000014,
        0.9051360000000002
      ]
    ],
    [
      [
        1.0,
        -0.013999999999999957,
        0.035999999999999976,
        0.025999999999999912,
        -0.010000000000000009
      ],
      [
        -0.013999999999999957,
        0.9974999999999999,
        -0.08280000000000003,
        -0.05389999999999996,
        -0.023899999999999977
      ],
      [
        0.035999999999999976,
        -0.08280000000000003,
        0.979264,
        0.007791999999999993,
        0.066672
      ],
      [
        0.025999999999999912,
        -0.05389999999999996,
        0.007791999999999993,
        0.5348759999999999,
        0.005515999999999965
      ],
      [
        -0.010000000000000009,
        -0.023899999999999977,
        0.066672,
        0.005515999999999965,
        0.973756
      ]
    ],
    [
      [
        0.999984,
        0.028064000000000026,
        0.03842400000000004,
        0.008488000000000042,
        -0.05784799999999997
      ],
      [
        0.028064000000000026,
        0.999744,
        0.016304000000000013,
        4.799999999999943e-05,
        0.025392000000000046
      ],
      [
        0.03842400000000004,
        0.016304000000000013,
        0.988764,
        0.04606799999999993,
        -0.004027999999999991
      ],
      [
        0.008488000000000042,
        4.799999999999943e-05,
        0.04606799999999993,
        0.6131159999999999,
        0.008363999999999868
      ],
      [
        -0.05784799999999997,
        0.025392000000000046,
        -0.004027999999999991,
        0.008363999999999868,
        0.998556
      ]
    ],
    [
      [
        0.997696,
        -0.03979200000000001,
        -0.036623999999999976,
        -0.02955199999999999,
        -0.013727999999999956
      ],
      [
        -0.03979200000000001,
        0.997884,
        -0.033651999999999974,
        0.002404,
        -0.008343999999999978
      ],
      [
        -0.036623999999999976,
        -0.033651999999999974,
        0.9809559999999999,
        0.004787999999999959,
        0.029031999999999995
      ],
      [
        -0.02955199999999999,
        0.002404,
        0.004787999999999959,
        0.6705239999999999,
        0.025335999999999956
      ],
      [
        -0.013727999999999956,
        -0.008343999999999978,
        0.029031999999999995,
        0.025335999999999956,
        0.998704
      ]
    ],
    [
      [
        0.997884,
        -0.02236800000000002,
        -0.03533599999999997,
        -0.006172000000000028,
        -0.004091999999999951
      ],
      [
        -0.02236800000000002,
        0.999936,
        0.027071999999999995,
        0.014143999999999959,
        -0.006016000000000006
      ],
      [
        -0.03533599999999997,
        0.027071999999999995,
        0.986544,
        0.030087999999999983,
        0.017767999999999926
      ],
      [
        -0.006172000000000028,
        0.014143999999999959,
        0.030087999999999983,
        0.767676,
        -0.04096400000000001
      ],
      [
        -0.004091999999999951,
        -0.006016000000000006,
        0.017767999999999926,
        -0.04096400000000001,
        0.999996
      ]
    ],
    [
      [
        0.993276,
        0.024884000000000052,
        9.600000000005438e-05,
        0.03366000000000005,
        -0.00671999999999995
      ],
      [
        0.024884000000000052,
        0.998556,
        0.043264000000000066,
        -0.0060599999999999595,
        0.027520000000000024
      ],
      [
        9.600000000005438e-05,
        0.043264000000000066,
        0.994816,
        -0.0006400000000000051,
        -0.01712000000000004
      ],
      [
        0.03366000000000005,
        -0.0060599999999999595,
        -0.0006400000000000051,
        0.8631,
        0.020799999999999992
      ],
      [
        -0.00671999999999995,
        0.027520000000000024,
        -0.01712000000000004,
        0.020799999999999992,
        0.9984
      ]
    ],
    [
      [
        0.997884,
        0.026735999999999996,
        -0.022367999999999968,
        -0.0025120000000001114,
        0.03781600000000003
      ],
      [
        0.026735999999999996,
        0.999744,
        -0.03587200000000006,
        0.01235200000000001,
        0.01206400000000004
      ],
      [
        -0.022367999999999968,
        -0.03587200000000006,
        0.999936,
        -0.00617600000000002,
        -0.004032000000000004
      ],
      [
        -0.0025120000000001114,
        0.01235200000000001,
        -0.00617600000000002,
        0.9260159999999998,
        -0.02508800000000008
      ],
      [
        0.03781600000000003,
        0.01206400000000004,
        -0.004032000000000004,
        -0.02508800000000008,
        0.999984
      ]
    ],
    [
      [
        0.9984,
        -0.023040000000000022,
        -0.03199999999999997,
        -0.03535999999999999,
        -0.03456
      ],
      [
        -0.023040000000000022,
        0.999424,
        0.008000000000000007,
        -0.028383999999999972,
        0.01433600000000001
      ],
      [
        -0.03199999999999997,
        0.008000000000000007,
        1.0,
        -0.0020000000000000018,
        -0.014000000000000012
      ],
      [
        -0.03535999999999999,
        -0.028383999999999972,
        -0.0020000000000000018,
        0.945244,
        0.064724
      ],
      [
        -0.03456,
        0.01433600000000001,
        -0.014000000000000012,
        0.064724,
        0.999804
      ]
    ],
    [
      [
        0.999804,
        0.009944000000000008,
        -0.031008,
        0.034796000000000056,
        0.03186000000000003
      ],
      [
        0.009944000000000008,
        0.999984,
        -0.004288000000000004,
        0.017656000000000015,
        -0.0020400000000000296
      ],
      [
        -0.031008,
        -0.004288000000000004,
        0.994816,
        0.01980800000000004,
        -0.006720000000000006
      ],
      [
        0.034796000000000056,
        0.017656000000000015,
        0.01980800000000004,
        0.992604,
        -0.016860000000000017
      ],
      [
        0.03186000000000003,
        -0.0020400000000000296,
        -0.006720000000000006,
        -0.016860000000000017,
        0.9999
      ]
    ],
    [
      [
        0.994816,
        0.02684799999999997,
        0.0033919999999999714,
        0.015935999999999978,
        0.03884800000000001
      ],
      [
        0.02684799999999997,
        0.999744,
        0.042976000000000035,
        0.006207999999999976,
        0.039744000000000036
      ],
      [
        0.0033919999999999714,
        0.042976000000000035,
        0.995904,
        0.008832000000000001,
        0.022975999999999965
      ],
      [
        0.015935999999999978,
        0.006207999999999976,
        0.008832000000000001,
        0.987456,
        0.0062080000000000034
      ],
      [
        0.03884800000000001,
        0.039744000000000036,
        0.022975999999999965,
        0.0062080000000000034,
        0.9997440000000002
      ]
    ],
    [
      [
        0.999804,
        -0.02250400000000002,
        0.002168000000000002,
        0.06295200000000006,
        -0.03958000000000004
      ],
      [
        -0.02250400000000002,
        0.998704,
        -0.04756800000000004,
        -0.017552000000000012,
        -0.012920000000000046
      ],
      [
        0.002168000000000002,
        -0.04756800000000004,
        0.999856,
        -0.004816000000000005,
        -0.002359999999999972
      ],
      [
        0.06295200000000006,
        -0.017552000000000012,
        -0.004816000000000005,
        0.995376,
        -0.04003999999999999
      ],
      [
        -0.03958000000000004,
        -0.012920000000000046,
        -0.002359999999999972,
        -0.04003999999999999,
        0.9991000000000002
      ]
    ],
    [
      [
        0.998844,
        -0.001048,
        0.017048000000000015,
        0.03244800000000003,
        -0.04820400000000004
      ],
      [
        -0.001048,
        0.999216,
        -0.08721600000000007,
        -0.03801599999999998,
        -0.03383200000000003
      ],
      [
        0.017048000000000015,
        -0.08721600000000007,
        0.999216,
        -0.03398400000000003,
        -0.014167999999999983
      ],
      [
        0.03244800000000003,
        -0.03801599999999998,
        -0.03398400000000003,
        0.994816,
        -0.04556799999999996
      ],
      [
        -0.04820400000000004,
        -0.03383200000000003,
        -0.014167999999999983,
        -0.04556799999999996,
        0.999964
      ]
    ],
    [
      [
        0.999856,
        -0.029592000000000028,
        -0.04385600000000004,
        0.0009599999999999732,
        0.035808000000000034
      ],
      [
        -0.029592000000000028,
        0.998844,
        0.02159200000000002,
        0.003279999999999979,
        0.022544000000000015
      ],
      [
        -0.04385600000000004,
        0.02159200000000002,
        0.999856,
        0.0030400000000000028,
        0.052192000000000044
      ],
      [
        0.0009599999999999732,
        0.003279999999999979,
        0.0030400000000000028,
        0.9936,
        -0.006719999999999992
      ],
      [
        0.035808000000000034,
        0.022544000000000015,
        0.052192000000000044,
        -0.006719999999999992,
        0.9997440000000002
      ]
    ],
    [
      [
        0.999996,
        0.004012000000000003,
        0.015908000000000012,
        -0.032060000000000026,
        -0.017992000000000043
      ],
      [
        0.004012000000000003,
        0.999964,
        -0.007724000000000007,
        -0.003820000000000004,
        0.03797600000000003
      ],
      [
        0.015908000000000012,
        -0.007724000000000007,
        0.997884,
        0.058620000000000054,
        -0.05381600000000002
      ],
      [
        -0.032060000000000026,
        -0.003820000000000004,
        0.058620000000000054,
        0.9990999999999999,
        -0.05788000000000002
      ],
      [
        -0.017992000000000043,
        0.03797600000000003,
        -0.05381600000000002,
        -0.05788000000000002,
        0.9999840000000002
      ]
    ],
    [
      [
        0.999984,
        0.020048000000000017,
        0.006072000000000005,
        0.015904000000000015,
        0.014024000000000012
      ],
      [
        0.020048000000000017,
        0.999856,
        -0.030216000000000028,
        0.01228800000000001,
        0.033928000000000035
      ],
      [
        0.006072000000000005,
        -0.030216000000000028,
        0.999676,
        0.02243200000000002,
        0.007892000000000008
      ],
      [
        0.015904000000000015,
        0.01228800000000001,
        0.02243200000000002,
        0.999424,
        -0.045856000000000015
      ],
      [
        0.014024000000000012,
        0.033928000000000035,
        0.007892000000000008,
        -0.045856000000000015,
        0.999964
      ]
    ],
    [
      [
        0.997884,
        0.008092000000000007,
        -0.03781600000000003,
        0.029380000000000028,
        0.01043600000000004
      ],
      [
        0.008092000000000007,
        0.999996,
        -0.04200800000000004,
        0.011940000000000011,
        0.004068000000000031
      ],
      [
        -0.03781600000000003,
        -0.04200800000000004,
        0.999984,
        -0.022120000000000018,
        -0.0018639999999999742
      ],
      [
        0.029380000000000028,
        0.011940000000000011,
        -0.022120000000000018,
        0.9991,
        -0.006980000000000009
      ],
      [
        0.01043600000000004,
        0.004068000000000031,
        -0.0018639999999999742,
        -0.006980000000000009,
        0.998844
      ]
    ],
    [
      [
        0.9999,
        -0.03772000000000003,
        0.01990000000000002,
        0.0025199999999999745,
        0.045920000000000044
      ],
      [
        -0.03772000000000003,
        0.999216,
        -0.04972000000000004,
        0.03454400000000003,
        -0.06377600000000003
      ],
      [
        0.01990000000000002,
        -0.04972000000000004,
        0.9999,
        0.04252000000000001,
        0.02991999999999997
      ],
      [
        0.0025199999999999745,
        0.03454400000000003,
        0.04252000000000001,
        0.997296,
        0.02841600000000002
      ],
      [
        0.045920000000000044,
        -0.06377600000000003,
        0.02991999999999997,
        0.02841600000000002,
        0.999936
      ]
    ]
  ]
}