{
  "settings_list": [
    [
      0.5150602804071811,
      1.2385228724054391,
      2.1618049669062898,
      1.2402800189794543,
      1.2778639104655862,
      3.0225384091231113,
      4.139296408465399,
      3.2397731627889796,
      0.007961446172469572,
      2.8542240653162003,
      4.0496023507861265,
      1.7384352696083643,
      4.518463010518779,
      5.761152142346537,
      5.355342845975887
    ],
    [
      0.5279637940711811,
      1.3337407989974392,
      2.1648813665222897,
      1.2458388025314542,
      1.2900740603535863,
      3.0129501668191114,
      4.269064127761399,
      3.2516785643249797,
      0.005840925276469566,
      2.8290300299242004,
      4.165618439106127,
      1.7320859992083641,
      4.5655119568867795,
      5.756373174026537,
      5.353591159127887
    ],
    [
      0.5294311764519811,
      1.4012714111766393,
      2.1639862194822896,
      1.255783663165054,
      1.3057575550223863,
      3.0145803615647115,
      4.394241632734199,
      3.2532492178929795,
      0.0036708378140695662,
      2.7980163524586006,
      4.2932093749141265,
      1.7324099348819642,
      4.61429722937318,
      5.7499367105193375,
      5.348705194366286
    ],
    [
      0.5290873860327812,
      1.4640495704854393,
      2.17573424013509,
      1.2577046762594541,
      1.3115611207311864,
      3.0156495109343116,
      4.503621401003,
      3.2493622253745795,
      0.0001780041820695715,
      2.7874856068202005,
      4.410556129090127,
      1.7330591368915642,
      4.6179807841059795,
      5.747463343440938,
      5.349853295582286
    ],
    [
      0.5335910069479811,
      1.5021658209110393,
      2.17677845832389,
      1.267896600992254,
      1.3204078958447862,
      3.0150258227231115,
      4.551760187018999,
      3.2407117642097796,
      -0.001059411133130442,
      2.7831651020810004,
      4.5041487336309265,
      1.7322099722643642,
      4.63287438765798,
      5.752165806698538,
      5.349072043979086
    ],
    [
      0.5348560753383811,
      1.5405400900374393,
      2.17598136229189,
      1.270924275520254,
      1.3243530155759862,
      3.0137740082463114,
      4.624199190993399,
      3.2401330203185794,
      -0.00072514469473043,
      2.7808900045706,
      4.567293591288527,
      1.7302625919315642,
      4.6495742657379795,
      5.755201569892138,
      5.350830299550286
    ],
    [
      0.5350860034695811,
      1.5506770469686393,
      2.17769436519749,
      1.280261133773054,
      1.333313941803186,
      3.0151436735583115,
      4.651663871201399,
      3.239982072123379,
      -0.002519275926730426,
      2.7813348565066,
      4.613363684082127,
      1.729720984321964,
      4.66594813210598,
      5.753759506343338,
      5.350909697393486
    ],
    [
      0.5339148126983811,
      1.5431819005174392,
      2.17772917380549,
      1.287252447526654,
      1.342097406641586,
      3.0156158404063116,
      4.691976324919799,
      3.242294302129779,
      -0.0009469914595304275,
      2.7809114403882003,
      4.643062133570127,
      1.732502644584364,
      4.664650937885179,
      5.754039800442539,
      5.353199297348686
    ],
    [
      0.5364462948615811,
      1.5527975991350391,
      2.17663380129989,
      1.288173350157054,
      1.3445330857583861,
      3.0148658405023117,
      4.709947521578999,
      3.242162673131379,
      0.0014150863900695642,
      2.7812697647466003,
      4.6542726376341275,
      1.730795615406764,
      4.674886962006779,
      5.754881018509739,
      5.353373674999887
    ],
    [
      0.5360767063463812,
      1.566394517042239,
      2.17567892066629,
      1.290237836189054,
      1.3451028884783862,
      3.0145728057759116,
      4.710341581806199,
      3.242108154900979,
      0.001627433775669554,
      2.780232211361,
      4.679217828507728,
      1.7307088123315642,
      4.6687287138147795,
      5.753824035351339,
      5.354358116977487
    ],
    [
      0.5349379221063811,
      1.5597076159222392,
      2.17576275378629,
      1.2925694859490542,
      1.3457684044783862,
      3.0140730024159117,
      4.753504278846199,
      3.244884706580979,
      0.0019242452956695507,
      2.779654162561,
      4.677869024187728,
      1.731186967451564,
      4.698225578934779,
      5.754478359031339,
      5.353251539937487
    ],
    [
      0.5337753403463812,
      1.576004677605439,
      2.17862830852549,
      1.299612627849854,
      1.3575964662255862,
      3.0161007440223115,
      4.734447708670199,
      3.243649612782579,
      0.000424582959669535,
      2.7809445828746,
      4.696778922811728,
      1.733583617973164,
      4.696946181840379,
      5.753915015658539,
      5.353233339079887
    ],
    [
      0.5329677224199811,
      1.587599126520639,
      2.1791504968070896,
      1.300686814691454,
      1.360294269329586,
      3.0172559712671116,
      4.730382803601399,
      3.243569153793779,
      0.0006260555036695374,
      2.7790489645258,
      4.711287126389328,
      1.7347183296147641,
      4.696879315613179,
      5.754907473213739,
      5.351517793742287
    ],
    [
      0.5328673524007811,
      1.594580591624639,
      2.1790900201990895,
      1.3068504009730542,
      1.369257215518386,
      3.016909616166312,
      4.7171317367981995,
      3.244164384292979,
      0.00186282685726954,
      2.7775989616074,
      4.701108930242128,
      1.7364161578707642,
      4.683269107529979,
      5.7562844355497385,
      5.353271957191887
    ],
    [
      0.5327315585895811,
      1.6017623095958389,
      2.1785978145862894,
      1.311969800454654,
      1.375327547524786,
      3.0167621986047117,
      4.704252278084599,
      3.2464103197681786,
      0.0026970731036695403,
      2.779215609217,
      4.710060550274128,
      1.7364123214931642,
      4.685439883760378,
      5.757314620279338,
      5.353576788468687
    ],
    [
      0.5327749904775811,
      1.602869080056639,
      2.1798305229286896,
      1.312659824777854,
      1.3777682714895858,
      3.0172752825567115,
      4.7254772449389995,
      3.2473560983121788,
      0.004711881660469536,
      2.779188697825,
      4.709958054411728,
      1.7372811595891642,
      4.7030255262915786,
      5.758909766711338,
      5.352974133454287
    ],
    [
      0.5335323484775811,
      1.5841189169526388,
      2.1802003485670896,
      1.315323124787454,
      1.382809681179186,
      3.0175387441855115,
      4.725609875082999,
      3.246919886260979,
      0.004266714758069533,
      2.7782872903914,
      4.714206034395728,
      1.7383081599667642,
      4.714056194105979,
      5.759015866839338,
      5.353938542919887
    ],
    [
      0.5347265424807811,
      1.5666607170742388,
      2.1796065333478896,
      1.320855471475454,
      1.389128115028786,
      3.0206547354239115,
      4.709428031947,
      3.2476653277649787,
      0.0021821459836695394,
      2.7770343301866,
      4.724435205237328,
      1.7368305328819642,
      4.707233901235579,
      5.759612552656938,
      5.356570063950287
    ],
    [
      0.5345832440999811,
      1.580354270949439,
      2.1794167070246897,
      1.321412641325054,
      1.393208762177586,
      3.0204500638271115,
      4.6950898813998,
      3.2467538723281786,
      0.0027296512188695445,
      2.7760324067754,
      4.714116190370128,
      1.7371092798707641,
      4.716914635225979,
      5.759788053796138,
      5.354945581364687
    ],
    [
      0.5374945658471811,
      1.584567389343039,
      2.1816895516454897,
      1.328632944614654,
      1.4014429606735859,
      3.0207408512895113,
      4.6966315758254,
      3.2485198953937786,
      0.0025037025916695406,
      2.7743672072937997,
      4.706632394427729,
      1.7366238807859642,
      4.70532300421798,
      5.759782810653737,
      5.356112044660687
    ],
    [
      0.5380405141415812,
      1.580059666155839,
      2.1823856147078895,
      1.332925129382654,
      1.4065941911215858,
      3.018673826275111,
      4.7040318609869995,
      3.2469818160977786,
      0.00201189495006954,
      2.7722508353609996,
      4.7171209183605285,
      1.7373766463347642,
      4.6959300945283795,
      5.759260859005737,
      5.355553544318287
    ]
  ],
  "cost_vals": [],
  "step_size": 0.1,
  "opt_step_times": [
    0.1141519546508789,
    0.1196889877319336,
    0.11942195892333984,
    0.12414193153381348,
    0.11961913108825684,
    0.11647891998291016,
    0.12095284461975098,
    0.14450907707214355,
    0.11822175979614258,
    0.11939883232116699,
    0.11680793762207031,
    0.1192011833190918,
    0.11758112907409668,
    0.12972307205200195,
    0.18753528594970703,
    0.11793994903564453,
    0.11755108833312988,
    0.11596488952636719,
    0.1207437515258789,
    0.1277313232421875
  ],
  "opt_settings": [
    0.5380405141415812,
    1.580059666155839,
    2.1823856147078895,
    1.332925129382654,
    1.4065941911215858,
    3.018673826275111,
    4.7040318609869995,
    3.2469818160977786,
    0.00201189495006954,
    2.7722508353609996,
    4.7171209183605285,
    1.7373766463347642,
    4.6959300945283795,
    5.759260859005737,
    5.355553544318287
  ],
  "min_cost": null,
  "datetime": "2023-05-30T16-34-26Z",
  "step_only": true,
  "ibm_device": "default.qubit",
  "shots": 1000,
  "prep_node_name": "5-qubit_zero_state",
  "num_qubits": 5,
  "error": false,
  "cov_mats": [
    [
      [
        0.9039,
        -0.017680000000000043,
        0.03158,
        -0.007460000000000022,
        -0.057240000000000055
      ],
      [
        -0.017680000000000043,
        0.9836159999999999,
        -0.004496000000000014,
        -0.0064480000000000925,
        0.0050879999999999155
      ],
      [
        0.03158,
        -0.004496000000000014,
        0.661276,
        -0.005412000000000139,
        0.004072000000000145
      ],
      [
        -0.007460000000000022,
        -0.0064480000000000925,
        -0.005412000000000139,
        0.6796439999999999,
        -0.0030639999999998863
      ],
      [
        -0.057240000000000055,
        0.0050879999999999155,
        0.004072000000000145,
        -0.0030639999999998863,
        0.9615840000000001
      ]
    ],
    [
      [
        0.975036,
        -0.06011600000000008,
        0.010167999999999913,
        0.023839999999999917,
        0.03675199999999992
      ],
      [
        -0.06011600000000008,
        0.989596,
        -0.031207999999999902,
        -0.027039999999999953,
        -0.03531200000000002
      ],
      [
        0.010167999999999913,
        -0.031207999999999902,
        0.836784,
        0.005919999999999814,
        -0.009823999999999958
      ],
      [
        0.023839999999999917,
        -0.027039999999999953,
        0.005919999999999814,
        0.7295999999999998,
        0.0028800000000001186
      ],
      [
        0.03675199999999992,
        -0.03531200000000002,
        -0.009823999999999958,
        0.0028800000000001186,
        0.9792640000000001
      ]
    ],
    [
      [
        0.9676,
        0.022639999999999973,
        -0.03296000000000003,
        -0.016280000000000093,
        0.04260000000000001
      ],
      [
        0.022639999999999973,
        0.997296,
        -0.07014400000000003,
        0.008007999999999998,
        0.0016400000000000286
      ],
      [
        -0.03296000000000003,
        -0.07014400000000003,
        0.926016,
        0.01988799999999992,
        0.017040000000000017
      ],
      [
        -0.016280000000000093,
        0.008007999999999998,
        0.01988799999999992,
        0.880284,
        -0.01977999999999996
      ],
      [
        0.04260000000000001,
        0.0016400000000000286,
        0.017040000000000017,
        -0.01977999999999996,
        0.9951000000000002
      ]
    ],
    [
      [
        0.979836,
        0.016936,
        0.041611999999999996,
        0.04111600000000001,
        0.05223600000000003
      ],
      [
        0.016936,
        0.991536,
        0.026311999999999953,
        0.006215999999999913,
        0.059335999999999986
      ],
      [
        0.041611999999999996,
        0.026311999999999953,
        0.954204,
        -0.04862799999999998,
        0.04041200000000015
      ],
      [
        0.04111600000000001,
        0.006215999999999913,
        -0.04862799999999998,
        0.908796,
        -0.01448399999999999
      ],
      [
        0.05223600000000003,
        0.059335999999999986,
        0.04041200000000015,
        -0.01448399999999999,
        0.996636
      ]
    ],
    [
      [
        0.997084,
        0.026543999999999967,
        0.029360000000000053,
        0.016711999999999984,
        -0.04319200000000004
      ],
      [
        0.026543999999999967,
        0.995904,
        -0.038239999999999996,
        0.06499200000000001,
        -0.008672000000000043
      ],
      [
        0.029360000000000053,
        -0.038239999999999996,
        0.9743999999999999,
        -0.019519999999999985,
        0.008320000000000018
      ],
      [
        0.016711999999999984,
        0.06499200000000001,
        -0.019519999999999985,
        0.970416,
        -0.02705600000000004
      ],
      [
        -0.04319200000000004,
        -0.008672000000000043,
        0.008320000000000018,
        -0.02705600000000004,
        0.997296
      ]
    ],
    [
      [
        0.988336,
        0.01757600000000005,
        0.03849599999999996,
        -0.03544,
        -0.021464000000000046
      ],
      [
        0.01757600000000005,
        0.993916,
        0.01113599999999999,
        0.019959999999999988,
        -0.04472400000000004
      ],
      [
        0.03849599999999996,
        0.01113599999999999,
        0.9922559999999999,
        -0.00784,
        0.017696000000000014
      ],
      [
        -0.03544,
        0.019959999999999988,
        -0.00784,
        0.9675999999999999,
        0.02956000000000009
      ],
      [
        -0.021464000000000046,
        -0.04472400000000004,
        0.017696000000000014,
        0.02956000000000009,
        0.9982360000000002
      ]
    ],
    [
      [
        0.999424,
        0.0031040000000000026,
        -0.04931200000000004,
        0.03500800000000003,
        -0.038304000000000005
      ],
      [
        0.0031040000000000026,
        0.997884,
        -0.007151999999999947,
        0.04606800000000004,
        0.014415999999999981
      ],
      [
        -0.04931200000000004,
        -0.007151999999999947,
        0.987456,
        -0.04670399999999999,
        0.05475200000000002
      ],
      [
        0.03500800000000003,
        0.04606800000000004,
        -0.04670399999999999,
        0.998236,
        -0.01396800000000004
      ],
      [
        -0.038304000000000005,
        0.014415999999999981,
        0.05475200000000002,
        -0.01396800000000004,
        0.990784
      ]
    ],
    [
      [
        0.999516,
        -0.029932000000000004,
        0.03132,
        -0.005472000000000033,
        -0.03630800000000003
      ],
      [
        -0.029932000000000004,
        0.991164,
        0.040360000000000035,
        -0.09225600000000003,
        -0.018684000000000024
      ],
      [
        0.03132,
        0.040360000000000035,
        0.9964,
        0.022560000000000018,
        0.018840000000000013
      ],
      [
        -0.005472000000000033,
        -0.09225600000000003,
        0.022560000000000018,
        0.999424,
        0.006335999999999977
      ],
      [
        -0.03630800000000003,
        -0.018684000000000024,
        0.018840000000000013,
        0.006335999999999977,
        0.999804
      ]
    ],
    [
      [
        0.995904,
        0.040080000000000005,
        -0.02297600000000002,
        -0.04486399999999999,
        0.024768000000000023
      ],
      [
        0.040080000000000005,
        0.9991,
        -0.025520000000000022,
        -0.05228000000000005,
        -0.04564000000000004
      ],
      [
        -0.02297600000000002,
        -0.025520000000000022,
        0.999744,
        0.03321600000000003,
        0.027808000000000024
      ],
      [
        -0.04486399999999999,
        -0.05228000000000005,
        0.03321600000000003,
        0.994224,
        0.044912000000000014
      ],
      [
        0.024768000000000023,
        -0.04564000000000004,
        0.027808000000000024,
        0.044912000000000014,
        0.9998560000000002
      ]
    ],
    [
      [
        0.998556,
        -0.005188000000000002,
        0.04362000000000004,
        0.0008360000000000015,
        0.037796000000000066
      ],
      [
        -0.005188000000000002,
        0.994524,
        0.0007400000000000013,
        0.02237199999999999,
        -0.011707999999999963
      ],
      [
        0.04362000000000004,
        0.0007400000000000013,
        0.9999,
        -0.02378000000000002,
        -0.024580000000000022
      ],
      [
        0.0008360000000000015,
        0.02237199999999999,
        -0.02378000000000002,
        0.999516,
        -0.030724
      ],
      [
        0.037796000000000066,
        -0.011707999999999963,
        -0.024580000000000022,
        -0.030724,
        0.9966360000000002
      ]
    ],
    [
      [
        0.997696,
        -0.01940800000000002,
        0.008912000000000041,
        -0.031392,
        0.025136000000000026
      ],
      [
        -0.01940800000000002,
        0.997084,
        0.045724000000000015,
        -0.00718399999999998,
        -0.051028
      ],
      [
        0.008912000000000041,
        0.045724000000000015,
        0.988764,
        0.01617599999999995,
        -0.02190799999999998
      ],
      [
        -0.031392,
        -0.00718399999999998,
        0.01617599999999995,
        0.990784,
        -0.01627199999999997
      ],
      [
        0.025136000000000026,
        -0.051028,
        -0.02190799999999998,
        -0.01627199999999997,
        0.999676
      ]
    ],
    [
      [
        0.999516,
        0.0022839999999999727,
        0.031956000000000026,
        0.03595600000000003,
        -0.000944
      ],
      [
        0.0022839999999999727,
        0.993916,
        -0.06015600000000003,
        -0.01215600000000001,
        -0.0022560000000000266
      ],
      [
        0.031956000000000026,
        -0.06015600000000003,
        0.999996,
        -0.032004000000000025,
        -0.02190400000000002
      ],
      [
        0.03595600000000003,
        -0.01215600000000001,
        -0.032004000000000025,
        0.999996,
        0.038096000000000005
      ],
      [
        -0.000944,
        -0.0022560000000000266,
        -0.02190400000000002,
        0.038096000000000005,
        0.9976960000000002
      ]
    ],
    [
      [
        0.999996,
        0.00017199999999997255,
        0.03598000000000003,
        0.011940000000000011,
        0.005896000000000005
      ],
      [
        0.00017199999999997255,
        0.992604,
        0.020859999999999965,
        -0.005419999999999975,
        0.014471999999999988
      ],
      [
        0.03598000000000003,
        0.020859999999999965,
        0.9999,
        -0.02030000000000002,
        0.029480000000000055
      ],
      [
        0.011940000000000011,
        -0.005419999999999975,
        -0.02030000000000002,
        0.9991,
        -0.01955999999999999
      ],
      [
        0.005896000000000005,
        0.014471999999999988,
        0.029480000000000055,
        -0.01955999999999999,
        0.9972960000000002
      ]
    ],
    [
      [
        0.999324,
        0.026103999999999995,
        0.00735199999999998,
        -0.03462400000000003,
        0.007324000000000012
      ],
      [
        0.026103999999999995,
        0.999984,
        0.02379200000000005,
        -0.003904000000000031,
        0.02210399999999999
      ],
      [
        0.00735199999999998,
        0.02379200000000005,
        0.997296,
        -0.038752000000000064,
        0.003351999999999965
      ],
      [
        -0.03462400000000003,
        -0.003904000000000031,
        -0.038752000000000064,
        0.999424,
        -0.02662399999999999
      ],
      [
        0.007324000000000012,
        0.02210399999999999,
        0.003351999999999965,
        -0.02662399999999999,
        0.9993240000000002
      ]
    ],
    [
      [
        0.998976,
        -0.02595200000000002,
        0.012256000000000012,
        0.017424000000000016,
        0.03135999999999998
      ],
      [
        -0.02595200000000002,
        0.995904,
        0.063488,
        0.04715200000000001,
        0.029279999999999987
      ],
      [
        0.012256000000000012,
        0.063488,
        0.999936,
        0.002144000000000002,
        -0.03584000000000003
      ],
      [
        0.017424000000000016,
        0.04715200000000001,
        0.002144000000000002,
        0.999676,
        0.03763999999999998
      ],
      [
        0.03135999999999998,
        0.029279999999999987,
        -0.03584000000000003,
        0.03763999999999998,
        0.9996000000000003
      ]
    ],
    [
      [
        0.998064,
        0.01690399999999999,
        -0.01096800000000001,
        -0.008176000000000008,
        0.021384000000000018
      ],
      [
        0.01690399999999999,
        0.995644,
        0.029452000000000027,
        -0.017736000000000043,
        0.03692399999999998
      ],
      [
        -0.01096800000000001,
        0.029452000000000027,
        0.999516,
        -0.010088000000000008,
        0.027692000000000026
      ],
      [
        -0.008176000000000008,
        -0.017736000000000043,
        -0.010088000000000008,
        0.999984,
        -0.062056000000000056
      ],
      [
        0.021384000000000018,
        0.03692399999999998,
        0.027692000000000026,
        -0.062056000000000056,
        0.999804
      ]
    ],
    [
      [
        0.999804,
        -0.019188000000000018,
        0.05614000000000005,
        0.0008119999999999729,
        -0.07530000000000008
      ],
      [
        -0.019188000000000018,
        0.996636,
        0.02342000000000002,
        0.02863599999999997,
        0.057100000000000005
      ],
      [
        0.05614000000000005,
        0.02342000000000002,
        0.9999,
        -0.004580000000000004,
        -0.036500000000000005
      ],
      [
        0.0008119999999999729,
        0.02863599999999997,
        -0.004580000000000004,
        0.996636,
        -0.006899999999999965
      ],
      [
        -0.07530000000000008,
        0.057100000000000005,
        -0.036500000000000005,
        -0.006899999999999965,
        0.9975000000000003
      ]
    ],
    [
      [
        0.999936,
        0.024384000000000024,
        -0.006016000000000006,
        -0.0038720000000000035,
        0.059712
      ],
      [
        0.024384000000000024,
        0.997696,
        -0.013904000000000012,
        -0.004768000000000005,
        0.033727999999999966
      ],
      [
        -0.006016000000000006,
        -0.013904000000000012,
        0.999996,
        0.01003200000000001,
        0.005928000000000005
      ],
      [
        -0.0038720000000000035,
        -0.004768000000000005,
        0.01003200000000001,
        0.999744,
        0.004576000000000001
      ],
      [
        0.059712,
        0.033727999999999966,
        0.005928000000000005,
        0.004576000000000001,
        0.9987040000000003
      ]
    ],
    [
      [
        0.998556,
        -0.034304,
        -0.009088000000000035,
        -0.029139999999999996,
        0.03430400000000003
      ],
      [
        -0.034304,
        0.999936,
        0.052192000000000016,
        -0.014239999999999985,
        -0.03193599999999997
      ],
      [
        -0.009088000000000035,
        0.052192000000000016,
        0.999424,
        0.006719999999999978,
        0.03180800000000003
      ],
      [
        -0.029139999999999996,
        -0.014239999999999985,
        0.006719999999999978,
        0.9991,
        0.0022399999999999738
      ],
      [
        0.03430400000000003,
        -0.03193599999999997,
        0.03180800000000003,
        0.0022399999999999738,
        0.9999360000000003
      ]
    ],
    [
      [
        0.997296,
        0.003768000000000005,
        0.05514400000000005,
        -0.054544000000000044,
        -0.00020799999999996974
      ],
      [
        0.003768000000000005,
        0.998844,
        0.027252000000000023,
        0.03704800000000003,
        0.030135999999999996
      ],
      [
        0.05514400000000005,
        0.027252000000000023,
        0.999516,
        0.029384000000000025,
        0.006087999999999976
      ],
      [
        -0.054544000000000044,
        0.03704800000000003,
        0.029384000000000025,
        0.999216,
        -0.047888000000000014
      ],
      [
        -0.00020799999999996974,
        0.030135999999999996,
        0.006087999999999976,
        -0.047888000000000014,
        0.999984
      ]
    ],
    [
      [
        0.998556,
        -0.019115999999999963,
        0.01967199999999999,
        -0.04898799999999999,
        -0.08114000000000006
      ],
      [
        -0.019115999999999963,
        0.993276,
        -0.002392000000000029,
        -0.010131999999999954,
        0.01354000000000003
      ],
      [
        0.01967199999999999,
        -0.002392000000000029,
        0.998064,
        -0.0008560000000000275,
        -0.028680000000000063
      ],
      [
        -0.04898799999999999,
        -0.010131999999999954,
        -0.0008560000000000275,
        0.999324,
        -0.02878000000000002
      ],
      [
        -0.08114000000000006,
        0.01354000000000003,
        -0.028680000000000063,
        -0.02878000000000002,
        0.9991000000000002
      ]
    ]
  ]
}