{
  "settings_list": [
    [
      1.2761991219707862,
      1.2261796971711338,
      1.7107371485032452,
      0.6341005562676302,
      4.078462900666896,
      4.389475211848372,
      4.81710622371594,
      1.938319132014059,
      0.231963362880263,
      2.9375434756695187,
      1.9557380104382178,
      4.7249591452433375,
      0.35680010980564725,
      2.1125621636742205,
      6.061760613052408
    ],
    [
      1.3021538016827863,
      1.2353500328319338,
      1.7101689010920451,
      0.6805230992500302,
      4.175508804481296,
      4.386606348149172,
      4.80318433663114,
      1.9383038456204589,
      0.231643300550663,
      2.931333994767119,
      1.8511924565758178,
      4.722921936660938,
      0.38059452617044726,
      1.9871934531398205,
      6.058421657244408
    ],
    [
      1.3106856414427863,
      1.2468694529375337,
      1.7191740636456452,
      0.7175194902996302,
      4.270158619345295,
      4.382381114065972,
      4.80588153705354,
      1.9333652154892589,
      0.23476871775386302,
      2.9233701812151187,
      1.7427707660222178,
      4.723355983662538,
      0.39460774402644727,
      1.8927069130566205,
      6.053871053663609
    ],
    [
      1.3188828025947863,
      1.2541634764575338,
      1.7165377007976452,
      0.7529414127636302,
      4.349055426225295,
      4.3746636238899725,
      4.79825801458954,
      1.925979767489259,
      0.233926653721863,
      2.926952154079119,
      1.6921075032382178,
      4.724259280014538,
      0.4069347584584473,
      1.7999900203526205,
      6.052865411935609
    ],
    [
      1.3265411349147862,
      1.2568940130975337,
      1.7171269102376452,
      0.7626536767636303,
      4.390370380145295,
      4.375581070129972,
      4.79492379490954,
      1.9328072641292589,
      0.236248325241863,
      2.9256348873591187,
      1.6526883625982176,
      4.721330361294537,
      0.4171115870984473,
      1.7157798294726205,
      6.051625421215609
    ],
    [
      1.3316755704347862,
      1.2634675878655337,
      1.714843060333645,
      0.7797717596276302,
      4.446097333281295,
      4.376197386689973,
      4.80022257697354,
      1.9321930568812589,
      0.24258351948186302,
      2.9237623772631185,
      1.6177519687902175,
      4.7267256961425375,
      0.4170231821704473,
      1.6631903287526204,
      6.057401396591609
    ],
    [
      1.3370754255067863,
      1.2726004115775338,
      1.716463194845645,
      0.7910951705876302,
      4.488863940401295,
      4.376370217489973,
      4.79806574414154,
      1.936360949697259,
      0.24687645064986302,
      2.9235150115191186,
      1.6108499503582177,
      4.723515126670537,
      0.4192787948744473,
      1.6216897103686203,
      6.056895710751609
    ],
    [
      1.3447419200667863,
      1.2807094947167337,
      1.717997563821645,
      0.7980432069236303,
      4.519860751380495,
      4.376948133857973,
      4.79263523529034,
      1.936134029924459,
      0.248031356349063,
      2.9218638962775185,
      1.6071987216766177,
      4.720423065211337,
      0.4171103567624473,
      1.6113160531942203,
      6.055200192124409
    ],
    [
      1.3607787157147864,
      1.2934717725791336,
      1.7179261220808448,
      0.8026827012212303,
      4.5633557235660955,
      4.376128690683573,
      4.77962290622794,
      1.931893512804459,
      0.247120297737863,
      2.9170971041111184,
      1.5645475591806175,
      4.719527497083337,
      0.4165905061640473,
      1.5903861594598203,
      6.055748825033209
    ],
    [
      1.3614754650651864,
      1.2948777987391336,
      1.719676310292045,
      0.8061929797556303,
      4.584766201914896,
      4.375528072888373,
      4.77678600576394,
      1.932253617985259,
      0.249785196390663,
      2.9161940855479185,
      1.5790721744542175,
      4.717745400308937,
      0.4155117993416473,
      1.5738680905446203,
      6.056452818895609
    ],
    [
      1.3714684360987863,
      1.3008577905471335,
      1.720512609556045,
      0.8055035664948303,
      4.6015904865740955,
      4.375836777566772,
      4.77498663613834,
      1.9325732953740589,
      0.24984472953626297,
      2.9155804819255184,
      1.5708865923742175,
      4.719694543067337,
      0.41458782940884725,
      1.5749667155302203,
      6.054303038095609
    ],
    [
      1.3757393541307863,
      1.3028913944031335,
      1.720864944100045,
      0.8058853510068303,
      4.600245297166095,
      4.375481449278772,
      4.771371690250341,
      1.929250685326059,
      0.25058250793626297,
      2.9134339995095186,
      1.5580847069182173,
      4.721434639355337,
      0.41685882993684725,
      1.5821119309382203,
      6.053905372447609
    ],
    [
      1.3756369995451863,
      1.3022277615775335,
      1.721588178196045,
      0.8085672587092303,
      4.616050903722895,
      4.373664327941172,
      4.767724324199141,
      1.929239141582059,
      0.25038889896986294,
      2.9125162490071186,
      1.5579535421214175,
      4.719903982596937,
      0.4172659800200473,
      1.6078300160294203,
      6.053929238025209
    ],
    [
      1.3809460870363863,
      1.3063876838303334,
      1.719700895492045,
      0.8114461683348303,
      4.633154396407695,
      4.373066356846771,
      4.771877823447141,
      1.930394838676459,
      0.24982514266586292,
      2.9137770565399186,
      1.5663672166014175,
      4.720834271480137,
      0.41750166392084725,
      1.5961656712390204,
      6.054521862015609
    ],
    [
      1.3868635341019864,
      1.3121527467423335,
      1.7214591725096449,
      0.8135029030548303,
      4.654502212778896,
      4.372059596936372,
      4.764950548643941,
      1.929882963271659,
      0.2483007841634629,
      2.9148863822615185,
      1.5740166621054175,
      4.719527292587337,
      0.4175523561704473,
      1.5859901353926205,
      6.054279778226809
    ],
    [
      1.3908893622747864,
      1.3164541950687334,
      1.723032670192845,
      0.8137294619668303,
      4.677640737982096,
      4.371538102657971,
      4.759198177354341,
      1.931698725940459,
      0.2465510458530629,
      2.9164047834455187,
      1.5608817166782174,
      4.720986081387337,
      0.41861358702484724,
      1.5807053694214204,
      6.05427070467161
    ],
    [
      1.3956008842651864,
      1.3204988103519333,
      1.7232106386280448,
      0.8140803564372303,
      4.695079026782096,
      4.371757369057971,
      4.760490099434341,
      1.932872178343659,
      0.2462013133538629,
      2.9164067981463186,
      1.5837964145854175,
      4.721002206782536,
      0.41785082461844725,
      1.5833782772486202,
      6.053546899270009
    ],
    [
      1.3956531722651864,
      1.3197240579103333,
      1.7225005889832448,
      0.8129192256532303,
      4.689812116106896,
      4.372354396821171,
      4.754629141738341,
      1.930543463994859,
      0.2454904645346629,
      2.9174744821847187,
      1.5924878551358175,
      4.723057593956936,
      0.41933676738964726,
      1.5670725613446201,
      6.05409361603801
    ],
    [
      1.3964164267355863,
      1.3217233537503332,
      1.7245599606376447,
      0.8142676041620303,
      4.702862814628497,
      4.372906552366771,
      4.757114891850341,
      1.9315046414284591,
      0.2469116895458629,
      2.9193819348951187,
      1.5735537582654173,
      4.723178248363336,
      0.41824063521684723,
      1.56339402953022,
      6.05450087085401
    ],
    [
      1.4010619519035863,
      1.3251412615903333,
      1.7267026073832448,
      0.8157799540500302,
      4.709034864868497,
      4.373682686091572,
      4.742547454151141,
      1.929634117089259,
      0.2495135320738629,
      2.9199701315383186,
      1.5824741556318174,
      4.723824945560136,
      0.41601373518484724,
      1.54889546191742,
      6.054381402873211
    ],
    [
      1.4031543619771862,
      1.3267647618719334,
      1.7263325872104447,
      0.8158061601940302,
      4.706916938884497,
      4.373313395729972,
      4.735834045395941,
      1.929992338689259,
      0.2501706368546629,
      2.919324410149519,
      1.5855514406942175,
      4.7231160304881366,
      0.41504525796244723,
      1.55266462108542,
      6.05391991672921
    ]
  ],
  "cost_vals": [],
  "step_size": 0.1,
  "opt_step_times": [
    0.1422410011291504,
    0.12984204292297363,
    0.1368420124053955,
    0.13103532791137695,
    0.13416576385498047,
    0.13268804550170898,
    0.1422560214996338,
    0.14857721328735352,
    0.1303410530090332,
    0.14075207710266113,
    0.1329820156097412,
    0.13364601135253906,
    0.1360640525817871,
    0.1296079158782959,
    0.20812225341796875,
    0.20251226425170898,
    0.15221595764160156,
    0.13125991821289062,
    0.13142085075378418,
    0.13626384735107422
  ],
  "opt_settings": [
    1.4031543619771862,
    1.3267647618719334,
    1.7263325872104447,
    0.8158061601940302,
    4.706916938884497,
    4.373313395729972,
    4.735834045395941,
    1.929992338689259,
    0.2501706368546629,
    2.919324410149519,
    1.5855514406942175,
    4.7231160304881366,
    0.41504525796244723,
    1.55266462108542,
    6.05391991672921
  ],
  "min_cost": null,
  "datetime": "2023-05-30T16-35-17Z",
  "step_only": true,
  "ibm_device": "default.qubit",
  "shots": 1000,
  "prep_node_name": "5-qubit_zero_state",
  "num_qubits": 5,
  "error": false,
  "cov_mats": [
    [
      [
        0.994224,
        0.005368000000000005,
        -0.006784000000000033,
        -0.012600000000000004,
        -0.008175999999999947
      ],
      [
        0.005368000000000005,
        0.731676,
        -0.018288000000000016,
        -0.006700000000000039,
        -0.021432000000000007
      ],
      [
        -0.006784000000000033,
        -0.018288000000000016,
        0.999744,
        -0.00439999999999995,
        -0.012384000000000011
      ],
      [
        -0.012600000000000004,
        -0.006700000000000039,
        -0.00439999999999995,
        0.8775000000000001,
        0.02540000000000006
      ],
      [
        -0.008175999999999947,
        -0.021432000000000007,
        -0.012384000000000011,
        0.02540000000000006,
        0.725424
      ]
    ],
    [
      [
        0.987456,
        0.009247999999999985,
        0.002255999999999976,
        0.018863999999999947,
        -0.014751999999999987
      ],
      [
        0.009247999999999985,
        0.836784,
        -0.037351999999999975,
        -0.02568799999999996,
        -0.015215999999999952
      ],
      [
        0.002255999999999976,
        -0.037351999999999975,
        0.998556,
        -0.025435999999999966,
        -0.025351999999999993
      ],
      [
        0.018863999999999947,
        -0.02568799999999996,
        -0.025435999999999966,
        0.922716,
        -0.0416880000000001
      ],
      [
        -0.014751999999999987,
        -0.015215999999999952,
        -0.025351999999999993,
        -0.0416880000000001,
        0.8367840000000001
      ]
    ],
    [
      [
        0.992944,
        -0.009607999999999992,
        0.04171199999999993,
        -0.004312000000000014,
        -0.07782399999999995
      ],
      [
        -0.009607999999999992,
        0.885756,
        -0.07698400000000002,
        0.025684000000000026,
        0.01276799999999996
      ],
      [
        0.04171199999999993,
        -0.07698400000000002,
        0.995376,
        -0.04717599999999997,
        -0.02195200000000002
      ],
      [
        -0.004312000000000014,
        0.025684000000000026,
        -0.04717599999999997,
        0.9524759999999998,
        0.007552000000000017
      ],
      [
        -0.07782399999999995,
        0.01276799999999996,
        -0.02195200000000002,
        0.007552000000000017,
        0.930304
      ]
    ],
    [
      [
        0.997084,
        -0.021419999999999922,
        0.030700000000000054,
        -0.009075999999999924,
        -0.05833599999999995
      ],
      [
        -0.021419999999999922,
        0.9271,
        0.002499999999999945,
        0.02138000000000002,
        -0.008320000000000091
      ],
      [
        0.030700000000000054,
        0.002499999999999945,
        0.9974999999999999,
        0.01270000000000007,
        -0.01680000000000002
      ],
      [
        -0.009075999999999924,
        0.02138000000000002,
        0.01270000000000007,
        0.9911639999999999,
        -0.03369599999999991
      ],
      [
        -0.05833599999999995,
        -0.008320000000000091,
        -0.01680000000000002,
        -0.03369599999999991,
        0.953344
      ]
    ],
    [
      [
        0.993916,
        -0.002343999999999947,
        -0.04262400000000003,
        -0.0014599999999999344,
        -0.0009239999999999093
      ],
      [
        -0.002343999999999947,
        0.936496,
        0.054016000000000064,
        0.003639999999999949,
        0.03821600000000002
      ],
      [
        -0.04262400000000003,
        0.054016000000000064,
        0.999936,
        0.029439999999999973,
        0.07113599999999995
      ],
      [
        -0.0014599999999999344,
        0.003639999999999949,
        0.029439999999999973,
        0.9950999999999999,
        0.013939999999999939
      ],
      [
        -0.0009239999999999093,
        0.03821600000000002,
        0.07113599999999995,
        0.013939999999999939,
        0.9798360000000003
      ]
    ],
    [
      [
        0.9964,
        0.01564000000000007,
        -0.05287999999999999,
        0.0035200000000000027,
        -0.051439999999999986
      ],
      [
        0.01564000000000007,
        0.9135639999999999,
        -0.04128800000000001,
        0.04435200000000004,
        -0.008344000000000094
      ],
      [
        -0.05287999999999999,
        -0.04128800000000001,
        0.997296,
        -0.003584000000000003,
        0.016047999999999982
      ],
      [
        0.0035200000000000027,
        0.04435200000000004,
        -0.003584000000000003,
        0.999936,
        0.008608000000000008
      ],
      [
        -0.051439999999999986,
        -0.008344000000000094,
        0.016047999999999982,
        0.008608000000000008,
        0.994224
      ]
    ],
    [
      [
        0.998844,
        -0.041240000000000034,
        -0.0007200000000000032,
        -0.00336000000000003,
        -0.014027999999999987
      ],
      [
        -0.041240000000000034,
        0.9803999999999999,
        -0.07279999999999998,
        0.01760000000000001,
        0.005880000000000045
      ],
      [
        -0.0007200000000000032,
        -0.07279999999999998,
        0.9936,
        0.01679999999999996,
        -0.01335999999999999
      ],
      [
        -0.00336000000000003,
        0.01760000000000001,
        0.01679999999999996,
        0.9984,
        -0.007680000000000012
      ],
      [
        -0.014027999999999987,
        0.005880000000000045,
        -0.01335999999999999,
        -0.007680000000000012,
        0.996636
      ]
    ],
    [
      [
        0.997696,
        -0.024720000000000044,
        0.03238400000000003,
        0.002656000000000029,
        -0.03656
      ],
      [
        -0.024720000000000044,
        0.9879,
        0.005120000000000032,
        0.03308000000000003,
        -0.031299999999999925
      ],
      [
        0.03238400000000003,
        0.005120000000000032,
        0.999936,
        -0.051776000000000044,
        0.02176000000000002
      ],
      [
        0.002656000000000029,
        0.03308000000000003,
        -0.051776000000000044,
        0.999216,
        -0.025160000000000047
      ],
      [
        -0.03656,
        -0.031299999999999925,
        0.02176000000000002,
        -0.025160000000000047,
        0.9991000000000002
      ]
    ],
    [
      [
        0.995904,
        -0.028064,
        -0.04756799999999999,
        -0.007744000000000035,
        0.017024000000000015
      ],
      [
        -0.028064,
        0.984624,
        0.009287999999999994,
        -0.012495999999999983,
        0.0020160000000000017
      ],
      [
        -0.04756799999999999,
        0.009287999999999994,
        0.9985559999999999,
        -0.010152000000000008,
        0.07739200000000004
      ],
      [
        -0.007744000000000035,
        -0.012495999999999983,
        -0.010152000000000008,
        0.999984,
        -0.004064000000000003
      ],
      [
        0.017024000000000015,
        0.0020160000000000017,
        0.07739200000000004,
        -0.004064000000000003,
        0.9997440000000002
      ]
    ],
    [
      [
        0.997084,
        -0.027088000000000004,
        -0.026051999999999968,
        0.050051999999999985,
        0.006915999999999978
      ],
      [
        -0.027088000000000004,
        0.983616,
        -0.029136000000000054,
        -0.038863999999999926,
        -0.020911999999999993
      ],
      [
        -0.026051999999999968,
        -0.029136000000000054,
        0.998556,
        -0.01855599999999999,
        0.0020520000000000312
      ],
      [
        0.050051999999999985,
        -0.038863999999999926,
        -0.01855599999999999,
        0.998556,
        -0.034052000000000006
      ],
      [
        0.006915999999999978,
        -0.020911999999999993,
        0.0020520000000000312,
        -0.034052000000000006,
        0.9970840000000002
      ]
    ],
    [
      [
        0.997884,
        0.01096799999999995,
        0.04230000000000001,
        -0.07935600000000007,
        -0.05363199999999996
      ],
      [
        0.01096799999999995,
        0.988336,
        0.060599999999999994,
        -0.03951199999999998,
        -0.036864000000000015
      ],
      [
        0.04230000000000001,
        0.060599999999999994,
        0.9974999999999999,
        -0.08070000000000005,
        0.009600000000000003
      ],
      [
        -0.07935600000000007,
        -0.03951199999999998,
        -0.08070000000000005,
        0.999804,
        -0.002111999999999976
      ],
      [
        -0.05363199999999996,
        -0.036864000000000015,
        0.009600000000000003,
        -0.002111999999999976,
        0.999936
      ]
    ],
    [
      [
        0.999936,
        0.004703999999999977,
        0.05619200000000002,
        -0.018080000000000016,
        0.02195200000000002
      ],
      [
        0.004703999999999977,
        0.992256,
        -0.062112,
        -0.025119999999999993,
        0.062528
      ],
      [
        0.05619200000000002,
        -0.062112,
        0.999424,
        -0.013760000000000012,
        -0.029856000000000025
      ],
      [
        -0.018080000000000016,
        -0.025119999999999993,
        -0.013760000000000012,
        0.9999,
        -0.008060000000000008
      ],
      [
        0.02195200000000002,
        0.062528,
        -0.029856000000000025,
        -0.008060000000000008,
        0.9999640000000002
      ]
    ],
    [
      [
        0.997296,
        -0.031168000000000026,
        -0.03285600000000003,
        0.015976000000000014,
        -0.01835999999999999
      ],
      [
        -0.031168000000000026,
        0.999744,
        0.03364800000000003,
        0.0013920000000000007,
        0.004880000000000033
      ],
      [
        -0.03285600000000003,
        0.03364800000000003,
        0.999516,
        0.043164000000000036,
        0.014460000000000015
      ],
      [
        0.015976000000000014,
        0.0013920000000000007,
        0.043164000000000036,
        0.998556,
        -0.02666000000000002
      ],
      [
        -0.01835999999999999,
        0.004880000000000033,
        0.014460000000000015,
        -0.02666000000000002,
        0.9951000000000004
      ]
    ],
    [
      [
        0.996636,
        -0.01918799999999999,
        0.02391200000000002,
        0.01046400000000001,
        0.043652
      ],
      [
        -0.01918799999999999,
        0.999804,
        -0.04949600000000005,
        -0.002112000000000002,
        -0.019916000000000017
      ],
      [
        0.02391200000000002,
        -0.04949600000000005,
        0.998704,
        -0.015712000000000014,
        -0.010216000000000015
      ],
      [
        0.01046400000000001,
        -0.002112000000000002,
        -0.015712000000000014,
        0.999936,
        -0.04995200000000002
      ],
      [
        0.043652,
        -0.019916000000000017,
        -0.010216000000000015,
        -0.04995200000000002,
        0.9999640000000002
      ]
    ],
    [
      [
        0.9996,
        0.040400000000000005,
        0.016000000000000014,
        -0.007280000000000006,
        -0.02540000000000002
      ],
      [
        0.040400000000000005,
        0.9996,
        -0.01200000000000001,
        0.007280000000000006,
        -0.03060000000000003
      ],
      [
        0.016000000000000014,
        -0.01200000000000001,
        1.0,
        -0.052000000000000046,
        0.010000000000000009
      ],
      [
        -0.007280000000000006,
        0.007280000000000006,
        -0.052000000000000046,
        0.998704,
        -0.0030800000000000055
      ],
      [
        -0.02540000000000002,
        -0.03060000000000003,
        0.010000000000000009,
        -0.0030800000000000055,
        0.9991000000000002
      ]
    ],
    [
      [
        0.996156,
        0.032479999999999974,
        -0.00635599999999998,
        0.004760000000000031,
        0.007735999999999974
      ],
      [
        0.032479999999999974,
        0.9984,
        0.0035199999999999745,
        -0.02320000000000002,
        0.006880000000000011
      ],
      [
        -0.00635599999999998,
        0.0035199999999999745,
        0.998556,
        0.029240000000000026,
        -0.02493599999999997
      ],
      [
        0.004760000000000031,
        -0.02320000000000002,
        0.029240000000000026,
        0.9996,
        0.052560000000000044
      ],
      [
        0.007735999999999974,
        0.006880000000000011,
        -0.02493599999999997,
        0.052560000000000044,
        0.9992160000000004
      ]
    ],
    [
      [
        0.998556,
        -0.003568000000000001,
        0.010000000000000009,
        -0.054456000000000046,
        -0.012479999999999991
      ],
      [
        -0.003568000000000001,
        0.995904,
        -0.016000000000000014,
        -0.031232000000000027,
        -0.010559999999999969
      ],
      [
        0.010000000000000009,
        -0.016000000000000014,
        1.0,
        -0.01200000000000001,
        -0.01999999999999999
      ],
      [
        -0.054456000000000046,
        -0.031232000000000027,
        -0.01200000000000001,
        0.999856,
        0.028479999999999995
      ],
      [
        -0.012479999999999991,
        -0.010559999999999969,
        -0.01999999999999999,
        0.028479999999999995,
        0.9984000000000003
      ]
    ],
    [
      [
        0.995904,
        -0.029440000000000053,
        -0.011824000000000008,
        -0.00025600000000002823,
        -0.008768000000000036
      ],
      [
        -0.029440000000000053,
        0.9984,
        0.028640000000000023,
        -0.02384000000000002,
        -0.02352000000000002
      ],
      [
        -0.011824000000000008,
        0.028640000000000023,
        0.998844,
        -0.05386400000000005,
        0.026408000000000025
      ],
      [
        -0.00025600000000002823,
        -0.02384000000000002,
        -0.05386400000000005,
        0.999984,
        -0.004048000000000004
      ],
      [
        -0.008768000000000036,
        -0.02352000000000002,
        0.026408000000000025,
        -0.004048000000000004,
        0.9998560000000002
      ]
    ],
    [
      [
        0.999804,
        0.0047000000000000045,
        0.01174800000000001,
        0.025888000000000022,
        0.05338400000000005
      ],
      [
        0.0047000000000000045,
        0.9974999999999999,
        -0.015100000000000013,
        -0.037600000000000036,
        0.004200000000000006
      ],
      [
        0.01174800000000001,
        -0.015100000000000013,
        0.999676,
        0.013856000000000012,
        0.04920799999999999
      ],
      [
        0.025888000000000022,
        -0.037600000000000036,
        0.013856000000000012,
        0.999936,
        -0.03635200000000003
      ],
      [
        0.05338400000000005,
        0.004200000000000006,
        0.04920799999999999,
        -0.03635200000000003,
        0.9980640000000002
      ]
    ],
    [
      [
        0.9996,
        0.005480000000000004,
        -0.03852000000000003,
        0.022120000000000018,
        -0.004480000000000005
      ],
      [
        0.005480000000000004,
        0.999324,
        0.031324000000000025,
        0.036156000000000035,
        -0.050624000000000016
      ],
      [
        -0.03852000000000003,
        0.031324000000000025,
        0.999324,
        0.020156000000000018,
        -0.018624000000000016
      ],
      [
        0.022120000000000018,
        0.036156000000000035,
        0.020156000000000018,
        0.999964,
        0.03814400000000003
      ],
      [
        -0.004480000000000005,
        -0.050624000000000016,
        -0.018624000000000016,
        0.03814400000000003,
        0.9994240000000002
      ]
    ],
    [
      [
        0.997884,
        0.04643600000000004,
        0.015724000000000012,
        -0.016896000000000015,
        -0.050435999999999995
      ],
      [
        0.04643600000000004,
        0.998844,
        0.0037960000000000034,
        -0.005184000000000004,
        -0.018844000000000048
      ],
      [
        0.015724000000000012,
        0.0037960000000000034,
        0.999964,
        -0.009856000000000009,
        0.04020400000000001
      ],
      [
        -0.016896000000000015,
        -0.005184000000000004,
        -0.009856000000000009,
        0.999424,
        0.057184000000000026
      ],
      [
        -0.050435999999999995,
        -0.018844000000000048,
        0.04020400000000001,
        0.057184000000000026,
        0.998844
      ]
    ]
  ]
}