{
  "settings_list": [
    [
      5.804426067820419,
      5.7030860314379455,
      5.029143521749743,
      3.764851420322972,
      2.833201968394843,
      4.153249003133488,
      0.6295650883927177,
      2.486582643557373,
      0.008172674614054699,
      4.049765589419822,
      4.441660207844281,
      1.1838078599758621,
      0.2971242656254824,
      0.7084099118207878,
      3.1891990006891184
    ],
    [
      5.753139608476419,
      5.639930367981946,
      5.029296249045744,
      3.842230849474972,
      2.799736043242843,
      4.155422673885488,
      0.7070401815927178,
      2.414178980165373,
      0.009499288614054706,
      4.060889794747822,
      4.481483229908281,
      1.1893465238798622,
      0.3325131143934824,
      0.7943262386207879,
      3.1908781272971183
    ],
    [
      5.691087294668419,
      5.564475642221946,
      5.032663549717744,
      3.917964803186972,
      2.761985222442843,
      4.159093703933488,
      0.7945689789527177,
      2.334451889861373,
      0.006379667398054704,
      4.075328473755822,
      4.505433460772281,
      1.184775839383862,
      0.37373111264948244,
      0.8923286979327879,
      3.197236332977118
    ],
    [
      5.629329726764419,
      5.489074522938746,
      5.034632215912944,
      4.011319449126172,
      2.729230360868443,
      4.160239273744688,
      0.8618157643479177,
      2.258860930994173,
      0.0041496780156547045,
      4.087231641813422,
      4.5328637193002805,
      1.187446209444662,
      0.40924401794228243,
      1.005951701420788,
      3.200874089514718
    ],
    [
      5.571660996575619,
      5.404185917383546,
      5.039446268348144,
      4.130609792799772,
      2.692563879607643,
      4.157048471927088,
      0.9279227539991177,
      2.192009751032573,
      0.013946512940454708,
      4.089083593659822,
      4.537992758244281,
      1.1902156602798621,
      0.4353202401950824,
      1.107378134745588,
      3.203847781021918
    ],
    [
      5.508376606598019,
      5.320099478445946,
      5.040667856725744,
      4.241102680159773,
      2.660907274500443,
      4.156261595715888,
      0.9839971322263177,
      2.1274980723893733,
      0.016168697785254697,
      4.095770459477422,
      4.550483083108281,
      1.1954682289454621,
      0.4701037416606824,
      1.211237271935988,
      3.210611033809118
    ],
    [
      5.457737250962819,
      5.246267336244346,
      5.038642393493744,
      4.351612778505372,
      2.629750221508443,
      4.160749429770288,
      1.0259841308375177,
      2.079703426446973,
      0.017365955884454703,
      4.097746933208622,
      4.574614019994681,
      1.1928322731118621,
      0.48774211067188245,
      1.3049660713599882,
      3.200947154653918
    ],
    [
      5.41734063057882,
      5.167253776628345,
      5.039189298501744,
      4.4441093351613725,
      2.612836835908443,
      4.157365763818288,
      1.0674262610135177,
      2.040496781710973,
      0.014178311420454694,
      4.101082094024623,
      4.580544768650681,
      1.1945741936878622,
      0.49460064830388245,
      1.3772229485599883,
      3.200901597085918
    ],
    [
      5.383874071551619,
      5.106484904820345,
      5.036879448492144,
      4.523875649682973,
      2.600775900561243,
      4.156732013085488,
      1.0862840849111177,
      2.002034368859773,
      0.0184132322268547,
      4.107138213832623,
      4.602092625725881,
      1.1932999342318622,
      0.49930821604788245,
      1.4158206307359882,
      3.198785415402718
    ],
    [
      5.346984433138819,
      5.049756929594745,
      5.035583523029744,
      4.576669197471773,
      2.600308022612443,
      4.158833876931888,
      1.1096278019255177,
      1.972003852290173,
      0.020705277890854693,
      4.111112754133423,
      4.610507975597881,
      1.1913180581070621,
      0.5034088904798825,
      1.454904501369588,
      3.201530328036318
    ],
    [
      5.325791627794819,
      5.008865434714744,
      5.040502690773744,
      4.610038869471773,
      2.596179521012443,
      4.160228697027889,
      1.1291097812215176,
      1.953463101570173,
      0.018861481090854688,
      4.1119821898774225,
      4.6256346211978805,
      1.190085689531062,
      0.5089919179998824,
      1.499718575353588,
      3.2077491371243183
    ],
    [
      5.307646054265219,
      4.9693483705867445,
      5.045752713564144,
      4.639406437647773,
      2.5976195873260433,
      4.162926301421488,
      1.1531554462231177,
      1.926017277442173,
      0.02050807905565467,
      4.113586629720622,
      4.637529880564281,
      1.193126256270262,
      0.5053290690526824,
      1.525888158623988,
      3.208156733181918
    ],
    [
      5.298746866233219,
      4.941301046436345,
      5.047700669461744,
      4.6728489463101734,
      2.5957379595052434,
      4.163775044951088,
      1.1670864926615176,
      1.911539551979773,
      0.021958690188454668,
      4.114439899477422,
      4.651964556173881,
      1.190121947828662,
      0.5034194286974824,
      1.5286708025119882,
      3.208182418660318
    ],
    [
      5.294217087622019,
      4.919500733220345,
      5.050321871919344,
      4.681360423481373,
      2.5964508643372435,
      4.164549004067888,
      1.1825995249047176,
      1.8947538288181731,
      0.021837293375654657,
      4.119204240341422,
      4.665907491162681,
      1.189789336142262,
      0.5039196793214824,
      1.5354072292895882,
      3.208487206218718
    ],
    [
      5.287838106425219,
      4.886853475236345,
      5.048985963848944,
      4.690242144927773,
      2.6000774013996435,
      4.161073332541489,
      1.2019391227799177,
      1.875003923384573,
      0.024112474713254662,
      4.118968428347822,
      4.672570111373881,
      1.194082762292662,
      0.5031614664830824,
      1.563522315779188,
      3.2101499084267178
    ],
    [
      5.2795367956540185,
      4.8630379790699445,
      5.047454264815344,
      4.694100605023773,
      2.6000458761132434,
      4.162853708323889,
      1.2161865309335176,
      1.854626618552573,
      0.01985266621405466,
      4.121282194018222,
      4.677466915329081,
      1.191852806606262,
      0.5046127449278823,
      1.556272711215988,
      3.2098519014763176
    ],
    [
      5.272899445324418,
      4.837578806538745,
      5.049818650447344,
      4.687468288444573,
      2.6001161778380433,
      4.164323189322289,
      1.2257222401495176,
      1.8380634707989731,
      0.01949335259485465,
      4.125425859419821,
      4.682675471252281,
      1.191888066257462,
      0.5016709061630823,
      1.555534373980788,
      3.2105616702475177
    ],
    [
      5.270171714098818,
      4.8218787938603445,
      5.0502819237017444,
      4.6782730328797735,
      2.6000362987148433,
      4.164514298327089,
      1.2341374898519175,
      1.828522135656573,
      0.02050862458205464,
      4.1241190894294215,
      4.683798923796282,
      1.191036397291062,
      0.5011088624254822,
      1.565496692739188,
      3.2108076705355177
    ],
    [
      5.267787724386817,
      4.820777633825144,
      5.051562811522545,
      4.685377990844573,
      2.6008708555148434,
      4.168060450861489,
      1.2482232181015176,
      1.807982124693373,
      0.020464921510054645,
      4.125976056645421,
      4.682165965764281,
      1.190402717684662,
      0.5023055709918822,
      1.5647134329791879,
      3.2101012037611176
    ],
    [
      5.2670326530140175,
      4.811811098765944,
      5.050885437660145,
      4.698930614729373,
      2.6015689867916434,
      4.167723133594289,
      1.2527223368471176,
      1.802595990357373,
      0.02009151281885465,
      4.126662780946221,
      4.685702185713081,
      1.191093608302262,
      0.5031555551390822,
      1.5751880139007879,
      3.2089646803691174
    ],
    [
      5.266878605004417,
      4.804177782906744,
      5.050718390949744,
      4.698581998690973,
      2.6026145371820433,
      4.166974980928689,
      1.2559010272759177,
      1.797798496062973,
      0.020166443497254646,
      4.125845588187821,
      4.677852497943482,
      1.1907409816590622,
      0.5034246057118822,
      1.578627175987188,
      3.2078821313035175
    ]
  ],
  "cost_vals": [],
  "step_size": 0.1,
  "opt_step_times": [
    0.14455509185791016,
    0.1451277732849121,
    0.14852404594421387,
    0.14885187149047852,
    0.16486692428588867,
    0.15951323509216309,
    0.14607715606689453,
    0.1458570957183838,
    0.14841008186340332,
    0.14830589294433594,
    0.15453696250915527,
    0.14943313598632812,
    0.16086483001708984,
    0.14555692672729492,
    0.2199239730834961,
    0.15299606323242188,
    0.1560211181640625,
    0.15737605094909668,
    0.15276598930358887,
    0.1480708122253418
  ],
  "opt_settings": [
    5.266878605004417,
    4.804177782906744,
    5.050718390949744,
    4.698581998690973,
    2.6026145371820433,
    4.166974980928689,
    1.2559010272759177,
    1.797798496062973,
    0.020166443497254646,
    4.125845588187821,
    4.677852497943482,
    1.1907409816590622,
    0.5034246057118822,
    1.578627175987188,
    3.2078821313035175
  ],
  "min_cost": null,
  "datetime": "2023-05-30T16-43-16Z",
  "step_only": true,
  "ibm_device": "default.qubit",
  "shots": 1000,
  "prep_node_name": "5-qubit_zero_state",
  "num_qubits": 5,
  "error": false,
  "cov_mats": [
    [
      [
        0.42543600000000004,
        0.010632000000000086,
        0.015959999999999974,
        -0.02643999999999995,
        -0.0021799999999999597
      ],
      [
        0.010632000000000086,
        0.36638399999999993,
        -0.014479999999999937,
        0.024720000000000075,
        -0.007160000000000166
      ],
      [
        0.015959999999999974,
        -0.014479999999999937,
        0.6156000000000001,
        -0.01240000000000005,
        0.022199999999999886
      ],
      [
        -0.02643999999999995,
        0.024720000000000075,
        -0.01240000000000005,
        0.9676,
        0.01820000000000002
      ],
      [
        -0.0021799999999999597,
        -0.007160000000000166,
        0.022199999999999886,
        0.01820000000000002,
        0.4959
      ]
    ],
    [
      [
        0.5348760000000001,
        -0.00040399999999995995,
        0.019284000000000023,
        0.011976000000000014,
        -0.011668000000000012
      ],
      [
        -0.00040399999999995995,
        0.47871600000000003,
        -0.0022360000000000158,
        -0.017304000000000028,
        0.009371999999999991
      ],
      [
        0.019284000000000023,
        -0.0022360000000000158,
        0.684156,
        -0.00781599999999999,
        0.038788000000000045
      ],
      [
        0.011976000000000014,
        -0.017304000000000028,
        -0.00781599999999999,
        0.982576,
        -0.010968000000000047
      ],
      [
        -0.011668000000000012,
        0.009371999999999991,
        0.038788000000000045,
        -0.010968000000000047,
        0.545724
      ]
    ],
    [
      [
        0.5775000000000001,
        -0.01990000000000003,
        -0.03310000000000013,
        0.0003000000000000086,
        -0.0001000000000000445
      ],
      [
        -0.01990000000000003,
        0.5826839999999998,
        -0.006964000000000026,
        0.012691999999999967,
        -0.0018840000000001633
      ],
      [
        -0.03310000000000013,
        -0.006964000000000026,
        0.7828439999999999,
        -0.014332000000000032,
        0.006164000000000169
      ],
      [
        0.0003000000000000086,
        0.012691999999999967,
        -0.014332000000000032,
        0.990396,
        0.02570800000000003
      ],
      [
        -0.0001000000000000445,
        -0.0018840000000001633,
        0.006164000000000169,
        0.02570800000000003,
        0.6930839999999999
      ]
    ],
    [
      [
        0.6375959999999998,
        -0.01846400000000009,
        0.02039200000000005,
        0.008923999999999987,
        -0.0117560000000001
      ],
      [
        -0.01846400000000009,
        0.600576,
        0.03027200000000002,
        -0.02921600000000002,
        -0.01209599999999994
      ],
      [
        0.02039200000000005,
        0.03027200000000002,
        0.8431839999999999,
        -0.011351999999999939,
        0.003288000000000124
      ],
      [
        0.008923999999999987,
        -0.02921600000000002,
        -0.011351999999999939,
        0.9809559999999999,
        0.03403599999999998
      ],
      [
        -0.0117560000000001,
        -0.01209599999999994,
        0.003288000000000124,
        0.03403599999999998,
        0.7715160000000001
      ]
    ],
    [
      [
        0.775324,
        0.0033239999999999936,
        0.046743999999999994,
        -0.031295999999999984,
        0.035984000000000016
      ],
      [
        0.0033239999999999936,
        0.7753239999999999,
        0.010744000000000059,
        0.04070399999999997,
        -0.024016000000000065
      ],
      [
        0.046743999999999994,
        0.010744000000000059,
        0.873264,
        -0.014975999999999996,
        0.020704000000000028
      ],
      [
        -0.031295999999999984,
        0.04070399999999997,
        -0.014975999999999996,
        0.989184,
        -0.019935999999999933
      ],
      [
        0.035984000000000016,
        -0.024016000000000065,
        0.020704000000000028,
        -0.019935999999999933,
        0.8525440000000002
      ]
    ],
    [
      [
        0.7975000000000001,
        0.02559999999999993,
        0.008199999999999957,
        0.0005999999999999756,
        -0.016200000000000048
      ],
      [
        0.02559999999999993,
        0.8463360000000001,
        0.011871999999999994,
        0.011935999999999988,
        0.02412799999999997
      ],
      [
        0.008199999999999957,
        0.011871999999999994,
        0.900144,
        0.021072000000000018,
        -0.01614399999999995
      ],
      [
        0.0005999999999999756,
        0.011935999999999988,
        0.021072000000000018,
        0.991536,
        0.018927999999999973
      ],
      [
        -0.016200000000000048,
        0.02412799999999997,
        -0.01614399999999995,
        0.018927999999999973,
        0.9001440000000002
      ]
    ],
    [
      [
        0.8660439999999999,
        0.019127999999999992,
        0.010336000000000053,
        0.024235999999999962,
        -0.00564400000000001
      ],
      [
        0.019127999999999992,
        0.9147359999999999,
        0.010431999999999997,
        -0.009768000000000155,
        0.04567199999999992
      ],
      [
        0.010336000000000053,
        0.010431999999999997,
        0.912384,
        -0.02601599999999997,
        0.06726400000000007
      ],
      [
        0.024235999999999962,
        -0.009768000000000155,
        -0.02601599999999997,
        0.997084,
        0.027363999999999965
      ],
      [
        -0.00564400000000001,
        0.04567199999999992,
        0.06726400000000007,
        0.027363999999999965,
        0.9452440000000004
      ]
    ],
    [
      [
        0.896316,
        0.04288799999999998,
        0.025583999999999996,
        0.007967999999999958,
        0.008851999999999985
      ],
      [
        0.04288799999999998,
        0.961584,
        0.013312000000000039,
        0.021024000000000004,
        -0.0042640000000000525
      ],
      [
        0.025583999999999996,
        0.013312000000000039,
        0.926016,
        -0.036768000000000016,
        -0.0015520000000000325
      ],
      [
        0.007967999999999958,
        0.021024000000000004,
        -0.036768000000000016,
        0.996864,
        -0.017504000000000044
      ],
      [
        0.008851999999999985,
        -0.0042640000000000525,
        -0.0015520000000000325,
        -0.017504000000000044,
        0.9820440000000003
      ]
    ],
    [
      [
        0.9559,
        -0.00033999999999997227,
        0.023459999999999995,
        -0.06694000000000001,
        0.014379999999999973
      ],
      [
        -0.00033999999999997227,
        0.976284,
        0.03480400000000006,
        0.02584399999999993,
        0.0012119999999998972
      ],
      [
        0.023459999999999995,
        0.03480400000000006,
        0.948924,
        0.03916400000000001,
        0.059572000000000014
      ],
      [
        -0.06694000000000001,
        0.02584399999999993,
        0.03916400000000001,
        0.9998039999999999,
        -0.02570800000000001
      ],
      [
        0.014379999999999973,
        0.0012119999999998972,
        0.059572000000000014,
        -0.02570800000000001,
        0.9851160000000002
      ]
    ],
    [
      [
        0.956736,
        0.005616000000000031,
        0.015535999999999984,
        -0.014144000000000054,
        -0.03256000000000003
      ],
      [
        0.005616000000000031,
        0.990396,
        -0.03808400000000002,
        0.023335999999999944,
        -0.018860000000000023
      ],
      [
        0.015535999999999984,
        -0.03808400000000002,
        0.979836,
        0.03565600000000005,
        0.00993999999999995
      ],
      [
        -0.014144000000000054,
        0.023335999999999944,
        0.03565600000000005,
        0.995376,
        0.09724000000000005
      ],
      [
        -0.03256000000000003,
        -0.018860000000000023,
        0.00993999999999995,
        0.09724000000000005,
        0.9951000000000002
      ]
    ],
    [
      [
        0.968316,
        -0.00780000000000006,
        -0.00841999999999999,
        0.01296399999999992,
        -0.01788400000000004
      ],
      [
        -0.00780000000000006,
        0.99,
        0.016999999999999946,
        0.007800000000000023,
        -0.06179999999999998
      ],
      [
        -0.00841999999999999,
        0.016999999999999946,
        0.9879,
        0.02682000000000004,
        -0.03142000000000007
      ],
      [
        0.01296399999999992,
        0.007800000000000023,
        0.02682000000000004,
        0.9961559999999999,
        0.03916400000000013
      ],
      [
        -0.01788400000000004,
        -0.06179999999999998,
        -0.03142000000000007,
        0.03916400000000013,
        0.9939160000000002
      ]
    ],
    [
      [
        0.972444,
        -0.045968,
        0.02158000000000001,
        0.023343999999999993,
        0.010048000000000001
      ],
      [
        -0.045968,
        0.997696,
        -0.015760000000000045,
        -0.052768000000000016,
        0.01254399999999999
      ],
      [
        0.02158000000000001,
        -0.015760000000000045,
        0.9831,
        0.016080000000000014,
        -0.012640000000000049
      ],
      [
        0.023343999999999993,
        -0.052768000000000016,
        0.016080000000000014,
        0.999744,
        -0.0051520000000000316
      ],
      [
        0.010048000000000001,
        0.01254399999999999,
        -0.012640000000000049,
        -0.0051520000000000316,
        0.9948160000000005
      ]
    ],
    [
      [
        0.9860760000000001,
        -0.04672000000000001,
        -0.014299999999999993,
        0.015291999999999945,
        -0.04741600000000002
      ],
      [
        -0.04672000000000001,
        0.9984,
        -0.016000000000000045,
        -0.010240000000000004,
        0.007519999999999976
      ],
      [
        -0.014299999999999993,
        -0.016000000000000045,
        0.9775,
        -0.011100000000000054,
        0.01580000000000005
      ],
      [
        0.015291999999999945,
        -0.010240000000000004,
        -0.011100000000000054,
        0.9999639999999999,
        -0.014072000000000012
      ],
      [
        -0.04741600000000002,
        0.007519999999999976,
        0.01580000000000005,
        -0.014072000000000012,
        0.9998560000000002
      ]
    ],
    [
      [
        0.990784,
        -0.006688000000000059,
        -0.012751999999999977,
        -0.0028480000000000033,
        0.03496000000000001
      ],
      [
        -0.006688000000000059,
        0.999216,
        -0.05013599999999996,
        -0.04766400000000001,
        0.022280000000000022
      ],
      [
        -0.012751999999999977,
        -0.05013599999999996,
        0.9809559999999999,
        0.03234400000000005,
        -0.053380000000000066
      ],
      [
        -0.0028480000000000033,
        -0.04766400000000001,
        0.03234400000000005,
        0.999856,
        0.025879999999999993
      ],
      [
        0.03496000000000001,
        0.022280000000000022,
        -0.053380000000000066,
        0.025879999999999993,
        0.9999000000000005
      ]
    ],
    [
      [
        0.989184,
        0.0053440000000000085,
        0.02406399999999997,
        -0.006783999999999952,
        -0.06025600000000004
      ],
      [
        0.0053440000000000085,
        0.995904,
        -0.08457600000000001,
        0.04305600000000004,
        -0.02969600000000005
      ],
      [
        0.02406399999999997,
        -0.08457600000000001,
        0.986544,
        -0.05266399999999999,
        -0.03217600000000002
      ],
      [
        -0.006783999999999952,
        0.04305600000000004,
        -0.05266399999999999,
        0.997884,
        -0.05234400000000004
      ],
      [
        -0.06025600000000004,
        -0.02969600000000005,
        -0.03217600000000002,
        -0.05234400000000004,
        0.998704
      ]
    ],
    [
      [
        0.995904,
        -0.08195200000000001,
        0.011248000000000015,
        0.04918400000000004,
        0.01377599999999994
      ],
      [
        -0.08195200000000001,
        0.998976,
        0.007376000000000004,
        -0.022591999999999963,
        0.00011200000000002267
      ],
      [
        0.011248000000000015,
        0.007376000000000004,
        0.9932759999999999,
        0.005608000000000064,
        0.0014119999999999324
      ],
      [
        0.04918400000000004,
        -0.022591999999999963,
        0.005608000000000064,
        0.998064,
        -0.004904000000000025
      ],
      [
        0.01377599999999994,
        0.00011200000000002267,
        0.0014119999999999324,
        -0.004904000000000025,
        0.9956440000000002
      ]
    ],
    [
      [
        0.998556,
        -0.008532000000000007,
        0.036179999999999976,
        0.018252000000000018,
        -0.013999999999999981
      ],
      [
        -0.008532000000000007,
        0.999804,
        0.02154000000000002,
        0.047356000000000016,
        0.030000000000000027
      ],
      [
        0.036179999999999976,
        0.02154000000000002,
        0.9879,
        -0.022940000000000016,
        0.005999999999999993
      ],
      [
        0.018252000000000018,
        0.047356000000000016,
        -0.022940000000000016,
        0.997884,
        0.01799999999999999
      ],
      [
        -0.013999999999999981,
        0.030000000000000027,
        0.005999999999999993,
        0.01799999999999999,
        1.0000000000000004
      ]
    ],
    [
      [
        0.994524,
        -0.04170400000000004,
        0.045991999999999984,
        0.03230000000000003,
        -0.07258800000000001
      ],
      [
        -0.04170400000000004,
        0.999984,
        -0.02043200000000002,
        -0.01380000000000004,
        0.038247999999999976
      ],
      [
        0.045991999999999984,
        -0.02043200000000002,
        0.988336,
        -0.012600000000000012,
        -0.06330400000000007
      ],
      [
        0.03230000000000003,
        -0.01380000000000004,
        -0.012600000000000012,
        0.9975,
        0.056900000000000034
      ],
      [
        -0.07258800000000001,
        0.038247999999999976,
        -0.06330400000000007,
        0.056900000000000034,
        0.9961560000000003
      ]
    ],
    [
      [
        0.999936,
        0.023807999999999965,
        -0.074912,
        -0.030400000000000028,
        0.036224000000000034
      ],
      [
        0.023807999999999965,
        0.999424,
        -0.03673599999999995,
        0.004800000000000003,
        -0.03532800000000003
      ],
      [
        -0.074912,
        -0.03673599999999995,
        0.9815039999999999,
        0.0008000000000000316,
        -0.007807999999999994
      ],
      [
        -0.030400000000000028,
        0.004800000000000003,
        0.0008000000000000316,
        0.9974999999999999,
        -0.020599999999999993
      ],
      [
        0.036224000000000034,
        -0.03532800000000003,
        -0.007807999999999994,
        -0.020599999999999993,
        0.999216
      ]
    ],
    [
      [
        0.996156,
        -0.02451200000000005,
        0.018959999999999963,
        0.005008000000000005,
        -0.02589200000000003
      ],
      [
        -0.02451200000000005,
        0.999424,
        -0.013919999999999986,
        0.00038400000000000066,
        -0.010816000000000008
      ],
      [
        0.018959999999999963,
        -0.013919999999999986,
        0.9936,
        -0.02672000000000002,
        -0.004720000000000025
      ],
      [
        0.005008000000000005,
        0.00038400000000000066,
        -0.02672000000000002,
        0.999744,
        -0.02145600000000002
      ],
      [
        -0.02589200000000003,
        -0.010816000000000008,
        -0.004720000000000025,
        -0.02145600000000002,
        0.998844
      ]
    ],
    [
      [
        0.999516,
        0.0006600000000000012,
        -0.004768000000000003,
        -0.02261600000000002,
        -0.03268
      ],
      [
        0.0006600000000000012,
        0.9991,
        0.048320000000000043,
        -0.0011600000000000004,
        -0.0077999999999999806
      ],
      [
        -0.004768000000000003,
        0.048320000000000043,
        0.996864,
        0.013568000000000014,
        0.03264000000000005
      ],
      [
        -0.02261600000000002,
        -0.0011600000000000004,
        0.013568000000000014,
        0.999216,
        -0.006319999999999977
      ],
      [
        -0.03268,
        -0.0077999999999999806,
        0.03264000000000005,
        -0.006319999999999977,
        0.9964000000000002
      ]
    ]
  ]
}