{
  "settings_list": [
    [
      4.88413255994293,
      1.5369591762002506,
      3.4371455915136613,
      4.880131637899315,
      4.914634067316097,
      1.588266331120429,
      2.019142443198689,
      5.741209719180301,
      4.837611645135069,
      1.2498693265567717,
      0.023159696025989076,
      2.055610737018895,
      0.3530648685428536,
      4.027558887715417,
      5.364820426747881
    ],
    [
      4.885842519008531,
      1.5380753643730505,
      3.4385808573824614,
      4.884500907697715,
      4.916870908916097,
      1.596310251773229,
      1.9166410903282889,
      5.7027621318779005,
      4.831884726543069,
      1.3471678354335719,
      0.022774588313989076,
      2.057176565588495,
      0.38099277017485367,
      4.134561933872217,
      5.370062426453481
    ],
    [
      4.88486537811253,
      1.5293274179250504,
      3.4368159880224614,
      4.881983379457715,
      4.912003516788097,
      1.604247587085229,
      1.840727870952289,
      5.683292935541901,
      4.827250397183069,
      1.4468701584575718,
      0.025243520649989096,
      2.0600406863564946,
      0.4104258460148537,
      4.2475672671682165,
      5.371268471749481
    ],
    [
      4.88805260486773,
      1.5348128917234505,
      3.4454086021856614,
      4.876459002251315,
      4.914754631255297,
      1.604409342518829,
      1.764345231905889,
      5.667038164879501,
      4.831614560895069,
      1.5049983459775718,
      0.02278258520678909,
      2.054943010817295,
      0.43107486927565375,
      4.352170360000216,
      5.369515643429481
    ],
    [
      4.88993166948853,
      1.5361022781554505,
      3.4453018532224613,
      4.870484556980915,
      4.914211115258497,
      1.603395687907629,
      1.721453534369889,
      5.661022858799501,
      4.825438146472669,
      1.5340785659679719,
      0.02190355305638908,
      2.049676372954895,
      0.45301357180685375,
      4.456241551139416,
      5.379229315503081
    ],
    [
      4.88892763482613,
      1.5381387883698505,
      3.4486423682176612,
      4.868104620884915,
      4.906067627879297,
      1.603423943254829,
      1.6661416312658888,
      5.656581477212301,
      4.822047347746269,
      1.5481142897695719,
      0.027154771193989076,
      2.047702917050895,
      0.45904599035405375,
      4.528369567337816,
      5.383691681064681
    ],
    [
      4.88987707368693,
      1.5373890022386505,
      3.445576903033661,
      4.865507243528115,
      4.902624656868097,
      1.599291554480429,
      1.6482920562770889,
      5.654240207919501,
      4.8211430626710685,
      1.554548399203172,
      0.02465489042918908,
      2.046684451284495,
      0.46299213437325376,
      4.5924298758946165,
      5.383312518165481
    ],
    [
      4.89212814980853,
      1.5380660879474506,
      3.4458942578240612,
      4.859269474132915,
      4.900275317284097,
      1.598929666403629,
      1.6276632323538889,
      5.653479138159501,
      4.821444451227869,
      1.557211545187172,
      0.02532390664678907,
      2.048496282503695,
      0.46680928659085374,
      4.641661228560216,
      5.382312693435881
    ],
    [
      4.89412579367733,
      1.5388572741138506,
      3.4474076862368612,
      4.850667837166515,
      4.895565459380097,
      1.599604659462829,
      1.614755890405089,
      5.6512182381883,
      4.823009793899869,
      1.5666975737567719,
      0.025206681741189074,
      2.047627450890895,
      0.4687815590324537,
      4.676436949261016,
      5.384104673602281
    ],
    [
      4.89246315327733,
      1.5397872616530506,
      3.447396316320061,
      4.846491189796915,
      4.893061444468097,
      1.599643032762029,
      1.601459714235489,
      5.6508383823003,
      4.822147722671069,
      1.561272372777572,
      0.02623899757158906,
      2.046335209274895,
      0.46861357640845375,
      4.681230894416216,
      5.383637532043881
    ],
    [
      4.89324834380533,
      1.5412281008850506,
      3.4472975309120613,
      4.845564143268915,
      4.891953759988097,
      1.601546716250029,
      1.593849212859489,
      5.6510541169563,
      4.823129957167069,
      1.545400645417572,
      0.02672236182758906,
      2.0460810041868953,
      0.46816493874445375,
      4.676022709648216,
      5.381979413995881
    ],
    [
      4.89265766187893,
      1.5431158977586505,
      3.4487444320992613,
      4.844266013604916,
      4.889588602372097,
      1.600639185200429,
      1.593256293429089,
      5.6516897333723,
      4.822930078251869,
      1.561900843772772,
      0.02783144482278907,
      2.0452218875084953,
      0.46905531294925373,
      4.691783349997016,
      5.3828536685782815
    ],
    [
      4.8925115677509305,
      1.5462536036786505,
      3.4509189268832614,
      4.845131222100916,
      4.887044788340097,
      1.602548769104429,
      1.5836098214130891,
      5.6528531706043,
      4.823874773627869,
      1.569344848540772,
      0.028573069302789075,
      2.0464318680524953,
      0.47035740909325374,
      4.678196135229016,
      5.3831264860182815
    ],
    [
      4.892868727622931,
      1.5450486005106505,
      3.4516638325792615,
      4.8459630825489155,
      4.887440518324096,
      1.602613251664429,
      1.593273985413089,
      5.6548303846203,
      4.82461341420387,
      1.555158259356772,
      0.030218224022789064,
      2.0469398526924953,
      0.47109807219725375,
      4.680829245597016,
      5.380492785826282
    ],
    [
      4.8928912121861305,
      1.5458900750226505,
      3.4522340355712613,
      4.845646600974516,
      4.886412689130497,
      1.6034712492740288,
      1.576396905662689,
      5.651916713385099,
      4.82341265330147,
      1.566416246595172,
      0.03051131354278907,
      2.0461459095628953,
      0.47064987946445375,
      4.700422353353815,
      5.382194167215082
    ],
    [
      4.8939136828613305,
      1.5434895028882505,
      3.4514027794816613,
      4.844263526932916,
      4.884957208989697,
      1.6008554097604288,
      1.583615358123489,
      5.651990972873099,
      4.82321414014947,
      1.5807361512991722,
      0.03153565719078907,
      2.0460547216844955,
      0.47046125666765376,
      4.711393774704215,
      5.382156199637482
    ],
    [
      4.89465262137013,
      1.5436562114962504,
      3.451348457504061,
      4.843011135617716,
      4.885124014276097,
      1.6013301029828289,
      1.5972342344242891,
      5.652213245743499,
      4.82365302658787,
      1.5799622692127722,
      0.03244292754598907,
      2.0456713974476957,
      0.4694800765908537,
      4.723775871152215,
      5.381109648098282
    ],
    [
      4.89600894117493,
      1.5400413814610505,
      3.4519911842208613,
      4.842678393969716,
      4.885661807524097,
      1.6016769350308289,
      1.5848724471506892,
      5.6523975095290995,
      4.82262386785827,
      1.5846013759647721,
      0.032041705184389056,
      2.0454889083404955,
      0.46913191318605374,
      4.730450879245015,
      5.380638073624682
    ],
    [
      4.89735149367733,
      1.5362752315858506,
      3.451347267980861,
      4.8399877106801155,
      4.883058717370497,
      1.6002771337252288,
      1.5766554893106892,
      5.652955064076299,
      4.82205808917027,
      1.5667606547871722,
      0.033376837453189055,
      2.0438253021612955,
      0.4679330625812537,
      4.727887130803415,
      5.3817360496566815
    ],
    [
      4.89739780625333,
      1.5368260610258506,
      3.4513491282304614,
      4.841948438974516,
      4.8843460344136975,
      1.6000970922276287,
      1.5707901948210892,
      5.6522971445882995,
      4.820684850232669,
      1.5610223992223722,
      0.032483583641989056,
      2.0442182674860954,
      0.4682872100116537,
      4.727539508915415,
      5.382457629048681
    ],
    [
      4.8970202507845295,
      1.5366841446098507,
      3.4512959308672615,
      4.839128404926516,
      4.8828560463176975,
      1.5990189366948286,
      1.5766669654706893,
      5.6535961562107,
      4.822198640671069,
      1.5713093578143722,
      0.032161406886789055,
      2.0432128284332953,
      0.4680797713812537,
      4.738199129305815,
      5.381455077304681
    ]
  ],
  "cost_vals": [],
  "step_size": 0.1,
  "opt_step_times": [
    0.12325191497802734,
    0.12066292762756348,
    0.12376785278320312,
    0.12048888206481934,
    0.11801290512084961,
    0.12163901329040527,
    0.12324786186218262,
    0.12947821617126465,
    0.13038015365600586,
    0.15457892417907715,
    0.16619610786437988,
    0.12833690643310547,
    0.12878799438476562,
    0.13586688041687012,
    0.19426798820495605,
    0.13730502128601074,
    0.1252889633178711,
    0.12808799743652344,
    0.12590909004211426,
    0.1227719783782959
  ],
  "opt_settings": [
    4.8970202507845295,
    1.5366841446098507,
    3.4512959308672615,
    4.839128404926516,
    4.8828560463176975,
    1.5990189366948286,
    1.5766669654706893,
    5.6535961562107,
    4.822198640671069,
    1.5713093578143722,
    0.032161406886789055,
    2.0432128284332953,
    0.4680797713812537,
    4.738199129305815,
    5.381455077304681
  ],
  "min_cost": null,
  "datetime": "2023-05-30T16-36-12Z",
  "step_only": true,
  "ibm_device": "default.qubit",
  "shots": 1000,
  "prep_node_name": "5-qubit_zero_state",
  "num_qubits": 5,
  "error": false,
  "cov_mats": [
    [
      [
        0.999516,
        -0.04492400000000001,
        -0.02911200000000002,
        0.04845599999999995,
        0.030759999999999996
      ],
      [
        -0.04492400000000001,
        0.998236,
        0.022968000000000047,
        -0.008584000000000114,
        0.03836000000000003
      ],
      [
        -0.02911200000000002,
        0.022968000000000047,
        0.836784,
        -0.010191999999999951,
        -0.026319999999999982
      ],
      [
        0.04845599999999995,
        -0.008584000000000114,
        -0.010191999999999951,
        0.936496,
        0.06215999999999988
      ],
      [
        0.030759999999999996,
        0.03836000000000003,
        -0.026319999999999982,
        0.06215999999999988,
        0.6636000000000002
      ]
    ],
    [
      [
        0.999516,
        0.08386800000000004,
        0.041764000000000065,
        -0.011544000000000037,
        -0.02335200000000002
      ],
      [
        0.08386800000000004,
        0.999964,
        -0.002428000000000002,
        -0.051511999999999905,
        -0.015096000000000012
      ],
      [
        0.041764000000000065,
        -0.002428000000000002,
        0.931356,
        0.020023999999999945,
        0.015191999999999983
      ],
      [
        -0.011544000000000037,
        -0.051511999999999905,
        0.020023999999999945,
        0.936496,
        0.029967999999999953
      ],
      [
        -0.02335200000000002,
        -0.015096000000000012,
        0.015191999999999983,
        0.029967999999999953,
        0.7657440000000001
      ]
    ],
    [
      [
        0.996156,
        -0.028619999999999996,
        0.016524000000000056,
        0.01880799999999997,
        -0.02070400000000003
      ],
      [
        -0.028619999999999996,
        0.9999,
        -0.037979999999999896,
        -0.019160000000000017,
        0.010080000000000009
      ],
      [
        0.016524000000000056,
        -0.037979999999999896,
        0.959196,
        0.005431999999999937,
        -0.028416000000000108
      ],
      [
        0.01880799999999997,
        -0.019160000000000017,
        0.005431999999999937,
        0.986544,
        -0.020672000000000017
      ],
      [
        -0.02070400000000003,
        0.010080000000000009,
        -0.028416000000000108,
        -0.020672000000000017,
        0.833536
      ]
    ],
    [
      [
        0.999984,
        -0.02009599999999999,
        -0.003439999999999975,
        0.03772000000000006,
        0.02711199999999994
      ],
      [
        -0.02009599999999999,
        0.999424,
        0.03136,
        0.008320000000000062,
        0.004671999999999977
      ],
      [
        -0.003439999999999975,
        0.03136,
        0.9804,
        -0.028199999999999968,
        0.023079999999999934
      ],
      [
        0.03772000000000006,
        0.008320000000000062,
        -0.028199999999999968,
        0.9951,
        0.0034600000000000602
      ],
      [
        0.02711199999999994,
        0.004671999999999977,
        0.023079999999999934,
        0.0034600000000000602,
        0.9227160000000002
      ]
    ],
    [
      [
        0.998704,
        0.0034239999999999757,
        -0.014527999999999965,
        0.022759999999999996,
        -0.018584000000000052
      ],
      [
        0.0034239999999999757,
        0.999744,
        0.02243200000000002,
        0.020559999999999964,
        0.009295999999999954
      ],
      [
        -0.014527999999999965,
        0.02243200000000002,
        0.976896,
        -0.008319999999999985,
        0.026687999999999983
      ],
      [
        0.022759999999999996,
        0.020559999999999964,
        -0.008319999999999985,
        0.9919,
        0.006539999999999945
      ],
      [
        -0.018584000000000052,
        0.009295999999999954,
        0.026687999999999983,
        0.006539999999999945,
        0.957564
      ]
    ],
    [
      [
        0.999744,
        -0.001648000000000001,
        -0.01041600000000001,
        0.01009600000000001,
        -0.012400000000000012
      ],
      [
        -0.001648000000000001,
        0.999516,
        -0.015428000000000013,
        -0.01213200000000001,
        -0.02869999999999997
      ],
      [
        -0.01041600000000001,
        -0.015428000000000013,
        0.999324,
        -0.0038440000000000032,
        -0.031900000000000026
      ],
      [
        0.01009600000000001,
        -0.01213200000000001,
        -0.0038440000000000032,
        0.999964,
        -0.023100000000000048
      ],
      [
        -0.012400000000000012,
        -0.02869999999999997,
        -0.031900000000000026,
        -0.023100000000000048,
        0.9775
      ]
    ],
    [
      [
        0.999856,
        -0.07436000000000004,
        0.05069600000000002,
        0.011376000000000037,
        -0.04453599999999996
      ],
      [
        -0.07436000000000004,
        0.9991,
        0.04574000000000002,
        -0.03556000000000001,
        -0.04434000000000007
      ],
      [
        0.05069600000000002,
        0.04574000000000002,
        0.996636,
        0.021015999999999993,
        -0.04307600000000001
      ],
      [
        0.011376000000000037,
        -0.03556000000000001,
        0.021015999999999993,
        0.997296,
        0.02034400000000002
      ],
      [
        -0.04453599999999996,
        -0.04434000000000007,
        -0.04307600000000001,
        0.02034400000000002,
        0.985116
      ]
    ],
    [
      [
        0.9991,
        -0.04068000000000001,
        -0.006100000000000003,
        0.041020000000000036,
        -0.008039999999999967
      ],
      [
        -0.04068000000000001,
        0.998064,
        0.06908,
        -0.0034959999999999766,
        -0.04500799999999997
      ],
      [
        -0.006100000000000003,
        0.06908,
        0.9951,
        0.018380000000000018,
        0.03324000000000002
      ],
      [
        0.041020000000000036,
        -0.0034959999999999766,
        0.018380000000000018,
        0.998844,
        -0.05568800000000003
      ],
      [
        -0.008039999999999967,
        -0.04500799999999997,
        0.03324000000000002,
        -0.05568800000000003,
        0.995376
      ]
    ],
    [
      [
        0.999324,
        0.02446800000000002,
        0.02384400000000002,
        -0.045480000000000013,
        -0.05698800000000005
      ],
      [
        0.02446800000000002,
        0.999676,
        -0.06389200000000006,
        -0.0023600000000000023,
        0.020683999999999966
      ],
      [
        0.02384400000000002,
        -0.06389200000000006,
        0.999964,
        -0.08988000000000003,
        -0.060228000000000025
      ],
      [
        -0.045480000000000013,
        -0.0023600000000000023,
        -0.08988000000000003,
        0.9996,
        -0.01724000000000004
      ],
      [
        -0.05698800000000005,
        0.020683999999999966,
        -0.060228000000000025,
        -0.01724000000000004,
        0.998556
      ]
    ],
    [
      [
        0.9996,
        -0.02316000000000002,
        0.07576000000000006,
        0.056800000000000024,
        -0.020000000000000018
      ],
      [
        -0.02316000000000002,
        0.996636,
        0.009304000000000008,
        -0.011680000000000008,
        -0.018000000000000016
      ],
      [
        0.07576000000000006,
        0.009304000000000008,
        0.999856,
        -0.019520000000000017,
        -0.03600000000000003
      ],
      [
        0.056800000000000024,
        -0.011680000000000008,
        -0.019520000000000017,
        0.9984,
        -0.0040000000000000036
      ],
      [
        -0.020000000000000018,
        -0.018000000000000016,
        -0.03600000000000003,
        -0.0040000000000000036,
        1.0000000000000002
      ]
    ],
    [
      [
        0.998556,
        0.02316400000000002,
        0.017292000000000016,
        -0.03830400000000003,
        0.015671999999999985
      ],
      [
        0.02316400000000002,
        0.999516,
        0.016748000000000016,
        -0.002176000000000002,
        0.038968
      ],
      [
        0.017292000000000016,
        0.016748000000000016,
        0.998844,
        0.026272000000000024,
        -0.039496
      ],
      [
        -0.03830400000000003,
        -0.002176000000000002,
        0.026272000000000024,
        0.999936,
        -0.05964799999999997
      ],
      [
        0.015671999999999985,
        0.038968,
        -0.039496,
        -0.05964799999999997,
        0.998064
      ]
    ],
    [
      [
        0.9991,
        -0.01110000000000001,
        -0.028919999999999998,
        0.007820000000000011,
        -0.003580000000000006
      ],
      [
        -0.01110000000000001,
        0.9991,
        0.004919999999999976,
        -0.011820000000000015,
        -0.004420000000000001
      ],
      [
        -0.028919999999999998,
        0.004919999999999976,
        0.998704,
        -0.03778400000000004,
        0.025496000000000026
      ],
      [
        0.007820000000000011,
        -0.011820000000000015,
        -0.03778400000000004,
        0.9999639999999999,
        -0.04391599999999998
      ],
      [
        -0.003580000000000006,
        -0.004420000000000001,
        0.025496000000000026,
        -0.04391599999999998,
        0.999804
      ]
    ],
    [
      [
        0.999936,
        0.009984000000000008,
        -0.028000000000000025,
        0.03376000000000003,
        0.030015999999999998
      ],
      [
        0.009984000000000008,
        0.999996,
        0.04200000000000004,
        0.05194000000000005,
        -0.02399600000000002
      ],
      [
        -0.028000000000000025,
        0.04200000000000004,
        1.0,
        -0.02200000000000002,
        0.02200000000000002
      ],
      [
        0.03376000000000003,
        0.05194000000000005,
        -0.02200000000000002,
        0.9991,
        0.0040600000000000315
      ],
      [
        0.030015999999999998,
        -0.02399600000000002,
        0.02200000000000002,
        0.0040600000000000315,
        0.9999960000000004
      ]
    ],
    [
      [
        0.999984,
        0.001784000000000029,
        0.02020799999999999,
        0.006024000000000005,
        -0.027919999999999997
      ],
      [
        0.001784000000000029,
        0.997084,
        -0.04719200000000007,
        0.016324000000000016,
        -0.04491999999999995
      ],
      [
        0.02020799999999999,
        -0.04719200000000007,
        0.997296,
        0.029688000000000027,
        -0.02104000000000002
      ],
      [
        0.006024000000000005,
        0.016324000000000016,
        0.029688000000000027,
        0.999964,
        0.041880000000000035
      ],
      [
        -0.027919999999999997,
        -0.04491999999999995,
        -0.02104000000000002,
        0.041880000000000035,
        0.9996000000000003
      ]
    ],
    [
      [
        0.999744,
        -0.05422400000000002,
        -0.003936000000000004,
        -0.018544000000000015,
        0.01638400000000007
      ],
      [
        -0.05422400000000002,
        0.999804,
        0.038056000000000034,
        -0.012476000000000011,
        -0.033664000000000034
      ],
      [
        -0.003936000000000004,
        0.038056000000000034,
        0.999984,
        -0.017864000000000015,
        -0.01209600000000001
      ],
      [
        -0.018544000000000015,
        -0.012476000000000011,
        -0.017864000000000015,
        0.998844,
        0.018816000000000013
      ],
      [
        0.01638400000000007,
        -0.033664000000000034,
        -0.01209600000000001,
        0.018816000000000013,
        0.999424
      ]
    ],
    [
      [
        0.999856,
        0.041592000000000066,
        -0.04414400000000004,
        -0.07007200000000006,
        0.07209600000000006
      ],
      [
        0.041592000000000066,
        0.998844,
        -0.05040800000000004,
        0.0037960000000000034,
        0.08227200000000004
      ],
      [
        -0.04414400000000004,
        -0.05040800000000004,
        0.999856,
        -0.014072000000000013,
        0.032096
      ],
      [
        -0.07007200000000006,
        0.0037960000000000034,
        -0.014072000000000013,
        0.999964,
        0.06204800000000003
      ],
      [
        0.07209600000000006,
        0.08227200000000004,
        0.032096,
        0.06204800000000003,
        0.999936
      ]
    ],
    [
      [
        0.999804,
        -0.00025200000000000043,
        -0.01630799999999993,
        0.036476000000000036,
        -0.029608000000000027
      ],
      [
        -0.00025200000000000043,
        0.999676,
        0.08760399999999997,
        0.008612000000000009,
        0.03450400000000003
      ],
      [
        -0.01630799999999993,
        0.08760399999999997,
        0.9995159999999998,
        0.008748000000000004,
        0.050616000000000015
      ],
      [
        0.036476000000000036,
        0.008612000000000009,
        0.008748000000000004,
        0.998844,
        -0.010952000000000007
      ],
      [
        -0.029608000000000027,
        0.03450400000000003,
        0.050616000000000015,
        -0.010952000000000007,
        0.999216
      ]
    ],
    [
      [
        0.997084,
        -0.020375999999999964,
        0.029948000000000023,
        -0.025136000000000023,
        -0.013024000000000015
      ],
      [
        -0.020375999999999964,
        0.998064,
        -0.007671999999999978,
        0.008704000000000007,
        -0.0024639999999999736
      ],
      [
        0.029948000000000023,
        -0.007671999999999978,
        0.998556,
        0.066608,
        0.00787199999999995
      ],
      [
        -0.025136000000000023,
        0.008704000000000007,
        0.066608,
        0.999744,
        -0.05510400000000005
      ],
      [
        -0.013024000000000015,
        -0.0024639999999999736,
        0.00787199999999995,
        -0.05510400000000005,
        0.9968640000000002
      ]
    ],
    [
      [
        0.999744,
        -0.01016000000000001,
        -0.030784000000000027,
        -0.03232,
        -0.03619200000000003
      ],
      [
        -0.01016000000000001,
        0.9999,
        -0.0012400000000000004,
        0.013800000000000012,
        -0.014120000000000013
      ],
      [
        -0.030784000000000027,
        -0.0012400000000000004,
        0.994224,
        0.02952000000000003,
        0.028912000000000056
      ],
      [
        -0.03232,
        0.013800000000000012,
        0.02952000000000003,
        0.9996,
        0.003760000000000003
      ],
      [
        -0.03619200000000003,
        -0.014120000000000013,
        0.028912000000000056,
        0.003760000000000003,
        0.9998560000000002
      ]
    ],
    [
      [
        0.9936,
        -0.055600000000000024,
        0.005440000000000032,
        -0.03912000000000001,
        0.04535999999999993
      ],
      [
        -0.055600000000000024,
        0.9991,
        -0.0010400000000000001,
        0.0004200000000000007,
        0.006740000000000006
      ],
      [
        0.005440000000000032,
        -0.0010400000000000001,
        0.998976,
        0.033552000000000026,
        0.0033439999999999746
      ],
      [
        -0.03912000000000001,
        0.0004200000000000007,
        0.033552000000000026,
        0.999804,
        0.0005879999999999726
      ],
      [
        0.04535999999999993,
        0.006740000000000006,
        0.0033439999999999746,
        0.0005879999999999726,
        0.998236
      ]
    ],
    [
      [
        0.999856,
        0.02371200000000002,
        -0.0017360000000000014,
        0.018456000000000018,
        0.07643200000000004
      ],
      [
        0.02371200000000002,
        0.999424,
        0.01052800000000001,
        0.03091200000000003,
        0.03286400000000003
      ],
      [
        -0.0017360000000000014,
        0.01052800000000001,
        0.999516,
        0.03116400000000003,
        -0.010792000000000012
      ],
      [
        0.018456000000000018,
        0.03091200000000003,
        0.03116400000000003,
        0.998556,
        0.020631999999999987
      ],
      [
        0.07643200000000004,
        0.03286400000000003,
        -0.010792000000000012,
        0.020631999999999987,
        0.9987040000000003
      ]
    ]
  ]
}