{
  "settings_list": [
    [
      2.519322114569068,
      3.37153338937335,
      2.196563174708902,
      3.096830514859773,
      5.8427684873453,
      0.8327490296921363,
      3.4680332351041048,
      4.357770928853974,
      1.9459201167590083,
      4.964815755264194,
      2.9309946783432848,
      2.2015106000360687,
      3.3388531223659035,
      5.225122685683269,
      0.18506893406590483
    ],
    [
      2.447908623983468,
      3.38993052560375,
      2.196752627713702,
      3.100364167186173,
      5.8065439042797,
      0.8296919873625362,
      3.484530325766505,
      4.465952346786774,
      1.9524338924774083,
      4.868801898137794,
      2.925160606996085,
      2.2003051184104687,
      3.3497984268395036,
      5.096953791014469,
      0.18650460300670482
    ],
    [
      2.370192975343468,
      3.41047770544375,
      2.191237408193702,
      3.1034812561461727,
      5.7729495609197,
      0.8336372673625363,
      3.4966520472065046,
      4.534899870146774,
      1.9512019310374082,
      4.814468703897794,
      2.925269288436085,
      2.2062389508904685,
      3.3600489401195035,
      4.977441182534469,
      0.18828804572670482
    ],
    [
      2.271530675183468,
      3.43401805312375,
      2.193264447617702,
      3.0959973861141727,
      5.7259265397517,
      0.8354301220345363,
      3.4903560765505044,
      4.620651301666775,
      1.9544699868294082,
      4.772085309369794,
      2.920028778404085,
      2.2082536648584683,
      3.3616987182635034,
      4.894109898694469,
      0.18412811638270482
    ],
    [
      2.160750817151468,
      3.45769351230775,
      2.193639981793702,
      3.089936165410173,
      5.6812649861357,
      0.8380752502265363,
      3.4958917489825043,
      4.626309362114775,
      1.9601924617414082,
      4.744894398905794,
      2.921789795940085,
      2.206589744826468,
      3.3584332286795036,
      4.8376416588064695,
      0.1837197201587048
    ],
    [
      2.031890926713068,
      3.48529750899575,
      2.189030761982502,
      3.081419690654973,
      5.6181515235757,
      0.8388979279353362,
      3.4918391320065045,
      4.652249455692375,
      1.963898438730208,
      4.739265528822594,
      2.922423456493685,
      2.206417146832868,
      3.3606175678827035,
      4.76770225067527,
      0.18914980895550482
    ],
    [
      1.9151572031290678,
      3.50355760588535,
      2.1862530859505016,
      3.0711555087605733,
      5.550678676023701,
      0.8405188671353362,
      3.4851667384321043,
      4.661075636716375,
      1.965477851191008,
      4.720909424777794,
      2.922231370490485,
      2.200313093220068,
      3.3579485827243034,
      4.74055391528327,
      0.1919328758675048
    ],
    [
      1.8044205774138677,
      3.51734090612215,
      2.1854457033809016,
      3.0684961316021733,
      5.4644240879629,
      0.8463361191385361,
      3.4872242881153044,
      4.6529470103419746,
      1.959841817591008,
      4.715658422947394,
      2.929677240205685,
      2.197546359674468,
      3.3508151046795036,
      4.73567636460487,
      0.1867893253139048
    ],
    [
      1.7345114130138677,
      3.52224692692215,
      2.1871929709809015,
      3.0648633332021733,
      5.3567697183629,
      0.8482456099385361,
      3.486535784115304,
      4.673259844741975,
      1.956236584791008,
      4.702338046547394,
      2.929039291005685,
      2.197791303274468,
      3.3526689114795034,
      4.7196192238048695,
      0.1840555161139048
    ],
    [
      1.6872533997050676,
      3.52142669222775,
      2.1893884285361014,
      3.063019420571773,
      5.2357179003309,
      0.8486963983673361,
      3.4878791980257042,
      4.6822954667611745,
      1.960371911661408,
      4.7137101075745935,
      2.932515866554485,
      2.2029397034184677,
      3.3526919937259034,
      4.705501338467269,
      0.18520880093630482
    ],
    [
      1.6477683679610675,
      3.5255646589349503,
      2.1905932328433013,
      3.053659581659773,
      5.1028936246253,
      0.8477225089465361,
      3.4864508845217044,
      4.6803814087515745,
      1.961917262061408,
      4.721018965820994,
      2.937164112288885,
      2.2005047913544677,
      3.3538188967147033,
      4.694003210582469,
      0.18999248331710483
    ],
    [
      1.6292087149690675,
      3.52869497056695,
      2.1935671836433013,
      3.047059326395773,
      4.988966161905299,
      0.8469665200505361,
      3.4880610123937044,
      4.6784449164475745,
      1.967334138173408,
      4.724557979244993,
      2.938252343152885,
      2.2001223638984677,
      3.355521692058703,
      4.703383572758469,
      0.18725918518910484
    ],
    [
      1.6026107117434674,
      3.5259507003333503,
      2.1940790819089013,
      3.043191082146173,
      4.8917803932525,
      0.845575570188136,
      3.4870788387745044,
      4.692726262751575,
      1.966432473021408,
      4.708120310944193,
      2.9403757636712853,
      2.2014041514440676,
      3.3536587698443032,
      4.682748103523268,
      0.18868264272510482
    ],
    [
      1.5842405022554673,
      3.52707202775735,
      2.192684177972901,
      3.040334942130173,
      4.8221701756524995,
      0.842034624732136,
      3.4854777364545044,
      4.693377982607575,
      1.966247626861408,
      4.710286832560193,
      2.939231653847285,
      2.2057225286120676,
      3.3554035625163032,
      4.6911790860032685,
      0.19128054765310482
    ],
    [
      1.5656037555034672,
      3.52861129886135,
      2.1949734163409014,
      3.037432748242173,
      4.767703278692499,
      0.844579398076136,
      3.4858925316225045,
      4.709743751599575,
      1.969228725645408,
      4.702207368656193,
      2.936790046359285,
      2.2057878814120677,
      3.3550198558283033,
      4.694238769715269,
      0.1910615384371048
    ],
    [
      1.5959586887258672,
      3.5290492925381503,
      2.1954825979857016,
      3.036126986139773,
      4.737069205383699,
      0.844592398050536,
      3.4840326163521045,
      4.713366972034775,
      1.966926594701408,
      4.707831448464193,
      2.938990171124085,
      2.206974339565668,
      3.3537157197899035,
      4.692320363772868,
      0.1914659438963048
    ],
    [
      1.5911147041818672,
      3.52767773080375,
      2.1956859661585018,
      3.036705911874173,
      4.715065957217299,
      0.8430046736217359,
      3.4834425374657045,
      4.695874273737175,
      1.968045421395808,
      4.712931867465794,
      2.9393907948616853,
      2.2060776023112676,
      3.3532523966155035,
      4.703425913539268,
      0.19063422017150483
    ],
    [
      1.5805661463930671,
      3.5284034916101503,
      2.195226084638502,
      3.038302376350973,
      4.719295873111699,
      0.8415367257913359,
      3.4862957804865045,
      4.713631993266775,
      1.9653012798982081,
      4.708349561174594,
      2.9422418432488855,
      2.2059311630472678,
      3.3512667731243035,
      4.718787826470468,
      0.1886550278707048
    ],
    [
      1.5628724015482671,
      3.5296248214277504,
      2.1961008490801017,
      3.036431274392573,
      4.712340804548499,
      0.8413840512569358,
      3.4854120624769043,
      4.705229719705175,
      1.9640294900678081,
      4.690079759062594,
      2.9431717924008853,
      2.207118114458468,
      3.3492376972779034,
      4.697846952435268,
      0.18760981195390478
    ],
    [
      1.5593574573018671,
      3.53068641916535,
      2.1970115820369016,
      3.037066915368573,
      4.715919993047699,
      0.8422168186521358,
      3.484627127337704,
      4.725143659589975,
      1.9638525346406082,
      4.715811541404994,
      2.9428216717992854,
      2.2074966605096678,
      3.3494686828203033,
      4.698524659948868,
      0.18866637774590478
    ],
    [
      1.5510584070874671,
      3.53071049188215,
      2.1979708773969016,
      3.0389906946837733,
      4.710811571607699,
      0.8411190522009359,
      3.4857468959777043,
      4.726993055109975,
      1.9635709327846083,
      4.722819286288194,
      2.9417811706920856,
      2.207321045431268,
      3.349787213431503,
      4.693025029536068,
      0.18820435168510477
    ]
  ],
  "cost_vals": [],
  "step_size": 0.1,
  "opt_step_times": [
    0.13921284675598145,
    0.15693116188049316,
    0.159132719039917,
    0.1741187572479248,
    0.16655492782592773,
    0.1530900001525879,
    0.14861106872558594,
    0.12877488136291504,
    0.13297295570373535,
    0.12562990188598633,
    0.14283013343811035,
    0.13526606559753418,
    0.12648892402648926,
    0.13399600982666016,
    0.13032984733581543,
    0.14487910270690918,
    0.22345781326293945,
    0.1255629062652588,
    0.1146998405456543,
    0.11520195007324219
  ],
  "opt_settings": [
    1.5510584070874671,
    3.53071049188215,
    2.1979708773969016,
    3.0389906946837733,
    4.710811571607699,
    0.8411190522009359,
    3.4857468959777043,
    4.726993055109975,
    1.9635709327846083,
    4.722819286288194,
    2.9417811706920856,
    2.207321045431268,
    3.349787213431503,
    4.693025029536068,
    0.18820435168510477
  ],
  "min_cost": null,
  "datetime": "2023-04-19T20-39-33Z",
  "step_only": true,
  "ibm_device": "default.qubit",
  "shots": 1000,
  "prep_node_name": "5-qubit_zero_state",
  "num_qubits": 5,
  "cov_mats": [
    [
      [
        0.41324399999999994,
        -0.010004000000000013,
        0.01151999999999992,
        -0.012843999999999994,
        -0.012324000000000002
      ],
      [
        -0.010004000000000013,
        0.179164,
        0.00768000000000002,
        0.021604000000000012,
        -0.0017160000000000508
      ],
      [
        0.01151999999999992,
        0.00768000000000002,
        0.9216,
        0.020480000000000068,
        -0.005919999999999967
      ],
      [
        -0.012843999999999994,
        0.021604000000000012,
        0.020480000000000068,
        0.972444,
        -0.004076000000000052
      ],
      [
        -0.012324000000000002,
        -0.0017160000000000508,
        -0.005919999999999967,
        -0.004076000000000052,
        0.851004
      ]
    ],
    [
      [
        0.5457240000000001,
        0.008511999999999964,
        -0.04362000000000002,
        -0.021772000000000027,
        2.3999999999996247e-05
      ],
      [
        0.008511999999999964,
        0.21145599999999998,
        -0.002559999999999993,
        -0.018336000000000005,
        -0.0010880000000000334
      ],
      [
        -0.04362000000000002,
        -0.002559999999999993,
        0.9831,
        -0.00013999999999997348,
        -0.05412000000000005
      ],
      [
        -0.021772000000000027,
        -0.018336000000000005,
        -0.00013999999999997348,
        0.985116,
        0.008327999999999933
      ],
      [
        2.3999999999996247e-05,
        -0.0010880000000000334,
        -0.05412000000000005,
        0.008327999999999933,
        0.9238240000000002
      ]
    ],
    [
      [
        0.5878360000000001,
        -0.01429999999999998,
        0.013504000000000016,
        -0.06992399999999999,
        0.010152000000000036
      ],
      [
        -0.01429999999999998,
        0.2775000000000002,
        0.004799999999999902,
        0.001700000000000007,
        0.0013999999999999846
      ],
      [
        0.013504000000000016,
        0.004799999999999902,
        0.992256,
        -0.031136000000000063,
        0.02172799999999988
      ],
      [
        -0.06992399999999999,
        0.001700000000000007,
        -0.031136000000000063,
        0.993916,
        0.013832000000000014
      ],
      [
        0.010152000000000036,
        0.0013999999999999846,
        0.02172799999999988,
        0.013832000000000014,
        0.9756640000000002
      ]
    ],
    [
      [
        0.725424,
        -0.017175999999999914,
        -0.04800800000000002,
        0.034096000000000015,
        0.010871999999999965
      ],
      [
        -0.017175999999999914,
        0.317724,
        0.002691999999999903,
        -0.001304000000000001,
        0.01157200000000004
      ],
      [
        -0.04800800000000002,
        0.002691999999999903,
        0.9982359999999999,
        0.0021680000000000015,
        -0.028723999999999982
      ],
      [
        0.034096000000000015,
        -0.001304000000000001,
        0.0021680000000000015,
        0.999984,
        0.025688000000000023
      ],
      [
        0.010871999999999965,
        0.01157200000000004,
        -0.028723999999999982,
        0.025688000000000023,
        0.9939160000000002
      ]
    ],
    [
      [
        0.838396,
        0.0044239999999999835,
        0.005135999999999974,
        0.006040000000000004,
        -0.03313599999999993
      ],
      [
        0.0044239999999999835,
        0.34065599999999996,
        -0.014015999999999945,
        -0.012239999999999997,
        0.01401599999999997
      ],
      [
        0.005135999999999974,
        -0.014015999999999945,
        0.998976,
        0.012639999999999955,
        -0.002976
      ],
      [
        0.006040000000000004,
        -0.012239999999999997,
        0.012639999999999955,
        0.9996,
        -0.04464000000000001
      ],
      [
        -0.03313599999999993,
        0.01401599999999997,
        -0.002976,
        -0.04464000000000001,
        0.998976
      ]
    ],
    [
      [
        0.901404,
        -0.010779999999999929,
        -0.007236000000000017,
        0.04427999999999999,
        -0.04120800000000001
      ],
      [
        -0.010779999999999929,
        0.46710000000000007,
        -0.005979999999999937,
        0.03139999999999999,
        0.005559999999999895
      ],
      [
        -0.007236000000000017,
        -0.005979999999999937,
        0.994524,
        -0.012520000000000015,
        0.012072000000000012
      ],
      [
        0.04427999999999999,
        0.03139999999999999,
        -0.012520000000000015,
        0.9996,
        -0.04456000000000001
      ],
      [
        -0.04120800000000001,
        0.005559999999999895,
        0.012072000000000012,
        -0.04456000000000001,
        0.999216
      ]
    ],
    [
      [
        0.957564,
        -0.03086400000000003,
        0.008052000000000009,
        -0.03735600000000002,
        -0.03946800000000004
      ],
      [
        -0.03086400000000003,
        0.5696639999999998,
        -0.003951999999999997,
        0.01505600000000002,
        -0.008431999999999997
      ],
      [
        0.008052000000000009,
        -0.003951999999999997,
        0.996636,
        -0.0015079999999999716,
        0.025275999999999996
      ],
      [
        -0.03735600000000002,
        0.01505600000000002,
        -0.0015079999999999716,
        0.999324,
        0.016571999999999986
      ],
      [
        -0.03946800000000004,
        -0.008431999999999997,
        0.025275999999999996,
        0.016571999999999986,
        0.999516
      ]
    ],
    [
      [
        0.9750359999999999,
        -0.010567999999999994,
        0.01504800000000003,
        0.026839999999999968,
        0.02347199999999991
      ],
      [
        -0.010567999999999994,
        0.635184,
        0.014576000000000047,
        -0.0119199999999999,
        0.06166400000000005
      ],
      [
        0.01504800000000003,
        0.014576000000000047,
        0.998064,
        0.023120000000000075,
        -0.0007040000000000577
      ],
      [
        0.026839999999999968,
        -0.0119199999999999,
        0.023120000000000075,
        0.9996,
        -0.012320000000000011
      ],
      [
        0.02347199999999991,
        0.06166400000000005,
        -0.0007040000000000577,
        -0.012320000000000011,
        0.999744
      ]
    ],
    [
      [
        0.988336,
        0.031296,
        -0.03983200000000006,
        0.003568000000000021,
        -0.03404800000000001
      ],
      [
        0.031296,
        0.7378560000000001,
        0.01764799999999999,
        -0.02595200000000005,
        -0.0033279999999998623
      ],
      [
        -0.03983200000000006,
        0.01764799999999999,
        0.997084,
        0.0017840000000000104,
        0.042975999999999924
      ],
      [
        0.003568000000000021,
        -0.02595200000000005,
        0.0017840000000000104,
        0.999984,
        -0.028224000000000044
      ],
      [
        -0.03404800000000001,
        -0.0033279999999998623,
        0.042975999999999924,
        -0.028224000000000044,
        0.996864
      ]
    ],
    [
      [
        0.9932759999999999,
        -0.00965999999999995,
        -0.042920000000000014,
        -0.029147999999999986,
        -0.0009519999999999802
      ],
      [
        -0.00965999999999995,
        0.8631,
        0.052199999999999996,
        -0.010820000000000071,
        -0.0006800000000000053
      ],
      [
        -0.042920000000000014,
        0.052199999999999996,
        0.9964,
        -0.04684000000000001,
        0.033839999999999995
      ],
      [
        -0.029147999999999986,
        -0.010820000000000071,
        -0.04684000000000001,
        0.999804,
        0.021496000000000026
      ],
      [
        -0.0009519999999999802,
        -0.0006800000000000053,
        0.033839999999999995,
        0.021496000000000026,
        0.998704
      ]
    ],
    [
      [
        0.9991,
        -0.06439999999999992,
        0.035100000000000055,
        0.029759999999999998,
        -0.04514000000000001
      ],
      [
        -0.06439999999999992,
        0.8976,
        -0.03639999999999992,
        0.014559999999999986,
        -0.049839999999999975
      ],
      [
        0.035100000000000055,
        -0.03639999999999992,
        0.9991,
        0.009760000000000008,
        0.014859999999999986
      ],
      [
        0.029759999999999998,
        0.014559999999999986,
        0.009760000000000008,
        0.999936,
        -0.014304000000000013
      ],
      [
        -0.04514000000000001,
        -0.049839999999999975,
        0.014859999999999986,
        -0.014304000000000013,
        0.998556
      ]
    ],
    [
      [
        0.999964,
        -0.015463999999999957,
        -0.011531999999999982,
        -0.06997600000000007,
        -0.021999999999999992
      ],
      [
        -0.015463999999999957,
        0.940464,
        -0.046967999999999996,
        -0.043024000000000055,
        -6.661338147751068e-19
      ],
      [
        -0.011531999999999982,
        -0.046967999999999996,
        0.993916,
        -0.03431200000000002,
        0.029999999999999964
      ],
      [
        -0.06997600000000007,
        -0.043024000000000055,
        -0.03431200000000002,
        0.9999839999999998,
        -0.05199999999999996
      ],
      [
        -0.021999999999999992,
        -6.661338147751068e-19,
        0.029999999999999964,
        -0.05199999999999996,
        1.0
      ]
    ],
    [
      [
        0.9996,
        0.03515999999999995,
        -0.03504,
        -0.02548000000000002,
        -0.030279999999999998
      ],
      [
        0.03515999999999995,
        0.979836,
        -0.023184000000000052,
        0.019691999999999966,
        -0.001987999999999945
      ],
      [
        -0.03504,
        -0.023184000000000052,
        0.997696,
        0.004752,
        -0.005328000000000005
      ],
      [
        -0.02548000000000002,
        0.019691999999999966,
        0.004752,
        0.999324,
        0.0003640000000000292
      ],
      [
        -0.030279999999999998,
        -0.001987999999999945,
        -0.005328000000000005,
        0.0003640000000000292,
        0.9998040000000002
      ]
    ],
    [
      [
        0.994224,
        0.08063200000000004,
        0.032912000000000004,
        -0.01852800000000001,
        -0.06706400000000007
      ],
      [
        0.08063200000000004,
        0.999676,
        0.014216000000000013,
        -0.0007039999999999718,
        0.007747999999999977
      ],
      [
        0.032912000000000004,
        0.014216000000000013,
        0.999856,
        -0.024863999999999994,
        0.05416800000000002
      ],
      [
        -0.01852800000000001,
        -0.0007039999999999718,
        -0.024863999999999994,
        0.994816,
        0.05100799999999997
      ],
      [
        -0.06706400000000007,
        0.007747999999999977,
        0.05416800000000002,
        0.05100799999999997,
        0.9998039999999999
      ]
    ],
    [
      [
        0.999324,
        0.04610400000000001,
        0.006908000000000005,
        0.004572000000000001,
        0.06220800000000003
      ],
      [
        0.04610400000000001,
        0.999984,
        -0.08583200000000007,
        -0.0020880000000000013,
        -0.052032000000000043
      ],
      [
        0.006908000000000005,
        -0.08583200000000007,
        0.998236,
        0.016924000000000012,
        -0.021663999999999992
      ],
      [
        0.004572000000000001,
        -0.0020880000000000013,
        0.016924000000000012,
        0.9995159999999998,
        0.013823999999999958
      ],
      [
        0.06220800000000003,
        -0.052032000000000043,
        -0.021663999999999992,
        0.013823999999999958,
        0.9999360000000003
      ]
    ],
    [
      [
        0.999856,
        -0.034312,
        0.06650400000000001,
        0.00038400000000000066,
        0.013592000000000012
      ],
      [
        -0.034312,
        0.999324,
        0.04109199999999998,
        -0.021168000000000017,
        0.04711600000000001
      ],
      [
        0.06650400000000001,
        0.04109199999999998,
        0.998236,
        -0.01934399999999999,
        -0.02257200000000005
      ],
      [
        0.00038400000000000066,
        -0.021168000000000017,
        -0.01934399999999999,
        0.998976,
        0.031088000000000025
      ],
      [
        0.013592000000000012,
        0.04711600000000001,
        -0.02257200000000005,
        0.031088000000000025,
        0.9988440000000002
      ]
    ],
    [
      [
        0.999744,
        -0.02271999999999999,
        -0.02425600000000002,
        -0.02368000000000002,
        0.028384000000000027
      ],
      [
        -0.02271999999999999,
        0.9936,
        0.029280000000000028,
        -0.00960000000000001,
        -0.009919999999999983
      ],
      [
        -0.02425600000000002,
        0.029280000000000028,
        0.999744,
        0.00032000000000000057,
        0.004384000000000004
      ],
      [
        -0.02368000000000002,
        -0.00960000000000001,
        0.00032000000000000057,
        0.9996,
        -0.03248000000000003
      ],
      [
        0.028384000000000027,
        -0.009919999999999983,
        0.004384000000000004,
        -0.03248000000000003,
        0.9994240000000002
      ]
    ],
    [
      [
        0.9932759999999999,
        0.011508000000000037,
        -0.01832799999999999,
        0.021736000000000016,
        -0.025083999999999988
      ],
      [
        0.011508000000000037,
        0.999964,
        -0.014024000000000012,
        -0.062312000000000055,
        0.019628000000000017
      ],
      [
        -0.01832799999999999,
        -0.014024000000000012,
        0.999984,
        -0.03220800000000003,
        0.0017520000000000018
      ],
      [
        0.021736000000000016,
        -0.062312000000000055,
        -0.03220800000000003,
        0.997296,
        -0.033224000000000024
      ],
      [
        -0.025083999999999988,
        0.019628000000000017,
        0.0017520000000000018,
        -0.033224000000000024,
        0.9961560000000005
      ]
    ],
    [
      [
        0.999516,
        -0.09685600000000005,
        -0.06252800000000003,
        0.0027040000000000033,
        0.01292400000000001
      ],
      [
        -0.09685600000000005,
        0.997296,
        0.04124799999999998,
        -0.021663999999999965,
        0.05981600000000003
      ],
      [
        -0.06252800000000003,
        0.04124799999999998,
        0.999424,
        -0.0032320000000000022,
        0.023008000000000018
      ],
      [
        0.0027040000000000033,
        -0.021663999999999965,
        -0.0032320000000000022,
        0.998976,
        -0.027343999999999993
      ],
      [
        0.01292400000000001,
        0.05981600000000003,
        0.023008000000000018,
        -0.027343999999999993,
        0.998236
      ]
    ],
    [
      [
        0.998704,
        0.0033680000000000042,
        -0.013208000000000011,
        0.01248800000000001,
        -0.023080000000000038
      ],
      [
        0.0033680000000000042,
        0.998556,
        -0.03683600000000001,
        -0.022404000000000018,
        -0.03886000000000005
      ],
      [
        -0.013208000000000011,
        -0.03683600000000001,
        0.999516,
        0.016923999999999988,
        0.00465999999999997
      ],
      [
        0.01248800000000001,
        -0.022404000000000018,
        0.016923999999999988,
        0.998236,
        -0.009259999999999968
      ],
      [
        -0.023080000000000038,
        -0.03886000000000005,
        0.00465999999999997,
        -0.009259999999999968,
        0.9991
      ]
    ]
  ]
}