{
  "settings_list": [
    [
      1.6677461103767892,
      5.5517408112390845,
      4.315056247400797,
      2.921252234367711,
      4.43772607738593,
      0.4094229842267651,
      1.242832514107147,
      4.463682293260376,
      5.342980795773962,
      3.6047332726369734,
      1.6405390080385984,
      5.783797672486832,
      3.25977736163288,
      5.5944148254532085,
      2.660128932942695
    ],
    [
      1.6339313519223893,
      5.550153975181485,
      4.316407984767197,
      2.914594923849311,
      4.52300095559713,
      0.4051263420123651,
      1.247908915217547,
      4.474800690057176,
      5.345988406749962,
      3.6031113401825734,
      1.6069951080129985,
      5.781141523296433,
      3.2732108610280797,
      5.515220836592408,
      2.659351804539495
    ],
    [
      1.6187177395223893,
      5.543970678461485,
      4.315522250815197,
      2.9125968487613108,
      4.60507837271713,
      0.4080835040443651,
      1.257833904529547,
      4.483507781113176,
      5.342039126445962,
      3.6058094260385736,
      1.5921850499329984,
      5.782616271648433,
      3.28899442744408,
      5.417278852592408,
      2.659440158219495
    ],
    [
      1.5996918517623893,
      5.549448061763885,
      4.314345783394397,
      2.9134447046877106,
      4.65397571859553,
      0.4090334118715651,
      1.265480230209547,
      4.494188962949976,
      5.343657132836362,
      3.6055351244897738,
      1.5836476360065983,
      5.773354140730032,
      3.30103266459928,
      5.303013394682008,
      2.655658948545895
    ],
    [
      1.5775770697559892,
      5.545446039773485,
      4.318456255003997,
      2.9114227699453106,
      4.696622168361929,
      0.4142659951899651,
      1.274522572155147,
      4.505643176601176,
      5.343892812807562,
      3.6057682521921737,
      1.5720397530017982,
      5.7750601955172325,
      3.3094719903304797,
      5.181378603053208,
      2.657574300753895
    ],
    [
      1.5757765174807892,
      5.543704570371885,
      4.319456355032797,
      2.9111894932317104,
      4.675681211683529,
      0.4174823887451651,
      1.277780459950347,
      4.516287210815577,
      5.340438608756362,
      3.6047872507809737,
      1.5791189432513981,
      5.781948590752433,
      3.3186903216904797,
      5.057185831882008,
      2.654756522081895
    ],
    [
      1.573007966834389,
      5.541626037719085,
      4.316332254456797,
      2.9135340255741102,
      4.674300672109129,
      0.4187188008923651,
      1.284564928334347,
      4.520622696709976,
      5.338580382701961,
      3.6072581777633737,
      1.574169831350598,
      5.780882472192433,
      3.32717787878808,
      4.947304174563608,
      2.652714474446695
    ],
    [
      1.583609625000789,
      5.540668619251885,
      4.319462006792797,
      2.9124982682173104,
      4.680484134902729,
      0.4198400539035651,
      1.288683032772747,
      4.5248675079835765,
      5.335456118909961,
      3.6075312788065736,
      1.576405105376198,
      5.780495582416433,
      3.33242945195928,
      4.865700111062808,
      2.6550189342418946
    ],
    [
      1.566954538459989,
      5.540961040839084,
      4.3204825989463975,
      2.90985843512931,
      4.695171867561929,
      0.4240744526363651,
      1.2976024288815469,
      4.529963761621977,
      5.331736114423561,
      3.6032728199777737,
      1.573568775782598,
      5.782956371760433,
      3.33397670692888,
      4.803348068899608,
      2.6565442249810944
    ],
    [
      1.570011649992789,
      5.541997121847085,
      4.3200713938743975,
      2.90748473558051,
      4.682334237661129,
      0.42473801887956514,
      1.3006230482287469,
      4.534674847276377,
      5.333944033341961,
      3.6038761036705735,
      1.572853774960198,
      5.784444726182833,
      3.3342338812744803,
      4.781329749731609,
      2.6541511117810943
    ],
    [
      1.570280401941589,
      5.5422448388902845,
      4.319013933522397,
      2.91032859826211,
      4.690198067011529,
      0.42374480787156515,
      1.3081837828207468,
      4.545289337772377,
      5.331598038282761,
      3.6037885397665734,
      1.575840866825798,
      5.784825954496433,
      3.3355983536968803,
      4.754523792662809,
      2.6534135209714944
    ],
    [
      1.580616873013589,
      5.541779332618285,
      4.318503443250397,
      2.9099568744541098,
      4.67446404534753,
      0.42455358572756513,
      1.3094698927407467,
      4.545775714796377,
      5.332751107946761,
      3.6049652445345735,
      1.579257235593798,
      5.784280035840433,
      3.3357093720968805,
      4.745344329078809,
      2.6519464717234946
    ],
    [
      1.579647158671189,
      5.542009066787885,
      4.318675505074397,
      2.9089551207517097,
      4.65767070156513,
      0.4234186112635651,
      1.3087451487279467,
      4.544624814418777,
      5.332440952042761,
      3.6045387759905734,
      1.581568792291398,
      5.783779086630832,
      3.3379868015240803,
      4.726274176042009,
      2.6531326687666947
    ],
    [
      1.5816604900311892,
      5.543078999200684,
      4.319392580319197,
      2.90797254872291,
      4.69276422164833,
      0.4223718205979651,
      1.3074799206767467,
      4.545326037621977,
      5.331991933242761,
      3.6047877292449733,
      1.5765843122913978,
      5.785076674976432,
      3.3377723332008804,
      4.7246556786500085,
      2.6525047223890947
    ],
    [
      1.5785664352087894,
      5.540968813584684,
      4.3208336363895965,
      2.9072316993373097,
      4.693197995225931,
      0.42176817332436506,
      1.3144582079567466,
      4.555617127119577,
      5.330555085316361,
      3.6037590161057733,
      1.560283607497798,
      5.783822955939632,
      3.3365251633352804,
      4.722897373987609,
      2.6512362254610946
    ],
    [
      1.5765580690071894,
      5.540346301207085,
      4.3227681014391965,
      2.90619145661731,
      4.711382638681931,
      0.42059854373716504,
      1.3192479891599467,
      4.562997375861977,
      5.330279738801161,
      3.602910623875373,
      1.550782719420998,
      5.784075086557232,
      3.3372635062920804,
      4.723128200003608,
      2.6519306174546946
    ],
    [
      1.5735306492471894,
      5.540361056327084,
      4.323351160319197,
      2.90541642845731,
      4.710652830761931,
      0.42102435413716505,
      1.3242883632399467,
      4.570634609461977,
      5.33122678800116,
      3.6024338258753734,
      1.558154049500998,
      5.783467114557232,
      3.3364565078120805,
      4.719952398643608,
      2.6517425684946945
    ],
    [
      1.5721426992791896,
      5.539416135239084,
      4.323436359423197,
      2.90564343268131,
      4.714094481449931,
      0.42139351304916506,
      1.3260161083279467,
      4.576211306581977,
      5.33056955432116,
      3.6032720531233733,
      1.560581773084998,
      5.782778454621232,
      3.3373472562920803,
      4.704525383987608,
      2.6515666436306944
    ],
    [
      1.5710631868375897,
      5.537621144915884,
      4.323281892261597,
      2.90614362173731,
      4.706320859600331,
      0.42085633068756506,
      1.3276396302031468,
      4.577488606927577,
      5.33132601161396,
      3.6023106666273734,
      1.553486549520198,
      5.783644645155632,
      3.33676354370328,
      4.6868805659396084,
      2.6523910197842944
    ],
    [
      1.5786865007607898,
      5.538755890583085,
      4.324346604008797,
      2.90629888799011,
      4.693303288307531,
      0.42161438099796505,
      1.3292450434831469,
      4.5803237048187775,
      5.331923788417161,
      3.6013290996065734,
      1.5366959742369979,
      5.784219037744432,
      3.33556780896728,
      4.716569121024408,
      2.6551651907410942
    ],
    [
      1.5729462534647898,
      5.539715995799085,
      4.323570579560797,
      2.90684645765411,
      4.695795407219531,
      0.42040966368596505,
      1.333184030747147,
      4.589709990514778,
      5.331531382913161,
      3.6017990494305736,
      1.555236640092998,
      5.782420569008432,
      3.33831265901528,
      4.715894008448408,
      2.653443618901094
    ]
  ],
  "cost_vals": [],
  "step_size": 0.1,
  "opt_step_times": [
    0.14129209518432617,
    0.1516740322113037,
    0.14776206016540527,
    0.15405583381652832,
    0.14901399612426758,
    0.14410614967346191,
    0.1522691249847412,
    0.15238285064697266,
    0.15266203880310059,
    0.15431809425354004,
    0.14699316024780273,
    0.14985990524291992,
    0.1400589942932129,
    0.139862060546875,
    0.20747685432434082,
    0.14782166481018066,
    0.13704490661621094,
    0.13693809509277344,
    0.14317727088928223,
    0.1430211067199707
  ],
  "opt_settings": [
    1.5729462534647898,
    5.539715995799085,
    4.323570579560797,
    2.90684645765411,
    4.695795407219531,
    0.42040966368596505,
    1.333184030747147,
    4.589709990514778,
    5.331531382913161,
    3.6017990494305736,
    1.555236640092998,
    5.782420569008432,
    3.33831265901528,
    4.715894008448408,
    2.653443618901094
  ],
  "min_cost": null,
  "datetime": "2023-05-30T16-38-07Z",
  "step_only": true,
  "ibm_device": "default.qubit",
  "shots": 1000,
  "prep_node_name": "5-qubit_zero_state",
  "num_qubits": 5,
  "error": false,
  "cov_mats": [
    [
      [
        0.993276,
        -0.04146799999999996,
        -0.013739999999999978,
        0.006067999999999985,
        0.007548000000000082
      ],
      [
        -0.04146799999999996,
        0.948924,
        -0.00017999999999994756,
        -0.0007240000000000163,
        -0.014363999999999905
      ],
      [
        -0.013739999999999978,
        -0.00017999999999994756,
        0.9951,
        -0.01881999999999997,
        0.02097999999999991
      ],
      [
        0.006067999999999985,
        -0.0007240000000000163,
        -0.01881999999999997,
        0.994524,
        0.022163999999999948
      ],
      [
        0.007548000000000082,
        -0.014363999999999905,
        0.02097999999999991,
        0.022163999999999948,
        0.382204
      ]
    ],
    [
      [
        0.999424,
        0.07932799999999997,
        -0.021311999999999984,
        0.007104000000000004,
        -0.009375999999999971
      ],
      [
        0.07932799999999997,
        0.950716,
        0.006636000000000062,
        -0.018212000000000124,
        0.018727999999999995
      ],
      [
        -0.021311999999999984,
        0.006636000000000062,
        0.980956,
        -0.0016520000000000007,
        0.03808800000000005
      ],
      [
        0.007104000000000004,
        -0.018212000000000124,
        -0.0016520000000000007,
        0.997884,
        -0.0006959999999999952
      ],
      [
        -0.009375999999999971,
        0.018727999999999995,
        0.03808800000000005,
        -0.0006959999999999952,
        0.4758239999999999
      ]
    ],
    [
      [
        0.999676,
        0.005259999999999949,
        -0.0004680000000000008,
        -0.046288000000000044,
        0.008300000000000004
      ],
      [
        0.005259999999999949,
        0.9951,
        -0.038180000000000006,
        0.031120000000000002,
        0.017499999999999995
      ],
      [
        -0.0004680000000000008,
        -0.038180000000000006,
        0.999324,
        -0.026415999999999995,
        -0.028899999999999978
      ],
      [
        -0.046288000000000044,
        0.031120000000000002,
        -0.026415999999999995,
        0.999744,
        0.04359999999999987
      ],
      [
        0.008300000000000004,
        0.017499999999999995,
        -0.028899999999999978,
        0.04359999999999987,
        0.5775000000000001
      ]
    ],
    [
      [
        0.9984,
        0.03776000000000001,
        -0.006719999999999981,
        0.02432000000000002,
        0.01872000000000001
      ],
      [
        0.03776000000000001,
        0.998064,
        0.062992,
        0.015847999999999987,
        -0.052591999999999986
      ],
      [
        -0.006719999999999981,
        0.062992,
        0.995376,
        0.019144000000000015,
        -0.00017600000000000948
      ],
      [
        0.02432000000000002,
        0.015847999999999987,
        0.019144000000000015,
        0.998236,
        -0.01634400000000002
      ],
      [
        0.01872000000000001,
        -0.052591999999999986,
        -0.00017600000000000948,
        -0.01634400000000002,
        0.7169760000000001
      ]
    ],
    [
      [
        0.998704,
        -0.007479999999999976,
        -0.023223999999999995,
        0.02164000000000002,
        0.0042160000000000045
      ],
      [
        -0.007479999999999976,
        0.9951,
        -0.06961999999999997,
        0.08470000000000003,
        -0.017419999999999908
      ],
      [
        -0.023223999999999995,
        -0.06961999999999997,
        0.998844,
        0.019660000000000018,
        -0.012796000000000012
      ],
      [
        0.02164000000000002,
        0.08470000000000003,
        0.019660000000000018,
        0.9999,
        0.019059999999999962
      ],
      [
        0.0042160000000000045,
        -0.017419999999999908,
        -0.012796000000000012,
        0.019059999999999962,
        0.755964
      ]
    ],
    [
      [
        0.998556,
        0.003620000000000003,
        -0.0009880000000000017,
        -0.021696000000000017,
        0.0015359999999999142
      ],
      [
        0.003620000000000003,
        0.9999,
        -0.06426000000000003,
        -0.0019200000000000016,
        -0.03328000000000006
      ],
      [
        -0.0009880000000000017,
        -0.06426000000000003,
        0.999324,
        0.038208000000000034,
        -0.014528000000000044
      ],
      [
        -0.021696000000000017,
        -0.0019200000000000016,
        0.038208000000000034,
        0.999936,
        -0.017375999999999985
      ],
      [
        0.0015359999999999142,
        -0.03328000000000006,
        -0.014528000000000044,
        -0.017375999999999985,
        0.8924160000000001
      ]
    ],
    [
      [
        0.9984,
        -0.017439999999999987,
        0.004160000000000001,
        -0.012959999999999984,
        -0.0003199999999999566
      ],
      [
        -0.017439999999999987,
        0.998704,
        0.06774400000000001,
        -0.06106400000000003,
        -0.016887999999999962
      ],
      [
        0.004160000000000001,
        0.06774400000000001,
        0.989184,
        0.011296000000000007,
        0.023231999999999947
      ],
      [
        -0.012959999999999984,
        -0.06106400000000003,
        0.011296000000000007,
        0.999324,
        -0.023692000000000046
      ],
      [
        -0.0003199999999999566,
        -0.016887999999999962,
        0.023231999999999947,
        -0.023692000000000046,
        0.9798360000000003
      ]
    ],
    [
      [
        0.999324,
        0.04940400000000002,
        0.058283999999999996,
        -0.0040520000000000035,
        0.003683999999999947
      ],
      [
        0.04940400000000002,
        0.997084,
        -0.04043600000000001,
        -0.031892000000000004,
        0.06096400000000006
      ],
      [
        0.058283999999999996,
        -0.04043600000000001,
        0.995644,
        0.007868000000000007,
        0.04504399999999998
      ],
      [
        -0.0040520000000000035,
        -0.031892000000000004,
        0.007868000000000007,
        0.999996,
        0.01166800000000001
      ],
      [
        0.003683999999999947,
        0.06096400000000006,
        0.04504399999999998,
        0.01166800000000001,
        0.9724440000000004
      ]
    ],
    [
      [
        0.999936,
        0.0015680000000000288,
        0.0028799999999999755,
        -0.0039040000000000034,
        0.0025599999999999755
      ],
      [
        0.0015680000000000288,
        0.997084,
        0.029939999999999977,
        -0.03735200000000003,
        -0.008220000000000057
      ],
      [
        0.0028799999999999755,
        0.029939999999999977,
        0.9879,
        -0.03132,
        0.0003000000000000424
      ],
      [
        -0.0039040000000000034,
        -0.03735200000000003,
        -0.03132,
        0.999856,
        0.02116000000000002
      ],
      [
        0.0025599999999999755,
        -0.008220000000000057,
        0.0003000000000000424,
        0.02116000000000002,
        0.9951000000000002
      ]
    ],
    [
      [
        0.999744,
        -0.038992000000000006,
        -0.016432000000000013,
        -0.011744000000000037,
        -0.014911999999999984
      ],
      [
        -0.038992000000000006,
        0.996156,
        -0.033924000000000024,
        0.014992000000000014,
        -0.0017839999999999705
      ],
      [
        -0.016432000000000013,
        -0.033924000000000024,
        0.9903959999999999,
        -0.007567999999999952,
        0.011336000000000032
      ],
      [
        -0.011744000000000037,
        0.014992000000000014,
        -0.007567999999999952,
        0.999744,
        0.01091199999999998
      ],
      [
        -0.014911999999999984,
        -0.0017839999999999705,
        0.011336000000000032,
        0.01091199999999998,
        0.9953760000000003
      ]
    ],
    [
      [
        0.999804,
        0.05264400000000002,
        -0.02380400000000002,
        -0.009720000000000008,
        0.02944
      ],
      [
        0.05264400000000002,
        0.997884,
        -0.016644000000000016,
        0.06108000000000002,
        0.003839999999999967
      ],
      [
        -0.02380400000000002,
        -0.016644000000000016,
        0.999804,
        -0.014280000000000013,
        -0.0014400000000000038
      ],
      [
        -0.009720000000000008,
        0.06108000000000002,
        -0.014280000000000013,
        0.9996,
        0.0408
      ],
      [
        0.02944,
        0.003839999999999967,
        -0.0014400000000000038,
        0.0408,
        0.9984000000000003
      ]
    ],
    [
      [
        0.999424,
        0.04076800000000004,
        -0.06352000000000006,
        -0.02166400000000002,
        -0.03043200000000003
      ],
      [
        0.04076800000000004,
        0.998976,
        0.007360000000000006,
        -0.05044800000000005,
        -0.041424
      ],
      [
        -0.06352000000000006,
        0.007360000000000006,
        0.9996,
        0.009720000000000008,
        0.026359999999999998
      ],
      [
        -0.02166400000000002,
        -0.05044800000000005,
        0.009720000000000008,
        0.999804,
        0.012252000000000013
      ],
      [
        -0.03043200000000003,
        -0.041424,
        0.026359999999999998,
        0.012252000000000013,
        0.999676
      ]
    ],
    [
      [
        0.999984,
        -0.016144000000000044,
        -0.019840000000000017,
        0.02194400000000002,
        0.03600000000000006
      ],
      [
        -0.016144000000000044,
        0.998704,
        0.013440000000000013,
        -0.038504000000000004,
        0.012000000000000005
      ],
      [
        -0.019840000000000017,
        0.013440000000000013,
        0.9984,
        0.018560000000000017,
        0.012000000000000045
      ],
      [
        0.02194400000000002,
        -0.038504000000000004,
        0.018560000000000017,
        0.999804,
        0.006000000000000003
      ],
      [
        0.03600000000000006,
        0.012000000000000005,
        0.012000000000000045,
        0.006000000000000003,
        1.0
      ]
    ],
    [
      [
        0.9996,
        -0.026039999999999994,
        0.03068,
        -0.03288,
        0.0022000000000000023
      ],
      [
        -0.026039999999999994,
        0.999996,
        0.012067999999999983,
        -0.006088000000000006,
        0.004020000000000004
      ],
      [
        0.03068,
        0.012067999999999983,
        0.998844,
        -0.04050400000000003,
        -0.02434000000000002
      ],
      [
        -0.03288,
        -0.006088000000000006,
        -0.04050400000000003,
        0.998064,
        0.0064400000000000065
      ],
      [
        0.0022000000000000023,
        0.004020000000000004,
        -0.02434000000000002,
        0.0064400000000000065,
        0.9999000000000002
      ]
    ],
    [
      [
        0.999804,
        0.06442000000000003,
        0.05979199999999999,
        -0.011636000000000011,
        -0.008251999999999923
      ],
      [
        0.06442000000000003,
        0.9991,
        0.034159999999999996,
        -0.028780000000000028,
        -0.02745999999999994
      ],
      [
        0.05979199999999999,
        0.034159999999999996,
        0.9836159999999999,
        -0.005328000000000036,
        0.00830400000000001
      ],
      [
        -0.011636000000000011,
        -0.028780000000000028,
        -0.005328000000000036,
        0.999324,
        0.020468000000000017
      ],
      [
        -0.008251999999999923,
        -0.02745999999999994,
        0.00830400000000001,
        0.020468000000000017,
        0.9996760000000002
      ]
    ],
    [
      [
        1.0,
        -0.026000000000000023,
        0.052000000000000046,
        0.006000000000000005,
        -0.028000000000000025
      ],
      [
        -0.026000000000000023,
        0.998236,
        -0.008656000000000007,
        0.0029080000000000017,
        0.0003520000000000025
      ],
      [
        0.052000000000000046,
        -0.008656000000000007,
        0.998976,
        -0.0011680000000000002,
        0.018208000000000016
      ],
      [
        0.006000000000000005,
        0.0029080000000000017,
        -0.0011680000000000002,
        0.999324,
        -0.0005440000000000269
      ],
      [
        -0.028000000000000025,
        0.0003520000000000025,
        0.018208000000000016,
        -0.0005440000000000269,
        0.9968640000000002
      ]
    ],
    [
      [
        0.9996,
        0.04320000000000004,
        0.03280000000000003,
        0.03404000000000003,
        -0.04980000000000004
      ],
      [
        0.04320000000000004,
        0.9984,
        0.021600000000000022,
        -0.04992000000000005,
        0.014400000000000017
      ],
      [
        0.03280000000000003,
        0.021600000000000022,
        0.9984,
        0.017920000000000016,
        0.04960000000000004
      ],
      [
        0.03404000000000003,
        -0.04992000000000005,
        0.017920000000000016,
        0.999996,
        0.04798000000000004
      ],
      [
        -0.04980000000000004,
        0.014400000000000017,
        0.04960000000000004,
        0.04798000000000004,
        0.9999
      ]
    ],
    [
      [
        0.999216,
        -0.04377600000000001,
        0.02205600000000002,
        -0.023327999999999988,
        -0.04545600000000004
      ],
      [
        -0.04377600000000001,
        0.999936,
        -0.06201600000000006,
        -0.052191999999999995,
        0.032416
      ],
      [
        0.02205600000000002,
        -0.06201600000000006,
        0.999996,
        0.06595200000000005,
        -0.06989600000000003
      ],
      [
        -0.023327999999999988,
        -0.052191999999999995,
        0.06595200000000005,
        0.999424,
        -0.006752000000000002
      ],
      [
        -0.04545600000000004,
        0.032416,
        -0.06989600000000003,
        -0.006752000000000002,
        0.997296
      ]
    ],
    [
      [
        0.999216,
        0.008672000000000008,
        -0.018544000000000015,
        0.01805599999999999,
        0.010504000000000012
      ],
      [
        0.008672000000000008,
        0.999424,
        0.0067520000000000045,
        -0.030048000000000026,
        0.0055680000000000035
      ],
      [
        -0.018544000000000015,
        0.0067520000000000045,
        0.997296,
        -0.038104000000000034,
        -0.00693600000000001
      ],
      [
        0.01805599999999999,
        -0.030048000000000026,
        -0.038104000000000034,
        0.999996,
        0.019964000000000016
      ],
      [
        0.010504000000000012,
        0.0055680000000000035,
        -0.00693600000000001,
        0.019964000000000016,
        0.9996760000000005
      ]
    ],
    [
      [
        0.999936,
        -0.04550400000000004,
        -0.018080000000000016,
        -0.018144000000000018,
        -0.09561600000000003
      ],
      [
        -0.04550400000000004,
        0.996156,
        0.008620000000000008,
        -0.06288400000000005,
        0.035023999999999986
      ],
      [
        -0.018080000000000016,
        0.008620000000000008,
        0.9999,
        -0.04418000000000004,
        -0.04552000000000004
      ],
      [
        -0.018144000000000018,
        -0.06288400000000005,
        -0.04418000000000004,
        0.999676,
        0.006864000000000003
      ],
      [
        -0.09561600000000003,
        0.035023999999999986,
        -0.04552000000000004,
        0.006864000000000003,
        0.9976960000000002
      ]
    ],
    [
      [
        0.999516,
        0.034616,
        -0.011231999999999983,
        -0.018000000000000016,
        0.03648400000000003
      ],
      [
        0.034616,
        0.999216,
        0.013567999999999986,
        0.027999999999999997,
        0.04138400000000007
      ],
      [
        -0.011231999999999983,
        0.013567999999999986,
        0.996864,
        -0.008000000000000007,
        -0.04076799999999995
      ],
      [
        -0.018000000000000016,
        0.027999999999999997,
        -0.008000000000000007,
        1.0,
        -0.021999999999999992
      ],
      [
        0.03648400000000003,
        0.04138400000000007,
        -0.04076799999999995,
        -0.021999999999999992,
        0.9995160000000002
      ]
    ]
  ]
}