{
  "settings_list": [
    [
      2.8366578395268736,
      0.9550052274176657,
      5.397442292218066,
      4.511426525906126,
      3.0920511767151306,
      2.077609616368375,
      5.754665996599171,
      3.9399885740025846,
      3.1291149937670406,
      1.9822951532271644,
      1.5588340221221522,
      2.454369502334308,
      1.4959894959162376,
      4.799236365438044,
      1.3879303837290138
    ],
    [
      2.8381225690884735,
      0.9625368253312657,
      5.395939321094866,
      4.589157288939726,
      3.086259821719931,
      2.073389837321975,
      5.740262377923972,
      3.9677669835641844,
      3.1306960102022408,
      1.9801364072559644,
      1.546463936758952,
      2.453489332171108,
      1.5006586896570375,
      4.799854416100444,
      1.3881401355882137
    ],
    [
      2.8342854821284735,
      0.9722475624352658,
      5.396946018262866,
      4.6565551515477255,
      3.0820905586639307,
      2.076520735545975,
      5.730821070419972,
      3.9895233070841845,
      3.1322725787622407,
      1.9783426164559643,
      1.5388766033029522,
      2.458045970315108,
      1.5012948977690375,
      4.798966852292444,
      1.3889946305322136
    ],
    [
      2.8286682258564735,
      0.9869516517888658,
      5.394915445686865,
      4.671137265634125,
      3.0810679836559305,
      2.076897756697975,
      5.717114709504772,
      4.007051834434584,
      3.1285540457830407,
      1.9811697517519644,
      1.5182351363269522,
      2.458063180862308,
      1.5024903687546374,
      4.801143352081244,
      1.3900808380874137
    ],
    [
      2.8267046237572733,
      0.9936634396928657,
      5.394336448899665,
      4.686848809493325,
      3.0810704963215305,
      2.077730171904375,
      5.704719003085572,
      4.030025185474584,
      3.128798587402241,
      1.9800281045967645,
      1.5091311312581521,
      2.455724936612708,
      1.5020224004986373,
      4.8002350597804435,
      1.3889004127178137
    ],
    [
      2.8236355502340733,
      0.9991329338944658,
      5.394291808765265,
      4.713397201550925,
      3.0814685606415306,
      2.080791558182775,
      5.699023033280771,
      4.0447194212825845,
      3.1286212034278407,
      1.9805677913679645,
      1.498460674298152,
      2.455050255492708,
      1.5003916324858373,
      4.801254665476444,
      1.3909923590282138
    ],
    [
      2.8220180087940734,
      1.0042494686144658,
      5.394650061565265,
      4.7165277810709245,
      3.0798603411215306,
      2.0816012538627753,
      5.691738246400772,
      4.059037959842585,
      3.1277437343078405,
      1.9805764960079644,
      1.4947465203781523,
      2.458341433412708,
      1.5005009278458372,
      4.800503610436444,
      1.3912776371082138
    ],
    [
      2.8225523161412736,
      1.0039613728448658,
      5.393248016016465,
      4.719237133035724,
      3.0800654434095307,
      2.081309288691575,
      5.689218925402372,
      4.070031583439385,
      3.1301012231558403,
      1.9810989916687645,
      1.4914238583909523,
      2.4581732487855077,
      1.5012073207802372,
      4.800218793486043,
      1.3906601284202138
    ],
    [
      2.8188803162948735,
      1.0214337694080657,
      5.391713551232465,
      4.736592214638924,
      3.0785675423151306,
      2.082340390643575,
      5.674108136167172,
      4.095295758738585,
      3.1317188088774404,
      1.9830586777135644,
      1.4839297278405523,
      2.4569244021103076,
      1.5017218695866372,
      4.802884277294043,
      1.3922934561802138
    ],
    [
      2.8181084856836733,
      1.0212898932736658,
      5.391627012698065,
      4.753688055752525,
      3.0775023260847307,
      2.082698538835575,
      5.679275658778372,
      4.086769147608985,
      3.1316666764934404,
      1.9846405791279644,
      1.4790105064517522,
      2.4564444636207075,
      1.5044851035450373,
      4.800043337934043,
      1.392280316564214
    ],
    [
      2.8187056283876735,
      1.0175670470112659,
      5.389555087568465,
      4.740226851403724,
      3.077589793508731,
      2.082364353091575,
      5.6826605916327715,
      4.083527054447385,
      3.1305118361414404,
      1.9860494291887645,
      1.4749576412037522,
      2.4542800683919075,
      1.5027432791610373,
      4.802312294775643,
      1.393557092711414
    ],
    [
      2.8229491709092733,
      1.005169806902466,
      5.391389798506065,
      4.733523202757325,
      3.0777824899695307,
      2.082828483536375,
      5.679409663613572,
      4.087171304380186,
      3.1290210107718406,
      1.9876547343791644,
      1.4697221676229522,
      2.4539699048847075,
      1.5029497888058374,
      4.802020491543643,
      1.393415287098614
    ],
    [
      2.8230171711460734,
      1.010039283446466,
      5.391950067533265,
      4.740887776245325,
      3.0776804315375306,
      2.0828404880803753,
      5.669155917901572,
      4.105607959336986,
      3.1289103618342406,
      1.9881446085295644,
      1.4647414413221522,
      2.4542729784719075,
      1.5030639477978374,
      4.802166390833243,
      1.3931717413034141
    ],
    [
      2.8225543394276733,
      1.010339861033666,
      5.393563050010065,
      4.743937708994125,
      3.0788646673647304,
      2.0829577958307754,
      5.669175359258372,
      4.110207420098586,
      3.1290963078438407,
      1.9862336147631645,
      1.4660650537381523,
      2.4531800351631077,
      1.5051047857882374,
      4.801188981553243,
      1.3938459330218143
    ],
    [
      2.8218163971556733,
      1.004989124905666,
      5.394803003162065,
      4.757117748162124,
      3.0776091629807305,
      2.0807219330467754,
      5.669611261466372,
      4.109663488706586,
      3.1291396698918406,
      1.9881066234031646,
      1.4559657754021522,
      2.4530906550671077,
      1.5037900504282373,
      4.803189497905243,
      1.3950794964138142
    ],
    [
      2.8193917642660735,
      1.007125387491266,
      5.394532609763665,
      4.752635822318925,
      3.0772277872751306,
      2.0818234191971756,
      5.670181647901572,
      4.1097668643737855,
      3.1296144141190405,
      1.9899307134415647,
      1.4467780513957522,
      2.451852432222308,
      1.5027259460858373,
      4.803818514846043,
      1.3950423359306143
    ],
    [
      2.8233654097380736,
      1.006468544547266,
      5.3935663413476655,
      4.7400254547349245,
      3.0762747351023307,
      2.0839371362595758,
      5.6665227529319715,
      4.114971997660185,
      3.1296649546886406,
      1.9937110148815647,
      1.4353887458661523,
      2.4508367640431077,
      1.4987098625146373,
      4.805114613092443,
      1.3949956281034144
    ],
    [
      2.8213841978180736,
      1.0169334551072662,
      5.393459087987665,
      4.735526900894924,
      3.075983325742331,
      2.0858409658595756,
      5.661833963731971,
      4.123921333420185,
      3.1297666419686405,
      1.9951310989615647,
      1.4265584671461522,
      2.4497215490831077,
      1.5000559608346373,
      4.803815520372443,
      1.3951725627434144
    ],
    [
      2.821961229178074,
      1.0221314551872662,
      5.393436754867665,
      4.737575291614924,
      3.0761095028623306,
      2.0849326890595754,
      5.663102260611971,
      4.122109261660185,
      3.1293604516486404,
      1.9932614876815646,
      1.4298483741861523,
      2.4500870197231075,
      1.4992188952346372,
      4.802969630772443,
      1.3932870169834144
    ],
    [
      2.825531711824474,
      1.0146947357984661,
      5.393939752618064,
      4.752292942901324,
      3.072513374929531,
      2.0836080155299754,
      5.667079421824772,
      4.116027733122585,
      3.1279974971046403,
      1.9952451440047647,
      1.4217153788709522,
      2.4494773681583073,
      1.4974766586746373,
      4.804152947534043,
      1.3948715845642143
    ],
    [
      2.825916561120474,
      1.0192892333024661,
      5.395277908026064,
      4.764802673941324,
      3.0728449969775307,
      2.0841231789539756,
      5.665677622032772,
      4.1202472482905845,
      3.12872320372864,
      1.9950386985807647,
      1.4221332604709522,
      2.4504429187343075,
      1.4969945526266373,
      4.804703496782043,
      1.3942035032202142
    ]
  ],
  "cost_vals": [],
  "step_size": 0.1,
  "opt_step_times": [
    60.4982647895813,
    80.3175802230835,
    69.79171991348267,
    78.84422731399536,
    89.00594472885132,
    80.20663523674011,
    60.272220849990845,
    60.707584381103516,
    70.46189594268799,
    73.79345297813416,
    85.01896500587463,
    76.43098020553589,
    69.83563923835754,
    70.92454075813293,
    72.49243593215942,
    543.6864507198334,
    80.81842184066772,
    80.63865351676941,
    69.72318005561829,
    89.79576683044434
  ],
  "opt_settings": [
    2.825916561120474,
    1.0192892333024661,
    5.395277908026064,
    4.764802673941324,
    3.0728449969775307,
    2.0841231789539756,
    5.665677622032772,
    4.1202472482905845,
    3.12872320372864,
    1.9950386985807647,
    1.4221332604709522,
    2.4504429187343075,
    1.4969945526266373,
    4.804703496782043,
    1.3942035032202142
  ],
  "min_cost": null,
  "datetime": "2023-05-23T19-42-26Z",
  "step_only": true,
  "ibm_device": "ibmq_belem",
  "shots": 1000,
  "prep_node_name": "5-qubit_zero_state",
  "num_qubits": 5,
  "error": false,
  "cov_mats": [
    [
      [
        0.999676,
        -0.018615999999999987,
        0.039624000000000034,
        -0.05852399999999997,
        0.018072000000000015
      ],
      [
        -0.018615999999999987,
        0.964656,
        0.004816000000000011,
        0.014584000000000012,
        0.00724800000000011
      ],
      [
        0.039624000000000034,
        0.004816000000000011,
        0.982576,
        -0.003175999999999988,
        0.05652799999999998
      ],
      [
        -0.05852399999999997,
        0.014584000000000012,
        -0.003175999999999988,
        0.993276,
        -0.014327999999999976
      ],
      [
        0.018072000000000015,
        0.00724800000000011,
        0.05652799999999998,
        -0.014327999999999976,
        0.999984
      ]
    ],
    [
      [
        0.998976,
        -0.009200000000000073,
        -0.05854400000000002,
        -0.06478400000000001,
        0.014575999999999981
      ],
      [
        -0.009200000000000073,
        0.9775,
        -0.010700000000000032,
        0.038300000000000035,
        0.013299999999999973
      ],
      [
        -0.05854400000000002,
        -0.010700000000000032,
        0.979836,
        -0.02260400000000002,
        -0.009444000000000051
      ],
      [
        -0.06478400000000001,
        0.038300000000000035,
        -0.02260400000000002,
        0.998556,
        -0.020683999999999987
      ],
      [
        0.014575999999999981,
        0.013299999999999973,
        -0.009444000000000051,
        -0.020683999999999987,
        0.999676
      ]
    ],
    [
      [
        0.998844,
        -0.024231999999999997,
        0.0031720000000000376,
        -0.04325200000000004,
        -0.03960400000000001
      ],
      [
        -0.024231999999999997,
        0.997296,
        0.029383999999999962,
        -0.02314400000000002,
        0.019512000000000047
      ],
      [
        0.0031720000000000376,
        0.029383999999999962,
        0.979836,
        0.01512400000000007,
        -0.023051999999999975
      ],
      [
        -0.04325200000000004,
        -0.02314400000000002,
        0.01512400000000007,
        0.999516,
        -0.005667999999999973
      ],
      [
        -0.03960400000000001,
        0.019512000000000047,
        -0.023051999999999975,
        -0.005667999999999973,
        0.9887640000000002
      ]
    ],
    [
      [
        0.9996,
        0.04763999999999999,
        -0.024719999999999995,
        0.0013600000000000025,
        0.009960000000000007
      ],
      [
        0.04763999999999999,
        0.993276,
        0.016951999999999988,
        0.032423999999999974,
        0.04016400000000002
      ],
      [
        -0.024719999999999995,
        0.016951999999999988,
        0.998704,
        0.010447999999999983,
        -0.03407200000000003
      ],
      [
        0.0013600000000000025,
        0.032423999999999974,
        0.010447999999999983,
        0.995376,
        0.010135999999999933
      ],
      [
        0.009960000000000007,
        0.04016400000000002,
        -0.03407200000000003,
        0.010135999999999933,
        0.999996
      ]
    ],
    [
      [
        0.999676,
        0.023839999999999938,
        3.600000000000006e-05,
        -0.04818000000000004,
        -0.059964000000000024
      ],
      [
        0.023839999999999938,
        0.9855999999999999,
        -0.013759999999999984,
        0.016800000000000013,
        0.0062399999999999635
      ],
      [
        3.600000000000006e-05,
        -0.013759999999999984,
        0.999996,
        0.04802000000000004,
        0.015996000000000014
      ],
      [
        -0.04818000000000004,
        0.016800000000000013,
        0.04802000000000004,
        0.9999,
        -0.007980000000000006
      ],
      [
        -0.059964000000000024,
        0.0062399999999999635,
        0.015996000000000014,
        -0.007980000000000006,
        0.9999960000000004
      ]
    ],
    [
      [
        0.9991,
        -0.04540000000000001,
        0.0042200000000000275,
        0.02899999999999997,
        0.0416400000000001
      ],
      [
        -0.04540000000000001,
        0.9996,
        -0.007479999999999976,
        -0.017999999999999988,
        -0.03175999999999995
      ],
      [
        0.0042200000000000275,
        -0.007479999999999976,
        0.984124,
        -0.0013999999999999967,
        -0.011511999999999984
      ],
      [
        0.02899999999999997,
        -0.017999999999999988,
        -0.0013999999999999967,
        0.99,
        -0.030799999999999994
      ],
      [
        0.0416400000000001,
        -0.03175999999999995,
        -0.011511999999999984,
        -0.030799999999999994,
        0.999856
      ]
    ],
    [
      [
        0.9984,
        -0.0031999999999999763,
        -0.03888000000000006,
        -0.07488000000000004,
        -0.0068800000000000345
      ],
      [
        -0.0031999999999999763,
        0.9991,
        0.05033999999999999,
        0.023339999999999993,
        0.027340000000000024
      ],
      [
        -0.03888000000000006,
        0.05033999999999999,
        0.993916,
        -0.0022840000000000004,
        0.029716
      ],
      [
        -0.07488000000000004,
        0.023339999999999993,
        -0.0022840000000000004,
        0.999516,
        -0.00048400000000000087
      ],
      [
        -0.0068800000000000345,
        0.027340000000000024,
        0.029716,
        -0.00048400000000000087,
        0.9995160000000002
      ]
    ],
    [
      [
        0.998844,
        -0.02308799999999999,
        0.004175999999999947,
        -0.06532000000000006,
        -0.0004760000000000001
      ],
      [
        -0.02308799999999999,
        0.998976,
        -0.05795200000000008,
        0.04864000000000002,
        -0.006448000000000061
      ],
      [
        0.004175999999999947,
        -0.05795200000000008,
        0.995904,
        -0.005279999999999978,
        -0.03310400000000003
      ],
      [
        -0.06532000000000006,
        0.04864000000000002,
        -0.005279999999999978,
        0.9996,
        0.006280000000000006
      ],
      [
        -0.0004760000000000001,
        -0.006448000000000061,
        -0.03310400000000003,
        0.006280000000000006,
        0.9998040000000002
      ]
    ],
    [
      [
        0.999964,
        -0.008108000000000008,
        0.048036000000000016,
        -0.018311999999999988,
        0.01998800000000002
      ],
      [
        -0.008108000000000008,
        0.999676,
        0.028107999999999998,
        -0.026936000000000026,
        -0.02403600000000002
      ],
      [
        0.048036000000000016,
        0.028107999999999998,
        0.999964,
        0.018312000000000016,
        -0.007988000000000007
      ],
      [
        -0.018311999999999988,
        -0.026936000000000026,
        0.018312000000000016,
        0.997296,
        0.005896000000000011
      ],
      [
        0.01998800000000002,
        -0.02403600000000002,
        -0.007988000000000007,
        0.005896000000000011,
        0.999996
      ]
    ],
    [
      [
        0.999984,
        0.011872000000000011,
        -0.006120000000000006,
        0.05992000000000003,
        0.010072000000000036
      ],
      [
        0.011872000000000011,
        0.998976,
        0.08504000000000007,
        0.02336000000000002,
        0.006576000000000003
      ],
      [
        -0.006120000000000006,
        0.08504000000000007,
        0.9991,
        0.029400000000000027,
        0.00854000000000006
      ],
      [
        0.05992000000000003,
        0.02336000000000002,
        0.029400000000000027,
        0.9996,
        -0.01763999999999999
      ],
      [
        0.010072000000000036,
        0.006576000000000003,
        0.00854000000000006,
        -0.01763999999999999,
        0.999676
      ]
    ],
    [
      [
        0.999996,
        -0.040012000000000034,
        -0.0020000000000000018,
        -0.00014000000000002766,
        0.01993200000000002
      ],
      [
        -0.040012000000000034,
        0.999964,
        0.0020000000000000018,
        0.07158,
        -0.028204000000000024
      ],
      [
        -0.0020000000000000018,
        0.0020000000000000018,
        1.0,
        -0.010000000000000009,
        -0.030000000000000027
      ],
      [
        -0.00014000000000002766,
        0.07158,
        -0.010000000000000009,
        0.9951,
        0.05362000000000005
      ],
      [
        0.01993200000000002,
        -0.028204000000000024,
        -0.030000000000000027,
        0.05362000000000005,
        0.9988440000000002
      ]
    ],
    [
      [
        0.9951,
        0.019480000000000042,
        -0.026920000000000048,
        -0.011399999999999983,
        -0.016899999999999978
      ],
      [
        0.019480000000000042,
        0.998704,
        0.05358400000000002,
        -0.012720000000000013,
        0.02748000000000003
      ],
      [
        -0.026920000000000048,
        0.05358400000000002,
        0.998064,
        -0.031120000000000026,
        -0.03492000000000004
      ],
      [
        -0.011399999999999983,
        -0.012720000000000013,
        -0.031120000000000026,
        0.9996,
        -0.015400000000000011
      ],
      [
        -0.016899999999999978,
        0.02748000000000003,
        -0.03492000000000004,
        -0.015400000000000011,
        0.9951000000000002
      ]
    ],
    [
      [
        0.999804,
        -0.005720000000000005,
        -0.0016080000000000011,
        0.047860000000000014,
        -8.39999999999986e-05
      ],
      [
        -0.005720000000000005,
        0.9996,
        0.03144,
        0.010199999999999982,
        0.02612000000000002
      ],
      [
        -0.0016080000000000011,
        0.03144,
        0.999216,
        0.026279999999999994,
        -0.05383200000000005
      ],
      [
        0.047860000000000014,
        0.010199999999999982,
        0.026279999999999994,
        0.9999,
        -0.020059999999999988
      ],
      [
        -8.39999999999986e-05,
        0.02612000000000002,
        -0.05383200000000005,
        -0.020059999999999988,
        0.999964
      ]
    ],
    [
      [
        0.999216,
        -0.010840000000000011,
        -0.01065600000000001,
        -0.021496000000000046,
        -0.04456000000000001
      ],
      [
        -0.010840000000000011,
        0.9991,
        0.015440000000000014,
        0.02054000000000002,
        -0.03860000000000001
      ],
      [
        -0.01065600000000001,
        0.015440000000000014,
        0.997696,
        0.021136000000000047,
        0.04896000000000002
      ],
      [
        -0.021496000000000046,
        0.02054000000000002,
        0.021136000000000047,
        0.999676,
        0.0023600000000000023
      ],
      [
        -0.04456000000000001,
        -0.03860000000000001,
        0.04896000000000002,
        0.0023600000000000023,
        0.9996
      ]
    ],
    [
      [
        0.9999,
        -0.007620000000000006,
        0.028220000000000026,
        0.003820000000000031,
        0.013600000000000013
      ],
      [
        -0.007620000000000006,
        0.998556,
        -0.008836000000000009,
        0.06468400000000006,
        -0.056479999999999995
      ],
      [
        0.028220000000000026,
        -0.008836000000000009,
        0.999516,
        -0.019604000000000017,
        -0.0051200000000000065
      ],
      [
        0.003820000000000031,
        0.06468400000000006,
        -0.019604000000000017,
        0.999676,
        0.005280000000000006
      ],
      [
        0.013600000000000013,
        -0.056479999999999995,
        -0.0051200000000000065,
        0.005280000000000006,
        0.9984000000000004
      ]
    ],
    [
      [
        0.9991,
        0.006600000000000006,
        0.039700000000000034,
        -0.0068599999999999495,
        -0.015680000000000013
      ],
      [
        0.006600000000000006,
        0.9996,
        0.05020000000000004,
        0.04524000000000004,
        -0.03488000000000006
      ],
      [
        0.039700000000000034,
        0.05020000000000004,
        0.9999,
        -0.019620000000000016,
        -0.010560000000000036
      ],
      [
        -0.0068599999999999495,
        0.04524000000000004,
        -0.019620000000000016,
        0.998556,
        -0.011871999999999985
      ],
      [
        -0.015680000000000013,
        -0.03488000000000006,
        -0.010560000000000036,
        -0.011871999999999985,
        0.996864
      ]
    ],
    [
      [
        0.9999,
        0.04370000000000004,
        0.024459999999999996,
        -0.032779999999999976,
        0.02366000000000002
      ],
      [
        0.04370000000000004,
        0.9991,
        0.009379999999999982,
        0.049660000000000044,
        0.02698000000000002
      ],
      [
        0.024459999999999996,
        0.009379999999999982,
        0.997884,
        0.023588000000000026,
        0.01756400000000005
      ],
      [
        -0.032779999999999976,
        0.049660000000000044,
        0.023588000000000026,
        0.993916,
        -0.030652000000000006
      ],
      [
        0.02366000000000002,
        0.02698000000000002,
        0.01756400000000005,
        -0.030652000000000006,
        0.9988440000000002
      ]
    ],
    [
      [
        0.998976,
        0.060000000000000026,
        -0.06065600000000005,
        0.019248000000000043,
        -0.005023999999999982
      ],
      [
        0.060000000000000026,
        1.0,
        -0.02200000000000002,
        0.04600000000000007,
        -0.008000000000000007
      ],
      [
        -0.06065600000000005,
        -0.02200000000000002,
        0.998236,
        -0.028387999999999993,
        -0.028655999999999963
      ],
      [
        0.019248000000000043,
        0.04600000000000007,
        -0.028387999999999993,
        0.992604,
        0.007247999999999994
      ],
      [
        -0.005023999999999982,
        -0.008000000000000007,
        -0.028655999999999963,
        0.007247999999999994,
        0.9989760000000004
      ]
    ],
    [
      [
        0.997884,
        -0.01036800000000001,
        -0.017264000000000015,
        -0.025264000000000023,
        -0.010367999999999959
      ],
      [
        -0.01036800000000001,
        0.999936,
        -0.03587200000000003,
        0.06412800000000006,
        -0.004064000000000004
      ],
      [
        -0.017264000000000015,
        -0.03587200000000003,
        0.999744,
        -0.0002560000000000005,
        0.028128000000000028
      ],
      [
        -0.025264000000000023,
        0.06412800000000006,
        -0.0002560000000000005,
        0.999744,
        -0.03587200000000003
      ],
      [
        -0.010367999999999959,
        -0.004064000000000004,
        0.028128000000000028,
        -0.03587200000000003,
        0.9999360000000005
      ]
    ],
    [
      [
        0.999936,
        -0.027968000000000024,
        -0.04777600000000001,
        0.008256000000000008,
        0.07612800000000004
      ],
      [
        -0.027968000000000024,
        0.999984,
        -0.07611200000000004,
        0.03987200000000003,
        -6.400000000002809e-05
      ],
      [
        -0.04777600000000001,
        -0.07611200000000004,
        0.999216,
        -0.060896000000000054,
        -0.016448000000000018
      ],
      [
        0.008256000000000008,
        0.03987200000000003,
        -0.060896000000000054,
        0.998976,
        0.007488000000000031
      ],
      [
        0.07612800000000004,
        -6.400000000002809e-05,
        -0.016448000000000018,
        0.007488000000000031,
        0.9997440000000002
      ]
    ],
    [
      [
        0.997696,
        0.006480000000000007,
        0.032928000000000054,
        0.02608000000000002,
        -0.056575999999999974
      ],
      [
        0.006480000000000007,
        0.9999,
        0.022639999999999993,
        0.030399999999999972,
        0.014119999999999987
      ],
      [
        0.032928000000000054,
        0.022639999999999993,
        0.995904,
        0.03744000000000003,
        -0.020767999999999946
      ],
      [
        0.02608000000000002,
        0.030399999999999972,
        0.03744000000000003,
        0.9984,
        -0.04047999999999996
      ],
      [
        -0.056575999999999974,
        0.014119999999999987,
        -0.020767999999999946,
        -0.04047999999999996,
        0.9998560000000002
      ]
    ]
  ]
}