{
  "settings_list": [
    [
      4.593897929243016,
      0.07639290667982995,
      5.096406853228076,
      4.681993599247735,
      2.063595108081148,
      2.166398233248656,
      1.7888060303171265,
      2.3465125622521144,
      5.454408207360198,
      2.433777080342295,
      6.063667709972825,
      1.5730634148910358,
      5.0990707292082735,
      1.5745108450784033,
      1.0103027249839083
    ],
    [
      4.674857929243016,
      -0.038807093320170113,
      5.165846853228076,
      4.559433599247735,
      2.267115108081148,
      2.0835182332486557,
      1.7446460303171265,
      2.2837925622521142,
      5.472328207360198,
      2.439857080342295,
      5.826867709972825,
      1.835143414891036,
      5.142910729208274,
      1.6785108450784034,
      0.8989427249839081
    ],
    [
      4.613417929243016,
      -0.11304709332017013,
      5.221526853228076,
      4.1991135992477355,
      2.5698351080811483,
      2.0278382332486555,
      1.6358460303171265,
      2.428432562252114,
      5.550408207360198,
      2.631857080342295,
      5.609267709972825,
      1.7007434148910359,
      4.941310729208274,
      1.9345108450784034,
      0.7863027249839081
    ],
    [
      4.526697929243016,
      0.015272906679829917,
      5.212886853228076,
      4.012233599247735,
      2.633515108081148,
      1.9635182332486556,
      1.6300860303171265,
      2.310672562252114,
      5.571528207360198,
      2.559537080342295,
      5.249267709972825,
      1.7199434148910357,
      4.938430729208274,
      1.8743508450784034,
      0.8237427249839081
    ],
    [
      4.509417929243016,
      0.0043929066798299304,
      5.166166853228076,
      3.952713599247735,
      2.698795108081148,
      1.9583982332486558,
      1.5808060303171265,
      2.585232562252114,
      5.307208207360198,
      2.441777080342295,
      5.023347709972825,
      1.7116234148910356,
      5.037630729208273,
      1.8045908450784034,
      0.6803827249839081
    ],
    [
      4.328297929243016,
      0.5151129066798302,
      5.028566853228076,
      4.204873599247735,
      2.696235108081148,
      1.4969582332486557,
      2.0467260303171266,
      2.8149925622521144,
      5.744328207360198,
      2.414897080342295,
      4.943987709972824,
      1.9977034148910358,
      4.882750729208273,
      1.7853908450784035,
      0.7239027249839081
    ],
    [
      4.076777929243016,
      0.6898329066798302,
      5.101526853228076,
      4.112713599247735,
      2.725035108081148,
      1.6019182332486557,
      2.0486460303171268,
      2.982672562252114,
      6.044488207360198,
      2.207537080342295,
      4.9164677099728245,
      2.061703414891036,
      4.953150729208273,
      1.5997908450784035,
      0.337342724983908
    ],
    [
      4.051817929243016,
      0.5803929066798302,
      5.199446853228077,
      4.049993599247736,
      2.719275108081148,
      1.5564782332486558,
      2.0121660303171267,
      3.138832562252114,
      6.090568207360198,
      2.279217080342295,
      4.684147709972825,
      2.046343414891036,
      5.113150729208273,
      1.6458708450784034,
      0.4218227249839081
    ],
    [
      4.195817929243016,
      0.5064729066798302,
      5.082646853228076,
      4.216393599247736,
      2.778155108081148,
      1.5987182332486558,
      1.7600060303171268,
      3.277712562252114,
      6.103048207360198,
      2.235057080342295,
      4.676147709972825,
      1.987463414891036,
      5.250430729208274,
      1.6506708450784036,
      0.6528627249839083
    ],
    [
      4.365737929243016,
      0.6335129066798303,
      5.094806853228076,
      4.241353599247736,
      2.838315108081148,
      1.4262382332486556,
      1.8214460303171267,
      3.462032562252114,
      6.016008207360198,
      2.328497080342295,
      4.675507709972825,
      1.966983414891036,
      5.133310729208274,
      1.5994708450784036,
      0.7811827249839083
    ],
    [
      4.3830179292430165,
      0.5938329066798302,
      5.0500068532280755,
      4.297673599247736,
      2.7819951080811482,
      1.4697582332486556,
      1.8764860303171267,
      3.393552562252114,
      5.955848207360198,
      2.085297080342295,
      4.435507709972825,
      1.8953034148910357,
      4.936190729208274,
      1.5610708450784037,
      0.619262724983908
    ],
    [
      4.432297929243017,
      0.5151129066798302,
      4.869526853228075,
      4.239433599247737,
      2.8735151080811483,
      1.4838382332486555,
      1.7465660303171266,
      3.480592562252114,
      5.783688207360198,
      2.135857080342295,
      4.488627709972825,
      1.8716234148910358,
      5.0449907292082745,
      1.2577108450784036,
      0.754302724983908
    ],
    [
      4.362537929243016,
      -0.11624709332016991,
      4.637206853228075,
      4.337993599247737,
      3.5528751080811487,
      1.3238382332486553,
      1.4262460303171267,
      3.5817125622521138,
      6.044168207360198,
      1.916657080342295,
      4.127347709972825,
      1.9877834148910358,
      5.470590729208275,
      1.5169108450784037,
      0.5111027249839082
    ],
    [
      4.543017929243017,
      0.052712906679830196,
      4.721686853228075,
      3.9559135992477366,
      3.6335151080811485,
      1.3622382332486553,
      1.4358460303171268,
      3.466512562252114,
      6.341768207360198,
      1.425137080342295,
      4.524787709972825,
      1.9762634148910359,
      5.570430729208275,
      1.4996308450784037,
      0.35942272498390815
    ],
    [
      4.796457929243017,
      -0.08232709332016974,
      4.782486853228075,
      3.829193599247737,
      3.3986351080811485,
      1.6342382332486554,
      1.4454460303171268,
      3.572112562252114,
      6.296968207360198,
      1.5640170803422948,
      4.3135877099728255,
      1.9218634148910358,
      5.803390729208275,
      1.5156308450784037,
      0.30246272498390814
    ],
    [
      4.934697929243017,
      -0.12232709332016975,
      4.747926853228075,
      4.300233599247737,
      3.455275108081149,
      1.8687982332486555,
      1.537926030317127,
      3.4959525622521137,
      6.341448207360198,
      1.591217080342295,
      4.418867709972825,
      1.7788234148910358,
      5.683070729208275,
      1.2980308450784035,
      0.3600627249839082
    ],
    [
      4.765097929243017,
      -0.43720709332017027,
      4.753046853228075,
      4.595913599247737,
      2.7621551080811484,
      2.4147182332486556,
      1.403526030317127,
      3.563152562252114,
      6.835528207360198,
      1.2481770803422947,
      4.258867709972825,
      2.121863414891036,
      5.689470729208275,
      1.1085908450784032,
      0.08230272498390812
    ],
    [
      4.550377929243017,
      -0.2788070933201701,
      4.583126853228075,
      4.335433599247737,
      2.9602351080811484,
      2.3830382332486555,
      1.220806030317127,
      3.2981925622521135,
      6.873928207360199,
      1.0830570803422945,
      3.979187709972825,
      2.001863414891036,
      5.370110729208275,
      1.1162708450784031,
      -0.16121727501609204
    ],
    [
      4.5766179292430165,
      -0.36136709332017003,
      4.598486853228075,
      4.625993599247737,
      2.7346351080811484,
      2.2959982332486555,
      1.2579260303171271,
      3.6332325622521138,
      7.024008207360199,
      0.9841770803422945,
      4.071667709972825,
      2.043463414891036,
      5.046270729208275,
      0.9133908450784031,
      -0.19225727501609197
    ],
    [
      4.483817929243017,
      -0.4221670933201701,
      4.497366853228075,
      4.4115935992477375,
      2.8664751080811484,
      2.3529582332486556,
      1.1766460303171271,
      3.500112562252114,
      6.887688207360198,
      0.9380970803422944,
      4.190707709972825,
      2.4825034148910357,
      5.484670729208275,
      1.079790845078403,
      0.1738227249839081
    ],
    [
      4.687337929243017,
      -0.5661670933201701,
      4.495446853228075,
      4.4346335992477375,
      2.9259951080811484,
      2.4777582332486556,
      1.0652860303171272,
      3.592272562252114,
      6.732168207360198,
      0.9892970803422945,
      4.186227709972825,
      2.449863414891036,
      5.689470729208274,
      1.156590845078403,
      0.49446272498390825
    ]
  ],
  "cost_vals": [],
  "step_size": 0.1,
  "opt_step_times": [
    0.23764610290527344,
    0.13726210594177246,
    0.13388681411743164,
    0.13719797134399414,
    0.14235210418701172,
    0.12949013710021973,
    0.12845611572265625,
    0.12871289253234863,
    0.13234806060791016,
    0.12894845008850098,
    0.132249116897583,
    0.13486909866333008,
    0.17335009574890137,
    0.17124104499816895,
    0.16202282905578613,
    0.13410496711730957,
    0.22954511642456055,
    0.13808798789978027,
    0.13565897941589355,
    0.13426494598388672
  ],
  "opt_settings": [
    4.687337929243017,
    -0.5661670933201701,
    4.495446853228075,
    4.4346335992477375,
    2.9259951080811484,
    2.4777582332486556,
    1.0652860303171272,
    3.592272562252114,
    6.732168207360198,
    0.9892970803422945,
    4.186227709972825,
    2.449863414891036,
    5.689470729208274,
    1.156590845078403,
    0.49446272498390825
  ],
  "min_cost": null,
  "datetime": "2023-05-30T16-45-14Z",
  "step_only": true,
  "ibm_device": "default.qubit",
  "shots": 10,
  "prep_node_name": "W_state_2-qubit_ghz_state",
  "num_qubits": 5,
  "error": false,
  "cov_mats": [
    [
      [
        1.0,
        -0.4000000000000001,
        0.6000000000000001,
        0.20000000000000007,
        0.4000000000000001
      ],
      [
        -0.4000000000000001,
        0.96,
        0.0,
        0.4,
        -0.56
      ],
      [
        0.6000000000000001,
        0.0,
        1.0,
        0.6000000000000001,
        0.0
      ],
      [
        0.20000000000000007,
        0.4,
        0.6000000000000001,
        1.0,
        -0.4000000000000001
      ],
      [
        0.4000000000000001,
        -0.56,
        0.0,
        -0.4000000000000001,
        0.96
      ]
    ],
    [
      [
        0.84,
        -0.44,
        0.7200000000000001,
        0.07999999999999996,
        -0.07999999999999996
      ],
      [
        -0.44,
        0.8400000000000001,
        -0.32000000000000006,
        -0.07999999999999993,
        0.07999999999999993
      ],
      [
        0.7200000000000001,
        -0.32000000000000006,
        0.96,
        0.23999999999999996,
        -0.23999999999999996
      ],
      [
        0.07999999999999996,
        -0.07999999999999993,
        0.23999999999999996,
        0.96,
        -0.96
      ],
      [
        -0.07999999999999996,
        0.07999999999999993,
        -0.23999999999999996,
        -0.96,
        0.96
      ]
    ],
    [
      [
        0.84,
        -0.1600000000000001,
        0.19999999999999998,
        -0.19999999999999998,
        -0.24000000000000002
      ],
      [
        -0.1600000000000001,
        0.6399999999999999,
        0.39999999999999997,
        0.0,
        0.15999999999999992
      ],
      [
        0.19999999999999998,
        0.39999999999999997,
        1.0,
        -0.20000000000000007,
        0.0
      ],
      [
        -0.19999999999999998,
        0.0,
        -0.20000000000000007,
        1.0,
        -0.39999999999999997
      ],
      [
        -0.24000000000000002,
        0.15999999999999992,
        0.0,
        -0.39999999999999997,
        0.6400000000000001
      ]
    ],
    [
      [
        0.84,
        -0.32000000000000006,
        0.48000000000000004,
        -0.19999999999999998,
        0.19999999999999998
      ],
      [
        -0.32000000000000006,
        0.96,
        -0.6400000000000001,
        0.4,
        -0.4
      ],
      [
        0.48000000000000004,
        -0.6400000000000001,
        0.96,
        -0.4,
        0.4
      ],
      [
        -0.19999999999999998,
        0.4,
        -0.4,
        1.0,
        -1.0
      ],
      [
        0.19999999999999998,
        -0.4,
        0.4,
        -1.0,
        1.0
      ]
    ],
    [
      [
        0.96,
        0.0,
        0.7200000000000001,
        -0.16,
        0.16
      ],
      [
        0.0,
        0.0,
        0.0,
        0.0,
        0.0
      ],
      [
        0.7200000000000001,
        0.0,
        0.84,
        -0.32000000000000006,
        0.32000000000000006
      ],
      [
        -0.16,
        0.0,
        -0.32000000000000006,
        0.96,
        -0.96
      ],
      [
        0.16,
        0.0,
        0.32000000000000006,
        -0.96,
        0.96
      ]
    ],
    [
      [
        0.84,
        0.44000000000000006,
        -0.08000000000000006,
        -0.32000000000000006,
        0.32000000000000006
      ],
      [
        0.44000000000000006,
        0.84,
        -0.48000000000000004,
        0.08000000000000002,
        -0.08000000000000002
      ],
      [
        -0.08000000000000006,
        -0.48000000000000004,
        0.96,
        -0.16,
        0.16
      ],
      [
        -0.32000000000000006,
        0.08000000000000002,
        -0.16,
        0.96,
        -0.96
      ],
      [
        0.32000000000000006,
        -0.08000000000000002,
        0.16,
        -0.96,
        0.96
      ]
    ],
    [
      [
        0.96,
        -0.08000000000000006,
        0.48000000000000004,
        -0.16,
        0.16
      ],
      [
        -0.08000000000000006,
        0.84,
        -0.44000000000000006,
        0.08000000000000002,
        -0.08000000000000002
      ],
      [
        0.48000000000000004,
        -0.44000000000000006,
        0.84,
        -0.08000000000000002,
        0.08000000000000002
      ],
      [
        -0.16,
        0.08000000000000002,
        -0.08000000000000002,
        0.96,
        -0.96
      ],
      [
        0.16,
        -0.08000000000000002,
        0.08000000000000002,
        -0.96,
        0.96
      ]
    ],
    [
      [
        1.0,
        -0.2,
        0.39999999999999997,
        0.4000000000000001,
        -0.4000000000000001
      ],
      [
        -0.2,
        1.0,
        -0.39999999999999997,
        5.551115123125783e-17,
        -5.551115123125783e-17
      ],
      [
        0.39999999999999997,
        -0.39999999999999997,
        0.6399999999999999,
        -0.32000000000000006,
        0.32000000000000006
      ],
      [
        0.4000000000000001,
        5.551115123125783e-17,
        -0.32000000000000006,
        0.96,
        -0.96
      ],
      [
        -0.4000000000000001,
        -5.551115123125783e-17,
        0.32000000000000006,
        -0.96,
        0.96
      ]
    ],
    [
      [
        0.84,
        -0.44000000000000006,
        0.56,
        0.19999999999999998,
        -0.19999999999999998
      ],
      [
        -0.44000000000000006,
        0.84,
        -0.56,
        -0.19999999999999998,
        0.19999999999999998
      ],
      [
        0.56,
        -0.56,
        0.6399999999999999,
        0.0,
        0.0
      ],
      [
        0.19999999999999998,
        -0.19999999999999998,
        0.0,
        1.0,
        -1.0
      ],
      [
        -0.19999999999999998,
        0.19999999999999998,
        0.0,
        -1.0,
        1.0
      ]
    ],
    [
      [
        0.84,
        -0.19999999999999998,
        0.1600000000000001,
        -0.19999999999999998,
        0.19999999999999998
      ],
      [
        -0.19999999999999998,
        1.0,
        0.0,
        0.20000000000000007,
        -0.20000000000000007
      ],
      [
        0.1600000000000001,
        0.0,
        0.6399999999999999,
        0.39999999999999997,
        -0.39999999999999997
      ],
      [
        -0.19999999999999998,
        0.20000000000000007,
        0.39999999999999997,
        1.0,
        -1.0
      ],
      [
        0.19999999999999998,
        -0.20000000000000007,
        -0.39999999999999997,
        -1.0,
        1.0
      ]
    ],
    [
      [
        0.36,
        -0.32000000000000006,
        0.2800000000000001,
        0.19999999999999998,
        -0.19999999999999998
      ],
      [
        -0.32000000000000006,
        0.6400000000000001,
        -0.5600000000000002,
        -0.4,
        0.4
      ],
      [
        0.2800000000000001,
        -0.5600000000000002,
        0.8400000000000001,
        0.20000000000000004,
        -0.20000000000000004
      ],
      [
        0.19999999999999998,
        -0.4,
        0.20000000000000004,
        1.0,
        -1.0
      ],
      [
        -0.19999999999999998,
        0.4,
        -0.20000000000000004,
        -1.0,
        1.0
      ]
    ],
    [
      [
        1.0,
        -0.4000000000000001,
        0.4000000000000001,
        0.4,
        -0.4
      ],
      [
        -0.4000000000000001,
        0.96,
        -0.56,
        -0.24,
        0.24
      ],
      [
        0.4000000000000001,
        -0.56,
        0.96,
        0.24,
        -0.24
      ],
      [
        0.4,
        -0.24,
        0.24,
        0.96,
        -0.96
      ],
      [
        -0.4,
        0.24,
        -0.24,
        -0.96,
        0.96
      ]
    ],
    [
      [
        0.96,
        -0.6400000000000001,
        0.96,
        -0.48000000000000004,
        0.24000000000000002
      ],
      [
        -0.6400000000000001,
        0.96,
        -0.6400000000000001,
        0.32,
        -0.15999999999999998
      ],
      [
        0.96,
        -0.6400000000000001,
        0.96,
        -0.48000000000000004,
        0.24000000000000002
      ],
      [
        -0.48000000000000004,
        0.32,
        -0.48000000000000004,
        0.84,
        -0.7200000000000001
      ],
      [
        0.24000000000000002,
        -0.15999999999999998,
        0.24000000000000002,
        -0.7200000000000001,
        0.96
      ]
    ],
    [
      [
        0.8400000000000001,
        -0.32000000000000006,
        0.7200000000000001,
        -0.04000000000000001,
        0.04000000000000001
      ],
      [
        -0.32000000000000006,
        0.96,
        -0.56,
        0.32000000000000006,
        -0.32000000000000006
      ],
      [
        0.7200000000000001,
        -0.56,
        0.96,
        -0.32000000000000006,
        0.32000000000000006
      ],
      [
        -0.04000000000000001,
        0.32000000000000006,
        -0.32000000000000006,
        0.84,
        -0.84
      ],
      [
        0.04000000000000001,
        -0.32000000000000006,
        0.32000000000000006,
        -0.84,
        0.84
      ]
    ],
    [
      [
        0.96,
        -0.7200000000000001,
        0.7200000000000001,
        0.32000000000000006,
        -0.32000000000000006
      ],
      [
        -0.7200000000000001,
        0.8400000000000001,
        -0.44000000000000006,
        -0.04000000000000006,
        0.04000000000000006
      ],
      [
        0.7200000000000001,
        -0.44000000000000006,
        0.8400000000000001,
        0.44000000000000006,
        -0.44000000000000006
      ],
      [
        0.32000000000000006,
        -0.04000000000000006,
        0.44000000000000006,
        0.8400000000000001,
        -0.8400000000000001
      ],
      [
        -0.32000000000000006,
        0.04000000000000006,
        -0.44000000000000006,
        -0.8400000000000001,
        0.8400000000000001
      ]
    ],
    [
      [
        0.96,
        -0.24000000000000007,
        0.4,
        0.48000000000000004,
        -0.24000000000000005
      ],
      [
        -0.24000000000000007,
        0.96,
        -0.4,
        -0.32,
        0.16
      ],
      [
        0.4,
        -0.4,
        1.0,
        0.6000000000000001,
        -0.4000000000000001
      ],
      [
        0.48000000000000004,
        -0.32,
        0.6000000000000001,
        0.84,
        -0.7200000000000001
      ],
      [
        -0.24000000000000005,
        0.16,
        -0.4000000000000001,
        -0.7200000000000001,
        0.96
      ]
    ],
    [
      [
        0.96,
        -0.96,
        0.72,
        0.08000000000000004,
        -0.08000000000000004
      ],
      [
        -0.96,
        0.96,
        -0.72,
        -0.08000000000000004,
        0.08000000000000004
      ],
      [
        0.72,
        -0.72,
        0.8400000000000001,
        -0.24000000000000002,
        0.24000000000000002
      ],
      [
        0.08000000000000004,
        -0.08000000000000004,
        -0.24000000000000002,
        0.6399999999999999,
        -0.6399999999999999
      ],
      [
        -0.08000000000000004,
        0.08000000000000004,
        0.24000000000000002,
        -0.6399999999999999,
        0.6399999999999999
      ]
    ],
    [
      [
        0.96,
        -0.6400000000000001,
        0.6400000000000001,
        0.0,
        0.0
      ],
      [
        -0.6400000000000001,
        0.96,
        -0.15999999999999998,
        0.0,
        0.0
      ],
      [
        0.6400000000000001,
        -0.15999999999999998,
        0.96,
        0.4,
        -0.4
      ],
      [
        0.0,
        0.0,
        0.4,
        1.0,
        -1.0
      ],
      [
        0.0,
        0.0,
        -0.4,
        -1.0,
        1.0
      ]
    ],
    [
      [
        0.96,
        -0.8,
        0.6400000000000001,
        0.15999999999999998,
        -0.15999999999999998
      ],
      [
        -0.8,
        1.0,
        -0.4,
        5.551115123125783e-17,
        -5.551115123125783e-17
      ],
      [
        0.6400000000000001,
        -0.4,
        0.96,
        0.6400000000000001,
        -0.6400000000000001
      ],
      [
        0.15999999999999998,
        5.551115123125783e-17,
        0.6400000000000001,
        0.96,
        -0.96
      ],
      [
        -0.15999999999999998,
        -5.551115123125783e-17,
        -0.6400000000000001,
        -0.96,
        0.96
      ]
    ],
    [
      [
        0.96,
        -0.6400000000000001,
        0.96,
        0.24000000000000002,
        -0.24000000000000002
      ],
      [
        -0.6400000000000001,
        0.96,
        -0.6400000000000001,
        -0.15999999999999998,
        0.15999999999999998
      ],
      [
        0.96,
        -0.6400000000000001,
        0.96,
        0.24000000000000002,
        -0.24000000000000002
      ],
      [
        0.24000000000000002,
        -0.15999999999999998,
        0.24000000000000002,
        0.96,
        -0.96
      ],
      [
        -0.24000000000000002,
        0.15999999999999998,
        -0.24000000000000002,
        -0.96,
        0.96
      ]
    ],
    [
      [
        0.96,
        -0.8,
        0.56,
        -0.32000000000000006,
        0.48
      ],
      [
        -0.8,
        1.0,
        -0.8,
        0.2,
        -0.39999999999999997
      ],
      [
        0.56,
        -0.8,
        0.96,
        -0.32000000000000006,
        0.48
      ],
      [
        -0.32000000000000006,
        0.2,
        -0.32000000000000006,
        0.84,
        -0.56
      ],
      [
        0.48,
        -0.39999999999999997,
        0.48,
        -0.56,
        0.6399999999999999
      ]
    ]
  ]
}