{
  "settings_list": [
    [
      1.0794229791890837,
      4.046574080714048,
      1.8758142380459757,
      0.6549499122912056,
      1.0429395033846496,
      0.33844035911096276,
      1.629120369465787,
      0.8025911480389174,
      1.531773331689429,
      5.462605271123088,
      4.589893279594806,
      3.279511859947135,
      2.907827826251285,
      4.4263021149407695,
      6.0055538387496865
    ],
    [
      1.0535029791890838,
      4.0811340807140475,
      1.6300542380459755,
      0.8584699122912057,
      0.9277395033846495,
      0.39732035911096275,
      1.734720369465787,
      0.7453111480389174,
      1.586813331689429,
      5.2434052711230885,
      4.718533279594806,
      3.2295918599471354,
      2.919027826251285,
      4.595582114940769,
      5.762353838749687
    ],
    [
      0.8896629791890838,
      3.7492940807140474,
      1.8863742380459756,
      0.6168699122912056,
      1.1136595033846497,
      0.3762003591109628,
      1.4099203694657867,
      0.8505911480389173,
      1.422333331689429,
      4.893005271123088,
      4.877573279594806,
      3.3649518599471353,
      3.199667826251285,
      4.407742114940769,
      5.9735538387496865
    ],
    [
      0.9863029791890838,
      3.7524940807140474,
      1.6732542380459754,
      0.7845499122912055,
      0.9670995033846496,
      0.34420035911096286,
      1.2288003694657865,
      0.6976311480389171,
      1.5292133316894292,
      5.119565271123088,
      4.779013279594806,
      3.7879918599471356,
      3.270707826251285,
      4.610622114940769,
      5.814833838749687
    ],
    [
      0.9408629791890838,
      3.8747340807140476,
      1.9289342380459755,
      1.0203899122912055,
      0.7859795033846493,
      0.09780035911096271,
      1.3398403694657866,
      1.1011511480389173,
      1.6760933316894293,
      5.018445271123088,
      4.8372532795948056,
      3.7707118599471356,
      3.357747826251285,
      4.646142114940769,
      6.007793838749687
    ],
    [
      1.319102979189084,
      3.9624140807140478,
      2.0857342380459754,
      1.1259899122912056,
      0.6202195033846492,
      -0.06411964088903724,
      1.5408003694657866,
      0.6377911480389173,
      1.6012133316894293,
      4.972365271123088,
      5.070213279594806,
      3.7387118599471356,
      3.311027826251285,
      4.552702114940769,
      5.916273838749687
    ],
    [
      1.153662979189084,
      3.9486540807140478,
      2.0767742380459753,
      1.3474299122912057,
      0.7418195033846492,
      0.02612035911096286,
      1.4870403694657868,
      0.4701111480389173,
      1.7468133316894292,
      5.090125271123089,
      4.971973279594806,
      3.8830318599471356,
      3.276467826251285,
      4.426622114940769,
      5.877233838749687
    ],
    [
      1.5632629791890842,
      3.9710540807140475,
      2.5055742380459756,
      1.2226299122912057,
      0.9434195033846493,
      0.13812035911096293,
      1.3670403694657869,
      0.3197111480389173,
      1.6076133316894292,
      5.006925271123089,
      5.1303732795948065,
      3.7086318599471357,
      3.001267826251285,
      4.452222114940769,
      5.899633838749687
    ],
    [
      1.5715829791890843,
      3.8619340807140476,
      2.5446142380459755,
      1.3544699122912056,
      1.1136595033846493,
      0.22804035911096304,
      1.014720369465787,
      0.15075114803891726,
      1.4152933316894292,
      5.314445271123089,
      5.114053279594806,
      3.7035118599471355,
      2.5635078262512847,
      4.500542114940769,
      5.603633838749687
    ],
    [
      1.7795829791890843,
      3.7243340807140477,
      2.5190142380459757,
      1.4024699122912057,
      1.0912595033846493,
      0.30164035911096304,
      1.110720369465787,
      0.2883511480389174,
      1.357693331689429,
      5.4264452711230895,
      4.957253279594806,
      3.5275118599471353,
      2.4963078262512846,
      4.385342114940769,
      5.456433838749687
    ],
    [
      2.0259829791890844,
      3.8331340807140477,
      2.4422142380459757,
      1.5688699122912055,
      0.9248595033846493,
      0.31124035911096304,
      1.344320369465787,
      0.39395114803891756,
      1.4152933316894292,
      5.362445271123089,
      4.928453279594805,
      3.6971118599471353,
      2.9059078262512847,
      4.023742114940769,
      5.712433838749687
    ],
    [
      1.7207029791890842,
      4.092334080714048,
      2.5721342380459755,
      1.7960699122912056,
      0.9254995033846493,
      0.6011603591109631,
      1.280320369465787,
      0.6787511480389177,
      1.4626533316894292,
      5.26132527112309,
      5.0743732795948056,
      3.467351859947135,
      2.906547826251285,
      4.09158211494077,
      5.732913838749687
    ],
    [
      1.6247029791890841,
      3.948334080714048,
      2.7494142380459756,
      1.9272699122912058,
      0.7398995033846492,
      0.44180035911096305,
      1.441600369465787,
      0.7203511480389178,
      1.5330533316894293,
      5.27476527112309,
      4.829893279594805,
      3.251031859947135,
      2.985907826251285,
      4.51910211494077,
      5.625393838749687
    ],
    [
      1.077182979189084,
      4.008174080714048,
      3.332774238045976,
      1.5173499122912055,
      1.0333395033846493,
      0.6693203591109631,
      1.6873603694657873,
      0.8141111480389178,
      1.7052133316894293,
      5.88788527112309,
      4.810053279594805,
      3.3694318599471353,
      2.722867826251285,
      4.34694211494077,
      6.1015538387496875
    ],
    [
      1.087742979189084,
      4.119854080714048,
      3.2201342380459756,
      1.5237499122912057,
      0.9789395033846493,
      0.9557203591109631,
      1.6416003694657872,
      0.8473911480389178,
      1.7231333316894293,
      5.86388527112309,
      4.762053279594805,
      3.259031859947135,
      2.888947826251285,
      4.48038211494077,
      6.020593838749687
    ],
    [
      1.092542979189084,
      4.204974080714048,
      3.2761342380459757,
      1.5394299122912058,
      1.0432595033846492,
      0.7944403591109631,
      1.2835203694657873,
      1.0048311480389178,
      1.7653733316894293,
      5.70132527112309,
      4.264773279594805,
      3.518231859947135,
      3.5225478262512855,
      4.422142114940771,
      6.145393838749687
    ],
    [
      1.141822979189084,
      4.336814080714048,
      3.311334238045976,
      1.2328699122912057,
      0.9766995033846492,
      1.0299603591109632,
      1.4179203694657874,
      0.7097911480389177,
      1.8133733316894294,
      5.53172527112309,
      4.3486132795948045,
      3.433751859947135,
      3.3196678262512855,
      4.216062114940771,
      5.986673838749687
    ],
    [
      1.125822979189084,
      4.455214080714049,
      3.589734238045976,
      1.2168699122912057,
      0.9350995033846491,
      0.9307603591109632,
      1.2899203694657873,
      0.6393911480389177,
      1.9989733316894296,
      5.48052527112309,
      4.774213279594805,
      3.2289518599471347,
      3.345267826251286,
      4.56486211494077,
      5.775473838749687
    ],
    [
      0.892862979189084,
      4.338734080714048,
      3.5308542380459755,
      1.2155899122912057,
      0.992699503384649,
      0.9243603591109633,
      1.4857603694657873,
      0.6854711480389176,
      1.8581733316894296,
      5.47668527112309,
      5.058373279594805,
      3.204631859947135,
      3.365747826251286,
      4.5853421149407705,
      5.890673838749687
    ],
    [
      1.2199029791890843,
      4.277294080714048,
      4.034534238045976,
      1.6015099122912058,
      1.195579503384649,
      1.3282003591109635,
      1.6156803694657873,
      1.0246711480389177,
      2.2600933316894296,
      5.53428527112309,
      5.023173279594805,
      3.4363118599471347,
      3.562227826251286,
      4.72358211494077,
      5.598193838749687
    ],
    [
      1.1450229791890842,
      4.0475340807140485,
      4.156134238045976,
      1.7403899122912059,
      1.226939503384649,
      1.3454803591109634,
      1.6956803694657874,
      1.1731511480389178,
      2.2293733316894295,
      5.61684527112309,
      5.151173279594805,
      3.758871859947135,
      3.2172678262512857,
      4.65190211494077,
      5.526513838749687
    ]
  ],
  "cost_vals": [],
  "step_size": 0.1,
  "opt_step_times": [
    0.23330402374267578,
    0.15843796730041504,
    0.14640378952026367,
    0.1488018035888672,
    0.15135884284973145,
    0.15294575691223145,
    0.1517477035522461,
    0.15803217887878418,
    0.15725493431091309,
    0.16163301467895508,
    0.15264582633972168,
    0.14853310585021973,
    0.15311503410339355,
    0.14603281021118164,
    0.14822697639465332,
    0.1484060287475586,
    0.21428704261779785,
    0.162703275680542,
    0.15249204635620117,
    0.16126585006713867
  ],
  "opt_settings": [
    1.1450229791890842,
    4.0475340807140485,
    4.156134238045976,
    1.7403899122912059,
    1.226939503384649,
    1.3454803591109634,
    1.6956803694657874,
    1.1731511480389178,
    2.2293733316894295,
    5.61684527112309,
    5.151173279594805,
    3.758871859947135,
    3.2172678262512857,
    4.65190211494077,
    5.526513838749687
  ],
  "min_cost": null,
  "datetime": "2023-05-30T16-43-09Z",
  "step_only": true,
  "ibm_device": "default.qubit",
  "shots": 10,
  "prep_node_name": "W_state_2-qubit_ghz_state",
  "num_qubits": 5,
  "error": false,
  "cov_mats": [
    [
      [
        1.0,
        -0.8,
        -0.4000000000000001,
        -0.2,
        -0.2
      ],
      [
        -0.8,
        0.96,
        0.24000000000000002,
        0.07999999999999999,
        0.07999999999999999
      ],
      [
        -0.4000000000000001,
        0.24000000000000002,
        0.96,
        -0.07999999999999999,
        -0.07999999999999999
      ],
      [
        -0.2,
        0.07999999999999999,
        -0.07999999999999999,
        0.8400000000000001,
        0.8400000000000001
      ],
      [
        -0.2,
        0.07999999999999999,
        -0.07999999999999999,
        0.8400000000000001,
        0.8400000000000001
      ]
    ],
    [
      [
        0.84,
        0.08000000000000006,
        -0.48000000000000004,
        -0.19999999999999998,
        -0.19999999999999998
      ],
      [
        0.08000000000000006,
        0.96,
        0.6400000000000001,
        -5.551115123125783e-17,
        -5.551115123125783e-17
      ],
      [
        -0.48000000000000004,
        0.6400000000000001,
        0.96,
        0.4,
        0.4
      ],
      [
        -0.19999999999999998,
        -5.551115123125783e-17,
        0.4,
        1.0,
        1.0
      ],
      [
        -0.19999999999999998,
        -5.551115123125783e-17,
        0.4,
        1.0,
        1.0
      ]
    ],
    [
      [
        0.96,
        -0.56,
        -0.56,
        -0.31999999999999995,
        -0.31999999999999995
      ],
      [
        -0.56,
        0.96,
        0.56,
        0.31999999999999995,
        0.31999999999999995
      ],
      [
        -0.56,
        0.56,
        0.96,
        0.31999999999999995,
        0.31999999999999995
      ],
      [
        -0.31999999999999995,
        0.31999999999999995,
        0.31999999999999995,
        0.6400000000000001,
        0.6400000000000001
      ],
      [
        -0.31999999999999995,
        0.31999999999999995,
        0.31999999999999995,
        0.6400000000000001,
        0.6400000000000001
      ]
    ],
    [
      [
        0.8400000000000001,
        -0.44000000000000006,
        -0.44000000000000006,
        0.20000000000000004,
        0.20000000000000004
      ],
      [
        -0.44000000000000006,
        0.8400000000000001,
        0.44000000000000006,
        0.20000000000000004,
        0.20000000000000004
      ],
      [
        -0.44000000000000006,
        0.44000000000000006,
        0.8400000000000001,
        0.20000000000000004,
        0.20000000000000004
      ],
      [
        0.20000000000000004,
        0.20000000000000004,
        0.20000000000000004,
        1.0,
        1.0
      ],
      [
        0.20000000000000004,
        0.20000000000000004,
        0.20000000000000004,
        1.0,
        1.0
      ]
    ],
    [
      [
        1.0,
        -0.6000000000000001,
        -0.6000000000000001,
        -5.551115123125783e-17,
        -5.551115123125783e-17
      ],
      [
        -0.6000000000000001,
        1.0,
        0.6000000000000001,
        -0.4000000000000001,
        -0.4000000000000001
      ],
      [
        -0.6000000000000001,
        0.6000000000000001,
        1.0,
        -0.4000000000000001,
        -0.4000000000000001
      ],
      [
        -5.551115123125783e-17,
        -0.4000000000000001,
        -0.4000000000000001,
        0.96,
        0.96
      ],
      [
        -5.551115123125783e-17,
        -0.4000000000000001,
        -0.4000000000000001,
        0.96,
        0.96
      ]
    ],
    [
      [
        0.96,
        -0.7200000000000001,
        -0.96,
        -0.24000000000000005,
        -0.24000000000000005
      ],
      [
        -0.7200000000000001,
        0.8400000000000001,
        0.7200000000000001,
        0.07999999999999999,
        0.07999999999999999
      ],
      [
        -0.96,
        0.7200000000000001,
        0.96,
        0.24000000000000005,
        0.24000000000000005
      ],
      [
        -0.24000000000000005,
        0.07999999999999999,
        0.24000000000000005,
        0.96,
        0.96
      ],
      [
        -0.24000000000000005,
        0.07999999999999999,
        0.24000000000000005,
        0.96,
        0.96
      ]
    ],
    [
      [
        0.8400000000000001,
        -0.6000000000000001,
        -0.6000000000000001,
        -0.16000000000000014,
        -0.44000000000000006
      ],
      [
        -0.6000000000000001,
        1.0,
        1.0,
        0.39999999999999997,
        0.6000000000000001
      ],
      [
        -0.6000000000000001,
        1.0,
        1.0,
        0.39999999999999997,
        0.6000000000000001
      ],
      [
        -0.16000000000000014,
        0.39999999999999997,
        0.39999999999999997,
        0.6400000000000001,
        0.5600000000000002
      ],
      [
        -0.44000000000000006,
        0.6000000000000001,
        0.6000000000000001,
        0.5600000000000002,
        0.8400000000000001
      ]
    ],
    [
      [
        1.0,
        -0.39999999999999997,
        -0.4000000000000001,
        0.0,
        0.4000000000000001
      ],
      [
        -0.39999999999999997,
        0.6399999999999999,
        0.48000000000000004,
        -0.32,
        -0.32
      ],
      [
        -0.4000000000000001,
        0.48000000000000004,
        0.96,
        -0.6400000000000001,
        -0.6400000000000001
      ],
      [
        0.0,
        -0.32,
        -0.6400000000000001,
        0.96,
        0.56
      ],
      [
        0.4000000000000001,
        -0.32,
        -0.6400000000000001,
        0.56,
        0.96
      ]
    ],
    [
      [
        1.0,
        -1.0,
        -0.8,
        0.2,
        0.4
      ],
      [
        -1.0,
        1.0,
        0.8,
        -0.2,
        -0.4
      ],
      [
        -0.8,
        0.8,
        0.96,
        5.551115123125783e-17,
        -0.24
      ],
      [
        0.2,
        -0.2,
        5.551115123125783e-17,
        1.0,
        0.8
      ],
      [
        0.4,
        -0.4,
        -0.24,
        0.8,
        0.96
      ]
    ],
    [
      [
        0.3599999999999999,
        0.08000000000000002,
        -0.32,
        -0.16,
        -0.16
      ],
      [
        0.08000000000000002,
        0.6400000000000001,
        0.24000000000000016,
        -0.08000000000000007,
        -0.08000000000000007
      ],
      [
        -0.32,
        0.24000000000000016,
        0.6400000000000001,
        -0.08000000000000007,
        -0.08000000000000007
      ],
      [
        -0.16,
        -0.08000000000000007,
        -0.08000000000000007,
        0.96,
        0.96
      ],
      [
        -0.16,
        -0.08000000000000007,
        -0.08000000000000007,
        0.96,
        0.96
      ]
    ],
    [
      [
        1.0,
        -0.4000000000000001,
        -1.0,
        0.39999999999999997,
        0.2
      ],
      [
        -0.4000000000000001,
        0.96,
        0.4,
        -0.07999999999999997,
        0.08000000000000006
      ],
      [
        -1.0,
        0.4,
        1.0,
        -0.39999999999999997,
        -0.2
      ],
      [
        0.39999999999999997,
        -0.07999999999999997,
        -0.39999999999999997,
        0.6400000000000001,
        0.56
      ],
      [
        0.2,
        0.08000000000000006,
        -0.2,
        0.56,
        0.84
      ]
    ],
    [
      [
        0.84,
        -0.6000000000000001,
        -0.48000000000000004,
        -0.32000000000000006,
        -0.04000000000000001
      ],
      [
        -0.6000000000000001,
        1.0,
        0.4000000000000001,
        0.0,
        -0.2
      ],
      [
        -0.48000000000000004,
        0.4000000000000001,
        0.96,
        -0.16,
        -0.32
      ],
      [
        -0.32000000000000006,
        0.0,
        -0.16,
        0.96,
        0.7200000000000001
      ],
      [
        -0.04000000000000001,
        -0.2,
        -0.32,
        0.7200000000000001,
        0.8400000000000001
      ]
    ],
    [
      [
        0.96,
        -0.4,
        -0.24000000000000005,
        -0.16,
        -0.16
      ],
      [
        -0.4,
        1.0,
        0.4000000000000001,
        0.0,
        0.0
      ],
      [
        -0.24000000000000005,
        0.4000000000000001,
        0.96,
        -0.16000000000000003,
        -0.16000000000000003
      ],
      [
        -0.16,
        0.0,
        -0.16000000000000003,
        0.96,
        0.96
      ],
      [
        -0.16,
        0.0,
        -0.16000000000000003,
        0.96,
        0.96
      ]
    ],
    [
      [
        0.8400000000000001,
        -0.56,
        -0.8400000000000001,
        0.20000000000000004,
        0.20000000000000004
      ],
      [
        -0.56,
        0.6400000000000001,
        0.5600000000000002,
        0.0,
        0.0
      ],
      [
        -0.8400000000000001,
        0.5600000000000002,
        0.8400000000000001,
        -0.20000000000000004,
        -0.20000000000000004
      ],
      [
        0.20000000000000004,
        0.0,
        -0.20000000000000004,
        1.0,
        1.0
      ],
      [
        0.20000000000000004,
        0.0,
        -0.20000000000000004,
        1.0,
        1.0
      ]
    ],
    [
      [
        0.96,
        -0.72,
        -0.4,
        -0.48000000000000004,
        -0.48000000000000004
      ],
      [
        -0.72,
        0.84,
        0.6,
        0.36000000000000004,
        0.36000000000000004
      ],
      [
        -0.4,
        0.6,
        1.0,
        0.2,
        0.2
      ],
      [
        -0.48000000000000004,
        0.36000000000000004,
        0.2,
        0.84,
        0.84
      ],
      [
        -0.48000000000000004,
        0.36000000000000004,
        0.2,
        0.84,
        0.84
      ]
    ],
    [
      [
        1.0,
        -0.8,
        -0.4000000000000001,
        0.0,
        0.0
      ],
      [
        -0.8,
        0.96,
        0.6400000000000001,
        -0.16000000000000003,
        -0.16000000000000003
      ],
      [
        -0.4000000000000001,
        0.6400000000000001,
        0.96,
        -0.24000000000000005,
        -0.24000000000000005
      ],
      [
        0.0,
        -0.16000000000000003,
        -0.24000000000000005,
        0.96,
        0.96
      ],
      [
        0.0,
        -0.16000000000000003,
        -0.24000000000000005,
        0.96,
        0.96
      ]
    ],
    [
      [
        0.96,
        -0.7200000000000001,
        -0.7200000000000001,
        -0.56,
        -0.56
      ],
      [
        -0.7200000000000001,
        0.8400000000000001,
        0.44000000000000006,
        0.7200000000000001,
        0.7200000000000001
      ],
      [
        -0.7200000000000001,
        0.44000000000000006,
        0.8400000000000001,
        0.32000000000000006,
        0.32000000000000006
      ],
      [
        -0.56,
        0.7200000000000001,
        0.32000000000000006,
        0.96,
        0.96
      ],
      [
        -0.56,
        0.7200000000000001,
        0.32000000000000006,
        0.96,
        0.96
      ]
    ],
    [
      [
        0.96,
        -0.8,
        -0.48,
        0.15999999999999998,
        0.15999999999999998
      ],
      [
        -0.8,
        1.0,
        0.6,
        5.551115123125783e-17,
        5.551115123125783e-17
      ],
      [
        -0.48,
        0.6,
        0.84,
        -0.48,
        -0.48
      ],
      [
        0.15999999999999998,
        5.551115123125783e-17,
        -0.48,
        0.96,
        0.96
      ],
      [
        0.15999999999999998,
        5.551115123125783e-17,
        -0.48,
        0.96,
        0.96
      ]
    ],
    [
      [
        1.0,
        -0.4000000000000001,
        0.0,
        0.0,
        0.0
      ],
      [
        -0.4000000000000001,
        0.96,
        0.6400000000000001,
        0.15999999999999998,
        0.15999999999999998
      ],
      [
        0.0,
        0.6400000000000001,
        0.96,
        0.6400000000000001,
        0.6400000000000001
      ],
      [
        0.0,
        0.15999999999999998,
        0.6400000000000001,
        0.96,
        0.96
      ],
      [
        0.0,
        0.15999999999999998,
        0.6400000000000001,
        0.96,
        0.96
      ]
    ],
    [
      [
        1.0,
        -0.8,
        -0.8,
        0.0,
        0.0
      ],
      [
        -0.8,
        0.96,
        0.56,
        -0.24000000000000002,
        -0.24000000000000002
      ],
      [
        -0.8,
        0.56,
        0.96,
        -0.24000000000000002,
        -0.24000000000000002
      ],
      [
        0.0,
        -0.24000000000000002,
        -0.24000000000000002,
        0.96,
        0.96
      ],
      [
        0.0,
        -0.24000000000000002,
        -0.24000000000000002,
        0.96,
        0.96
      ]
    ],
    [
      [
        1.0,
        -0.6000000000000001,
        -0.6000000000000001,
        0.4000000000000001,
        0.2
      ],
      [
        -0.6000000000000001,
        0.8400000000000001,
        0.8400000000000001,
        -0.08000000000000004,
        0.04000000000000006
      ],
      [
        -0.6000000000000001,
        0.8400000000000001,
        0.8400000000000001,
        -0.08000000000000004,
        0.04000000000000006
      ],
      [
        0.4000000000000001,
        -0.08000000000000004,
        -0.08000000000000004,
        0.96,
        0.7200000000000002
      ],
      [
        0.2,
        0.04000000000000006,
        0.04000000000000006,
        0.7200000000000002,
        0.8400000000000001
      ]
    ]
  ]
}