{
  "settings_list": [
    [
      0.2780040692125998,
      4.752468009741798,
      2.965935707642349,
      2.79324167063203,
      5.02490640789518,
      3.7881070830020565,
      4.809430224314843,
      4.243585322353057,
      1.3533626229054017,
      5.263535633778319,
      3.6735686145751605,
      6.167872718591983,
      3.561061818510462,
      3.8992410778179627,
      5.148385770641003
    ],
    [
      0.2722440692125997,
      4.8897480097417985,
      3.2382557076423493,
      2.5670016706320298,
      5.0108264078951805,
      3.6281070830020563,
      4.811990224314843,
      4.247745322353056,
      1.4599226229054016,
      4.994415633778319,
      3.6178886145751603,
      6.343232718591984,
      3.459301818510462,
      3.648041077817963,
      5.313185770641002
    ],
    [
      0.4389640692125997,
      5.254548009741798,
      3.4523357076423498,
      3.01884167063203,
      4.7932264078951805,
      4.422987083002057,
      4.823510224314843,
      4.3242253223530565,
      1.5114426229054017,
      4.882735633778319,
      3.3580486145751602,
      6.1672327185919835,
      3.274661818510462,
      3.3517210778179627,
      5.164705770641002
    ],
    [
      0.5797640692125997,
      5.129748009741799,
      3.63153570764235,
      2.79484167063203,
      5.17402640789518,
      4.547787083002056,
      4.845910224314843,
      4.580225322353057,
      1.4026426229054016,
      5.052335633778319,
      3.5340486145751604,
      6.141632718591984,
      3.2970618185104623,
      3.402921077817963,
      5.199905770641002
    ],
    [
      0.5708040692125996,
      4.743188009741798,
      3.77681570764235,
      2.77500167063203,
      5.02362640789518,
      4.651467083002056,
      4.803030224314843,
      4.4707853223530565,
      1.2388026229054017,
      5.258415633778319,
      3.2569286145751604,
      6.287552718591984,
      3.3322618185104624,
      3.2890010778179626,
      5.089825770641002
    ],
    [
      0.6380040692125997,
      4.400788009741798,
      3.89201570764235,
      2.4230016706320296,
      4.98202640789518,
      4.686667083002056,
      4.775830224314843,
      4.485185322353057,
      1.2708026229054017,
      5.263215633778319,
      3.0873286145751604,
      6.2347527185919835,
      3.3018618185104622,
      3.4010010778179627,
      5.227425770641002
    ],
    [
      0.8735240692125998,
      4.3675080097417975,
      3.61425570764235,
      1.9436416706320296,
      4.64282640789518,
      4.453067083002056,
      4.148630224314843,
      4.1351053223530565,
      1.0090426229054015,
      5.167215633778319,
      3.3228486145751606,
      6.268672718591984,
      3.8202618185104624,
      3.2941210778179624,
      5.1115857706410015
    ],
    [
      0.8485640692125999,
      4.528788009741797,
      3.68401570764235,
      1.8233216706320297,
      4.56090640789518,
      4.325707083002055,
      4.091670224314843,
      4.298945322353057,
      1.0333626229054016,
      5.06545563377832,
      3.284448614575161,
      6.549632718591984,
      4.258661818510463,
      2.848041077817962,
      5.042465770641002
    ],
    [
      1.0117640692126,
      4.391188009741797,
      3.54001570764235,
      1.9705216706320299,
      4.61850640789518,
      4.223307083002055,
      4.165270224314843,
      4.513345322353057,
      0.9213626229054016,
      5.318255633778319,
      3.194848614575161,
      6.693632718591984,
      4.370661818510463,
      2.8064410778179623,
      4.949665770641001
    ],
    [
      0.7784840692126,
      4.508308009741797,
      3.39889570764235,
      2.26940167063203,
      5.01754640789518,
      4.660107083002055,
      4.255830224314843,
      4.581185322353058,
      1.2628026229054017,
      5.40113563377832,
      3.414048614575161,
      6.897792718591984,
      4.249061818510463,
      2.9370010778179623,
      4.650145770641001
    ],
    [
      1.0728840692126003,
      4.298068009741797,
      3.75089570764235,
      2.2370816706320302,
      4.9193064078951805,
      4.817227083002055,
      3.990870224314843,
      4.636225322353058,
      0.9901626229054017,
      5.430255633778319,
      3.3199686145751612,
      7.0216327185919845,
      4.278501818510463,
      2.756521077817962,
      4.648865770641001
    ],
    [
      1.2328840692126004,
      4.403668009741797,
      3.80529570764235,
      2.1026816706320304,
      4.5481064078951805,
      4.788427083002055,
      3.8436702243148426,
      4.796225322353058,
      1.1149626229054017,
      5.5582556337783195,
      3.316768614575161,
      7.024832718591984,
      4.243301818510464,
      2.9677210778179623,
      4.668065770641
    ],
    [
      1.3813640692126004,
      4.536788009741797,
      3.6033757076423503,
      2.1692416706320303,
      4.834506407895181,
      4.711947083002055,
      4.045910224314842,
      4.621185322353058,
      0.8023226229054017,
      5.50065563377832,
      3.337248614575161,
      7.132992718591984,
      3.9981818185104636,
      2.433321077817962,
      4.469985770641
    ],
    [
      1.2709640692126005,
      4.624468009741797,
      3.70097570764235,
      2.0105216706320306,
      4.775306407895181,
      4.654027083002055,
      4.2459102243148426,
      4.689025322353058,
      0.8180026229054016,
      5.732975633778319,
      3.6114886145751615,
      7.381952718591984,
      4.008101818510464,
      2.5405210778179623,
      4.427745770641001
    ],
    [
      1.1237640692126005,
      4.816468009741797,
      3.77137570764235,
      2.0809216706320304,
      4.927306407895181,
      4.762827083002055,
      4.119510224314842,
      4.599425322353058,
      0.7860026229054017,
      5.654575633778319,
      3.6002886145751614,
      7.215552718591984,
      4.049701818510464,
      2.6413210778179623,
      4.5173457706410005
    ],
    [
      1.1064840692126006,
      5.1889480097417975,
      3.4494557076423495,
      1.6233216706320301,
      4.749386407895181,
      4.899147083002055,
      3.8308702243148423,
      4.013825322353058,
      0.8244026229054018,
      5.808175633778319,
      3.5382086145751614,
      8.082752718591983,
      3.565861818510463,
      2.852521077817962,
      4.009185770641
    ],
    [
      1.0552840692126007,
      4.993108009741797,
      3.5659357076423497,
      1.7097216706320302,
      4.877386407895181,
      5.048907083002056,
      3.2503902243148417,
      4.166785322353058,
      0.8781626229054018,
      5.863215633778319,
      3.5350086145751614,
      8.501312718591983,
      3.594021818510463,
      2.709801077817962,
      4.182625770641001
    ],
    [
      0.7477640692126006,
      4.824468009741797,
      3.5099357076423496,
      2.0658816706320304,
      5.015946407895181,
      4.825867083002056,
      3.3367902243148415,
      4.6672653223530585,
      0.7684026229054018,
      6.132335633778319,
      3.6690886145751613,
      8.484032718591983,
      3.458661818510463,
      2.910121077817962,
      4.170785770641
    ],
    [
      0.7676040692126007,
      4.739668009741797,
      3.5000157076423495,
      1.8562816706320306,
      4.862986407895181,
      4.528907083002055,
      3.4091102243148415,
      4.715585322353059,
      0.6653626229054019,
      5.8254556337783185,
      3.7814086145751613,
      8.300032718591984,
      3.446181818510463,
      2.436521077817962,
      4.134945770641
    ],
    [
      0.8968840692126008,
      4.871508009741797,
      3.3284957076423494,
      1.8652416706320307,
      5.003786407895181,
      4.137227083002055,
      3.2324702243148415,
      4.524865322353059,
      0.7050426229054019,
      5.943215633778318,
      3.9273286145751616,
      8.457472718591983,
      3.5831418185104633,
      2.4928410778179617,
      4.332065770641
    ],
    [
      1.0648840692126007,
      4.565908009741797,
      3.3476957076423495,
      1.7852416706320307,
      4.8997864078951805,
      4.126027083002055,
      3.2340702243148414,
      4.635265322353059,
      0.975442622905402,
      5.807215633778318,
      4.018528614575161,
      8.483072718591984,
      3.7303418185104635,
      2.0256410778179617,
      4.138465770641
    ]
  ],
  "cost_vals": [],
  "step_size": 0.1,
  "opt_step_times": [
    0.24620294570922852,
    0.16726994514465332,
    0.17471098899841309,
    0.22699189186096191,
    0.27274608612060547,
    0.23784899711608887,
    0.20519709587097168,
    0.19174408912658691,
    0.19142603874206543,
    0.1890420913696289,
    0.2663998603820801,
    0.17068696022033691,
    0.19060373306274414,
    0.15549778938293457,
    0.16264724731445312,
    0.19553589820861816,
    0.27991819381713867,
    0.21629118919372559,
    0.1385331153869629,
    0.14292407035827637
  ],
  "opt_settings": [
    1.0648840692126007,
    4.565908009741797,
    3.3476957076423495,
    1.7852416706320307,
    4.8997864078951805,
    4.126027083002055,
    3.2340702243148414,
    4.635265322353059,
    0.975442622905402,
    5.807215633778318,
    4.018528614575161,
    8.483072718591984,
    3.7303418185104635,
    2.0256410778179617,
    4.138465770641
  ],
  "min_cost": null,
  "datetime": "2023-05-30T16-38-30Z",
  "step_only": true,
  "ibm_device": "default.qubit",
  "shots": 10,
  "prep_node_name": "W_state_2-qubit_ghz_state",
  "num_qubits": 5,
  "error": false,
  "cov_mats": [
    [
      [
        1.0,
        0.19999999999999996,
        1.0,
        0.2,
        -0.4000000000000001
      ],
      [
        0.19999999999999996,
        0.3599999999999999,
        0.19999999999999998,
        -0.19999999999999998,
        -0.23999999999999996
      ],
      [
        1.0,
        0.19999999999999998,
        1.0,
        0.2,
        -0.4000000000000001
      ],
      [
        0.2,
        -0.19999999999999998,
        0.2,
        1.0,
        -0.4000000000000001
      ],
      [
        -0.4000000000000001,
        -0.23999999999999996,
        -0.4000000000000001,
        -0.4000000000000001,
        0.96
      ]
    ],
    [
      [
        0.96,
        0.6400000000000001,
        0.5599999999999999,
        -0.4,
        0.6400000000000001
      ],
      [
        0.6400000000000001,
        0.96,
        0.6400000000000001,
        -0.8,
        0.5599999999999999
      ],
      [
        0.5599999999999999,
        0.6400000000000001,
        0.96,
        -0.8,
        0.23999999999999994
      ],
      [
        -0.4,
        -0.8,
        -0.8,
        1.0,
        -0.4
      ],
      [
        0.6400000000000001,
        0.5599999999999999,
        0.23999999999999994,
        -0.4,
        0.96
      ]
    ],
    [
      [
        1.0,
        0.6000000000000001,
        0.8,
        -0.20000000000000007,
        -0.6000000000000001
      ],
      [
        0.6000000000000001,
        1.0,
        0.8,
        0.20000000000000007,
        -0.20000000000000007
      ],
      [
        0.8,
        0.8,
        0.96,
        0.0,
        -0.4
      ],
      [
        -0.20000000000000007,
        0.20000000000000007,
        0.0,
        1.0,
        -0.20000000000000007
      ],
      [
        -0.6000000000000001,
        -0.20000000000000007,
        -0.4,
        -0.20000000000000007,
        1.0
      ]
    ],
    [
      [
        1.0,
        0.8,
        0.6000000000000001,
        0.4,
        5.551115123125783e-17
      ],
      [
        0.8,
        0.96,
        0.7200000000000001,
        0.24,
        0.2400000000000001
      ],
      [
        0.6000000000000001,
        0.7200000000000001,
        0.8400000000000001,
        0.48000000000000004,
        0.08000000000000004
      ],
      [
        0.4,
        0.24,
        0.48000000000000004,
        0.96,
        -0.6400000000000001
      ],
      [
        5.551115123125783e-17,
        0.2400000000000001,
        0.08000000000000004,
        -0.6400000000000001,
        0.96
      ]
    ],
    [
      [
        0.96,
        0.56,
        0.96,
        -0.56,
        0.56
      ],
      [
        0.56,
        0.96,
        0.56,
        -0.16,
        0.16000000000000003
      ],
      [
        0.96,
        0.56,
        0.96,
        -0.56,
        0.56
      ],
      [
        -0.56,
        -0.16,
        -0.56,
        0.96,
        -0.56
      ],
      [
        0.56,
        0.16000000000000003,
        0.56,
        -0.56,
        0.96
      ]
    ],
    [
      [
        0.8400000000000001,
        0.56,
        0.56,
        -0.32000000000000006,
        0.44000000000000006
      ],
      [
        0.56,
        0.6400000000000001,
        0.24000000000000016,
        -0.08000000000000002,
        0.1600000000000001
      ],
      [
        0.56,
        0.24000000000000016,
        0.6400000000000001,
        -0.48000000000000004,
        0.5600000000000002
      ],
      [
        -0.32000000000000006,
        -0.08000000000000002,
        -0.48000000000000004,
        0.96,
        -0.7200000000000001
      ],
      [
        0.44000000000000006,
        0.1600000000000001,
        0.5600000000000002,
        -0.7200000000000001,
        0.8400000000000001
      ]
    ],
    [
      [
        1.0,
        0.2,
        0.6,
        -0.4000000000000001,
        0.4000000000000001
      ],
      [
        0.2,
        1.0,
        0.6,
        -0.4000000000000001,
        0.4000000000000001
      ],
      [
        0.6,
        0.6,
        0.84,
        -0.48,
        0.48
      ],
      [
        -0.4000000000000001,
        -0.4000000000000001,
        -0.48,
        0.96,
        -0.96
      ],
      [
        0.4000000000000001,
        0.4000000000000001,
        0.48,
        -0.96,
        0.96
      ]
    ],
    [
      [
        0.96,
        0.48,
        0.56,
        0.24000000000000005,
        -0.24000000000000005
      ],
      [
        0.48,
        0.84,
        0.48000000000000004,
        -0.08000000000000006,
        0.08000000000000006
      ],
      [
        0.56,
        0.48000000000000004,
        0.96,
        -0.15999999999999998,
        0.15999999999999998
      ],
      [
        0.24000000000000005,
        -0.08000000000000006,
        -0.15999999999999998,
        0.96,
        -0.96
      ],
      [
        -0.24000000000000005,
        0.08000000000000006,
        0.15999999999999998,
        -0.96,
        0.96
      ]
    ],
    [
      [
        0.96,
        0.56,
        0.72,
        -0.4,
        -0.08000000000000004
      ],
      [
        0.56,
        0.96,
        0.7200000000000001,
        5.551115123125783e-17,
        -0.07999999999999999
      ],
      [
        0.72,
        0.7200000000000001,
        0.8400000000000001,
        -0.19999999999999998,
        0.04000000000000006
      ],
      [
        -0.4,
        5.551115123125783e-17,
        -0.19999999999999998,
        1.0,
        -0.6000000000000001
      ],
      [
        -0.08000000000000004,
        -0.07999999999999999,
        0.04000000000000006,
        -0.6000000000000001,
        0.8400000000000001
      ]
    ],
    [
      [
        0.96,
        0.8,
        0.96,
        0.5599999999999999,
        -0.5599999999999999
      ],
      [
        0.8,
        1.0,
        0.8,
        0.4,
        -0.4
      ],
      [
        0.96,
        0.8,
        0.96,
        0.5599999999999999,
        -0.5599999999999999
      ],
      [
        0.5599999999999999,
        0.4,
        0.5599999999999999,
        0.96,
        -0.96
      ],
      [
        -0.5599999999999999,
        -0.4,
        -0.5599999999999999,
        -0.96,
        0.96
      ]
    ],
    [
      [
        0.96,
        0.48,
        0.56,
        0.4,
        -0.4
      ],
      [
        0.48,
        0.6399999999999999,
        0.07999999999999996,
        0.0,
        0.0
      ],
      [
        0.56,
        0.07999999999999996,
        0.96,
        0.4,
        -0.4
      ],
      [
        0.4,
        0.0,
        0.4,
        1.0,
        -1.0
      ],
      [
        -0.4,
        0.0,
        -0.4,
        -1.0,
        1.0
      ]
    ],
    [
      [
        0.6399999999999999,
        0.39999999999999997,
        0.39999999999999997,
        0.48000000000000004,
        -0.48000000000000004
      ],
      [
        0.39999999999999997,
        1.0,
        0.6000000000000001,
        0.4000000000000001,
        -0.4000000000000001
      ],
      [
        0.39999999999999997,
        0.6000000000000001,
        1.0,
        0.4000000000000001,
        -0.4000000000000001
      ],
      [
        0.48000000000000004,
        0.4000000000000001,
        0.4000000000000001,
        0.96,
        -0.96
      ],
      [
        -0.48000000000000004,
        -0.4000000000000001,
        -0.4000000000000001,
        -0.96,
        0.96
      ]
    ],
    [
      [
        0.6399999999999999,
        0.48000000000000004,
        0.6399999999999999,
        0.07999999999999996,
        -0.07999999999999996
      ],
      [
        0.48000000000000004,
        0.96,
        0.48000000000000004,
        0.16,
        -0.16
      ],
      [
        0.6399999999999999,
        0.48000000000000004,
        0.6399999999999999,
        0.07999999999999996,
        -0.07999999999999996
      ],
      [
        0.07999999999999996,
        0.16,
        0.07999999999999996,
        0.96,
        -0.96
      ],
      [
        -0.07999999999999996,
        -0.16,
        -0.07999999999999996,
        -0.96,
        0.96
      ]
    ],
    [
      [
        1.0,
        0.8,
        0.4000000000000001,
        -0.4,
        0.4
      ],
      [
        0.8,
        0.96,
        0.56,
        -0.24,
        0.24
      ],
      [
        0.4000000000000001,
        0.56,
        0.96,
        -0.24,
        0.24
      ],
      [
        -0.4,
        -0.24,
        -0.24,
        0.96,
        -0.96
      ],
      [
        0.4,
        0.24,
        0.24,
        -0.96,
        0.96
      ]
    ],
    [
      [
        0.6399999999999999,
        0.31999999999999995,
        0.31999999999999995,
        0.32000000000000006,
        -0.32000000000000006
      ],
      [
        0.31999999999999995,
        0.3599999999999999,
        -0.040000000000000036,
        0.1600000000000001,
        -0.1600000000000001
      ],
      [
        0.31999999999999995,
        -0.040000000000000036,
        0.3599999999999999,
        0.1600000000000001,
        -0.1600000000000001
      ],
      [
        0.32000000000000006,
        0.1600000000000001,
        0.1600000000000001,
        0.96,
        -0.96
      ],
      [
        -0.32000000000000006,
        -0.1600000000000001,
        -0.1600000000000001,
        -0.96,
        0.96
      ]
    ],
    [
      [
        0.8400000000000001,
        0.36,
        0.36,
        -0.44000000000000006,
        0.44000000000000006
      ],
      [
        0.36,
        0.84,
        0.84,
        -0.36,
        0.36
      ],
      [
        0.36,
        0.84,
        0.84,
        -0.36,
        0.36
      ],
      [
        -0.44000000000000006,
        -0.36,
        -0.36,
        0.8400000000000001,
        -0.8400000000000001
      ],
      [
        0.44000000000000006,
        0.36,
        0.36,
        -0.8400000000000001,
        0.8400000000000001
      ]
    ],
    [
      [
        1.0,
        0.8,
        0.6000000000000001,
        -0.6,
        0.6
      ],
      [
        0.8,
        0.96,
        0.32000000000000006,
        -0.4799999999999999,
        0.4799999999999999
      ],
      [
        0.6000000000000001,
        0.32000000000000006,
        0.8400000000000001,
        -0.36,
        0.36
      ],
      [
        -0.6,
        -0.4799999999999999,
        -0.36,
        0.8400000000000001,
        -0.8400000000000001
      ],
      [
        0.6,
        0.4799999999999999,
        0.36,
        -0.8400000000000001,
        0.8400000000000001
      ]
    ],
    [
      [
        0.96,
        0.96,
        0.56,
        -0.48000000000000004,
        0.48000000000000004
      ],
      [
        0.96,
        0.96,
        0.56,
        -0.48000000000000004,
        0.48000000000000004
      ],
      [
        0.56,
        0.56,
        0.96,
        -0.07999999999999993,
        0.07999999999999993
      ],
      [
        -0.48000000000000004,
        -0.48000000000000004,
        -0.07999999999999993,
        0.8400000000000001,
        -0.8400000000000001
      ],
      [
        0.48000000000000004,
        0.48000000000000004,
        0.07999999999999993,
        -0.8400000000000001,
        0.8400000000000001
      ]
    ],
    [
      [
        0.8400000000000001,
        0.8400000000000001,
        0.6000000000000001,
        0.32000000000000006,
        -0.32000000000000006
      ],
      [
        0.8400000000000001,
        0.8400000000000001,
        0.6000000000000001,
        0.32000000000000006,
        -0.32000000000000006
      ],
      [
        0.6000000000000001,
        0.6000000000000001,
        1.0,
        0.4000000000000001,
        -0.4000000000000001
      ],
      [
        0.32000000000000006,
        0.32000000000000006,
        0.4000000000000001,
        0.96,
        -0.96
      ],
      [
        -0.32000000000000006,
        -0.32000000000000006,
        -0.4000000000000001,
        -0.96,
        0.96
      ]
    ],
    [
      [
        1.0,
        0.6000000000000001,
        0.4000000000000001,
        0.0,
        0.0
      ],
      [
        0.6000000000000001,
        1.0,
        0.8,
        0.0,
        0.0
      ],
      [
        0.4000000000000001,
        0.8,
        0.96,
        -0.07999999999999999,
        0.07999999999999999
      ],
      [
        0.0,
        0.0,
        -0.07999999999999999,
        0.6399999999999999,
        -0.6399999999999999
      ],
      [
        0.0,
        0.0,
        0.07999999999999999,
        -0.6399999999999999,
        0.6399999999999999
      ]
    ],
    [
      [
        0.96,
        0.8,
        0.8,
        -0.32,
        0.32
      ],
      [
        0.8,
        1.0,
        1.0,
        -0.4,
        0.4
      ],
      [
        0.8,
        1.0,
        1.0,
        -0.4,
        0.4
      ],
      [
        -0.32,
        -0.4,
        -0.4,
        0.6399999999999999,
        -0.6399999999999999
      ],
      [
        0.32,
        0.4,
        0.4,
        -0.6399999999999999,
        0.6399999999999999
      ]
    ]
  ]
}