{
  "settings_list": [
    [
      0.9422021527026938,
      4.641210340531441,
      1.2978973727234009,
      0.08319331687431888,
      5.192042782062173,
      1.4494000590761804,
      2.5932414779673167,
      0.031154625657313455,
      2.811859188102341,
      4.175408747009017,
      0.2309388668074351,
      5.663727930889993,
      6.17375909106798,
      1.0472360067039517,
      2.368186771562284
    ],
    [
      0.9966021527026938,
      4.750010340531441,
      1.3266973727234008,
      0.13759331687431886,
      5.140842782062173,
      1.2702000590761804,
      2.6508414779673166,
      0.11115462565731349,
      2.8054591881023407,
      4.341808747009018,
      0.1893388668074351,
      5.814127930889994,
      6.12895909106798,
      1.0184360067039517,
      2.451386771562284
    ],
    [
      1.0206021527026938,
      4.920570340531441,
      1.3993373727234009,
      0.1334333168743188,
      5.027882782062173,
      1.1758000590761803,
      2.613721477967317,
      0.049074625657313437,
      2.727379188102341,
      4.046128747009018,
      -0.04458113319256499,
      5.799727930889993,
      6.12255909106798,
      0.8289960067039517,
      2.734266771562284
    ],
    [
      1.1054021527026938,
      4.706170340531441,
      1.485737372723401,
      0.24863331687431883,
      5.077482782062173,
      1.0030000590761803,
      2.5657214779673168,
      -0.16692537434268653,
      2.512979188102341,
      3.8493287470090176,
      -0.33738113319256513,
      5.713327930889993,
      6.06495909106798,
      0.6385960067039516,
      2.633466771562284
    ],
    [
      1.2455621527026939,
      4.68377034053144,
      1.600617372723401,
      0.2716733168743189,
      5.047082782062173,
      1.1441200590761804,
      2.3596414779673167,
      -0.3166853743426865,
      2.423379188102341,
      3.7133287470090175,
      -0.43690113319256507,
      5.591727930889993,
      5.98527909106798,
      0.46451600670395143,
      2.553146771562284
    ],
    [
      1.2033221527026938,
      4.64025034053144,
      1.9462173727234011,
      -0.029126683125681285,
      5.015082782062173,
      0.8996400590761804,
      2.5430014779673167,
      -0.6174853743426867,
      2.487379188102341,
      3.309808747009017,
      -0.6122611331925651,
      5.642927930889993,
      5.474879091067979,
      0.5317160067039514,
      2.4017867715622843
    ],
    [
      1.2865221527026938,
      4.36057034053144,
      1.6748573727234009,
      -0.09056668312568128,
      4.738602782062173,
      0.9098800590761804,
      2.565401477967317,
      -0.9240453743426866,
      2.256979188102341,
      3.4947687470090174,
      -0.5297011331925651,
      5.635247930889993,
      5.376959091067979,
      0.4337960067039513,
      2.342906771562284
    ],
    [
      1.6385221527026939,
      4.3925703405314405,
      1.7708573727234007,
      -0.10976668312568125,
      4.693802782062172,
      0.42988005907618015,
      2.776601477967317,
      -1.3464453743426867,
      2.135379188102341,
      3.9043687470090176,
      -0.7089011331925652,
      5.660847930889993,
      5.568959091067979,
      0.5105960067039514,
      2.400506771562284
    ],
    [
      1.6020421527026938,
      4.446970340531441,
      1.7606173727234007,
      -0.1564866831256812,
      4.810922782062172,
      0.25772005907618,
      2.6870014779673173,
      -1.3758853743426867,
      2.3452991881023415,
      3.9792487470090174,
      -0.6679411331925652,
      5.685167930889993,
      5.606079091067979,
      0.7531560067039513,
      2.462586771562284
    ],
    [
      1.5249221527026937,
      4.048250340531441,
      1.5740573727234006,
      -0.2972866831256813,
      4.436202782062172,
      0.30412005907618006,
      3.0290814779673174,
      -1.4872453743426868,
      1.9961791881023414,
      3.859888747009017,
      -0.6657011331925653,
      5.686447930889993,
      6.06207909106798,
      0.5678760067039514,
      2.459066771562284
    ],
    [
      1.7316421527026937,
      4.526970340531441,
      1.4614173727234006,
      -0.01632668312568125,
      4.628202782062172,
      0.3214000590761801,
      3.0802814779673175,
      -1.5934853743426869,
      1.7036991881023413,
      3.543088747009017,
      -0.47306113319256526,
      5.651247930889993,
      6.044159091067979,
      0.6920360067039516,
      2.738106771562284
    ],
    [
      1.7658821527026938,
      4.670650340531441,
      1.4063773727234006,
      0.015353316874318727,
      4.584362782062172,
      0.16460005907618,
      3.1737214779673177,
      -1.564045374342687,
      1.7507391881023413,
      3.213168747009017,
      -0.6570611331925653,
      5.691247930889993,
      6.019839091067979,
      0.8049960067039517,
      2.488826771562284
    ],
    [
      1.6007621527026938,
      4.784570340531441,
      1.4498973727234006,
      0.433913316874319,
      4.485802782062172,
      -0.08755994092382,
      3.572441477967318,
      -1.0718853743426868,
      1.8953791881023414,
      2.8163687470090166,
      -0.9226611331925655,
      5.637487930889994,
      5.695359091067979,
      0.3429160067039513,
      2.751226771562284
    ],
    [
      1.397882152702694,
      4.926650340531441,
      1.5049373727234008,
      0.37247331687431906,
      4.515242782062172,
      0.006520059076180085,
      3.548761477967318,
      -1.338125374342687,
      1.8985791881023415,
      3.330928747009017,
      -0.8977011331925654,
      5.7021279308899935,
      5.699199091067979,
      0.33715600670395124,
      2.976506771562284
    ],
    [
      1.3722821527026938,
      4.72825034053144,
      1.5561373727234007,
      0.3980733168743191,
      4.534442782062172,
      -0.006279940923819893,
      3.436761477967318,
      -1.482125374342687,
      1.7673791881023415,
      3.0749287470090167,
      -0.9009011331925654,
      5.641327930889993,
      5.823999091067979,
      0.5739560067039512,
      2.906106771562284
    ],
    [
      1.3198021527026937,
      4.84985034053144,
      1.2726173727234007,
      0.2207933168743191,
      4.193322782062172,
      0.06860005907618036,
      3.287001477967318,
      -1.7458053743426871,
      1.9964991881023415,
      2.628848747009017,
      -0.6397811331925652,
      5.652207930889993,
      5.941759091067978,
      0.4664360067039512,
      2.733306771562284
    ],
    [
      1.5783621527026939,
      4.63833034053144,
      1.2748573727234007,
      0.33183331687431916,
      4.315562782062171,
      0.12364005907618036,
      3.098521477967318,
      -1.8082053743426871,
      2.1532991881023413,
      2.630768747009017,
      -0.6797811331925653,
      5.5555679308899935,
      5.966719091067978,
      0.4913960067039512,
      2.596026771562284
    ],
    [
      1.596602152702694,
      4.48793034053144,
      1.6306973727234009,
      0.09695331687431899,
      4.4595627820621715,
      -0.17843994092381982,
      3.333081477967318,
      -1.8030853743426871,
      2.145619188102341,
      2.730928747009017,
      -0.5428211331925652,
      5.5555679308899935,
      6.223359091067978,
      0.7777960067039515,
      2.772666771562284
    ],
    [
      1.315322152702694,
      4.75129034053144,
      1.3538973727234007,
      0.010233316874318873,
      4.632682782062171,
      -0.017799940923819785,
      3.3430014779673183,
      -1.804365374342687,
      1.9721791881023412,
      2.876208747009017,
      -0.8487411331925652,
      5.614767930889993,
      6.4063990910679784,
      0.7710760067039516,
      2.8120267715622838
    ],
    [
      1.221882152702694,
      4.66233034053144,
      1.4690973727234007,
      -0.1036866831256812,
      4.6096427820621715,
      0.07628005907618016,
      3.3942014779673184,
      -1.7442053743426869,
      1.818579188102341,
      2.936368747009017,
      -0.9281011331925652,
      5.447727930889993,
      6.416639091067978,
      1.0187560067039516,
      2.7736267715622835
    ],
    [
      0.9178821527026937,
      4.63993034053144,
      1.3506973727234006,
      0.14591331687431902,
      4.996842782062172,
      -0.34931994092382,
      3.7750014779673187,
      -2.118605374342687,
      2.0009791881023413,
      2.7059687470090172,
      -0.752101133192565,
      5.5245279308899935,
      6.307839091067978,
      1.0795560067039516,
      2.351226771562283
    ]
  ],
  "cost_vals": [],
  "step_size": 0.1,
  "opt_step_times": [
    0.23970484733581543,
    0.14823389053344727,
    0.15665793418884277,
    0.1573350429534912,
    0.1648392677307129,
    0.14690303802490234,
    0.15729379653930664,
    0.15627717971801758,
    0.14435219764709473,
    0.15778899192810059,
    0.14474987983703613,
    0.15652036666870117,
    0.14404702186584473,
    0.14833307266235352,
    0.1472620964050293,
    0.13671088218688965,
    0.21442317962646484,
    0.13698697090148926,
    0.1371746063232422,
    0.1456599235534668
  ],
  "opt_settings": [
    0.9178821527026937,
    4.63993034053144,
    1.3506973727234006,
    0.14591331687431902,
    4.996842782062172,
    -0.34931994092382,
    3.7750014779673187,
    -2.118605374342687,
    2.0009791881023413,
    2.7059687470090172,
    -0.752101133192565,
    5.5245279308899935,
    6.307839091067978,
    1.0795560067039516,
    2.351226771562283
  ],
  "min_cost": null,
  "datetime": "2023-05-30T16-37-24Z",
  "step_only": true,
  "ibm_device": "default.qubit",
  "shots": 10,
  "prep_node_name": "W_state_2-qubit_ghz_state",
  "num_qubits": 5,
  "error": false,
  "cov_mats": [
    [
      [
        1.0,
        0.2,
        0.39999999999999997,
        -0.39999999999999997,
        0.20000000000000007
      ],
      [
        0.2,
        0.84,
        -0.2400000000000001,
        -0.2400000000000001,
        -0.19999999999999998
      ],
      [
        0.39999999999999997,
        -0.2400000000000001,
        0.6399999999999999,
        -0.16000000000000003,
        0.39999999999999997
      ],
      [
        -0.39999999999999997,
        -0.2400000000000001,
        -0.16000000000000003,
        0.6399999999999999,
        0.0
      ],
      [
        0.20000000000000007,
        -0.19999999999999998,
        0.39999999999999997,
        0.0,
        1.0
      ]
    ],
    [
      [
        1.0,
        0.6000000000000001,
        0.20000000000000007,
        0.6000000000000001,
        0.0
      ],
      [
        0.6000000000000001,
        1.0,
        0.20000000000000007,
        0.2,
        -0.4000000000000001
      ],
      [
        0.20000000000000007,
        0.20000000000000007,
        1.0,
        -0.2,
        0.0
      ],
      [
        0.6000000000000001,
        0.2,
        -0.2,
        0.8400000000000001,
        0.32
      ],
      [
        0.0,
        -0.4000000000000001,
        0.0,
        0.32,
        0.96
      ]
    ],
    [
      [
        0.96,
        0.24000000000000007,
        0.6400000000000001,
        -0.16,
        0.6400000000000001
      ],
      [
        0.24000000000000007,
        0.96,
        -0.24000000000000007,
        -0.6400000000000001,
        0.56
      ],
      [
        0.6400000000000001,
        -0.24000000000000007,
        0.96,
        0.16,
        0.16
      ],
      [
        -0.16,
        -0.6400000000000001,
        0.16,
        0.96,
        -0.6400000000000001
      ],
      [
        0.6400000000000001,
        0.56,
        0.16,
        -0.6400000000000001,
        0.96
      ]
    ],
    [
      [
        0.96,
        0.6400000000000001,
        0.15999999999999998,
        -0.08000000000000004,
        0.08000000000000004
      ],
      [
        0.6400000000000001,
        0.96,
        0.23999999999999996,
        0.07999999999999993,
        -0.07999999999999993
      ],
      [
        0.15999999999999998,
        0.23999999999999996,
        0.3599999999999999,
        -0.08000000000000018,
        0.08000000000000018
      ],
      [
        -0.08000000000000004,
        0.07999999999999993,
        -0.08000000000000018,
        0.6399999999999999,
        -0.6399999999999999
      ],
      [
        0.08000000000000004,
        -0.07999999999999993,
        0.08000000000000018,
        -0.6399999999999999,
        0.6399999999999999
      ]
    ],
    [
      [
        0.84,
        0.44000000000000006,
        0.19999999999999998,
        -0.19999999999999998,
        0.19999999999999998
      ],
      [
        0.44000000000000006,
        0.84,
        0.6000000000000001,
        -0.19999999999999998,
        0.19999999999999998
      ],
      [
        0.19999999999999998,
        0.6000000000000001,
        1.0,
        -0.2,
        0.2
      ],
      [
        -0.19999999999999998,
        -0.19999999999999998,
        -0.2,
        1.0,
        -1.0
      ],
      [
        0.19999999999999998,
        0.19999999999999998,
        0.2,
        -1.0,
        1.0
      ]
    ],
    [
      [
        0.96,
        0.15999999999999998,
        0.4,
        -0.07999999999999993,
        -0.08000000000000004
      ],
      [
        0.15999999999999998,
        0.96,
        0.4,
        -0.07999999999999993,
        -0.08000000000000004
      ],
      [
        0.4,
        0.4,
        1.0,
        0.0,
        -0.2
      ],
      [
        -0.07999999999999993,
        -0.07999999999999993,
        0.0,
        0.6399999999999999,
        -0.56
      ],
      [
        -0.08000000000000004,
        -0.08000000000000004,
        -0.2,
        -0.56,
        0.8400000000000001
      ]
    ],
    [
      [
        0.6399999999999999,
        0.48,
        0.48,
        -0.32000000000000006,
        0.0
      ],
      [
        0.48,
        0.96,
        0.96,
        -0.24000000000000005,
        0.0
      ],
      [
        0.48,
        0.96,
        0.96,
        -0.24000000000000005,
        0.0
      ],
      [
        -0.32000000000000006,
        -0.24000000000000005,
        -0.24000000000000005,
        0.96,
        -0.8
      ],
      [
        0.0,
        0.0,
        0.0,
        -0.8,
        1.0
      ]
    ],
    [
      [
        0.8400000000000001,
        0.44000000000000006,
        0.32000000000000006,
        0.07999999999999993,
        -0.07999999999999993
      ],
      [
        0.44000000000000006,
        0.8400000000000001,
        0.7200000000000001,
        0.07999999999999993,
        -0.07999999999999993
      ],
      [
        0.32000000000000006,
        0.7200000000000001,
        0.96,
        0.23999999999999996,
        -0.23999999999999996
      ],
      [
        0.07999999999999993,
        0.07999999999999993,
        0.23999999999999996,
        0.96,
        -0.96
      ],
      [
        -0.07999999999999993,
        -0.07999999999999993,
        -0.23999999999999996,
        -0.96,
        0.96
      ]
    ],
    [
      [
        1.0,
        0.4000000000000001,
        0.8,
        0.2,
        -0.2
      ],
      [
        0.4000000000000001,
        0.96,
        0.56,
        0.08000000000000004,
        -0.08000000000000004
      ],
      [
        0.8,
        0.56,
        0.96,
        0.08000000000000004,
        -0.08000000000000004
      ],
      [
        0.2,
        0.08000000000000004,
        0.08000000000000004,
        0.8400000000000001,
        -0.8400000000000001
      ],
      [
        -0.2,
        -0.08000000000000004,
        -0.08000000000000004,
        -0.8400000000000001,
        0.8400000000000001
      ]
    ],
    [
      [
        0.36,
        0.32,
        0.2800000000000001,
        -0.19999999999999998,
        0.19999999999999998
      ],
      [
        0.32,
        0.6399999999999999,
        0.15999999999999998,
        -0.4,
        0.4
      ],
      [
        0.2800000000000001,
        0.15999999999999998,
        0.8400000000000001,
        0.20000000000000004,
        -0.20000000000000004
      ],
      [
        -0.19999999999999998,
        -0.4,
        0.20000000000000004,
        1.0,
        -1.0
      ],
      [
        0.19999999999999998,
        0.4,
        -0.20000000000000004,
        -1.0,
        1.0
      ]
    ],
    [
      [
        0.96,
        0.7200000000000001,
        0.96,
        0.24000000000000005,
        -0.24000000000000005
      ],
      [
        0.7200000000000001,
        0.8400000000000001,
        0.7200000000000001,
        0.07999999999999999,
        -0.07999999999999999
      ],
      [
        0.96,
        0.7200000000000001,
        0.96,
        0.24000000000000005,
        -0.24000000000000005
      ],
      [
        0.24000000000000005,
        0.07999999999999999,
        0.24000000000000005,
        0.96,
        -0.96
      ],
      [
        -0.24000000000000005,
        -0.07999999999999999,
        -0.24000000000000005,
        -0.96,
        0.96
      ]
    ],
    [
      [
        0.96,
        0.7200000000000001,
        0.96,
        -0.24000000000000005,
        0.24000000000000005
      ],
      [
        0.7200000000000001,
        0.8400000000000001,
        0.7200000000000001,
        -0.07999999999999999,
        0.07999999999999999
      ],
      [
        0.96,
        0.7200000000000001,
        0.96,
        -0.24000000000000005,
        0.24000000000000005
      ],
      [
        -0.24000000000000005,
        -0.07999999999999999,
        -0.24000000000000005,
        0.96,
        -0.96
      ],
      [
        0.24000000000000005,
        0.07999999999999999,
        0.24000000000000005,
        -0.96,
        0.96
      ]
    ],
    [
      [
        0.6399999999999999,
        0.31999999999999995,
        0.31999999999999995,
        -0.24000000000000005,
        0.16000000000000014
      ],
      [
        0.31999999999999995,
        0.3599999999999999,
        0.3599999999999999,
        -0.12000000000000002,
        0.08000000000000018
      ],
      [
        0.31999999999999995,
        0.3599999999999999,
        0.3599999999999999,
        -0.12000000000000002,
        0.08000000000000018
      ],
      [
        -0.24000000000000005,
        -0.12000000000000002,
        -0.12000000000000002,
        0.8400000000000001,
        -0.5599999999999999
      ],
      [
        0.16000000000000014,
        0.08000000000000018,
        0.08000000000000018,
        -0.5599999999999999,
        0.6399999999999999
      ]
    ],
    [
      [
        0.96,
        0.24000000000000007,
        0.7200000000000001,
        0.15999999999999998,
        0.0
      ],
      [
        0.24000000000000007,
        0.96,
        0.48000000000000004,
        -0.15999999999999998,
        0.0
      ],
      [
        0.7200000000000001,
        0.48000000000000004,
        0.84,
        -0.08000000000000006,
        0.19999999999999998
      ],
      [
        0.15999999999999998,
        -0.15999999999999998,
        -0.08000000000000006,
        0.96,
        -0.8
      ],
      [
        0.0,
        0.0,
        0.19999999999999998,
        -0.8,
        1.0
      ]
    ],
    [
      [
        0.8400000000000001,
        0.2800000000000001,
        0.7200000000000001,
        -0.4800000000000001,
        0.4800000000000001
      ],
      [
        0.2800000000000001,
        0.36,
        0.23999999999999996,
        -0.16000000000000006,
        0.16000000000000006
      ],
      [
        0.7200000000000001,
        0.23999999999999996,
        0.96,
        -0.24000000000000005,
        0.24000000000000005
      ],
      [
        -0.4800000000000001,
        -0.16000000000000006,
        -0.24000000000000005,
        0.96,
        -0.96
      ],
      [
        0.4800000000000001,
        0.16000000000000006,
        0.24000000000000005,
        -0.96,
        0.96
      ]
    ],
    [
      [
        0.8400000000000001,
        0.44000000000000006,
        0.6000000000000001,
        -0.6000000000000001,
        0.48
      ],
      [
        0.44000000000000006,
        0.8400000000000001,
        0.6000000000000001,
        -0.6000000000000001,
        0.48
      ],
      [
        0.6000000000000001,
        0.6000000000000001,
        1.0,
        -0.6000000000000001,
        0.4
      ],
      [
        -0.6000000000000001,
        -0.6000000000000001,
        -0.6000000000000001,
        1.0,
        -0.8
      ],
      [
        0.48,
        0.48,
        0.4,
        -0.8,
        0.96
      ]
    ],
    [
      [
        0.96,
        0.8,
        0.4799999999999999,
        0.32000000000000006,
        -0.32000000000000006
      ],
      [
        0.8,
        1.0,
        0.39999999999999997,
        0.4,
        -0.4
      ],
      [
        0.4799999999999999,
        0.39999999999999997,
        0.6399999999999999,
        0.16000000000000003,
        -0.16000000000000003
      ],
      [
        0.32000000000000006,
        0.4,
        0.16000000000000003,
        0.6399999999999999,
        -0.6399999999999999
      ],
      [
        -0.32000000000000006,
        -0.4,
        -0.16000000000000003,
        -0.6399999999999999,
        0.6399999999999999
      ]
    ],
    [
      [
        0.6399999999999999,
        0.24,
        0.3199999999999999,
        0.32,
        -0.4
      ],
      [
        0.24,
        0.6400000000000001,
        0.32000000000000006,
        -0.08000000000000007,
        0.0
      ],
      [
        0.3199999999999999,
        0.32000000000000006,
        0.36,
        0.15999999999999998,
        -0.19999999999999998
      ],
      [
        0.32,
        -0.08000000000000007,
        0.15999999999999998,
        0.96,
        -0.8
      ],
      [
        -0.4,
        0.0,
        -0.19999999999999998,
        -0.8,
        1.0
      ]
    ],
    [
      [
        0.96,
        0.72,
        0.32000000000000006,
        0.4,
        -0.4
      ],
      [
        0.72,
        0.84,
        0.24000000000000007,
        0.6,
        -0.6
      ],
      [
        0.32000000000000006,
        0.24000000000000007,
        0.6399999999999999,
        0.0,
        0.0
      ],
      [
        0.4,
        0.6,
        0.0,
        1.0,
        -1.0
      ],
      [
        -0.4,
        -0.6,
        0.0,
        -1.0,
        1.0
      ]
    ],
    [
      [
        0.84,
        0.44,
        0.7200000000000001,
        -0.08000000000000006,
        0.08000000000000006
      ],
      [
        0.44,
        0.8400000000000001,
        0.32000000000000006,
        -0.08000000000000004,
        0.08000000000000004
      ],
      [
        0.7200000000000001,
        0.32000000000000006,
        0.96,
        -0.2400000000000001,
        0.2400000000000001
      ],
      [
        -0.08000000000000006,
        -0.08000000000000004,
        -0.2400000000000001,
        0.96,
        -0.96
      ],
      [
        0.08000000000000006,
        0.08000000000000004,
        0.2400000000000001,
        -0.96,
        0.96
      ]
    ],
    [
      [
        0.96,
        0.56,
        0.8,
        5.551115123125783e-17,
        0.16
      ],
      [
        0.56,
        0.96,
        0.8,
        5.551115123125783e-17,
        0.16
      ],
      [
        0.8,
        0.8,
        1.0,
        -0.2,
        0.4000000000000001
      ],
      [
        5.551115123125783e-17,
        5.551115123125783e-17,
        -0.2,
        1.0,
        -0.8
      ],
      [
        0.16,
        0.16,
        0.4000000000000001,
        -0.8,
        0.96
      ]
    ]
  ]
}