{
  "settings_list": [
    [
      3.4795456790651884,
      3.5471954308689067,
      5.703138719474755,
      1.400112955458864,
      5.825531519610079,
      5.974609973531553,
      2.7448626177224273,
      0.1797611243987984,
      1.3951965453491255,
      5.005824046471598,
      4.323289492012873,
      6.033077227811981,
      4.5366812434945745,
      6.277082589721726,
      4.106025608313715
    ],
    [
      3.4174656790651885,
      3.7065554308689066,
      5.708898719474756,
      1.476272955458864,
      5.737211519610079,
      5.850449973531553,
      2.527902617722427,
      -0.007758875601201504,
      1.4828765453491255,
      4.991104046471598,
      4.392409492012873,
      6.264757227811981,
      4.367721243494574,
      6.318042589721726,
      3.9735456083137146
    ],
    [
      3.5461056790651884,
      3.5708754308689064,
      5.852898719474756,
      1.3719529554588639,
      5.676411519610078,
      5.863249973531554,
      2.617502617722427,
      -0.05767887560120158,
      1.4284765453491255,
      5.037824046471598,
      4.345049492012873,
      6.256437227811981,
      4.257641243494574,
      6.217562589721726,
      3.8980256083137146
    ],
    [
      3.6299456790651883,
      3.6697554308689067,
      5.700898719474756,
      1.436912955458864,
      5.566971519610078,
      5.7813299735315535,
      2.745822617722427,
      -0.1213588756012016,
      1.2547165453491254,
      5.111104046471598,
      4.220889492012873,
      6.076277227811981,
      4.3085212434945745,
      6.229722589721725,
      3.9553056083137146
    ],
    [
      3.578745679065188,
      3.6025554308689065,
      5.505698719474756,
      1.257712955458864,
      5.502971519610078,
      5.9349299735315535,
      2.765022617722427,
      -0.3069588756012016,
      1.0371165453491251,
      4.871104046471598,
      4.1504894920128725,
      5.945077227811981,
      4.4461212434945745,
      6.2457225897217254,
      3.8913056083137145
    ],
    [
      3.533945679065188,
      3.6249554308689067,
      5.469858719474756,
      1.3421929554588639,
      5.270651519610078,
      5.952209973531554,
      2.777822617722427,
      -0.13671887560120152,
      1.164476545349125,
      4.962624046471598,
      3.7946494920128724,
      5.891317227811982,
      4.410921243494575,
      5.973722589721725,
      3.9348256083137145
    ],
    [
      3.6408256790651885,
      4.177275430868907,
      5.496738719474756,
      1.422832955458864,
      4.934651519610077,
      5.730129973531554,
      2.685022617722427,
      -0.13927887560120158,
      0.978236545349125,
      4.822464046471598,
      3.6282494920128725,
      6.022517227811981,
      4.374441243494575,
      5.971162589721725,
      4.096745608313714
    ],
    [
      3.6312256790651882,
      4.241275430868907,
      5.4039387194747555,
      1.310832955458864,
      5.062651519610077,
      5.874129973531554,
      2.643422617722427,
      -0.2928788756012016,
      1.186236545349125,
      4.518464046471598,
      3.6154494920128726,
      6.121717227811981,
      4.467241243494575,
      5.935962589721726,
      3.9623456083137145
    ],
    [
      3.7029056790651884,
      4.0563154308689064,
      5.263138719474755,
      1.3575529554588641,
      4.905851519610078,
      5.861329973531554,
      2.448862617722427,
      -0.8407188756012017,
      1.364796545349125,
      4.551744046471598,
      3.5604094920128726,
      6.066677227811981,
      4.304681243494575,
      5.981402589721726,
      3.8740256083137146
    ],
    [
      3.771065679065188,
      4.1478354308689065,
      5.129698719474755,
      1.229552955458864,
      4.743611519610078,
      5.640209973531554,
      2.5397426177224274,
      -0.9159188756012017,
      1.4383965453491252,
      4.787904046471598,
      3.4484094920128725,
      6.5146772278119816,
      4.529321243494575,
      5.875802589721726,
      3.9399456083137148
    ],
    [
      3.8037056790651884,
      4.561915430868907,
      5.300578719474755,
      0.9370729554588639,
      4.579771519610078,
      5.996689973531554,
      2.7477426177224276,
      -0.8448788756012017,
      1.4985565453491252,
      5.063104046471598,
      3.4746494920128725,
      6.348917227811982,
      4.4390812434945754,
      6.110042589721726,
      4.017385608313715
    ],
    [
      3.656505679065188,
      4.449915430868907,
      5.102178719474755,
      0.786672955458864,
      4.7589715196100775,
      6.105489973531554,
      2.7925426177224275,
      -1.0720788756012016,
      1.508156545349125,
      4.864704046471598,
      3.4618494920128726,
      6.137717227811982,
      4.496681243494575,
      6.110042589721726,
      4.097385608313715
    ],
    [
      3.6603456790651885,
      4.100475430868906,
      4.943458719474755,
      0.8353129554588641,
      4.974011519610078,
      5.977489973531554,
      2.6722226177224275,
      -1.2307988756012016,
      1.3827165453491252,
      4.961984046471598,
      3.3325694920128726,
      6.121077227811982,
      4.838441243494575,
      6.085722589721725,
      4.037225608313715
    ],
    [
      3.5630656790651885,
      4.164155430868906,
      4.978978719474755,
      0.5329129554588641,
      5.118331519610078,
      5.837969973531554,
      2.3727026177224273,
      -1.1027988756012015,
      1.6163165453491253,
      4.787904046471598,
      3.0234494920128725,
      6.298997227811983,
      4.978921243494575,
      6.0921225897217255,
      3.9165856083137154
    ],
    [
      3.7611456790651885,
      4.142075430868906,
      4.703778719474755,
      0.6717929554588642,
      4.728571519610078,
      5.431569973531554,
      2.7087026177224276,
      -0.6352788756012014,
      1.8396765453491253,
      4.742464046471598,
      2.9799294920128725,
      6.366197227811982,
      4.575401243494575,
      6.251482589721726,
      3.9799456083137152
    ],
    [
      3.7573056790651886,
      3.830395430868906,
      4.836258719474755,
      0.6397929554588642,
      4.905211519610078,
      5.537169973531554,
      2.1295026177224274,
      -0.8426388756012014,
      1.7865565453491252,
      4.769344046471598,
      3.2858494920128725,
      6.359157227811982,
      4.588841243494575,
      6.268122589721726,
      4.314665608313716
    ],
    [
      3.4376256790651882,
      4.208955430868906,
      4.629858719474756,
      0.38507295545886416,
      4.680571519610078,
      5.4136499735315535,
      2.3823026177224276,
      -0.35687887560120146,
      1.827836545349125,
      4.728704046471599,
      3.113689492012872,
      6.410997227811983,
      4.453161243494575,
      5.711962589721725,
      4.381545608313716
    ],
    [
      3.6021056790651884,
      4.237755430868907,
      4.5780187194747555,
      0.5725929554588642,
      4.553211519610078,
      5.343889973531553,
      2.446942617722428,
      -0.21415887560120164,
      1.931516545349125,
      4.728064046471599,
      3.2807294920128722,
      6.374517227811983,
      4.782121243494576,
      5.891802589721726,
      4.376425608313716
    ],
    [
      3.6712256790651883,
      4.164155430868907,
      4.641378719474756,
      0.5892329554588641,
      4.806011519610078,
      5.4366899735315535,
      2.752222617722428,
      -0.5027988756012017,
      1.851516545349125,
      4.495744046471598,
      3.2685694920128725,
      6.514037227811983,
      4.449321243494575,
      5.804122589721726,
      4.387945608313716
    ],
    [
      3.3272256790651884,
      4.1398354308689065,
      4.985058719474756,
      1.0410729554588642,
      4.798011519610078,
      5.366289973531553,
      2.632542617722428,
      -0.8365588756012019,
      1.5030365453491248,
      4.227264046471598,
      3.0602494920128724,
      5.929717227811983,
      4.650601243494576,
      5.910362589721726,
      4.066025608313716
    ],
    [
      3.4046656790651886,
      4.221115430868906,
      4.995938719474756,
      1.0340329554588643,
      4.819771519610078,
      5.269649973531553,
      2.7106226177224277,
      -1.0554388756012019,
      1.6425565453491249,
      4.3130240464715985,
      2.9872894920128723,
      5.955957227811982,
      4.802921243494576,
      5.817562589721726,
      4.126185608313715
    ]
  ],
  "cost_vals": [],
  "step_size": 0.1,
  "opt_step_times": [
    0.22911405563354492,
    0.13558197021484375,
    0.14223504066467285,
    0.14623594284057617,
    0.18205499649047852,
    0.17151999473571777,
    0.14527177810668945,
    0.1463630199432373,
    0.16249680519104004,
    0.1515047550201416,
    0.1735069751739502,
    0.18987226486206055,
    0.17896699905395508,
    0.18343901634216309,
    0.2452399730682373,
    0.1724386215209961,
    0.14925527572631836,
    0.16016411781311035,
    0.22404003143310547,
    0.15345096588134766
  ],
  "opt_settings": [
    3.4046656790651886,
    4.221115430868906,
    4.995938719474756,
    1.0340329554588643,
    4.819771519610078,
    5.269649973531553,
    2.7106226177224277,
    -1.0554388756012019,
    1.6425565453491249,
    4.3130240464715985,
    2.9872894920128723,
    5.955957227811982,
    4.802921243494576,
    5.817562589721726,
    4.126185608313715
  ],
  "min_cost": null,
  "datetime": "2023-04-19T20-40-44Z",
  "step_only": true,
  "ibm_device": "default.qubit",
  "shots": 10,
  "prep_node_name": "W_state_2-qubit_ghz_state",
  "num_qubits": 5,
  "cov_mats": [
    [
      [
        0.6399999999999999,
        0.24000000000000005,
        0.32000000000000006,
        -0.48000000000000004,
        0.32000000000000006
      ],
      [
        0.24000000000000005,
        0.8400000000000001,
        0.7200000000000002,
        -0.08000000000000004,
        0.32
      ],
      [
        0.32000000000000006,
        0.7200000000000002,
        0.96,
        -0.24000000000000007,
        0.15999999999999998
      ],
      [
        -0.48000000000000004,
        -0.08000000000000004,
        -0.24000000000000007,
        0.96,
        0.15999999999999998
      ],
      [
        0.32000000000000006,
        0.32,
        0.15999999999999998,
        0.15999999999999998,
        0.96
      ]
    ],
    [
      [
        0.96,
        0.6400000000000001,
        0.6400000000000001,
        0.24000000000000007,
        0.0
      ],
      [
        0.6400000000000001,
        0.96,
        0.96,
        0.15999999999999998,
        0.0
      ],
      [
        0.6400000000000001,
        0.96,
        0.96,
        0.15999999999999998,
        0.0
      ],
      [
        0.24000000000000007,
        0.15999999999999998,
        0.15999999999999998,
        0.96,
        0.4
      ],
      [
        0.0,
        0.0,
        0.0,
        0.4,
        1.0
      ]
    ],
    [
      [
        0.6399999999999999,
        0.56,
        0.39999999999999997,
        0.07999999999999996,
        0.32
      ],
      [
        0.56,
        0.84,
        0.19999999999999998,
        -0.08000000000000002,
        0.48
      ],
      [
        0.39999999999999997,
        0.19999999999999998,
        1.0,
        0.4000000000000001,
        0.4
      ],
      [
        0.07999999999999996,
        -0.08000000000000002,
        0.4000000000000001,
        0.96,
        0.23999999999999996
      ],
      [
        0.32,
        0.48,
        0.4,
        0.23999999999999996,
        0.96
      ]
    ],
    [
      [
        0.96,
        0.08000000000000002,
        0.24000000000000002,
        0.07999999999999999,
        0.07999999999999999
      ],
      [
        0.08000000000000002,
        0.84,
        0.12,
        0.2400000000000001,
        -0.1600000000000001
      ],
      [
        0.24000000000000002,
        0.12,
        0.36,
        0.3199999999999999,
        -0.08000000000000024
      ],
      [
        0.07999999999999999,
        0.2400000000000001,
        0.3199999999999999,
        0.6399999999999999,
        0.23999999999999988
      ],
      [
        0.07999999999999999,
        -0.1600000000000001,
        -0.08000000000000024,
        0.23999999999999988,
        0.6399999999999999
      ]
    ],
    [
      [
        0.6399999999999999,
        0.08000000000000002,
        0.32,
        -0.24,
        -0.24
      ],
      [
        0.08000000000000002,
        0.96,
        -0.56,
        0.31999999999999995,
        0.31999999999999995
      ],
      [
        0.32,
        -0.56,
        0.96,
        -0.31999999999999995,
        -0.31999999999999995
      ],
      [
        -0.24,
        0.31999999999999995,
        -0.31999999999999995,
        0.6400000000000001,
        0.6400000000000001
      ],
      [
        -0.24,
        0.31999999999999995,
        -0.31999999999999995,
        0.6400000000000001,
        0.6400000000000001
      ]
    ],
    [
      [
        0.8400000000000001,
        0.56,
        0.56,
        -0.32000000000000006,
        -0.32000000000000006
      ],
      [
        0.56,
        0.6400000000000001,
        0.24000000000000016,
        -0.48000000000000004,
        -0.48000000000000004
      ],
      [
        0.56,
        0.24000000000000016,
        0.6400000000000001,
        -0.08000000000000002,
        -0.08000000000000002
      ],
      [
        -0.32000000000000006,
        -0.48000000000000004,
        -0.08000000000000002,
        0.96,
        0.96
      ],
      [
        -0.32000000000000006,
        -0.48000000000000004,
        -0.08000000000000002,
        0.96,
        0.96
      ]
    ],
    [
      [
        0.96,
        0.8,
        0.32000000000000006,
        0.07999999999999999,
        -0.16
      ],
      [
        0.8,
        1.0,
        0.2,
        -0.2,
        -0.4000000000000001
      ],
      [
        0.32000000000000006,
        0.2,
        0.84,
        -0.04000000000000001,
        0.08000000000000006
      ],
      [
        0.07999999999999999,
        -0.2,
        -0.04000000000000001,
        0.8400000000000001,
        0.7200000000000002
      ],
      [
        -0.16,
        -0.4000000000000001,
        0.08000000000000006,
        0.7200000000000002,
        0.96
      ]
    ],
    [
      [
        0.3599999999999999,
        0.23999999999999996,
        0.19999999999999998,
        -0.19999999999999998,
        -0.23999999999999994
      ],
      [
        0.23999999999999996,
        0.96,
        0.4,
        0.0,
        -0.16
      ],
      [
        0.19999999999999998,
        0.4,
        1.0,
        -0.20000000000000007,
        0.0
      ],
      [
        -0.19999999999999998,
        0.0,
        -0.20000000000000007,
        1.0,
        0.8
      ],
      [
        -0.23999999999999994,
        -0.16,
        0.0,
        0.8,
        0.96
      ]
    ],
    [
      [
        0.84,
        0.44000000000000006,
        0.7200000000000001,
        -0.36000000000000004,
        -0.36000000000000004
      ],
      [
        0.44000000000000006,
        0.84,
        0.7200000000000001,
        0.04000000000000001,
        0.04000000000000001
      ],
      [
        0.7200000000000001,
        0.7200000000000001,
        0.96,
        -0.08000000000000004,
        -0.08000000000000004
      ],
      [
        -0.36000000000000004,
        0.04000000000000001,
        -0.08000000000000004,
        0.8400000000000001,
        0.8400000000000001
      ],
      [
        -0.36000000000000004,
        0.04000000000000001,
        -0.08000000000000004,
        0.8400000000000001,
        0.8400000000000001
      ]
    ],
    [
      [
        1.0,
        1.0,
        0.39999999999999997,
        -0.6000000000000001,
        -0.6000000000000001
      ],
      [
        1.0,
        1.0,
        0.39999999999999997,
        -0.6000000000000001,
        -0.6000000000000001
      ],
      [
        0.39999999999999997,
        0.39999999999999997,
        0.6399999999999999,
        -0.56,
        -0.56
      ],
      [
        -0.6000000000000001,
        -0.6000000000000001,
        -0.56,
        0.8400000000000001,
        0.8400000000000001
      ],
      [
        -0.6000000000000001,
        -0.6000000000000001,
        -0.56,
        0.8400000000000001,
        0.8400000000000001
      ]
    ],
    [
      [
        0.8400000000000001,
        -0.24000000000000005,
        0.04000000000000006,
        0.07999999999999999,
        0.07999999999999999
      ],
      [
        -0.24000000000000005,
        0.6399999999999999,
        -0.24000000000000005,
        -0.07999999999999996,
        -0.07999999999999996
      ],
      [
        0.04000000000000006,
        -0.24000000000000005,
        0.8400000000000001,
        0.48,
        0.48
      ],
      [
        0.07999999999999999,
        -0.07999999999999996,
        0.48,
        0.96,
        0.96
      ],
      [
        0.07999999999999999,
        -0.07999999999999996,
        0.48,
        0.96,
        0.96
      ]
    ],
    [
      [
        0.96,
        0.32000000000000006,
        0.32000000000000006,
        -0.4,
        -0.4
      ],
      [
        0.32000000000000006,
        0.8400000000000001,
        0.4400000000000001,
        0.19999999999999998,
        0.19999999999999998
      ],
      [
        0.32000000000000006,
        0.4400000000000001,
        0.84,
        0.19999999999999998,
        0.19999999999999998
      ],
      [
        -0.4,
        0.19999999999999998,
        0.19999999999999998,
        1.0,
        1.0
      ],
      [
        -0.4,
        0.19999999999999998,
        0.19999999999999998,
        1.0,
        1.0
      ]
    ],
    [
      [
        0.6399999999999999,
        0.4,
        0.31999999999999995,
        0.0,
        0.0
      ],
      [
        0.4,
        1.0,
        0.19999999999999996,
        -0.6000000000000001,
        -0.6000000000000001
      ],
      [
        0.31999999999999995,
        0.19999999999999996,
        0.3599999999999999,
        0.19999999999999998,
        0.19999999999999998
      ],
      [
        0.0,
        -0.6000000000000001,
        0.19999999999999998,
        1.0,
        1.0
      ],
      [
        0.0,
        -0.6000000000000001,
        0.19999999999999998,
        1.0,
        1.0
      ]
    ],
    [
      [
        0.96,
        0.7200000000000001,
        0.7200000000000001,
        0.24000000000000005,
        0.24000000000000005
      ],
      [
        0.7200000000000001,
        0.8400000000000001,
        0.44000000000000006,
        0.07999999999999999,
        0.07999999999999999
      ],
      [
        0.7200000000000001,
        0.44000000000000006,
        0.8400000000000001,
        0.07999999999999999,
        0.07999999999999999
      ],
      [
        0.24000000000000005,
        0.07999999999999999,
        0.07999999999999999,
        0.96,
        0.96
      ],
      [
        0.24000000000000005,
        0.07999999999999999,
        0.07999999999999999,
        0.96,
        0.96
      ]
    ],
    [
      [
        0.6399999999999999,
        0.07999999999999996,
        0.07999999999999996,
        0.0,
        0.0
      ],
      [
        0.07999999999999996,
        0.96,
        0.16000000000000003,
        0.0,
        0.0
      ],
      [
        0.07999999999999996,
        0.16000000000000003,
        0.96,
        0.4,
        0.4
      ],
      [
        0.0,
        0.0,
        0.4,
        1.0,
        1.0
      ],
      [
        0.0,
        0.0,
        0.4,
        1.0,
        1.0
      ]
    ],
    [
      [
        0.96,
        0.32,
        0.24000000000000007,
        -0.4,
        -0.24000000000000005
      ],
      [
        0.32,
        0.8400000000000001,
        0.48000000000000004,
        0.19999999999999998,
        -0.07999999999999999
      ],
      [
        0.24000000000000007,
        0.48000000000000004,
        0.96,
        0.4,
        0.24000000000000005
      ],
      [
        -0.4,
        0.19999999999999998,
        0.4,
        1.0,
        0.8
      ],
      [
        -0.24000000000000005,
        -0.07999999999999999,
        0.24000000000000005,
        0.8,
        0.96
      ]
    ],
    [
      [
        0.6399999999999999,
        0.56,
        0.32000000000000006,
        0.39999999999999997,
        0.39999999999999997
      ],
      [
        0.56,
        0.84,
        0.08000000000000006,
        0.19999999999999998,
        0.19999999999999998
      ],
      [
        0.32000000000000006,
        0.08000000000000006,
        0.96,
        0.4,
        0.4
      ],
      [
        0.39999999999999997,
        0.19999999999999998,
        0.4,
        1.0,
        1.0
      ],
      [
        0.39999999999999997,
        0.19999999999999998,
        0.4,
        1.0,
        1.0
      ]
    ],
    [
      [
        0.8400000000000001,
        0.6000000000000001,
        0.6000000000000001,
        -0.19999999999999998,
        -0.19999999999999998
      ],
      [
        0.6000000000000001,
        1.0,
        0.20000000000000007,
        0.20000000000000007,
        0.20000000000000007
      ],
      [
        0.6000000000000001,
        0.20000000000000007,
        1.0,
        -0.6000000000000001,
        -0.6000000000000001
      ],
      [
        -0.19999999999999998,
        0.20000000000000007,
        -0.6000000000000001,
        1.0,
        1.0
      ],
      [
        -0.19999999999999998,
        0.20000000000000007,
        -0.6000000000000001,
        1.0,
        1.0
      ]
    ],
    [
      [
        0.96,
        0.24000000000000007,
        0.6400000000000001,
        0.0,
        -0.16
      ],
      [
        0.24000000000000007,
        0.96,
        0.56,
        -0.4,
        -0.6400000000000001
      ],
      [
        0.6400000000000001,
        0.56,
        0.96,
        0.0,
        -0.24000000000000005
      ],
      [
        0.0,
        -0.4,
        0.0,
        1.0,
        0.8
      ],
      [
        -0.16,
        -0.6400000000000001,
        -0.24000000000000005,
        0.8,
        0.96
      ]
    ],
    [
      [
        0.96,
        0.8,
        0.8,
        0.4,
        0.16000000000000003
      ],
      [
        0.8,
        1.0,
        0.6000000000000001,
        0.20000000000000007,
        0.0
      ],
      [
        0.8,
        0.6000000000000001,
        1.0,
        0.6000000000000001,
        0.0
      ],
      [
        0.4,
        0.20000000000000007,
        0.6000000000000001,
        1.0,
        0.4000000000000001
      ],
      [
        0.16000000000000003,
        0.0,
        0.0,
        0.4000000000000001,
        0.96
      ]
    ]
  ]
}