{
  "settings_list": [
    [
      4.787984823892658,
      2.8655161209872606,
      3.6176224036640647,
      0.12432636269516556,
      4.407623559120363,
      5.173231486642713,
      4.3322106012554595,
      3.290699077779077,
      1.4157318466323174,
      2.753141028350525,
      0.392145521041932,
      0.8077905907752486,
      5.279197123013576,
      1.5478363496919336,
      6.132482597806112
    ],
    [
      5.062544823892658,
      3.1016761209872605,
      3.641302403664065,
      -0.1796736373048345,
      4.2425035591203635,
      4.944111486642713,
      4.61509060125546,
      3.251659077779077,
      1.5565318466323175,
      3.110901028350525,
      0.555345521041932,
      0.9761105907752488,
      5.093597123013576,
      1.6303963496919336,
      5.977602597806111
    ],
    [
      4.8222248238926575,
      3.0565561209872607,
      3.649942403664065,
      -0.04047363730483447,
      3.9906635591203634,
      4.860271486642713,
      4.44997060125546,
      3.075659077779077,
      1.6435718466323175,
      3.122421028350525,
      0.7588655210419321,
      0.9210705907752487,
      5.120477123013576,
      1.4076763496919336,
      6.095362597806111
    ],
    [
      4.8062248238926575,
      3.1368761209872607,
      3.505622403664065,
      -0.17711363730483456,
      4.018183559120363,
      5.030191486642713,
      4.24197060125546,
      2.9559790777790766,
      1.5670918466323176,
      3.150261028350525,
      0.639505521041932,
      0.9367505907752487,
      5.114717123013577,
      1.4867163496919336,
      6.234562597806111
    ],
    [
      4.8427048238926576,
      3.325036120987261,
      3.388502403664065,
      -0.26479363730483463,
      3.5868235591203628,
      5.181231486642713,
      4.3046906012554595,
      3.2580590777790768,
      1.7053318466323177,
      3.2091410283505253,
      0.9652655210419321,
      1.002670590775249,
      5.012317123013577,
      1.3190363496919335,
      6.184002597806111
    ],
    [
      4.6801448238926575,
      3.259116120987261,
      3.314582403664065,
      -0.3991936373048347,
      3.6892235591203626,
      5.215471486642713,
      4.33061060125546,
      3.179979077779077,
      1.4784518466323178,
      3.2213010283505255,
      1.1713455210419321,
      1.065070590775249,
      4.836637123013577,
      1.5212763496919335,
      6.081922597806111
    ],
    [
      4.459984823892658,
      3.1851961209872606,
      3.332182403664065,
      -0.4343936373048346,
      3.6527435591203625,
      5.153711486642712,
      4.51877060125546,
      3.142219077779077,
      1.4611718466323178,
      3.0635410283505253,
      1.3495855210419323,
      1.101870590775249,
      4.907677123013577,
      1.4374363496919336,
      6.078402597806111
    ],
    [
      4.436944823892658,
      3.2920761209872604,
      3.361622403664065,
      -0.7703936373048348,
      2.991623559120362,
      4.891311486642712,
      4.88421060125546,
      3.286219077779077,
      1.758771846632318,
      2.6846610283505252,
      1.3374255210419324,
      1.0180305907752492,
      4.9518371230135765,
      1.4361563496919336,
      6.040642597806111
    ],
    [
      4.327184823892658,
      3.2987961209872605,
      3.305302403664065,
      -1.0791936373048348,
      3.1490635591203624,
      5.190831486642712,
      5.15941060125546,
      3.194059077779077,
      1.7216518466323179,
      2.8126610283505253,
      1.2820655210419323,
      0.778350590775249,
      4.851997123013576,
      1.2454363496919336,
      6.047362597806111
    ],
    [
      4.222224823892658,
      3.4248761209872605,
      3.193302403664065,
      -1.102873637304835,
      3.2559435591203623,
      5.199151486642712,
      5.07109060125546,
      3.291339077779077,
      1.8861318466323178,
      2.9336210283505255,
      1.2231855210419322,
      0.958830590775249,
      4.635677123013576,
      1.3631963496919335,
      6.015362597806111
    ],
    [
      4.3169448238926575,
      3.2872761209872605,
      3.288982403664065,
      -1.203993637304835,
      3.119303559120362,
      5.400111486642713,
      5.088370601255461,
      3.2324590777790774,
      1.9107718466323178,
      2.7086610283505257,
      1.5057455210419322,
      0.855790590775249,
      4.648477123013576,
      1.4028763496919334,
      5.937922597806111
    ],
    [
      4.928144823892658,
      3.3845561209872606,
      3.2941024036640654,
      -1.1943936373048352,
      3.138503559120362,
      5.245231486642712,
      5.009650601255461,
      3.3150190777790773,
      2.2128518466323177,
      2.4558610283505256,
      1.6036655210419322,
      0.9012305907752491,
      4.878237123013576,
      1.5027163496919336,
      6.3052825978061104
    ],
    [
      4.974224823892658,
      3.1586361209872607,
      2.988822403664065,
      -1.1758336373048353,
      3.370183559120362,
      5.088431486642713,
      5.1485306012554615,
      3.3521390777790776,
      2.2026118466323177,
      2.3253010283505255,
      1.8302255210419323,
      0.8813905907752491,
      4.768157123013576,
      1.5859163496919335,
      6.16640259780611
    ],
    [
      4.857104823892658,
      3.104236120987261,
      3.5030624036640656,
      -1.3924736373048354,
      3.057863559120362,
      5.057071486642712,
      5.1494906012554615,
      3.3786990777790775,
      2.1878918466323176,
      2.105141028350525,
      1.9998255210419325,
      1.1338705907752493,
      4.9908771230135756,
      1.6806363496919337,
      6.61216259780611
    ],
    [
      4.785424823892658,
      3.0575161209872608,
      3.3449824036640656,
      -1.6107136373048356,
      3.113543559120362,
      5.178031486642713,
      4.930610601255461,
      3.1969390777790774,
      2.2058118466323178,
      2.2305810283505254,
      1.6817455210419323,
      1.1460305907752493,
      5.443357123013575,
      1.7900763496919339,
      6.60832259780611
    ],
    [
      4.781584823892658,
      2.8360761209872605,
      3.2784224036640657,
      -1.3275136373048355,
      2.989383559120362,
      5.357231486642712,
      5.072690601255461,
      3.0526190777790774,
      2.3747718466323176,
      2.213941028350525,
      1.9313455210419324,
      1.0973905907752493,
      5.420317123013575,
      1.6099163496919338,
      6.59040259780611
    ],
    [
      4.7227048238926574,
      3.1333561209872607,
      3.168982403664066,
      -1.4452736373048356,
      2.856903559120362,
      5.211951486642713,
      5.039410601255461,
      2.828619077779077,
      2.4346118466323174,
      2.3054610283505252,
      1.9675055210419325,
      1.0068305907752493,
      5.347037123013575,
      1.6796763496919338,
      6.56416259780611
    ],
    [
      4.877904823892657,
      3.0821561209872606,
      3.005142403664066,
      -1.4071936373048355,
      2.929863559120362,
      5.000431486642713,
      4.984370601255461,
      2.9956590777790773,
      2.4106118466323174,
      2.4024210283505254,
      1.9047855210419324,
      0.8634705907752492,
      5.337757123013574,
      1.6022363496919338,
      6.53952259780611
    ],
    [
      4.7556648238926575,
      3.1250361209872604,
      2.977622403664066,
      -1.3508736373048353,
      2.847943559120362,
      4.784751486642713,
      5.004850601255461,
      3.1191790777790773,
      2.4080518466323175,
      2.2891410283505254,
      1.6763055210419324,
      1.0132305907752492,
      5.290397123013574,
      1.648956349691934,
      6.84864259780611
    ],
    [
      4.732624823892658,
      2.9304761209872603,
      3.0134624036640663,
      -1.1691136373048352,
      2.735303559120362,
      4.696431486642712,
      5.026610601255461,
      3.3866990777790775,
      2.3414918466323176,
      2.2981010283505254,
      1.6747055210419324,
      0.9825105907752494,
      5.058717123013574,
      1.7670363496919341,
      6.59008259780611
    ],
    [
      4.459984823892658,
      2.9976761209872604,
      3.1497824036640663,
      -1.1019136373048353,
      2.566343559120362,
      5.009391486642713,
      4.816690601255461,
      3.1102190777790777,
      2.2032518466323174,
      1.9147410283505253,
      1.8327855210419324,
      0.9741905907752495,
      5.488157123013574,
      2.076156349691934,
      6.261122597806111
    ]
  ],
  "cost_vals": [],
  "step_size": 0.1,
  "opt_step_times": [
    0.23142099380493164,
    0.15349912643432617,
    0.1478710174560547,
    0.16541004180908203,
    0.14935803413391113,
    0.1682300567626953,
    0.15001177787780762,
    0.14919209480285645,
    0.15943384170532227,
    0.15616178512573242,
    0.15833020210266113,
    0.14429473876953125,
    0.15085124969482422,
    0.1466360092163086,
    0.15131402015686035,
    0.15199589729309082,
    0.22435593605041504,
    0.14551186561584473,
    0.15955090522766113,
    0.1457960605621338
  ],
  "opt_settings": [
    4.459984823892658,
    2.9976761209872604,
    3.1497824036640663,
    -1.1019136373048353,
    2.566343559120362,
    5.009391486642713,
    4.816690601255461,
    3.1102190777790777,
    2.2032518466323174,
    1.9147410283505253,
    1.8327855210419324,
    0.9741905907752495,
    5.488157123013574,
    2.076156349691934,
    6.261122597806111
  ],
  "min_cost": null,
  "datetime": "2023-05-30T16-35-15Z",
  "step_only": true,
  "ibm_device": "default.qubit",
  "shots": 10,
  "prep_node_name": "W_state_2-qubit_ghz_state",
  "num_qubits": 5,
  "error": false,
  "cov_mats": [
    [
      [
        0.8400000000000001,
        0.04000000000000006,
        0.32000000000000006,
        0.19999999999999998,
        0.36
      ],
      [
        0.04000000000000006,
        0.8400000000000001,
        0.32000000000000006,
        0.6000000000000001,
        0.36
      ],
      [
        0.32000000000000006,
        0.32000000000000006,
        0.96,
        0.4,
        0.4799999999999999
      ],
      [
        0.19999999999999998,
        0.6000000000000001,
        0.4,
        1.0,
        0.6
      ],
      [
        0.36,
        0.36,
        0.4799999999999999,
        0.6,
        0.8400000000000001
      ]
    ],
    [
      [
        0.96,
        -0.32000000000000006,
        0.24000000000000005,
        0.0,
        -0.24000000000000005
      ],
      [
        -0.32000000000000006,
        0.6399999999999999,
        0.32,
        -0.39999999999999997,
        0.07999999999999996
      ],
      [
        0.24000000000000005,
        0.32,
        0.96,
        0.0,
        0.24000000000000002
      ],
      [
        0.0,
        -0.39999999999999997,
        0.0,
        1.0,
        0.4000000000000001
      ],
      [
        -0.24000000000000005,
        0.07999999999999996,
        0.24000000000000002,
        0.4000000000000001,
        0.96
      ]
    ],
    [
      [
        0.6399999999999999,
        -0.08000000000000007,
        0.64,
        -0.32000000000000006,
        0.0
      ],
      [
        -0.08000000000000007,
        0.36,
        -0.08000000000000007,
        -0.16000000000000011,
        -0.19999999999999998
      ],
      [
        0.64,
        -0.08000000000000007,
        0.6400000000000001,
        -0.32,
        0.0
      ],
      [
        -0.32000000000000006,
        -0.16000000000000011,
        -0.32,
        0.96,
        0.4
      ],
      [
        0.0,
        -0.19999999999999998,
        0.0,
        0.4,
        1.0
      ]
    ],
    [
      [
        0.84,
        0.2400000000000001,
        0.8400000000000001,
        0.08000000000000006,
        -0.32000000000000006
      ],
      [
        0.2400000000000001,
        0.6399999999999999,
        0.24000000000000005,
        0.48000000000000004,
        0.48
      ],
      [
        0.8400000000000001,
        0.24000000000000005,
        0.8400000000000001,
        0.08000000000000004,
        -0.32000000000000006
      ],
      [
        0.08000000000000006,
        0.48000000000000004,
        0.08000000000000004,
        0.96,
        0.56
      ],
      [
        -0.32000000000000006,
        0.48,
        -0.32000000000000006,
        0.56,
        0.96
      ]
    ],
    [
      [
        0.84,
        0.19999999999999998,
        0.44000000000000006,
        0.19999999999999998,
        0.08000000000000002
      ],
      [
        0.19999999999999998,
        1.0,
        0.2,
        -0.20000000000000007,
        0.0
      ],
      [
        0.44000000000000006,
        0.2,
        0.84,
        -0.19999999999999998,
        -0.32000000000000006
      ],
      [
        0.19999999999999998,
        -0.20000000000000007,
        -0.19999999999999998,
        1.0,
        0.8
      ],
      [
        0.08000000000000002,
        0.0,
        -0.32000000000000006,
        0.8,
        0.96
      ]
    ],
    [
      [
        0.96,
        0.6400000000000001,
        0.56,
        -0.2400000000000001,
        -0.2400000000000001
      ],
      [
        0.6400000000000001,
        0.96,
        0.6400000000000001,
        0.24000000000000002,
        0.24000000000000002
      ],
      [
        0.56,
        0.6400000000000001,
        0.96,
        0.16,
        0.16
      ],
      [
        -0.2400000000000001,
        0.24000000000000002,
        0.16,
        0.96,
        0.96
      ],
      [
        -0.2400000000000001,
        0.24000000000000002,
        0.16,
        0.96,
        0.96
      ]
    ],
    [
      [
        0.8400000000000001,
        0.6000000000000001,
        0.16000000000000003,
        -0.04000000000000006,
        -0.04000000000000006
      ],
      [
        0.6000000000000001,
        1.0,
        0.39999999999999997,
        -0.6000000000000001,
        -0.6000000000000001
      ],
      [
        0.16000000000000003,
        0.39999999999999997,
        0.6399999999999999,
        -0.15999999999999998,
        -0.15999999999999998
      ],
      [
        -0.04000000000000006,
        -0.6000000000000001,
        -0.15999999999999998,
        0.8400000000000001,
        0.8400000000000001
      ],
      [
        -0.04000000000000006,
        -0.6000000000000001,
        -0.15999999999999998,
        0.8400000000000001,
        0.8400000000000001
      ]
    ],
    [
      [
        0.6399999999999999,
        -0.07999999999999996,
        0.16000000000000003,
        0.24000000000000005,
        0.24000000000000005
      ],
      [
        -0.07999999999999996,
        0.96,
        0.08000000000000002,
        -0.48,
        -0.48
      ],
      [
        0.16000000000000003,
        0.08000000000000002,
        0.84,
        -0.04000000000000001,
        -0.04000000000000001
      ],
      [
        0.24000000000000005,
        -0.48,
        -0.04000000000000001,
        0.8400000000000001,
        0.8400000000000001
      ],
      [
        0.24000000000000005,
        -0.48,
        -0.04000000000000001,
        0.8400000000000001,
        0.8400000000000001
      ]
    ],
    [
      [
        0.8400000000000001,
        0.08000000000000004,
        0.32000000000000006,
        -0.07999999999999999,
        -0.19999999999999998
      ],
      [
        0.08000000000000004,
        0.96,
        -0.16,
        -0.16,
        0.0
      ],
      [
        0.32000000000000006,
        -0.16,
        0.96,
        0.16000000000000003,
        0.0
      ],
      [
        -0.07999999999999999,
        -0.16,
        0.16000000000000003,
        0.96,
        0.8
      ],
      [
        -0.19999999999999998,
        0.0,
        0.0,
        0.8,
        1.0
      ]
    ],
    [
      [
        0.96,
        0.6400000000000001,
        0.6400000000000001,
        0.15999999999999998,
        0.32
      ],
      [
        0.6400000000000001,
        0.96,
        0.5599999999999999,
        0.24000000000000002,
        0.48000000000000004
      ],
      [
        0.6400000000000001,
        0.5599999999999999,
        0.96,
        0.6400000000000001,
        0.48000000000000004
      ],
      [
        0.15999999999999998,
        0.24000000000000002,
        0.6400000000000001,
        0.96,
        0.7200000000000002
      ],
      [
        0.32,
        0.48000000000000004,
        0.48000000000000004,
        0.7200000000000002,
        0.8400000000000001
      ]
    ],
    [
      [
        0.3599999999999999,
        0.23999999999999996,
        0.19999999999999998,
        0.28,
        0.28
      ],
      [
        0.23999999999999996,
        0.96,
        0.4,
        0.32,
        0.32
      ],
      [
        0.19999999999999998,
        0.4,
        1.0,
        0.2,
        0.2
      ],
      [
        0.28,
        0.32,
        0.2,
        0.8400000000000001,
        0.8400000000000001
      ],
      [
        0.28,
        0.32,
        0.2,
        0.8400000000000001,
        0.8400000000000001
      ]
    ],
    [
      [
        1.0,
        0.0,
        0.20000000000000007,
        0.0,
        0.0
      ],
      [
        0.0,
        0.96,
        0.0,
        -0.24000000000000007,
        -0.24000000000000007
      ],
      [
        0.20000000000000007,
        0.0,
        1.0,
        0.4000000000000001,
        0.4000000000000001
      ],
      [
        0.0,
        -0.24000000000000007,
        0.4000000000000001,
        0.96,
        0.96
      ],
      [
        0.0,
        -0.24000000000000007,
        0.4000000000000001,
        0.96,
        0.96
      ]
    ],
    [
      [
        0.84,
        0.44000000000000006,
        0.1600000000000001,
        -0.03999999999999995,
        -0.03999999999999995
      ],
      [
        0.44000000000000006,
        0.84,
        0.1600000000000001,
        0.3600000000000001,
        0.3600000000000001
      ],
      [
        0.1600000000000001,
        0.1600000000000001,
        0.6399999999999999,
        -0.16000000000000003,
        -0.16000000000000003
      ],
      [
        -0.03999999999999995,
        0.3600000000000001,
        -0.16000000000000003,
        0.84,
        0.84
      ],
      [
        -0.03999999999999995,
        0.3600000000000001,
        -0.16000000000000003,
        0.84,
        0.84
      ]
    ],
    [
      [
        1.0,
        0.6000000000000001,
        0.8,
        0.4000000000000001,
        0.6000000000000001
      ],
      [
        0.6000000000000001,
        0.8400000000000001,
        0.32000000000000006,
        0.32,
        0.4400000000000001
      ],
      [
        0.8,
        0.32000000000000006,
        0.96,
        0.16,
        0.32000000000000006
      ],
      [
        0.4000000000000001,
        0.32,
        0.16,
        0.96,
        0.7200000000000001
      ],
      [
        0.6000000000000001,
        0.4400000000000001,
        0.32000000000000006,
        0.7200000000000001,
        0.84
      ]
    ],
    [
      [
        0.8400000000000001,
        0.6000000000000001,
        0.6000000000000001,
        -0.08000000000000004,
        -0.08000000000000004
      ],
      [
        0.6000000000000001,
        1.0,
        1.0,
        0.4000000000000001,
        0.4000000000000001
      ],
      [
        0.6000000000000001,
        1.0,
        1.0,
        0.4000000000000001,
        0.4000000000000001
      ],
      [
        -0.08000000000000004,
        0.4000000000000001,
        0.4000000000000001,
        0.96,
        0.96
      ],
      [
        -0.08000000000000004,
        0.4000000000000001,
        0.4000000000000001,
        0.96,
        0.96
      ]
    ],
    [
      [
        0.96,
        0.56,
        0.8,
        -0.48000000000000004,
        -0.48000000000000004
      ],
      [
        0.56,
        0.96,
        0.8,
        -0.07999999999999993,
        -0.07999999999999993
      ],
      [
        0.8,
        0.8,
        1.0,
        -0.20000000000000007,
        -0.20000000000000007
      ],
      [
        -0.48000000000000004,
        -0.07999999999999993,
        -0.20000000000000007,
        0.8400000000000001,
        0.8400000000000001
      ],
      [
        -0.48000000000000004,
        -0.07999999999999993,
        -0.20000000000000007,
        0.8400000000000001,
        0.8400000000000001
      ]
    ],
    [
      [
        0.84,
        0.7200000000000001,
        0.7200000000000001,
        -0.08,
        0.20000000000000004
      ],
      [
        0.7200000000000001,
        0.96,
        0.56,
        -0.24,
        5.551115123125783e-17
      ],
      [
        0.7200000000000001,
        0.56,
        0.96,
        -0.24,
        5.551115123125783e-17
      ],
      [
        -0.08,
        -0.24,
        -0.24,
        0.96,
        0.8
      ],
      [
        0.20000000000000004,
        5.551115123125783e-17,
        5.551115123125783e-17,
        0.8,
        1.0
      ]
    ],
    [
      [
        0.6400000000000001,
        0.6400000000000001,
        0.5600000000000002,
        -0.1600000000000001,
        -0.07999999999999995
      ],
      [
        0.6400000000000001,
        0.6400000000000001,
        0.5600000000000002,
        -0.1600000000000001,
        -0.07999999999999995
      ],
      [
        0.5600000000000002,
        0.5600000000000002,
        0.8400000000000001,
        -0.04000000000000006,
        0.08000000000000004
      ],
      [
        -0.1600000000000001,
        -0.1600000000000001,
        -0.04000000000000006,
        0.8400000000000001,
        0.7200000000000002
      ],
      [
        -0.07999999999999995,
        -0.07999999999999995,
        0.08000000000000004,
        0.7200000000000002,
        0.96
      ]
    ],
    [
      [
        0.96,
        0.56,
        0.56,
        -0.4,
        -0.4
      ],
      [
        0.56,
        0.96,
        0.56,
        -0.8,
        -0.8
      ],
      [
        0.56,
        0.56,
        0.96,
        -0.8,
        -0.8
      ],
      [
        -0.4,
        -0.8,
        -0.8,
        1.0,
        1.0
      ],
      [
        -0.4,
        -0.8,
        -0.8,
        1.0,
        1.0
      ]
    ],
    [
      [
        1.0,
        0.19999999999999996,
        0.8,
        0.6000000000000001,
        0.6000000000000001
      ],
      [
        0.19999999999999996,
        0.3599999999999999,
        -0.16,
        0.19999999999999998,
        0.19999999999999998
      ],
      [
        0.8,
        -0.16,
        0.96,
        0.4,
        0.4
      ],
      [
        0.6000000000000001,
        0.19999999999999998,
        0.4,
        1.0,
        1.0
      ],
      [
        0.6000000000000001,
        0.19999999999999998,
        0.4,
        1.0,
        1.0
      ]
    ],
    [
      [
        0.96,
        0.96,
        0.56,
        -0.32,
        -0.32
      ],
      [
        0.96,
        0.96,
        0.56,
        -0.32,
        -0.32
      ],
      [
        0.56,
        0.56,
        0.96,
        -0.32,
        -0.32
      ],
      [
        -0.32,
        -0.32,
        -0.32,
        0.6399999999999999,
        0.6399999999999999
      ],
      [
        -0.32,
        -0.32,
        -0.32,
        0.6399999999999999,
        0.6399999999999999
      ]
    ]
  ]
}