{
  "settings_list": [
    [
      2.2477543677124476,
      5.529599237355782,
      0.1517238661581089,
      0.3622492552435433,
      0.6005101274230639,
      1.9961457703454553,
      1.1218689356444682,
      3.091698634966656,
      2.27313005111046,
      2.9679859435782774,
      4.430271425421818,
      2.8918456531792747,
      2.1254463987761913,
      2.4100108106619698,
      5.511706077524721
    ],
    [
      2.1139943677124475,
      5.647999237355783,
      0.11652386615810889,
      0.4768092552435433,
      0.6792301274230639,
      2.069745770345455,
      1.1429889356444682,
      3.020018634966656,
      2.15985005111046,
      2.8431859435782774,
      4.483391425421818,
      2.9712056531792745,
      2.0192063987761912,
      2.45225081066197,
      5.624986077524722
    ],
    [
      2.1347943677124475,
      5.6159992373557825,
      0.3053238661581089,
      0.6592092552435433,
      0.5608301274230638,
      2.114545770345455,
      1.0501889356444682,
      3.1592186349666562,
      2.18705005111046,
      2.6655859435782774,
      4.4785914254218175,
      3.1168056531792745,
      1.8720063987761912,
      2.15305081066197,
      5.700186077524721
    ],
    [
      1.8925543677124474,
      5.898879237355783,
      0.292843866158109,
      0.9856092552435433,
      0.4529901274230638,
      2.363185770345455,
      1.0716289356444682,
      2.943218634966656,
      1.97937005111046,
      2.6207859435782774,
      4.4545914254218175,
      3.2851256531792745,
      1.6694463987761912,
      1.7872908106619698,
      5.937946077524721
    ],
    [
      1.9373543677124474,
      6.196479237355783,
      0.475243866158109,
      1.0720092552435432,
      0.4817901274230638,
      2.129585770345455,
      1.3820289356444684,
      3.0936186349666563,
      2.00177005111046,
      2.3679859435782773,
      4.5761914254218174,
      3.1411256531792744,
      1.7302463987761914,
      1.6368908106619697,
      6.062746077524721
    ],
    [
      1.9040743677124474,
      6.160639237355783,
      0.2806838661581088,
      0.8774492552435431,
      -0.037889872576936545,
      1.7148657703454546,
      1.0313089356444682,
      3.142258634966656,
      2.4600100511104603,
      2.296305943578277,
      4.656831425421817,
      3.6582456531792746,
      1.9222463987761915,
      1.4231308106619696,
      6.24450607752472
    ],
    [
      1.7242343677124474,
      6.237439237355782,
      0.19812386615810867,
      0.5779292552435431,
      -0.16716987257693658,
      1.6745457703454547,
      0.8969089356444682,
      3.203058634966656,
      2.3166500511104604,
      2.366065943578277,
      4.817471425421817,
      3.6710456531792746,
      1.7251263987761916,
      1.4397708106619695,
      6.60418607752472
    ],
    [
      1.8010343677124474,
      6.083839237355782,
      0.02276386615810852,
      0.5568092552435431,
      -0.10636987257693664,
      1.6393457703454548,
      1.1170689356444683,
      2.959218634966656,
      2.5822500511104605,
      2.4780659435782773,
      5.0939514254218174,
      3.6108856531792743,
      1.6054463987761916,
      1.6708108106619697,
      6.603546077524721
    ],
    [
      1.7811943677124475,
      6.090879237355782,
      0.06500386615810855,
      0.4928092552435432,
      -0.0516498725769366,
      1.7139057703454548,
      1.3797889356444684,
      2.922418634966656,
      2.6673700511104608,
      2.5548659435782772,
      4.977151425421817,
      3.7129656531792743,
      1.5011263987761914,
      1.6983308106619697,
      6.70626607752472
    ],
    [
      1.5360743677124475,
      6.161919237355782,
      0.11620386615810864,
      0.4780892552435433,
      -0.1834898725769366,
      1.5878257703454548,
      1.2274689356444684,
      2.840498634966656,
      2.347370051110461,
      2.2591859435782773,
      4.531071425421817,
      3.5824056531792743,
      1.7001663987761915,
      1.7047308106619696,
      6.5520260775247205
    ],
    [
      1.6749543677124477,
      5.768959237355782,
      0.13540386615810868,
      0.7731292552435434,
      -0.12396987257693654,
      1.8201457703454549,
      1.0873089356444683,
      2.906418634966656,
      2.618730051110461,
      2.017905943578277,
      4.583551425421817,
      3.711045653179274,
      1.6188863987761914,
      1.8954508106619696,
      6.43362607752472
    ],
    [
      1.7805543677124476,
      5.790079237355782,
      0.06884386615810872,
      0.7360092552435433,
      -0.11052987257693649,
      1.6499057703454547,
      1.1743489356444683,
      2.553138634966656,
      3.016810051110461,
      1.532785943578277,
      4.533631425421817,
      3.9318456531792743,
      1.7507263987761914,
      2.2487308106619697,
      6.24482607752472
    ],
    [
      1.6787943677124475,
      5.9692792373557815,
      -0.11547613384189132,
      0.8230492552435434,
      -0.03884987257693652,
      1.8182257703454547,
      1.3983489356444685,
      2.3348986349666556,
      2.8632100511104612,
      1.4745459435782768,
      4.627071425421817,
      3.721285653179274,
      1.8627263987761913,
      2.2327308106619697,
      5.8627460775247195
    ],
    [
      1.4887143677124475,
      6.130559237355781,
      -0.28507613384189134,
      0.9644892552435436,
      -0.13100987257693658,
      1.8636657703454547,
      1.5129089356444687,
      2.6049786349666557,
      2.9867300511104613,
      1.565425943578277,
      4.4331514254218165,
      3.803205653179274,
      1.9158463987761913,
      1.9517708106619696,
      5.941466077524719
    ],
    [
      1.8151143677124475,
      6.025279237355781,
      -0.4716361338418913,
      1.2883292552435437,
      -0.4049298725769367,
      1.9414257703454547,
      1.5324289356444687,
      2.784178634966656,
      3.0692900511104613,
      1.768305943578277,
      3.9285114254218163,
      3.912645653179274,
      1.9337663987761915,
      1.9280908106619696,
      5.782426077524719
    ],
    [
      2.0237543677124474,
      5.856639237355781,
      -0.3145161338418913,
      1.1932892552435437,
      -0.39244987257693664,
      1.9910257703454548,
      1.5977089356444687,
      2.781938634966656,
      3.0504100511104615,
      1.6073459435782769,
      4.130431425421817,
      4.331205653179274,
      1.6169663987761915,
      2.32393081066197,
      6.0563460775247195
    ],
    [
      2.2704743677124477,
      5.72383923735578,
      -0.2946761338418913,
      1.2988892552435436,
      -0.5377298725769366,
      2.080305770345455,
      1.8226689356444687,
      2.484018634966656,
      3.1937700511104614,
      1.600945943578277,
      3.7211514254218168,
      4.359045653179274,
      1.4800063987761916,
      2.51625081066197,
      6.000986077524719
    ],
    [
      2.3536743677124474,
      5.80191923735578,
      -0.01947613384189123,
      1.2681692552435435,
      -0.5338898725769365,
      2.089265770345455,
      1.7817089356444686,
      2.245938634966656,
      2.7726500511104613,
      1.5094259435782769,
      3.685311425421817,
      4.123525653179274,
      1.6860863987761916,
      2.2500108106619696,
      6.081626077524719
    ],
    [
      2.6720743677124474,
      5.77951923735578,
      0.5069238661581092,
      0.6745692552435432,
      -0.8074898725769366,
      1.9356657703454552,
      1.4585089356444685,
      2.441138634966656,
      2.3054500511104608,
      1.925425943578277,
      3.925311425421817,
      3.5187256531792737,
      1.743686398776192,
      2.69641081066197,
      6.614426077524719
    ],
    [
      2.6656743677124477,
      6.02271923735578,
      0.3917238661581093,
      0.8345692552435431,
      -0.9738898725769366,
      1.743665770345455,
      1.4905089356444685,
      2.4475386349666564,
      2.247850051110461,
      2.1366259435782773,
      3.784511425421817,
      3.7043256531792736,
      1.5324863987761919,
      2.23561081066197,
      6.768026077524719
    ],
    [
      2.3258343677124476,
      5.85375923735578,
      0.3264438661581093,
      0.7200092552435429,
      -0.8990098725769365,
      1.712305770345455,
      1.3561089356444684,
      2.446898634966656,
      2.434730051110461,
      2.1647859435782775,
      3.680191425421817,
      3.5776056531792735,
      1.5516863987761917,
      2.54985081066197,
      6.560026077524719
    ]
  ],
  "cost_vals": [],
  "step_size": 0.1,
  "opt_step_times": [
    0.30477094650268555,
    0.2103290557861328,
    0.22297310829162598,
    0.24437594413757324,
    0.2931661605834961,
    0.2464749813079834,
    0.2199850082397461,
    0.18381404876708984,
    0.16322994232177734,
    0.2111811637878418,
    0.18614912033081055,
    0.2552759647369385,
    0.1616041660308838,
    0.19999289512634277,
    0.197052001953125,
    0.1639549732208252,
    0.2432689666748047,
    0.18389081954956055,
    0.17940187454223633,
    0.17137908935546875
  ],
  "opt_settings": [
    2.3258343677124476,
    5.85375923735578,
    0.3264438661581093,
    0.7200092552435429,
    -0.8990098725769365,
    1.712305770345455,
    1.3561089356444684,
    2.446898634966656,
    2.434730051110461,
    2.1647859435782775,
    3.680191425421817,
    3.5776056531792735,
    1.5516863987761917,
    2.54985081066197,
    6.560026077524719
  ],
  "min_cost": null,
  "datetime": "2023-05-30T16-40-48Z",
  "step_only": true,
  "ibm_device": "default.qubit",
  "shots": 10,
  "prep_node_name": "W_state_2-qubit_ghz_state",
  "num_qubits": 5,
  "error": false,
  "cov_mats": [
    [
      [
        0.84,
        -0.1600000000000001,
        -0.3600000000000001,
        0.48000000000000004,
        -0.48
      ],
      [
        -0.1600000000000001,
        0.6399999999999999,
        0.2400000000000001,
        0.0799999999999999,
        -0.07999999999999996
      ],
      [
        -0.3600000000000001,
        0.2400000000000001,
        0.84,
        -0.32,
        0.32000000000000006
      ],
      [
        0.48000000000000004,
        0.0799999999999999,
        -0.32,
        0.96,
        -0.56
      ],
      [
        -0.48,
        -0.07999999999999996,
        0.32000000000000006,
        -0.56,
        0.96
      ]
    ],
    [
      [
        1.0,
        0.6000000000000001,
        -1.0,
        0.20000000000000007,
        0.2
      ],
      [
        0.6000000000000001,
        1.0,
        -0.6000000000000001,
        0.6000000000000001,
        -0.2
      ],
      [
        -1.0,
        -0.6000000000000001,
        1.0,
        -0.20000000000000007,
        -0.2
      ],
      [
        0.20000000000000007,
        0.6000000000000001,
        -0.20000000000000007,
        1.0,
        -0.2
      ],
      [
        0.2,
        -0.2,
        -0.2,
        -0.2,
        0.8400000000000001
      ]
    ],
    [
      [
        0.96,
        0.15999999999999998,
        -0.4,
        0.23999999999999985,
        -0.48
      ],
      [
        0.15999999999999998,
        0.96,
        -0.4,
        -0.16000000000000006,
        -0.07999999999999997
      ],
      [
        -0.4,
        -0.4,
        1.0,
        0.19999999999999996,
        0.0
      ],
      [
        0.23999999999999985,
        -0.16000000000000006,
        0.19999999999999996,
        0.3599999999999999,
        -0.32
      ],
      [
        -0.48,
        -0.07999999999999997,
        0.0,
        -0.32,
        0.6400000000000001
      ]
    ],
    [
      [
        0.96,
        0.6400000000000001,
        -0.96,
        -0.5599999999999999,
        0.5599999999999999
      ],
      [
        0.6400000000000001,
        0.96,
        -0.6400000000000001,
        -0.23999999999999996,
        0.23999999999999996
      ],
      [
        -0.96,
        -0.6400000000000001,
        0.96,
        0.5599999999999999,
        -0.5599999999999999
      ],
      [
        -0.5599999999999999,
        -0.23999999999999996,
        0.5599999999999999,
        0.96,
        -0.96
      ],
      [
        0.5599999999999999,
        0.23999999999999996,
        -0.5599999999999999,
        -0.96,
        0.96
      ]
    ],
    [
      [
        0.3599999999999999,
        0.19999999999999998,
        -0.31999999999999995,
        -0.12000000000000002,
        0.12000000000000002
      ],
      [
        0.19999999999999998,
        1.0,
        -0.39999999999999997,
        0.2,
        -0.2
      ],
      [
        -0.31999999999999995,
        -0.39999999999999997,
        0.6399999999999999,
        0.2400000000000001,
        -0.2400000000000001
      ],
      [
        -0.12000000000000002,
        0.2,
        0.2400000000000001,
        0.84,
        -0.84
      ],
      [
        0.12000000000000002,
        -0.2,
        -0.2400000000000001,
        -0.84,
        0.84
      ]
    ],
    [
      [
        1.0,
        0.4000000000000001,
        -0.6000000000000001,
        -0.2,
        0.2
      ],
      [
        0.4000000000000001,
        0.96,
        -0.7200000000000001,
        0.08000000000000004,
        -0.08000000000000004
      ],
      [
        -0.6000000000000001,
        -0.7200000000000001,
        0.84,
        0.04000000000000001,
        -0.04000000000000001
      ],
      [
        -0.2,
        0.08000000000000004,
        0.04000000000000001,
        0.8400000000000001,
        -0.8400000000000001
      ],
      [
        0.2,
        -0.08000000000000004,
        -0.04000000000000001,
        -0.8400000000000001,
        0.8400000000000001
      ]
    ],
    [
      [
        0.96,
        0.6400000000000001,
        -0.32000000000000006,
        0.4,
        -0.4
      ],
      [
        0.6400000000000001,
        0.96,
        0.32000000000000006,
        0.4,
        -0.4
      ],
      [
        -0.32000000000000006,
        0.32000000000000006,
        0.6399999999999999,
        0.0,
        0.0
      ],
      [
        0.4,
        0.4,
        0.0,
        1.0,
        -1.0
      ],
      [
        -0.4,
        -0.4,
        0.0,
        -1.0,
        1.0
      ]
    ],
    [
      [
        0.84,
        0.24000000000000007,
        -0.7200000000000001,
        -0.6,
        0.36000000000000004
      ],
      [
        0.24000000000000007,
        0.6399999999999999,
        0.08000000000000002,
        -0.39999999999999997,
        0.16000000000000003
      ],
      [
        -0.7200000000000001,
        0.08000000000000002,
        0.96,
        0.4,
        -0.48
      ],
      [
        -0.6,
        -0.39999999999999997,
        0.4,
        1.0,
        -0.6000000000000001
      ],
      [
        0.36000000000000004,
        0.16000000000000003,
        -0.48,
        -0.6000000000000001,
        0.84
      ]
    ],
    [
      [
        1.0,
        0.8,
        -0.8,
        5.551115123125783e-17,
        -5.551115123125783e-17
      ],
      [
        0.8,
        0.96,
        -0.56,
        -0.16,
        0.16
      ],
      [
        -0.8,
        -0.56,
        0.96,
        -0.2400000000000001,
        0.2400000000000001
      ],
      [
        5.551115123125783e-17,
        -0.16,
        -0.2400000000000001,
        0.96,
        -0.96
      ],
      [
        -5.551115123125783e-17,
        0.16,
        0.2400000000000001,
        -0.96,
        0.96
      ]
    ],
    [
      [
        0.96,
        0.07999999999999993,
        -0.96,
        -0.4,
        0.4
      ],
      [
        0.07999999999999993,
        0.6399999999999999,
        -0.07999999999999996,
        0.0,
        0.0
      ],
      [
        -0.96,
        -0.07999999999999996,
        0.96,
        0.4,
        -0.4
      ],
      [
        -0.4,
        0.0,
        0.4,
        1.0,
        -1.0
      ],
      [
        0.4,
        0.0,
        -0.4,
        -1.0,
        1.0
      ]
    ],
    [
      [
        1.0,
        0.6000000000000001,
        -0.6000000000000001,
        -0.4,
        0.4
      ],
      [
        0.6000000000000001,
        1.0,
        -0.6000000000000001,
        -0.8,
        0.8
      ],
      [
        -0.6000000000000001,
        -0.6000000000000001,
        1.0,
        0.4,
        -0.4
      ],
      [
        -0.4,
        -0.8,
        0.4,
        0.96,
        -0.96
      ],
      [
        0.4,
        0.8,
        -0.4,
        -0.96,
        0.96
      ]
    ],
    [
      [
        0.8400000000000001,
        0.0,
        -0.56,
        -0.07999999999999993,
        0.07999999999999993
      ],
      [
        0.0,
        0.0,
        0.0,
        0.0,
        0.0
      ],
      [
        -0.56,
        0.0,
        0.6400000000000001,
        -0.08000000000000007,
        0.08000000000000007
      ],
      [
        -0.07999999999999993,
        0.0,
        -0.08000000000000007,
        0.96,
        -0.96
      ],
      [
        0.07999999999999993,
        0.0,
        0.08000000000000007,
        -0.96,
        0.96
      ]
    ],
    [
      [
        0.8400000000000001,
        0.2800000000000001,
        -0.8400000000000001,
        -0.04000000000000006,
        -0.23999999999999994
      ],
      [
        0.2800000000000001,
        0.36,
        -0.2800000000000001,
        -0.2800000000000001,
        -0.07999999999999996
      ],
      [
        -0.8400000000000001,
        -0.2800000000000001,
        0.8400000000000001,
        0.04000000000000006,
        0.23999999999999994
      ],
      [
        -0.04000000000000006,
        -0.2800000000000001,
        0.04000000000000006,
        0.8400000000000001,
        -0.56
      ],
      [
        -0.23999999999999994,
        -0.07999999999999996,
        0.23999999999999994,
        -0.56,
        0.6400000000000001
      ]
    ],
    [
      [
        0.96,
        0.32000000000000006,
        -0.8,
        -5.551115123125783e-17,
        5.551115123125783e-17
      ],
      [
        0.32000000000000006,
        0.8400000000000001,
        -0.6000000000000001,
        0.19999999999999998,
        -0.19999999999999998
      ],
      [
        -0.8,
        -0.6000000000000001,
        1.0,
        -0.2,
        0.2
      ],
      [
        -5.551115123125783e-17,
        0.19999999999999998,
        -0.2,
        1.0,
        -1.0
      ],
      [
        5.551115123125783e-17,
        -0.19999999999999998,
        0.2,
        -1.0,
        1.0
      ]
    ],
    [
      [
        0.8400000000000001,
        0.6000000000000001,
        -0.6000000000000001,
        0.19999999999999998,
        -0.19999999999999998
      ],
      [
        0.6000000000000001,
        1.0,
        -0.6000000000000001,
        0.2,
        -0.2
      ],
      [
        -0.6000000000000001,
        -0.6000000000000001,
        1.0,
        -0.2,
        0.2
      ],
      [
        0.19999999999999998,
        0.2,
        -0.2,
        1.0,
        -1.0
      ],
      [
        -0.19999999999999998,
        -0.2,
        0.2,
        -1.0,
        1.0
      ]
    ],
    [
      [
        0.96,
        0.23999999999999994,
        -0.16,
        0.24000000000000005,
        -0.24000000000000005
      ],
      [
        0.23999999999999994,
        0.36,
        0.16000000000000003,
        0.16000000000000003,
        -0.16000000000000003
      ],
      [
        -0.16,
        0.16000000000000003,
        0.96,
        0.16000000000000003,
        -0.16000000000000003
      ],
      [
        0.24000000000000005,
        0.16000000000000003,
        0.16000000000000003,
        0.96,
        -0.96
      ],
      [
        -0.24000000000000005,
        -0.16000000000000003,
        -0.16000000000000003,
        -0.96,
        0.96
      ]
    ],
    [
      [
        1.0,
        0.6000000000000001,
        -0.2,
        0.8,
        -0.8
      ],
      [
        0.6000000000000001,
        0.8400000000000001,
        -0.4400000000000001,
        0.48,
        -0.48
      ],
      [
        -0.2,
        -0.4400000000000001,
        0.84,
        -0.07999999999999996,
        0.07999999999999996
      ],
      [
        0.8,
        0.48,
        -0.07999999999999996,
        0.96,
        -0.96
      ],
      [
        -0.8,
        -0.48,
        0.07999999999999996,
        -0.96,
        0.96
      ]
    ],
    [
      [
        0.84,
        0.48,
        -0.48,
        0.6,
        -0.6
      ],
      [
        0.48,
        0.96,
        -0.96,
        0.4,
        -0.4
      ],
      [
        -0.48,
        -0.96,
        0.96,
        -0.4,
        0.4
      ],
      [
        0.6,
        0.4,
        -0.4,
        1.0,
        -0.6000000000000001
      ],
      [
        -0.6,
        -0.4,
        0.4,
        -0.6000000000000001,
        1.0
      ]
    ],
    [
      [
        1.0,
        0.6000000000000001,
        -0.20000000000000007,
        0.0,
        -0.20000000000000007
      ],
      [
        0.6000000000000001,
        0.8400000000000001,
        0.19999999999999998,
        0.08000000000000004,
        -0.19999999999999998
      ],
      [
        -0.20000000000000007,
        0.19999999999999998,
        1.0,
        0.4000000000000001,
        -0.6000000000000001
      ],
      [
        0.0,
        0.08000000000000004,
        0.4000000000000001,
        0.96,
        -0.8
      ],
      [
        -0.20000000000000007,
        -0.19999999999999998,
        -0.6000000000000001,
        -0.8,
        1.0
      ]
    ],
    [
      [
        0.8400000000000001,
        0.6000000000000001,
        -0.32000000000000006,
        0.19999999999999998,
        -0.19999999999999998
      ],
      [
        0.6000000000000001,
        1.0,
        -0.8,
        0.2,
        -0.2
      ],
      [
        -0.32000000000000006,
        -0.8,
        0.96,
        5.551115123125783e-17,
        -5.551115123125783e-17
      ],
      [
        0.19999999999999998,
        0.2,
        5.551115123125783e-17,
        1.0,
        -1.0
      ],
      [
        -0.19999999999999998,
        -0.2,
        -5.551115123125783e-17,
        -1.0,
        1.0
      ]
    ],
    [
      [
        0.84,
        0.28,
        -0.1600000000000001,
        -0.3600000000000001,
        0.3600000000000001
      ],
      [
        0.28,
        0.36,
        -0.3199999999999999,
        -0.12000000000000002,
        0.12000000000000002
      ],
      [
        -0.1600000000000001,
        -0.3199999999999999,
        0.6399999999999999,
        -0.16000000000000003,
        0.16000000000000003
      ],
      [
        -0.3600000000000001,
        -0.12000000000000002,
        -0.16000000000000003,
        0.84,
        -0.84
      ],
      [
        0.3600000000000001,
        0.12000000000000002,
        0.16000000000000003,
        -0.84,
        0.84
      ]
    ]
  ]
}