{
  "settings_list": [
    [
      3.100384617589628,
      3.7721918716809038,
      0.8484168843245073,
      5.541160360591329,
      6.059174632030891,
      1.280465634709703,
      3.355980310403496,
      0.23210090347480428,
      0.2916096757680514,
      0.6400465182678362,
      1.1746393125205574,
      2.5806050679086137,
      3.7356565552532053,
      1.383656774702296,
      6.126593089368175
    ],
    [
      3.146144617589628,
      3.692831871680904,
      0.7661768843245073,
      5.645160360591329,
      6.0159746320308916,
      1.1719856347097029,
      3.260940310403496,
      0.14250090347480426,
      0.2695296757680514,
      0.6109265182678363,
      1.2120793125205576,
      2.7866850679086137,
      3.836776555253205,
      1.5810967747022961,
      6.133633089368175
    ],
    [
      3.203104617589628,
      3.5545918716809037,
      0.7028168843245072,
      5.830120360591329,
      6.003814632030892,
      1.0535856347097028,
      3.272460310403496,
      -0.3048590965251959,
      0.16840967576805144,
      0.4899665182678362,
      1.4373593125205575,
      2.5806050679086137,
      3.894376555253205,
      1.6553367747022962,
      6.185473089368175
    ],
    [
      3.299104617589628,
      3.564511871680904,
      0.7991368843245072,
      5.76932036059133,
      5.913894632030892,
      0.9556656347097029,
      3.527500310403496,
      -0.2235790965251958,
      0.4202496757680515,
      0.4576465182678362,
      1.5423193125205574,
      2.6836450679086137,
      3.723816555253205,
      1.380776774702296,
      6.147713089368175
    ],
    [
      3.466784617589628,
      3.389151871680904,
      0.5066568843245072,
      6.13732036059133,
      6.087974632030892,
      0.749585634709703,
      3.457740310403496,
      -0.4629390965251959,
      0.21416967576805146,
      0.43204651826783624,
      1.7227993125205576,
      2.515965067908614,
      3.666216555253205,
      1.133096774702296,
      6.030593089368175
    ],
    [
      3.564704617589628,
      3.336031871680904,
      0.5239368843245072,
      6.12452036059133,
      6.263974632030892,
      0.767505634709703,
      3.498060310403496,
      -0.4059790965251957,
      0.06184967576805145,
      0.38084651826783633,
      1.9115993125205577,
      2.402045067908614,
      3.669416555253205,
      1.375016774702296,
      6.029313089368175
    ],
    [
      3.396704617589628,
      3.202271871680904,
      0.44009688432450716,
      5.89572036059133,
      6.218854632030892,
      0.8807856347097032,
      3.592140310403496,
      -0.6050190965251957,
      0.1223296757680514,
      0.24644651826783634,
      1.5493593125205576,
      2.433085067908614,
      3.7417365552532056,
      1.3394967747022961,
      5.916993089368176
    ],
    [
      3.2197446175896283,
      3.225311871680904,
      0.5463368843245073,
      6.04804036059133,
      6.451814632030892,
      1.0727856347097033,
      3.446220310403496,
      -0.6856590965251959,
      0.03528967576805134,
      0.05060651826783624,
      1.6933593125205577,
      2.229565067908614,
      3.9193365552532056,
      1.5958167747022962,
      5.842753089368176
    ],
    [
      3.118624617589628,
      3.290271871680904,
      0.5671368843245074,
      6.399080360591331,
      6.3055746320308925,
      0.9291056347097032,
      3.182540310403496,
      -0.5637390965251958,
      -0.15127032423194872,
      0.03652651826783635,
      1.6341593125205578,
      2.131005067908614,
      3.9366165552532055,
      1.315176774702296,
      5.860673089368176
    ],
    [
      3.176544617589628,
      3.385311871680904,
      0.2656968843245072,
      6.445800360591331,
      6.1430146320308925,
      0.9956656347097032,
      3.116300310403496,
      -0.4347790965251958,
      0.07432967576805127,
      0.17860651826783647,
      1.5288793125205578,
      1.964605067908614,
      3.9202965552532056,
      1.497576774702296,
      5.864193089368176
    ],
    [
      2.796384617589628,
      3.270111871680904,
      0.31177688432450723,
      6.774120360591331,
      6.004774632030893,
      0.9956656347097032,
      3.256460310403496,
      -0.2830990965251956,
      0.26056967576805135,
      0.3475665182678365,
      1.5691993125205577,
      2.214205067908614,
      3.5708565552532052,
      1.5839767747022961,
      5.812353089368176
    ],
    [
      2.702304617589628,
      3.012511871680904,
      0.23305688432450716,
      6.703720360591331,
      6.116774632030893,
      0.9537456347097031,
      3.124620310403496,
      -0.3160590965251956,
      0.24616967576805132,
      0.3120465182678364,
      1.5759193125205577,
      2.241085067908614,
      3.5945365552532054,
      1.7087767747022962,
      5.725313089368176
    ],
    [
      2.724064617589628,
      2.6339518716809036,
      0.3812168843245072,
      6.84996036059133,
      6.008614632030893,
      0.9627056347097033,
      3.081420310403496,
      -0.7512590965251955,
      0.2074496757680513,
      0.16484651826783636,
      1.3839193125205576,
      2.087165067908614,
      3.4879765552532054,
      1.658216774702296,
      5.579073089368176
    ],
    [
      2.610784617589628,
      2.6291518716809037,
      0.22857688432450707,
      6.91204036059133,
      5.904614632030893,
      0.8369456347097033,
      3.0071803104034958,
      -0.5880590965251954,
      0.18248967576805133,
      0.45316651826783644,
      1.3698393125205575,
      2.014205067908614,
      3.459816555253205,
      1.811816774702296,
      5.693313089368176
    ],
    [
      2.635744617589628,
      2.8048318716809035,
      0.08297688432450706,
      6.94020036059133,
      6.005094632030893,
      0.8881456347097033,
      2.703500310403496,
      -0.5861390965251952,
      0.17832967576805137,
      0.25956651826783633,
      1.3896793125205575,
      2.080125067908614,
      3.319016555253205,
      1.919656774702296,
      5.804673089368176
    ],
    [
      2.6901446175896284,
      2.8726718716809034,
      0.2320968843245071,
      6.65860036059133,
      5.9948546320308935,
      1.0756656347097036,
      2.647180310403496,
      -0.6910990965251952,
      0.20392967576805143,
      0.3242065182678363,
      1.4683993125205577,
      2.161405067908614,
      3.279976555253205,
      1.7526167747022958,
      5.772033089368176
    ],
    [
      2.6869446175896283,
      2.9830718716809033,
      0.30121688432450716,
      6.63108036059133,
      5.834214632030894,
      1.1147056347097037,
      2.444620310403496,
      -0.7624590965251952,
      0.11528967576805144,
      0.3574865182678363,
      1.4450393125205576,
      2.296445067908614,
      3.422376555253205,
      1.7839767747022959,
      5.8680330893681765
    ],
    [
      2.5467846175896285,
      2.8934718716809034,
      0.3178568843245072,
      6.76228036059133,
      5.859174632030894,
      1.3111856347097037,
      2.4356603104034957,
      -0.5467790965251952,
      -0.1560703242319486,
      0.6397265182678364,
      1.5128793125205577,
      2.262525067908614,
      3.251496555253205,
      1.6726167747022957,
      5.855873089368177
    ],
    [
      2.4469446175896286,
      2.8448318716809036,
      0.27561688432450726,
      7.02852036059133,
      5.719654632030894,
      1.556945634709704,
      2.5367803104034956,
      -0.8539790965251954,
      -0.24823032423194868,
      0.7869265182678364,
      1.5810393125205577,
      2.5198050679086137,
      3.243816555253205,
      1.7324567747022959,
      6.010753089368177
    ],
    [
      2.4591046175896287,
      2.9088318716809036,
      0.3018568843245074,
      7.077160360591329,
      5.528294632030893,
      1.6580656347097038,
      2.4683003104034955,
      -0.9448590965251955,
      -0.11319032423194866,
      0.8605265182678364,
      1.5247193125205576,
      2.629245067908614,
      3.347496555253205,
      1.6434967747022957,
      6.0075530893681774
    ],
    [
      2.3048646175896286,
      2.6489918716809036,
      0.30761688432450746,
      7.290280360591329,
      5.708774632030893,
      1.617745634709704,
      2.1399803104034953,
      -0.9064590965251955,
      -0.08119032423194866,
      0.7018065182678364,
      1.4824793125205575,
      2.567165067908614,
      3.346856555253205,
      1.815016774702296,
      5.930753089368177
    ]
  ],
  "cost_vals": [],
  "step_size": 0.1,
  "opt_step_times": [
    0.21902894973754883,
    0.14962196350097656,
    0.15349102020263672,
    0.15396475791931152,
    0.1611649990081787,
    0.16962409019470215,
    0.19127297401428223,
    0.15581226348876953,
    0.1503431797027588,
    0.15041184425354004,
    0.15194487571716309,
    0.17838788032531738,
    0.1612839698791504,
    0.14955806732177734,
    0.14893102645874023,
    0.15978288650512695,
    0.23030710220336914,
    0.15806102752685547,
    0.16203904151916504,
    0.14976286888122559
  ],
  "opt_settings": [
    2.3048646175896286,
    2.6489918716809036,
    0.30761688432450746,
    7.290280360591329,
    5.708774632030893,
    1.617745634709704,
    2.1399803104034953,
    -0.9064590965251955,
    -0.08119032423194866,
    0.7018065182678364,
    1.4824793125205575,
    2.567165067908614,
    3.346856555253205,
    1.815016774702296,
    5.930753089368177
  ],
  "min_cost": null,
  "datetime": "2023-05-30T16-42-01Z",
  "step_only": true,
  "ibm_device": "default.qubit",
  "shots": 10,
  "prep_node_name": "W_state_2-qubit_ghz_state",
  "num_qubits": 5,
  "error": false,
  "cov_mats": [
    [
      [
        0.84,
        0.4800000000000001,
        0.3600000000000001,
        -0.32000000000000006,
        -0.32000000000000006
      ],
      [
        0.4800000000000001,
        0.96,
        0.7200000000000001,
        0.16,
        0.16
      ],
      [
        0.3600000000000001,
        0.7200000000000001,
        0.84,
        0.32000000000000006,
        0.32000000000000006
      ],
      [
        -0.32000000000000006,
        0.16,
        0.32000000000000006,
        0.96,
        0.96
      ],
      [
        -0.32000000000000006,
        0.16,
        0.32000000000000006,
        0.96,
        0.96
      ]
    ],
    [
      [
        0.6399999999999999,
        -0.32000000000000006,
        -0.08000000000000002,
        0.48000000000000004,
        0.48000000000000004
      ],
      [
        -0.32000000000000006,
        0.96,
        0.6400000000000001,
        0.15999999999999998,
        0.15999999999999998
      ],
      [
        -0.08000000000000002,
        0.6400000000000001,
        0.96,
        0.24,
        0.24
      ],
      [
        0.48000000000000004,
        0.15999999999999998,
        0.24,
        0.96,
        0.96
      ],
      [
        0.48000000000000004,
        0.15999999999999998,
        0.24,
        0.96,
        0.96
      ]
    ],
    [
      [
        0.96,
        -0.48,
        0.4800000000000001,
        -0.5599999999999999,
        -0.5599999999999999
      ],
      [
        -0.48,
        0.84,
        0.36,
        0.48,
        0.48
      ],
      [
        0.4800000000000001,
        0.36,
        0.8400000000000001,
        -0.07999999999999993,
        -0.07999999999999993
      ],
      [
        -0.5599999999999999,
        0.48,
        -0.07999999999999993,
        0.96,
        0.96
      ],
      [
        -0.5599999999999999,
        0.48,
        -0.07999999999999993,
        0.96,
        0.96
      ]
    ],
    [
      [
        0.6399999999999999,
        0.08000000000000002,
        0.4,
        -0.32,
        -0.32
      ],
      [
        0.08000000000000002,
        0.96,
        0.8,
        0.56,
        0.56
      ],
      [
        0.4,
        0.8,
        1.0,
        0.4,
        0.4
      ],
      [
        -0.32,
        0.56,
        0.4,
        0.96,
        0.96
      ],
      [
        -0.32,
        0.56,
        0.4,
        0.96,
        0.96
      ]
    ],
    [
      [
        0.96,
        0.0,
        0.8,
        0.32000000000000006,
        0.16
      ],
      [
        0.0,
        0.0,
        0.0,
        0.0,
        0.0
      ],
      [
        0.8,
        0.0,
        1.0,
        0.2,
        -5.551115123125783e-17
      ],
      [
        0.32000000000000006,
        0.0,
        0.2,
        0.84,
        0.7200000000000001
      ],
      [
        0.16,
        0.0,
        -5.551115123125783e-17,
        0.7200000000000001,
        0.96
      ]
    ],
    [
      [
        1.0,
        -0.8,
        -0.4,
        0.6,
        0.6
      ],
      [
        -0.8,
        0.96,
        0.6400000000000001,
        -0.7200000000000001,
        -0.7200000000000001
      ],
      [
        -0.4,
        0.6400000000000001,
        0.96,
        -0.48,
        -0.48
      ],
      [
        0.6,
        -0.7200000000000001,
        -0.48,
        0.8400000000000001,
        0.8400000000000001
      ],
      [
        0.6,
        -0.7200000000000001,
        -0.48,
        0.8400000000000001,
        0.8400000000000001
      ]
    ],
    [
      [
        0.84,
        -0.3600000000000001,
        0.48000000000000004,
        0.19999999999999998,
        0.32000000000000006
      ],
      [
        -0.3600000000000001,
        0.84,
        0.48000000000000004,
        0.19999999999999998,
        0.32000000000000006
      ],
      [
        0.48000000000000004,
        0.48000000000000004,
        0.96,
        0.4,
        0.6400000000000001
      ],
      [
        0.19999999999999998,
        0.19999999999999998,
        0.4,
        1.0,
        0.8
      ],
      [
        0.32000000000000006,
        0.32000000000000006,
        0.6400000000000001,
        0.8,
        0.96
      ]
    ],
    [
      [
        0.84,
        -0.7200000000000001,
        0.0,
        -0.19999999999999998,
        -0.19999999999999998
      ],
      [
        -0.7200000000000001,
        0.96,
        0.0,
        0.4,
        0.4
      ],
      [
        0.0,
        0.0,
        0.0,
        0.0,
        0.0
      ],
      [
        -0.19999999999999998,
        0.4,
        0.0,
        1.0,
        1.0
      ],
      [
        -0.19999999999999998,
        0.4,
        0.0,
        1.0,
        1.0
      ]
    ],
    [
      [
        0.84,
        -0.48,
        0.36,
        -0.48,
        -0.48
      ],
      [
        -0.48,
        0.96,
        0.4800000000000001,
        0.15999999999999998,
        0.15999999999999998
      ],
      [
        0.36,
        0.4800000000000001,
        0.8400000000000001,
        -0.32,
        -0.32
      ],
      [
        -0.48,
        0.15999999999999998,
        -0.32,
        0.96,
        0.96
      ],
      [
        -0.48,
        0.15999999999999998,
        -0.32,
        0.96,
        0.96
      ]
    ],
    [
      [
        0.96,
        -0.6400000000000001,
        0.32000000000000006,
        0.5599999999999999,
        0.5599999999999999
      ],
      [
        -0.6400000000000001,
        0.96,
        0.32000000000000006,
        -0.23999999999999994,
        -0.23999999999999994
      ],
      [
        0.32000000000000006,
        0.32000000000000006,
        0.6399999999999999,
        0.32,
        0.32
      ],
      [
        0.5599999999999999,
        -0.23999999999999994,
        0.32,
        0.96,
        0.96
      ],
      [
        0.5599999999999999,
        -0.23999999999999994,
        0.32,
        0.96,
        0.96
      ]
    ],
    [
      [
        1.0,
        -0.6,
        0.4,
        0.20000000000000007,
        0.20000000000000007
      ],
      [
        -0.6,
        0.8400000000000001,
        0.24000000000000002,
        -0.36,
        -0.36
      ],
      [
        0.4,
        0.24000000000000002,
        0.6399999999999999,
        -0.15999999999999998,
        -0.15999999999999998
      ],
      [
        0.20000000000000007,
        -0.36,
        -0.15999999999999998,
        0.8400000000000001,
        0.8400000000000001
      ],
      [
        0.20000000000000007,
        -0.36,
        -0.15999999999999998,
        0.8400000000000001,
        0.8400000000000001
      ]
    ],
    [
      [
        0.96,
        -0.48,
        0.4800000000000001,
        0.6400000000000001,
        0.6400000000000001
      ],
      [
        -0.48,
        0.84,
        0.36,
        -0.72,
        -0.72
      ],
      [
        0.4800000000000001,
        0.36,
        0.8400000000000001,
        -0.07999999999999999,
        -0.07999999999999999
      ],
      [
        0.6400000000000001,
        -0.72,
        -0.07999999999999999,
        0.96,
        0.96
      ],
      [
        0.6400000000000001,
        -0.72,
        -0.07999999999999999,
        0.96,
        0.96
      ]
    ],
    [
      [
        1.0,
        -0.6000000000000001,
        0.0,
        -0.20000000000000007,
        -0.20000000000000007
      ],
      [
        -0.6000000000000001,
        0.8400000000000001,
        0.48000000000000004,
        -0.19999999999999998,
        -0.19999999999999998
      ],
      [
        0.0,
        0.48000000000000004,
        0.96,
        -0.4,
        -0.4
      ],
      [
        -0.20000000000000007,
        -0.19999999999999998,
        -0.4,
        1.0,
        1.0
      ],
      [
        -0.20000000000000007,
        -0.19999999999999998,
        -0.4,
        1.0,
        1.0
      ]
    ],
    [
      [
        1.0,
        -1.0,
        -0.19999999999999996,
        -0.6000000000000001,
        -0.6000000000000001
      ],
      [
        -1.0,
        1.0,
        0.19999999999999996,
        0.6000000000000001,
        0.6000000000000001
      ],
      [
        -0.19999999999999996,
        0.19999999999999996,
        0.3599999999999999,
        0.28,
        0.28
      ],
      [
        -0.6000000000000001,
        0.6000000000000001,
        0.28,
        0.8400000000000001,
        0.8400000000000001
      ],
      [
        -0.6000000000000001,
        0.6000000000000001,
        0.28,
        0.8400000000000001,
        0.8400000000000001
      ]
    ],
    [
      [
        1.0,
        -0.8,
        0.0,
        0.19999999999999996,
        0.19999999999999996
      ],
      [
        -0.8,
        0.96,
        0.32,
        -0.15999999999999998,
        -0.15999999999999998
      ],
      [
        0.0,
        0.32,
        0.6399999999999999,
        -0.31999999999999995,
        -0.31999999999999995
      ],
      [
        0.19999999999999996,
        -0.15999999999999998,
        -0.31999999999999995,
        0.3599999999999999,
        0.3599999999999999
      ],
      [
        0.19999999999999996,
        -0.15999999999999998,
        -0.31999999999999995,
        0.3599999999999999,
        0.3599999999999999
      ]
    ],
    [
      [
        0.6400000000000001,
        0.0,
        0.5600000000000002,
        0.1600000000000001,
        0.1600000000000001
      ],
      [
        0.0,
        0.0,
        0.0,
        0.0,
        0.0
      ],
      [
        0.5600000000000002,
        0.0,
        0.8400000000000001,
        0.44000000000000006,
        0.44000000000000006
      ],
      [
        0.1600000000000001,
        0.0,
        0.44000000000000006,
        0.8400000000000001,
        0.8400000000000001
      ],
      [
        0.1600000000000001,
        0.0,
        0.44000000000000006,
        0.8400000000000001,
        0.8400000000000001
      ]
    ],
    [
      [
        0.8400000000000001,
        -0.32000000000000006,
        -0.04000000000000006,
        -0.4400000000000001,
        -0.4400000000000001
      ],
      [
        -0.32000000000000006,
        0.96,
        0.7200000000000001,
        0.32000000000000006,
        0.32000000000000006
      ],
      [
        -0.04000000000000006,
        0.7200000000000001,
        0.8400000000000001,
        0.04000000000000001,
        0.04000000000000001
      ],
      [
        -0.4400000000000001,
        0.32000000000000006,
        0.04000000000000001,
        0.84,
        0.84
      ],
      [
        -0.4400000000000001,
        0.32000000000000006,
        0.04000000000000001,
        0.84,
        0.84
      ]
    ],
    [
      [
        0.3599999999999999,
        -0.19999999999999998,
        -0.19999999999999998,
        0.23999999999999996,
        0.28
      ],
      [
        -0.19999999999999998,
        1.0,
        0.6000000000000001,
        -0.4000000000000001,
        -0.2
      ],
      [
        -0.19999999999999998,
        0.6000000000000001,
        1.0,
        5.551115123125783e-17,
        -0.2
      ],
      [
        0.23999999999999996,
        -0.4000000000000001,
        5.551115123125783e-17,
        0.96,
        0.7200000000000002
      ],
      [
        0.28,
        -0.2,
        -0.2,
        0.7200000000000002,
        0.8400000000000001
      ]
    ],
    [
      [
        0.96,
        -0.48000000000000004,
        -0.15999999999999998,
        -0.4,
        -0.4
      ],
      [
        -0.48000000000000004,
        0.84,
        0.48000000000000004,
        -0.19999999999999998,
        -0.19999999999999998
      ],
      [
        -0.15999999999999998,
        0.48000000000000004,
        0.96,
        -0.4,
        -0.4
      ],
      [
        -0.4,
        -0.19999999999999998,
        -0.4,
        1.0,
        1.0
      ],
      [
        -0.4,
        -0.19999999999999998,
        -0.4,
        1.0,
        1.0
      ]
    ],
    [
      [
        0.84,
        -0.48000000000000004,
        -0.19999999999999998,
        -0.08000000000000002,
        -0.08000000000000002
      ],
      [
        -0.48000000000000004,
        0.96,
        0.8,
        0.16,
        0.16
      ],
      [
        -0.19999999999999998,
        0.8,
        1.0,
        0.0,
        0.0
      ],
      [
        -0.08000000000000002,
        0.16,
        0.0,
        0.96,
        0.96
      ],
      [
        -0.08000000000000002,
        0.16,
        0.0,
        0.96,
        0.96
      ]
    ],
    [
      [
        0.84,
        -0.6000000000000001,
        -0.44,
        -0.20000000000000004,
        -0.20000000000000004
      ],
      [
        -0.6000000000000001,
        1.0,
        0.6000000000000001,
        -0.2,
        -0.2
      ],
      [
        -0.44,
        0.6000000000000001,
        0.8400000000000001,
        -0.19999999999999998,
        -0.19999999999999998
      ],
      [
        -0.20000000000000004,
        -0.2,
        -0.19999999999999998,
        1.0,
        1.0
      ],
      [
        -0.20000000000000004,
        -0.2,
        -0.19999999999999998,
        1.0,
        1.0
      ]
    ]
  ]
}