{
  "settings_list": [
    [
      4.191411616725887,
      1.2307999750058352,
      3.4052306850853777,
      2.3321193435596865,
      3.3511020659008635,
      3.4423213316301524,
      2.452823847979849,
      4.245521294960342,
      1.1739529421172976,
      5.468937031659082,
      6.091745408495426,
      1.8137845528866385,
      5.990347480259474,
      1.4216192982870381,
      2.254077488613739
    ],
    [
      4.273011616725887,
      1.3325599750058352,
      3.526190685085378,
      2.2533993435596864,
      3.1725420659008634,
      3.2724013316301526,
      2.346263847979849,
      4.482641294960342,
      1.3323529421172977,
      5.357577031659082,
      6.1647054084954265,
      1.6189045528866386,
      6.001867480259474,
      1.364019298287038,
      2.033277488613739
    ],
    [
      4.322931616725887,
      1.2467999750058352,
      3.556910685085378,
      2.2546793435596864,
      3.1418220659008633,
      3.0996013316301525,
      2.617623847979849,
      4.506961294960342,
      1.3886729421172976,
      5.587977031659082,
      6.1647054084954265,
      1.8787445528866387,
      5.955787480259474,
      1.2897792982870382,
      1.8604774886137387
    ],
    [
      4.327731616725887,
      1.1555999750058352,
      3.609710685085378,
      2.2930793435596866,
      3.0938220659008633,
      3.1300013316301527,
      2.761623847979849,
      4.364561294960342,
      1.4734729421172976,
      5.813577031659082,
      6.302305408495426,
      1.8147445528866386,
      5.955787480259474,
      0.9409792982870382,
      1.8332774886137388
    ],
    [
      4.356211616725887,
      1.1527199750058352,
      3.4465106850853777,
      2.1241193435596863,
      2.9709420659008634,
      3.111121331630153,
      2.689943847979849,
      4.474641294960342,
      1.5147529421172978,
      5.949257031659082,
      6.602785408495427,
      1.8742645528866386,
      6.068427480259474,
      0.9240192982870382,
      1.7379174886137387
    ],
    [
      4.438771616725887,
      1.0835999750058352,
      3.4356306850853775,
      1.917399343559686,
      3.246782065900863,
      3.2135213316301527,
      2.808343847979849,
      4.384401294960342,
      1.4104329421172979,
      6.125897031659082,
      6.797345408495427,
      1.7648245528866386,
      6.152267480259474,
      0.7889792982870382,
      1.8159974886137389
    ],
    [
      4.407411616725887,
      0.8320799750058351,
      3.3300306850853776,
      1.8284393435596862,
      3.4375020659008633,
      3.1495213316301527,
      2.672023847979849,
      4.343441294960342,
      1.2369929421172976,
      6.369097031659082,
      6.616225408495427,
      1.9088245528866388,
      6.477387480259474,
      0.470259298287038,
      1.797437488613739
    ],
    [
      4.5366916167258875,
      1.107919975005835,
      3.2589906850853776,
      1.3183593435596865,
      3.2803820659008633,
      3.5584813316301527,
      2.2221038479798487,
      4.186001294960342,
      0.8661129421172977,
      6.152777031659082,
      6.340385408495427,
      1.8883445528866387,
      6.346187480259474,
      0.5726592982870381,
      1.788477488613739
    ],
    [
      4.691891616725887,
      0.8266399750058351,
      3.1716306850853777,
      1.2146793435596865,
      3.230462065900863,
      3.7476013316301526,
      2.165783847979849,
      4.315921294960342,
      0.8744329421172978,
      6.1870170316590825,
      6.615265408495427,
      2.185944552886639,
      6.230987480259475,
      0.46353929828703816,
      1.9449574886137388
    ],
    [
      4.700851616725887,
      0.8637599750058351,
      3.1524306850853776,
      1.1090793435596866,
      3.3443820659008634,
      3.8269613316301525,
      2.134423847979849,
      4.321681294960342,
      0.8705929421172979,
      6.210697031659082,
      6.562785408495427,
      2.164184552886639,
      6.248267480259475,
      0.4654592982870382,
      1.969917488613739
    ],
    [
      4.665011616725887,
      0.9127199750058353,
      3.1853906850853777,
      1.2329193435596866,
      3.5859820659008634,
      4.016401331630153,
      2.319383847979849,
      4.232721294960342,
      0.7784329421172979,
      6.2394970316590825,
      6.4178254084954265,
      1.9699445528866388,
      6.164747480259475,
      0.4024192982870382,
      2.031357488613739
    ],
    [
      4.771571616725887,
      1.0586399750058355,
      3.418350685085378,
      1.4117993435596867,
      3.7616620659008637,
      3.9725613316301525,
      2.4233838479798493,
      4.583121294960343,
      0.7281929421172979,
      6.3025370316590825,
      6.346465408495426,
      2.0464245528866387,
      6.257227480259475,
      0.4190592982870382,
      2.089917488613739
    ],
    [
      5.095411616725887,
      0.7779999750058353,
      3.5402706850853782,
      1.2450793435596865,
      3.515902065900864,
      4.015761331630152,
      2.367703847979849,
      4.702481294960343,
      0.5845129421172979,
      6.023497031659082,
      6.267105408495426,
      2.2541045528866386,
      6.000907480259475,
      0.2392192982870382,
      2.1891174886137392
    ],
    [
      5.012851616725887,
      0.7571999750058354,
      3.498350685085378,
      1.3657193435596866,
      3.729662065900864,
      3.986001331630152,
      2.536023847979849,
      4.540561294960343,
      0.7304329421172979,
      6.268937031659083,
      6.288225408495426,
      2.3363445528866387,
      6.229707480259475,
      -0.05038070171296194,
      2.2838374886137394
    ],
    [
      4.782451616725886,
      1.2026399750058356,
      3.165550685085378,
      0.8613993435596865,
      3.8115820659008643,
      3.502161331630152,
      2.616663847979849,
      4.549521294960343,
      0.750912942117298,
      6.180617031659082,
      6.390625408495426,
      2.373464552886639,
      6.394827480259475,
      -0.04782070171296189,
      2.3811174886137394
    ],
    [
      4.775411616725886,
      1.4749599750058358,
      3.0317906850853777,
      0.6757993435596865,
      3.9741420659008644,
      3.7213613316301517,
      2.374103847979849,
      4.684881294960343,
      0.6107529421172979,
      5.947977031659082,
      6.410785408495426,
      2.786264552886639,
      6.411467480259475,
      0.08081929828703817,
      2.0275174886137393
    ],
    [
      4.209651616725886,
      1.6759199750058358,
      3.1073106850853778,
      0.5157993435596864,
      4.237822065900865,
      3.6356013316301516,
      2.556183847979849,
      4.448401294960343,
      0.2753929421172978,
      6.0804570316590825,
      6.589025408495425,
      3.0742645528866395,
      6.283467480259475,
      -0.10734070171296188,
      1.9481574886137392
    ],
    [
      4.013811616725887,
      1.5418399750058356,
      3.1786706850853776,
      0.6351593435596865,
      4.261822065900865,
      3.7722413316301515,
      2.396503847979849,
      4.4756012949603425,
      0.18323294211729785,
      6.3806170316590824,
      6.640225408495425,
      2.8054645528866393,
      6.526987480259475,
      -0.06062070171296183,
      2.071677488613739
    ],
    [
      3.8976516167258866,
      1.8042399750058358,
      3.2759506850853777,
      0.7340393435596867,
      4.114622065900865,
      3.7447213316301515,
      2.7014638479798494,
      4.474961294960343,
      -0.019647057882702212,
      6.602057031659083,
      6.812705408495425,
      2.8019445528866394,
      6.352587480259475,
      0.11121929828703828,
      1.8694374886137388
    ],
    [
      3.811891616725887,
      1.5059999750058357,
      3.392430685085378,
      0.7583593435596868,
      4.319422065900865,
      4.081361331630152,
      2.7424238479798495,
      4.681041294960343,
      0.10835294211729785,
      6.392137031659082,
      6.762785408495425,
      2.557464552886639,
      6.320587480259475,
      0.1163392982870384,
      1.6723174886137389
    ],
    [
      3.799091616725887,
      1.5517599750058357,
      3.468910685085378,
      0.6130793435596866,
      4.381182065900864,
      3.928081331630152,
      2.8237038479798495,
      4.520081294960343,
      0.21715294211729796,
      6.288137031659082,
      6.150625408495425,
      2.8032245528866393,
      6.144587480259474,
      0.30193929828703836,
      1.6447974886137389
    ]
  ],
  "cost_vals": [],
  "step_size": 0.1,
  "opt_step_times": [
    0.2458820343017578,
    0.1763451099395752,
    0.18978309631347656,
    0.1612851619720459,
    0.14922881126403809,
    0.18471407890319824,
    0.17142820358276367,
    0.1450512409210205,
    0.16224408149719238,
    0.1578381061553955,
    0.16332411766052246,
    0.17444682121276855,
    0.13967490196228027,
    0.14393997192382812,
    0.14733481407165527,
    0.148695707321167,
    0.21529507637023926,
    0.15331315994262695,
    0.16422104835510254,
    0.15271496772766113
  ],
  "opt_settings": [
    3.799091616725887,
    1.5517599750058357,
    3.468910685085378,
    0.6130793435596866,
    4.381182065900864,
    3.928081331630152,
    2.8237038479798495,
    4.520081294960343,
    0.21715294211729796,
    6.288137031659082,
    6.150625408495425,
    2.8032245528866393,
    6.144587480259474,
    0.30193929828703836,
    1.6447974886137389
  ],
  "min_cost": null,
  "datetime": "2023-05-30T16-39-41Z",
  "step_only": true,
  "ibm_device": "default.qubit",
  "shots": 10,
  "prep_node_name": "W_state_2-qubit_ghz_state",
  "num_qubits": 5,
  "error": false,
  "cov_mats": [
    [
      [
        0.84,
        -0.08000000000000006,
        -0.3600000000000001,
        0.7200000000000001,
        0.04000000000000001
      ],
      [
        -0.08000000000000006,
        0.96,
        0.32,
        -0.24000000000000007,
        -0.08000000000000004
      ],
      [
        -0.3600000000000001,
        0.32,
        0.84,
        -0.48000000000000004,
        0.04000000000000001
      ],
      [
        0.7200000000000001,
        -0.24000000000000007,
        -0.48000000000000004,
        0.96,
        0.32
      ],
      [
        0.04000000000000001,
        -0.08000000000000004,
        0.04000000000000001,
        0.32,
        0.8400000000000001
      ]
    ],
    [
      [
        0.96,
        0.8,
        -0.48000000000000004,
        0.32,
        -0.56
      ],
      [
        0.8,
        1.0,
        -0.6000000000000001,
        0.6000000000000001,
        -0.4000000000000001
      ],
      [
        -0.48000000000000004,
        -0.6000000000000001,
        0.84,
        -0.36000000000000004,
        0.08000000000000002
      ],
      [
        0.32,
        0.6000000000000001,
        -0.36000000000000004,
        0.8400000000000001,
        -0.32000000000000006
      ],
      [
        -0.56,
        -0.4000000000000001,
        0.08000000000000002,
        -0.32000000000000006,
        0.96
      ]
    ],
    [
      [
        0.96,
        -0.32000000000000006,
        -0.07999999999999999,
        0.32000000000000006,
        -0.16000000000000003
      ],
      [
        -0.32000000000000006,
        0.8400000000000001,
        0.16000000000000014,
        -0.04000000000000006,
        -0.07999999999999999
      ],
      [
        -0.07999999999999999,
        0.16000000000000014,
        0.6399999999999999,
        0.24000000000000005,
        -0.32
      ],
      [
        0.32000000000000006,
        -0.04000000000000006,
        0.24000000000000005,
        0.8400000000000001,
        -0.7200000000000001
      ],
      [
        -0.16000000000000003,
        -0.07999999999999999,
        -0.32,
        -0.7200000000000001,
        0.96
      ]
    ],
    [
      [
        1.0,
        0.8,
        -0.4000000000000001,
        0.20000000000000007,
        0.20000000000000007
      ],
      [
        0.8,
        0.96,
        -0.24000000000000005,
        0.4,
        0.4
      ],
      [
        -0.4000000000000001,
        -0.24000000000000005,
        0.96,
        0.0,
        0.0
      ],
      [
        0.20000000000000007,
        0.4,
        0.0,
        1.0,
        0.6000000000000001
      ],
      [
        0.20000000000000007,
        0.4,
        0.0,
        0.6000000000000001,
        1.0
      ]
    ],
    [
      [
        1.0,
        -0.20000000000000007,
        -0.2,
        0.20000000000000007,
        0.6000000000000001
      ],
      [
        -0.20000000000000007,
        1.0,
        -0.2,
        0.20000000000000007,
        -0.20000000000000007
      ],
      [
        -0.2,
        -0.2,
        0.8400000000000001,
        0.19999999999999998,
        0.19999999999999998
      ],
      [
        0.20000000000000007,
        0.20000000000000007,
        0.19999999999999998,
        1.0,
        0.6000000000000001
      ],
      [
        0.6000000000000001,
        -0.20000000000000007,
        0.19999999999999998,
        0.6000000000000001,
        1.0
      ]
    ],
    [
      [
        0.6399999999999999,
        0.07999999999999996,
        -0.48000000000000004,
        0.0,
        0.0
      ],
      [
        0.07999999999999996,
        0.96,
        0.24000000000000005,
        0.0,
        0.0
      ],
      [
        -0.48000000000000004,
        0.24000000000000005,
        0.96,
        0.0,
        0.0
      ],
      [
        0.0,
        0.0,
        0.0,
        1.0,
        1.0
      ],
      [
        0.0,
        0.0,
        0.0,
        1.0,
        1.0
      ]
    ],
    [
      [
        0.96,
        0.24000000000000013,
        -0.16,
        0.16,
        0.16
      ],
      [
        0.24000000000000013,
        0.96,
        0.56,
        -0.56,
        -0.56
      ],
      [
        -0.16,
        0.56,
        0.96,
        -0.96,
        -0.96
      ],
      [
        0.16,
        -0.56,
        -0.96,
        0.96,
        0.96
      ],
      [
        0.16,
        -0.56,
        -0.96,
        0.96,
        0.96
      ]
    ],
    [
      [
        0.96,
        0.6400000000000001,
        -0.08000000000000004,
        -0.23999999999999996,
        -0.48
      ],
      [
        0.6400000000000001,
        0.96,
        0.07999999999999993,
        -0.16,
        -0.32
      ],
      [
        -0.08000000000000004,
        0.07999999999999993,
        0.6399999999999999,
        -0.07999999999999996,
        0.24000000000000005
      ],
      [
        -0.23999999999999996,
        -0.16,
        -0.07999999999999996,
        0.96,
        0.7200000000000001
      ],
      [
        -0.48,
        -0.32,
        0.24000000000000005,
        0.7200000000000001,
        0.8400000000000001
      ]
    ],
    [
      [
        1.0,
        -5.551115123125783e-17,
        -0.8,
        0.2,
        0.2
      ],
      [
        -5.551115123125783e-17,
        0.96,
        0.24000000000000013,
        0.32,
        0.32
      ],
      [
        -0.8,
        0.24000000000000013,
        0.96,
        -0.32,
        -0.32
      ],
      [
        0.2,
        0.32,
        -0.32,
        0.8400000000000001,
        0.8400000000000001
      ],
      [
        0.2,
        0.32,
        -0.32,
        0.8400000000000001,
        0.8400000000000001
      ]
    ],
    [
      [
        0.96,
        0.4,
        0.08000000000000004,
        0.0,
        0.0
      ],
      [
        0.4,
        1.0,
        0.6000000000000001,
        0.20000000000000007,
        0.20000000000000007
      ],
      [
        0.08000000000000004,
        0.6000000000000001,
        0.8400000000000001,
        -0.19999999999999998,
        -0.19999999999999998
      ],
      [
        0.0,
        0.20000000000000007,
        -0.19999999999999998,
        1.0,
        1.0
      ],
      [
        0.0,
        0.20000000000000007,
        -0.19999999999999998,
        1.0,
        1.0
      ]
    ],
    [
      [
        0.96,
        0.24000000000000005,
        -0.32000000000000006,
        0.24000000000000002,
        0.24000000000000002
      ],
      [
        0.24000000000000005,
        0.96,
        0.32,
        -0.24000000000000005,
        -0.24000000000000005
      ],
      [
        -0.32000000000000006,
        0.32,
        0.8400000000000001,
        -0.48,
        -0.48
      ],
      [
        0.24000000000000002,
        -0.24000000000000005,
        -0.48,
        0.96,
        0.96
      ],
      [
        0.24000000000000002,
        -0.24000000000000005,
        -0.48,
        0.96,
        0.96
      ]
    ],
    [
      [
        1.0,
        -0.20000000000000007,
        -0.8,
        0.0,
        -0.2
      ],
      [
        -0.20000000000000007,
        1.0,
        0.4000000000000001,
        -0.4000000000000001,
        -0.2
      ],
      [
        -0.8,
        0.4000000000000001,
        0.96,
        -0.24000000000000007,
        -0.08000000000000004
      ],
      [
        0.0,
        -0.4000000000000001,
        -0.24000000000000007,
        0.96,
        0.7200000000000002
      ],
      [
        -0.2,
        -0.2,
        -0.08000000000000004,
        0.7200000000000002,
        0.8400000000000001
      ]
    ],
    [
      [
        1.0,
        0.39999999999999997,
        -0.6000000000000001,
        -0.20000000000000007,
        -0.20000000000000007
      ],
      [
        0.39999999999999997,
        0.6399999999999999,
        -0.24000000000000005,
        0.0,
        0.0
      ],
      [
        -0.6000000000000001,
        -0.24000000000000005,
        0.8400000000000001,
        0.19999999999999998,
        0.19999999999999998
      ],
      [
        -0.20000000000000007,
        0.0,
        0.19999999999999998,
        1.0,
        1.0
      ],
      [
        -0.20000000000000007,
        0.0,
        0.19999999999999998,
        1.0,
        1.0
      ]
    ],
    [
      [
        1.0,
        0.39999999999999997,
        -0.2,
        -0.2,
        -0.2
      ],
      [
        0.39999999999999997,
        0.6399999999999999,
        0.4,
        -0.15999999999999992,
        -0.15999999999999992
      ],
      [
        -0.2,
        0.4,
        1.0,
        0.2,
        0.2
      ],
      [
        -0.2,
        -0.15999999999999992,
        0.2,
        0.84,
        0.84
      ],
      [
        -0.2,
        -0.15999999999999992,
        0.2,
        0.84,
        0.84
      ]
    ],
    [
      [
        0.96,
        0.16,
        -0.32000000000000006,
        -5.551115123125783e-17,
        -5.551115123125783e-17
      ],
      [
        0.16,
        0.96,
        0.08000000000000004,
        -5.551115123125783e-17,
        -5.551115123125783e-17
      ],
      [
        -0.32000000000000006,
        0.08000000000000004,
        0.8400000000000001,
        -0.19999999999999998,
        -0.19999999999999998
      ],
      [
        -5.551115123125783e-17,
        -5.551115123125783e-17,
        -0.19999999999999998,
        1.0,
        1.0
      ],
      [
        -5.551115123125783e-17,
        -5.551115123125783e-17,
        -0.19999999999999998,
        1.0,
        1.0
      ]
    ],
    [
      [
        0.96,
        -0.56,
        0.07999999999999999,
        -0.08000000000000002,
        -0.08000000000000002
      ],
      [
        -0.56,
        0.96,
        0.32,
        -0.32000000000000006,
        -0.32000000000000006
      ],
      [
        0.07999999999999999,
        0.32,
        0.6399999999999999,
        0.16000000000000003,
        0.16000000000000003
      ],
      [
        -0.08000000000000002,
        -0.32000000000000006,
        0.16000000000000003,
        0.84,
        0.84
      ],
      [
        -0.08000000000000002,
        -0.32000000000000006,
        0.16000000000000003,
        0.84,
        0.84
      ]
    ],
    [
      [
        0.96,
        -0.24000000000000005,
        -0.56,
        0.07999999999999999,
        -0.16
      ],
      [
        -0.24000000000000005,
        0.96,
        0.24000000000000007,
        0.08000000000000004,
        0.24000000000000007
      ],
      [
        -0.56,
        0.24000000000000007,
        0.96,
        0.32,
        0.56
      ],
      [
        0.07999999999999999,
        0.08000000000000004,
        0.32,
        0.8400000000000001,
        0.7200000000000002
      ],
      [
        -0.16,
        0.24000000000000007,
        0.56,
        0.7200000000000002,
        0.96
      ]
    ],
    [
      [
        1.0,
        -0.6000000000000001,
        -0.6000000000000001,
        -0.4000000000000001,
        -0.4000000000000001
      ],
      [
        -0.6000000000000001,
        0.8400000000000001,
        0.6000000000000001,
        0.32000000000000006,
        0.32000000000000006
      ],
      [
        -0.6000000000000001,
        0.6000000000000001,
        1.0,
        -5.551115123125783e-17,
        -5.551115123125783e-17
      ],
      [
        -0.4000000000000001,
        0.32000000000000006,
        -5.551115123125783e-17,
        0.96,
        0.96
      ],
      [
        -0.4000000000000001,
        0.32000000000000006,
        -5.551115123125783e-17,
        0.96,
        0.96
      ]
    ],
    [
      [
        0.84,
        -0.7200000000000001,
        -0.7200000000000001,
        0.08000000000000006,
        0.08000000000000006
      ],
      [
        -0.7200000000000001,
        0.96,
        0.96,
        0.15999999999999998,
        0.15999999999999998
      ],
      [
        -0.7200000000000001,
        0.96,
        0.96,
        0.15999999999999998,
        0.15999999999999998
      ],
      [
        0.08000000000000006,
        0.15999999999999998,
        0.15999999999999998,
        0.96,
        0.96
      ],
      [
        0.08000000000000006,
        0.15999999999999998,
        0.15999999999999998,
        0.96,
        0.96
      ]
    ],
    [
      [
        0.6399999999999999,
        -0.6399999999999999,
        -0.6399999999999999,
        -0.15999999999999998,
        -0.15999999999999998
      ],
      [
        -0.6399999999999999,
        0.6399999999999999,
        0.6399999999999999,
        0.15999999999999998,
        0.15999999999999998
      ],
      [
        -0.6399999999999999,
        0.6399999999999999,
        0.6399999999999999,
        0.15999999999999998,
        0.15999999999999998
      ],
      [
        -0.15999999999999998,
        0.15999999999999998,
        0.15999999999999998,
        0.8400000000000001,
        0.8400000000000001
      ],
      [
        -0.15999999999999998,
        0.15999999999999998,
        0.15999999999999998,
        0.8400000000000001,
        0.8400000000000001
      ]
    ],
    [
      [
        0.96,
        -0.32,
        -0.6400000000000001,
        0.8,
        0.8
      ],
      [
        -0.32,
        0.8400000000000001,
        0.48000000000000004,
        -0.19999999999999998,
        -0.19999999999999998
      ],
      [
        -0.6400000000000001,
        0.48000000000000004,
        0.96,
        -0.4,
        -0.4
      ],
      [
        0.8,
        -0.19999999999999998,
        -0.4,
        1.0,
        1.0
      ],
      [
        0.8,
        -0.19999999999999998,
        -0.4,
        1.0,
        1.0
      ]
    ]
  ]
}