{
  "settings_list": [
    [
      3.204047336490451,
      0.15206822242007118,
      2.5066546788967212,
      0.9843576144216285,
      4.58741971491938,
      1.1893592002420208,
      1.5264757045448953,
      4.380225544654041,
      4.636892736759378,
      1.1469249805248765,
      1.5510328135661102,
      1.228588202264389,
      2.7241421833177712,
      3.287496488141496,
      5.917553303744172
    ],
    [
      3.1669273364904513,
      0.08422822242007116,
      2.5476146788967213,
      0.9081976144216285,
      4.655259714919381,
      1.2309592002420209,
      1.5949557045448952,
      4.343105544654041,
      4.672732736759379,
      0.8371649805248766,
      1.5324728135661103,
      1.239468202264389,
      2.736942183317771,
      3.4826964881414963,
      6.062193303744172
    ],
    [
      3.3659673364904514,
      0.1987882224200711,
      2.562974678896721,
      1.0854776144216285,
      4.524059714919381,
      1.360879200242021,
      1.5616757045448952,
      4.639425544654041,
      4.801372736759379,
      1.3120449805248766,
      1.4563128135661103,
      1.1927482022643892,
      2.534062183317771,
      3.6529364881414965,
      6.044273303744172
    ],
    [
      3.4120473364904513,
      0.12038822242007105,
      2.642974678896721,
      1.1341176144216285,
      4.402459714919381,
      1.573679200242021,
      1.5543157045448952,
      4.684865544654041,
      5.002332736759379,
      1.3763649805248765,
      1.5180728135661103,
      1.3210682022643891,
      2.5212621833177713,
      3.7124564881414965,
      6.108273303744172
    ],
    [
      3.840207336490451,
      0.07366822242007104,
      2.5981746788967213,
      1.0400376144216286,
      4.440219714919381,
      1.806639200242021,
      1.6119157045448953,
      4.697665544654042,
      4.877532736759379,
      1.3226049805248765,
      1.5110328135661104,
      1.4983482022643893,
      2.5519821833177714,
      3.9537364881414963,
      5.951473303744172
    ],
    [
      3.686607336490451,
      -0.07673177757992894,
      2.5277746788967215,
      1.0784376144216286,
      4.526619714919382,
      1.985839200242021,
      1.7303157045448954,
      4.560065544654042,
      4.925532736759379,
      1.1530049805248765,
      1.5846328135661103,
      1.4567482022643892,
      2.513582183317771,
      4.046536488141497,
      5.948273303744172
    ],
    [
      3.793487336490451,
      -0.23545177757992894,
      2.5079346788967216,
      1.1398776144216285,
      4.603419714919382,
      1.9128792002420212,
      1.6957557045448954,
      4.554945544654042,
      4.6592927367593795,
      1.1920449805248765,
      1.4988728135661105,
      1.4471482022643891,
      2.600622183317771,
      4.192456488141497,
      5.914353303744172
    ],
    [
      3.776847336490451,
      -0.11289177757992888,
      2.6679346788967218,
      0.9840376144216285,
      4.744539714919382,
      1.964719200242021,
      1.8826357045448954,
      4.607425544654042,
      4.685532736759379,
      1.2458049805248765,
      1.4079928135661106,
      1.548268202264389,
      2.3814221833177713,
      4.225416488141497,
      6.011313303744172
    ],
    [
      3.823567336490451,
      -0.2504917775799289,
      2.7882546788967217,
      0.9737976144216285,
      4.848219714919382,
      2.149679200242021,
      1.9139957045448954,
      4.316865544654042,
      4.673372736759379,
      1.2886849805248766,
      1.5443128135661106,
      1.554028202264389,
      2.3756621833177713,
      4.496136488141497,
      6.033713303744173
    ],
    [
      3.886607336490451,
      -0.07193177757992905,
      2.6615346788967216,
      1.0166776144216285,
      4.794459714919382,
      2.408559200242021,
      1.9651957045448953,
      4.624385544654042,
      4.56361273675938,
      1.0640449805248766,
      1.8153528135661106,
      1.2753082022643891,
      2.4387021833177713,
      4.695496488141497,
      6.083953303744172
    ],
    [
      3.801807336490451,
      0.15686822242007098,
      2.4599346788967216,
      1.1814776144216286,
      4.592859714919382,
      2.7701592002420212,
      2.1107957045448953,
      4.645185544654042,
      4.74121273675938,
      0.6032449805248765,
      1.1817528135661104,
      1.0353082022643891,
      2.3603021833177715,
      4.335496488141497,
      5.927153303744172
    ],
    [
      4.188367336490451,
      0.11718822242007097,
      2.2397746788967217,
      1.1725176144216285,
      4.491739714919382,
      2.7483992002420212,
      2.346315704544895,
      4.538945544654043,
      4.6592927367593795,
      0.35620498052487654,
      1.2611128135661103,
      0.8177082022643891,
      2.201582183317772,
      4.245896488141497,
      6.038513303744172
    ],
    [
      4.183887336490451,
      0.21894822242007103,
      1.9037746788967218,
      1.1257976144216284,
      4.528219714919382,
      2.865519200242021,
      2.437835704544895,
      4.407105544654042,
      4.47561273675938,
      0.10084498052487656,
      1.6233528135661102,
      0.683308202264389,
      2.139502183317772,
      4.4327764881414975,
      5.954033303744172
    ],
    [
      4.130127336490451,
      0.353988222420071,
      1.5316146788967218,
      0.8873976144216283,
      4.409819714919382,
      2.811119200242021,
      2.495435704544895,
      4.344385544654043,
      4.457372736759379,
      0.03716498052487663,
      1.50783281356611,
      0.5306682022643892,
      2.2041421833177717,
      4.265736488141497,
      6.168113303744172
    ],
    [
      4.261967336490452,
      0.510788222420071,
      1.4308146788967218,
      0.8329976144216283,
      4.419739714919382,
      2.827759200242021,
      2.563275704544895,
      4.336065544654042,
      4.37161273675938,
      -0.15195501947512335,
      1.61407281356611,
      0.719148202264389,
      2.2617421833177715,
      4.313096488141498,
      6.068593303744172
    ],
    [
      3.956047336490452,
      0.614468222420071,
      1.2810546788967216,
      0.7574776144216284,
      3.8053397149193824,
      2.8571992002420212,
      2.849355704544895,
      4.238145544654042,
      4.445852736759379,
      -0.3445950194751234,
      1.4265528135661099,
      1.201068202264389,
      2.3091021833177714,
      4.371976488141498,
      6.095473303744172
    ],
    [
      3.9035673364904517,
      0.918788222420071,
      0.9245746788967217,
      1.0547576144216284,
      4.085659714919382,
      2.931119200242021,
      2.992715704544895,
      4.303745544654042,
      4.563612736759379,
      -0.3442750194751234,
      1.4540728135661098,
      1.3450682022643892,
      2.079342183317771,
      4.487496488141498,
      5.935793303744172
    ],
    [
      3.8430873364904516,
      1.065988222420071,
      0.9012146788967217,
      0.9241976144216284,
      4.402139714919382,
      3.181359200242021,
      2.5715957045448947,
      4.413185544654042,
      4.470492736759379,
      -0.1429950194751235,
      1.3171128135661099,
      1.4967482022643892,
      2.163182183317771,
      4.459016488141498,
      5.809713303744172
    ],
    [
      3.7560473364904516,
      1.0455082224200711,
      1.0791346788967218,
      0.9792376144216284,
      4.407899714919382,
      3.233839200242021,
      2.5754357045448946,
      4.502145544654042,
      4.579292736759379,
      -0.14043501947512346,
      1.23455281356611,
      1.3431482022643892,
      2.2739021833177713,
      4.363656488141498,
      5.820593303744173
    ],
    [
      3.8491673364904515,
      1.061828222420071,
      1.2458546788967217,
      0.7990776144216284,
      4.107419714919382,
      3.3522392002420207,
      2.6275957045448948,
      4.680065544654043,
      4.791132736759379,
      -0.3548350194751235,
      1.5203128135661097,
      1.7655482022643891,
      2.231982183317771,
      4.521096488141498,
      5.693873303744173
    ],
    [
      3.8392473364904514,
      1.387908222420071,
      1.1834546788967217,
      0.8185976144216284,
      4.488859714919381,
      3.1199192002420206,
      2.7011957045448947,
      4.532545544654043,
      5.016092736759379,
      -0.30299501947512353,
      1.5443128135661097,
      1.889388202264389,
      2.460142183317771,
      4.526216488141498,
      5.786033303744173
    ]
  ],
  "cost_vals": [],
  "step_size": 0.1,
  "opt_step_times": [
    35.61769390106201,
    39.13046622276306,
    30.635432720184326,
    40.979063749313354,
    41.001554012298584,
    29.820045948028564,
    32.3125057220459,
    29.315919399261475,
    29.63431978225708,
    30.268300533294678,
    32.559157371520996,
    29.534006118774414,
    32.44752311706543,
    33.279746770858765,
    34.644031286239624,
    29.916592836380005,
    32.092156171798706,
    32.01438784599304,
    32.139636516571045,
    40.91217017173767
  ],
  "opt_settings": [
    3.8392473364904514,
    1.387908222420071,
    1.1834546788967217,
    0.8185976144216284,
    4.488859714919381,
    3.1199192002420206,
    2.7011957045448947,
    4.532545544654043,
    5.016092736759379,
    -0.30299501947512353,
    1.5443128135661097,
    1.889388202264389,
    2.460142183317771,
    4.526216488141498,
    5.786033303744173
  ],
  "min_cost": null,
  "datetime": "2023-05-25T13-47-24Z",
  "step_only": true,
  "ibm_device": "ibmq_belem",
  "shots": 10,
  "prep_node_name": "W_state_2-qubit_ghz_state",
  "num_qubits": 5,
  "error": false,
  "cov_mats": [
    [
      [
        0.96,
        0.4000000000000001,
        0.4000000000000001,
        -0.24000000000000007,
        -0.16
      ],
      [
        0.4000000000000001,
        1.0,
        0.20000000000000007,
        0.0,
        0.0
      ],
      [
        0.4000000000000001,
        0.20000000000000007,
        1.0,
        0.0,
        0.0
      ],
      [
        -0.24000000000000007,
        0.0,
        0.0,
        0.96,
        0.24000000000000005
      ],
      [
        -0.16,
        0.0,
        0.0,
        0.24000000000000005,
        0.96
      ]
    ],
    [
      [
        0.96,
        -0.0799999999999999,
        -0.15999999999999998,
        0.72,
        -0.16
      ],
      [
        -0.0799999999999999,
        0.6399999999999999,
        0.48000000000000004,
        -0.16000000000000003,
        0.48
      ],
      [
        -0.15999999999999998,
        0.48000000000000004,
        0.96,
        0.08000000000000004,
        0.16
      ],
      [
        0.72,
        -0.16000000000000003,
        0.08000000000000004,
        0.8400000000000001,
        -0.32000000000000006
      ],
      [
        -0.16,
        0.48,
        0.16,
        -0.32000000000000006,
        0.96
      ]
    ],
    [
      [
        1.0,
        0.20000000000000007,
        0.4,
        0.4,
        -0.4
      ],
      [
        0.20000000000000007,
        1.0,
        0.8,
        0.4,
        0.0
      ],
      [
        0.4,
        0.8,
        0.96,
        0.56,
        -0.24000000000000007
      ],
      [
        0.4,
        0.4,
        0.56,
        0.96,
        -0.24000000000000005
      ],
      [
        -0.4,
        0.0,
        -0.24000000000000007,
        -0.24000000000000005,
        0.96
      ]
    ],
    [
      [
        0.8400000000000001,
        -0.32000000000000006,
        -0.32000000000000006,
        0.07999999999999999,
        -0.36000000000000004
      ],
      [
        -0.32000000000000006,
        0.96,
        0.96,
        -0.24000000000000007,
        0.08000000000000002
      ],
      [
        -0.32000000000000006,
        0.96,
        0.96,
        -0.24000000000000007,
        0.08000000000000002
      ],
      [
        0.07999999999999999,
        -0.24000000000000007,
        -0.24000000000000007,
        0.96,
        -0.7200000000000001
      ],
      [
        -0.36000000000000004,
        0.08000000000000002,
        0.08000000000000002,
        -0.7200000000000001,
        0.84
      ]
    ],
    [
      [
        0.96,
        -0.56,
        -0.56,
        -0.24000000000000002,
        0.08000000000000002
      ],
      [
        -0.56,
        0.96,
        0.96,
        0.24000000000000002,
        -0.08000000000000002
      ],
      [
        -0.56,
        0.96,
        0.96,
        0.24000000000000002,
        -0.08000000000000002
      ],
      [
        -0.24000000000000002,
        0.24000000000000002,
        0.24000000000000002,
        0.96,
        -0.7200000000000001
      ],
      [
        0.08000000000000002,
        -0.08000000000000002,
        -0.08000000000000002,
        -0.7200000000000001,
        0.84
      ]
    ],
    [
      [
        0.96,
        0.4000000000000001,
        0.6400000000000001,
        0.24,
        -0.56
      ],
      [
        0.4000000000000001,
        1.0,
        0.8,
        0.4,
        -0.4
      ],
      [
        0.6400000000000001,
        0.8,
        0.96,
        0.5599999999999999,
        -0.6400000000000001
      ],
      [
        0.24,
        0.4,
        0.5599999999999999,
        0.96,
        -0.6400000000000001
      ],
      [
        -0.56,
        -0.4,
        -0.6400000000000001,
        -0.6400000000000001,
        0.96
      ]
    ],
    [
      [
        1.0,
        0.20000000000000007,
        0.20000000000000007,
        0.20000000000000007,
        -0.6000000000000001
      ],
      [
        0.20000000000000007,
        1.0,
        -0.20000000000000007,
        0.20000000000000007,
        0.20000000000000007
      ],
      [
        0.20000000000000007,
        -0.20000000000000007,
        1.0,
        0.6000000000000001,
        -0.6000000000000001
      ],
      [
        0.20000000000000007,
        0.20000000000000007,
        0.6000000000000001,
        1.0,
        -0.6000000000000001
      ],
      [
        -0.6000000000000001,
        0.20000000000000007,
        -0.6000000000000001,
        -0.6000000000000001,
        1.0
      ]
    ],
    [
      [
        1.0,
        0.0,
        0.0,
        0.0,
        0.6000000000000001
      ],
      [
        0.0,
        0.96,
        0.96,
        0.15999999999999998,
        0.0
      ],
      [
        0.0,
        0.96,
        0.96,
        0.15999999999999998,
        0.0
      ],
      [
        0.0,
        0.15999999999999998,
        0.15999999999999998,
        0.96,
        -0.4000000000000001
      ],
      [
        0.6000000000000001,
        0.0,
        0.0,
        -0.4000000000000001,
        1.0
      ]
    ],
    [
      [
        0.0,
        0.0,
        0.0,
        0.0,
        0.0
      ],
      [
        0.0,
        0.84,
        0.72,
        -0.48,
        0.6
      ],
      [
        0.0,
        0.72,
        0.96,
        -0.23999999999999996,
        0.4
      ],
      [
        0.0,
        -0.48,
        -0.23999999999999996,
        0.96,
        -0.8
      ],
      [
        0.0,
        0.6,
        0.4,
        -0.8,
        1.0
      ]
    ],
    [
      [
        0.96,
        0.15999999999999998,
        -0.08000000000000006,
        0.24000000000000007,
        0.0
      ],
      [
        0.15999999999999998,
        0.96,
        0.7200000000000001,
        0.24000000000000007,
        -0.4000000000000001
      ],
      [
        -0.08000000000000006,
        0.7200000000000001,
        0.84,
        0.08000000000000006,
        -0.2
      ],
      [
        0.24000000000000007,
        0.24000000000000007,
        0.08000000000000006,
        0.96,
        -0.8
      ],
      [
        0.0,
        -0.4000000000000001,
        -0.2,
        -0.8,
        1.0
      ]
    ],
    [
      [
        0.96,
        0.0,
        -0.48000000000000004,
        -0.24000000000000005,
        0.0
      ],
      [
        0.0,
        1.0,
        0.6000000000000001,
        0.0,
        0.20000000000000007
      ],
      [
        -0.48000000000000004,
        0.6000000000000001,
        0.84,
        -0.08000000000000002,
        0.2
      ],
      [
        -0.24000000000000005,
        0.0,
        -0.08000000000000002,
        0.96,
        -0.8
      ],
      [
        0.0,
        0.20000000000000007,
        0.2,
        -0.8,
        1.0
      ]
    ],
    [
      [
        1.0,
        0.19999999999999998,
        0.4,
        0.0,
        0.19999999999999998
      ],
      [
        0.19999999999999998,
        0.84,
        0.7200000000000001,
        -0.48000000000000004,
        -0.04000000000000001
      ],
      [
        0.4,
        0.7200000000000001,
        0.96,
        -0.24000000000000007,
        0.08000000000000004
      ],
      [
        0.0,
        -0.48000000000000004,
        -0.24000000000000007,
        0.96,
        -0.32
      ],
      [
        0.19999999999999998,
        -0.04000000000000001,
        0.08000000000000004,
        -0.32,
        0.8400000000000001
      ]
    ],
    [
      [
        0.96,
        -0.15999999999999998,
        -0.24000000000000007,
        -0.24000000000000005,
        0.08000000000000004
      ],
      [
        -0.15999999999999998,
        0.96,
        0.6400000000000001,
        -0.16,
        0.32
      ],
      [
        -0.24000000000000007,
        0.6400000000000001,
        0.96,
        0.16,
        0.08000000000000004
      ],
      [
        -0.24000000000000005,
        -0.16,
        0.16,
        0.96,
        -0.7200000000000001
      ],
      [
        0.08000000000000004,
        0.32,
        0.08000000000000004,
        -0.7200000000000001,
        0.8400000000000001
      ]
    ],
    [
      [
        0.96,
        -0.08000000000000006,
        -0.32000000000000006,
        -0.0799999999999999,
        0.56
      ],
      [
        -0.08000000000000006,
        0.84,
        0.56,
        -0.16000000000000003,
        -0.08000000000000006
      ],
      [
        -0.32000000000000006,
        0.56,
        0.6399999999999999,
        0.16000000000000003,
        -0.32000000000000006
      ],
      [
        -0.0799999999999999,
        -0.16000000000000003,
        0.16000000000000003,
        0.6399999999999999,
        -0.48000000000000004
      ],
      [
        0.56,
        -0.08000000000000006,
        -0.32000000000000006,
        -0.48000000000000004,
        0.96
      ]
    ],
    [
      [
        1.0,
        0.0,
        0.0,
        -0.20000000000000007,
        0.20000000000000007
      ],
      [
        0.0,
        0.96,
        0.56,
        0.0,
        0.0
      ],
      [
        0.0,
        0.56,
        0.96,
        0.4000000000000001,
        -0.4000000000000001
      ],
      [
        -0.20000000000000007,
        0.0,
        0.4000000000000001,
        1.0,
        -1.0
      ],
      [
        0.20000000000000007,
        0.0,
        -0.4000000000000001,
        -1.0,
        1.0
      ]
    ],
    [
      [
        0.96,
        -0.4000000000000001,
        0.0,
        0.08000000000000004,
        0.0
      ],
      [
        -0.4000000000000001,
        1.0,
        0.6000000000000001,
        -0.19999999999999998,
        -0.20000000000000007
      ],
      [
        0.0,
        0.6000000000000001,
        1.0,
        0.19999999999999998,
        -0.20000000000000007
      ],
      [
        0.08000000000000004,
        -0.19999999999999998,
        0.19999999999999998,
        0.8400000000000001,
        -0.6000000000000001
      ],
      [
        0.0,
        -0.20000000000000007,
        -0.20000000000000007,
        -0.6000000000000001,
        1.0
      ]
    ],
    [
      [
        1.0,
        -0.6000000000000001,
        -0.19999999999999998,
        0.4,
        -0.19999999999999998
      ],
      [
        -0.6000000000000001,
        1.0,
        0.6000000000000001,
        -0.8,
        0.6000000000000001
      ],
      [
        -0.19999999999999998,
        0.6000000000000001,
        0.84,
        -0.7200000000000001,
        0.44000000000000006
      ],
      [
        0.4,
        -0.8,
        -0.7200000000000001,
        0.96,
        -0.7200000000000001
      ],
      [
        -0.19999999999999998,
        0.6000000000000001,
        0.44000000000000006,
        -0.7200000000000001,
        0.84
      ]
    ],
    [
      [
        1.0,
        0.0,
        0.0,
        -0.6000000000000001,
        0.6000000000000001
      ],
      [
        0.0,
        0.6399999999999999,
        -0.07999999999999993,
        0.24000000000000005,
        -0.24000000000000005
      ],
      [
        0.0,
        -0.07999999999999993,
        0.96,
        -0.08000000000000004,
        0.08000000000000004
      ],
      [
        -0.6000000000000001,
        0.24000000000000005,
        -0.08000000000000004,
        0.8400000000000001,
        -0.8400000000000001
      ],
      [
        0.6000000000000001,
        -0.24000000000000005,
        0.08000000000000004,
        -0.8400000000000001,
        0.8400000000000001
      ]
    ],
    [
      [
        0.6399999999999999,
        -0.07999999999999999,
        0.16000000000000003,
        0.0,
        -0.39999999999999997
      ],
      [
        -0.07999999999999999,
        0.96,
        0.48000000000000004,
        5.551115123125783e-17,
        0.4000000000000001
      ],
      [
        0.16000000000000003,
        0.48000000000000004,
        0.6400000000000001,
        -0.39999999999999997,
        0.39999999999999997
      ],
      [
        0.0,
        5.551115123125783e-17,
        -0.39999999999999997,
        1.0,
        -0.6000000000000001
      ],
      [
        -0.39999999999999997,
        0.4000000000000001,
        0.39999999999999997,
        -0.6000000000000001,
        1.0
      ]
    ],
    [
      [
        1.0,
        -0.6000000000000001,
        -0.6000000000000001,
        5.551115123125783e-17,
        -5.551115123125783e-17
      ],
      [
        -0.6000000000000001,
        0.8400000000000001,
        0.44000000000000006,
        -0.08000000000000004,
        0.08000000000000004
      ],
      [
        -0.6000000000000001,
        0.44000000000000006,
        0.8400000000000001,
        0.32,
        -0.32
      ],
      [
        5.551115123125783e-17,
        -0.08000000000000004,
        0.32,
        0.96,
        -0.96
      ],
      [
        -5.551115123125783e-17,
        0.08000000000000004,
        -0.32,
        -0.96,
        0.96
      ]
    ],
    [
      [
        1.0,
        -0.20000000000000007,
        0.20000000000000007,
        0.0,
        -0.20000000000000007
      ],
      [
        -0.20000000000000007,
        1.0,
        -0.20000000000000007,
        0.4,
        0.20000000000000007
      ],
      [
        0.20000000000000007,
        -0.20000000000000007,
        1.0,
        0.4,
        -1.0
      ],
      [
        0.0,
        0.4,
        0.4,
        0.96,
        -0.4000000000000001
      ],
      [
        -0.20000000000000007,
        0.20000000000000007,
        -1.0,
        -0.4000000000000001,
        1.0
      ]
    ]
  ]
}