{
  "settings_list": [
    [
      6.02656156411913,
      1.7718583372295893,
      3.6273769466970323,
      3.4563519923304495,
      2.98674137220355,
      4.368259942469975,
      2.571685754498517,
      2.5862483305671113,
      3.60917087813247,
      0.9089041693061204,
      2.2449841968206585,
      0.23300823648561206,
      4.097293226936894,
      4.121220101417347,
      5.309425120186859
    ],
    [
      6.08864156411913,
      1.7027383372295894,
      3.537456946697032,
      3.7299519923304496,
      2.99058137220355,
      4.438659942469975,
      2.683685754498517,
      2.6268883305671116,
      3.55413087813247,
      0.7546641693061205,
      1.9553841968206584,
      0.17892823648561207,
      4.047693226936894,
      4.326660101417347,
      5.307505120186859
    ],
    [
      6.1059215641191305,
      1.8518583372295896,
      3.426096946697032,
      3.5264319923304495,
      3.30034137220355,
      4.331779942469975,
      2.658725754498517,
      2.6032083305671114,
      3.6866108781324702,
      0.7073041693061205,
      1.5643441968206582,
      0.024688236485611997,
      4.038733226936894,
      4.597380101417347,
      5.6742251201868585
    ],
    [
      6.272321564119131,
      1.8467383372295898,
      3.354416946697032,
      3.4867519923304497,
      3.4750613722035504,
      4.471299942469975,
      2.765605754498517,
      2.7024083305671116,
      3.5272508781324703,
      0.6068241693061205,
      1.7563441968206583,
      -0.25435176351438804,
      4.070733226936894,
      4.690820101417347,
      5.607025120186859
    ],
    [
      6.079681564119131,
      1.5334583372295898,
      3.276976946697032,
      3.0905919923304497,
      3.6501013722035505,
      4.227139942469975,
      2.7384057544985168,
      2.4409683305671113,
      3.47733087813247,
      0.24970416930612044,
      1.7253041968206584,
      -0.23323176351438793,
      3.962893226936894,
      4.548420101417347,
      5.621105120186859
    ],
    [
      6.227521564119131,
      1.53473833722959,
      3.170736946697032,
      2.9683519923304496,
      3.8753813722035506,
      4.1138599424699756,
      2.647525754498517,
      2.5024083305671114,
      3.50805087813247,
      0.016104169306120297,
      1.7937841968206585,
      -0.1717917635143879,
      3.8854532269368938,
      4.428100101417346,
      5.343985120186859
    ],
    [
      6.163521564119131,
      1.54497833722959,
      3.067056946697032,
      2.9773119923304496,
      3.903541372203551,
      4.130499942469975,
      2.646245754498517,
      2.7507283305671115,
      3.41589087813247,
      0.12234416930612037,
      1.7003441968206585,
      0.06756823648561211,
      4.046733226936894,
      4.408900101417347,
      5.471985120186859
    ],
    [
      6.126401564119131,
      1.50657833722959,
      3.102256946697032,
      3.1001919923304495,
      4.082741372203551,
      4.220739942469976,
      2.7588857544985173,
      2.5747283305671114,
      3.6533308781324703,
      0.11658416930612038,
      1.4462641968206584,
      0.1770082364856121,
      4.279693226936894,
      4.549700101417347,
      5.320945120186859
    ],
    [
      6.441921564119132,
      1.56353833722959,
      3.245616946697032,
      3.0765119923304494,
      4.117941372203551,
      4.136259942469976,
      2.812005754498517,
      2.6816083305671112,
      3.45301087813247,
      0.07434416930612034,
      1.6651441968206586,
      0.18596823648561212,
      4.095373226936894,
      4.838980101417347,
      5.569265120186858
    ],
    [
      6.399681564119132,
      1.4355383372295898,
      3.573296946697032,
      3.058591992330449,
      4.236341372203551,
      4.207299942469976,
      2.968165754498517,
      2.531208330567111,
      3.6360508781324703,
      0.07114416930612032,
      1.8520241968206588,
      0.09316823648561218,
      4.316813226936894,
      4.827460101417347,
      5.526385120186858
    ],
    [
      6.225921564119132,
      1.4697783372295896,
      3.589616946697032,
      2.985631992330449,
      4.440821372203551,
      4.038979942469975,
      2.982885754498517,
      2.2681683305671108,
      3.7458108781324704,
      0.03818416930612035,
      1.6990641968206588,
      0.058928236485612163,
      4.620813226936894,
      4.943300101417347,
      5.434865120186858
    ],
    [
      6.030081564119133,
      1.6560183372295896,
      3.219056946697032,
      3.3734719923304493,
      4.509941372203551,
      4.121539942469975,
      3.046245754498517,
      2.2259283305671107,
      3.8418108781324705,
      0.7601041693061205,
      1.4859441968206588,
      -0.03323176351438777,
      4.630413226936894,
      4.6975401014173475,
      5.311985120186858
    ],
    [
      5.886721564119132,
      1.5536183372295895,
      3.260016946697032,
      3.5014719923304494,
      4.233461372203551,
      4.1368999424699755,
      3.1588857544985167,
      1.7036883305671107,
      3.4731708781324704,
      0.5450641693061203,
      1.077304196820659,
      -0.2226717635143878,
      4.405133226936894,
      4.4569001014173475,
      5.250545120186858
    ],
    [
      6.061121564119133,
      1.6976183372295894,
      3.208816946697032,
      3.6214719923304495,
      4.375861372203551,
      4.148099942469975,
      3.085285754498517,
      1.4908883305671106,
      3.4891708781324704,
      0.5674641693061203,
      1.080504196820659,
      0.014128236485612372,
      4.190733226936894,
      4.732100101417347,
      5.375345120186858
    ],
    [
      6.184641564119133,
      1.4412983372295896,
      3.174256946697032,
      3.3833919923304494,
      4.257141372203551,
      4.135299942469975,
      3.216485754498517,
      1.5398483305671107,
      3.3205308781324705,
      0.5066641693061203,
      1.105784196820659,
      0.09156823648561244,
      4.155213226936894,
      4.781380101417348,
      5.283505120186858
    ],
    [
      6.196161564119133,
      1.6294583372295897,
      3.213296946697032,
      3.3821119923304495,
      4.507381372203551,
      3.9752999424699746,
      3.2491257544985173,
      1.5328083305671107,
      3.2533308781324703,
      0.5553041693061203,
      1.3336241968206592,
      0.046768236485612215,
      4.129613226936894,
      4.704580101417347,
      5.200305120186858
    ],
    [
      6.2393615641191325,
      1.5670583372295896,
      3.159216946697032,
      3.2710719923304494,
      4.6968213722035514,
      4.049859942469975,
      3.2075257544985174,
      1.1052883305671106,
      3.1749308781324705,
      0.40874416930612023,
      0.8181041968206592,
      -0.37947176351438794,
      4.101453226936894,
      4.800900101417348,
      5.155825120186858
    ],
    [
      6.273921564119132,
      1.5267383372295895,
      3.1665769466970324,
      2.9315519923304496,
      4.875701372203552,
      3.8988199424699745,
      3.1844857544985175,
      1.2793683305671106,
      3.1298108781324707,
      0.2765841693061203,
      0.9054641968206593,
      -0.31099176351438795,
      3.8377732269368945,
      4.760580101417348,
      4.931825120186858
    ],
    [
      6.475521564119132,
      1.7980983372295896,
      3.1352169466970325,
      2.6800319923304494,
      4.726581372203552,
      3.5154599424699744,
      3.3515257544985175,
      1.3696083305671107,
      3.0632508781324708,
      -0.10357583069387977,
      1.2638641968206592,
      -0.3570717635143879,
      3.8544132269368947,
      4.976900101417348,
      4.645745120186858
    ],
    [
      6.768001564119133,
      1.5651383372295895,
      3.297136946697033,
      2.3430719923304495,
      4.813621372203552,
      3.4008999424699744,
      3.0865657544985177,
      1.4512083305671108,
      3.1262908781324708,
      -0.16917583069387981,
      1.5989041968206594,
      -0.49339176351438796,
      3.4515332269368946,
      5.007940101417348,
      4.879985120186857
    ],
    [
      6.734721564119132,
      1.6860983372295895,
      3.346416946697033,
      2.1645119923304494,
      4.819381372203552,
      3.3765799424699745,
      3.0468857544985175,
      1.520968330567111,
      3.231250878132471,
      0.057384169306120336,
      1.5681841968206593,
      -0.25339176351438797,
      3.3843332269368944,
      4.884420101417348,
      4.894065120186857
    ]
  ],
  "cost_vals": [],
  "step_size": 0.1,
  "opt_step_times": [
    40.93482327461243,
    48.603333950042725,
    40.16177988052368,
    74.60096502304077,
    170.81490087509155,
    99.95822167396545,
    41.521039962768555,
    122.70515084266663,
    38.996750831604004,
    67.7997260093689,
    90.43527293205261,
    104.58595299720764,
    88.92763710021973,
    96.21684193611145,
    113.59266567230225,
    98.38858604431152,
    89.12304210662842,
    68.44040703773499,
    97.93496203422546,
    81.2301287651062
  ],
  "opt_settings": [
    6.734721564119132,
    1.6860983372295895,
    3.346416946697033,
    2.1645119923304494,
    4.819381372203552,
    3.3765799424699745,
    3.0468857544985175,
    1.520968330567111,
    3.231250878132471,
    0.057384169306120336,
    1.5681841968206593,
    -0.25339176351438797,
    3.3843332269368944,
    4.884420101417348,
    4.894065120186857
  ],
  "min_cost": null,
  "datetime": "2023-04-19T20-45-40Z",
  "step_only": true,
  "ibm_device": "ibmq_qasm_simulator",
  "shots": 10,
  "prep_node_name": "W_state_2-qubit_ghz_state",
  "num_qubits": 5,
  "cov_mats": [
    [
      [
        0.96,
        0.0,
        0.48000000000000004,
        -0.4,
        0.4
      ],
      [
        0.0,
        1.0,
        -0.6000000000000001,
        0.20000000000000007,
        -0.20000000000000007
      ],
      [
        0.48000000000000004,
        -0.6000000000000001,
        0.84,
        -0.19999999999999998,
        0.19999999999999998
      ],
      [
        -0.4,
        0.20000000000000007,
        -0.19999999999999998,
        1.0,
        -1.0
      ],
      [
        0.4,
        -0.20000000000000007,
        0.19999999999999998,
        -1.0,
        1.0
      ]
    ],
    [
      [
        0.84,
        -0.32000000000000006,
        0.16000000000000006,
        -0.24000000000000002,
        0.24000000000000002
      ],
      [
        -0.32000000000000006,
        0.96,
        -0.48000000000000004,
        0.31999999999999995,
        -0.31999999999999995
      ],
      [
        0.16000000000000006,
        -0.48000000000000004,
        0.6400000000000001,
        -0.15999999999999986,
        0.15999999999999986
      ],
      [
        -0.24000000000000002,
        0.31999999999999995,
        -0.15999999999999986,
        0.6400000000000001,
        -0.6400000000000001
      ],
      [
        0.24000000000000002,
        -0.31999999999999995,
        0.15999999999999986,
        -0.6400000000000001,
        0.6400000000000001
      ]
    ],
    [
      [
        1.0,
        0.19999999999999996,
        0.2,
        0.2,
        -0.2
      ],
      [
        0.19999999999999996,
        0.3599999999999999,
        -0.12000000000000002,
        -0.12000000000000002,
        0.12000000000000002
      ],
      [
        0.2,
        -0.12000000000000002,
        0.84,
        0.04000000000000001,
        -0.04000000000000001
      ],
      [
        0.2,
        -0.12000000000000002,
        0.04000000000000001,
        0.8400000000000001,
        -0.8400000000000001
      ],
      [
        -0.2,
        0.12000000000000002,
        -0.04000000000000001,
        -0.8400000000000001,
        0.8400000000000001
      ]
    ],
    [
      [
        0.84,
        -0.44000000000000006,
        0.48,
        0.19999999999999998,
        -0.19999999999999998
      ],
      [
        -0.44000000000000006,
        0.84,
        -0.48,
        -0.19999999999999998,
        0.19999999999999998
      ],
      [
        0.48,
        -0.48,
        0.96,
        0.0,
        0.0
      ],
      [
        0.19999999999999998,
        -0.19999999999999998,
        0.0,
        1.0,
        -1.0
      ],
      [
        -0.19999999999999998,
        0.19999999999999998,
        0.0,
        -1.0,
        1.0
      ]
    ],
    [
      [
        0.84,
        -0.1600000000000001,
        -0.19999999999999998,
        -0.19999999999999998,
        0.19999999999999998
      ],
      [
        -0.1600000000000001,
        0.6399999999999999,
        -0.4,
        0.0,
        0.0
      ],
      [
        -0.19999999999999998,
        -0.4,
        1.0,
        0.6000000000000001,
        -0.6000000000000001
      ],
      [
        -0.19999999999999998,
        0.0,
        0.6000000000000001,
        1.0,
        -1.0
      ],
      [
        0.19999999999999998,
        0.0,
        -0.6000000000000001,
        -1.0,
        1.0
      ]
    ],
    [
      [
        0.96,
        -0.08000000000000006,
        -0.24000000000000005,
        0.16,
        -0.16
      ],
      [
        -0.08000000000000006,
        0.84,
        -0.48,
        -0.08000000000000002,
        0.08000000000000002
      ],
      [
        -0.24000000000000005,
        -0.48,
        0.96,
        0.16000000000000003,
        -0.16000000000000003
      ],
      [
        0.16,
        -0.08000000000000002,
        0.16000000000000003,
        0.96,
        -0.96
      ],
      [
        -0.16,
        0.08000000000000002,
        -0.16000000000000003,
        -0.96,
        0.96
      ]
    ],
    [
      [
        0.6399999999999999,
        -0.16000000000000003,
        0.16000000000000003,
        0.48000000000000004,
        -0.48000000000000004
      ],
      [
        -0.16000000000000003,
        0.84,
        -0.84,
        0.08000000000000006,
        -0.08000000000000006
      ],
      [
        0.16000000000000003,
        -0.84,
        0.84,
        -0.08000000000000006,
        0.08000000000000006
      ],
      [
        0.48000000000000004,
        0.08000000000000006,
        -0.08000000000000006,
        0.96,
        -0.96
      ],
      [
        -0.48000000000000004,
        -0.08000000000000006,
        0.08000000000000006,
        -0.96,
        0.96
      ]
    ],
    [
      [
        0.84,
        -0.7200000000000001,
        0.3600000000000001,
        0.19999999999999998,
        -0.19999999999999998
      ],
      [
        -0.7200000000000001,
        0.96,
        -0.48000000000000004,
        -0.4,
        0.4
      ],
      [
        0.3600000000000001,
        -0.48000000000000004,
        0.84,
        0.19999999999999998,
        -0.19999999999999998
      ],
      [
        0.19999999999999998,
        -0.4,
        0.19999999999999998,
        1.0,
        -1.0
      ],
      [
        -0.19999999999999998,
        0.4,
        -0.19999999999999998,
        -1.0,
        1.0
      ]
    ],
    [
      [
        0.3599999999999999,
        -0.31999999999999995,
        0.19999999999999998,
        -0.16,
        0.16
      ],
      [
        -0.31999999999999995,
        0.6399999999999999,
        0.0,
        0.32,
        -0.32
      ],
      [
        0.19999999999999998,
        0.0,
        1.0,
        0.0,
        0.0
      ],
      [
        -0.16,
        0.32,
        0.0,
        0.96,
        -0.96
      ],
      [
        0.16,
        -0.32,
        0.0,
        -0.96,
        0.96
      ]
    ],
    [
      [
        0.96,
        -0.96,
        0.48000000000000004,
        0.16,
        -0.16
      ],
      [
        -0.96,
        0.96,
        -0.48000000000000004,
        -0.16,
        0.16
      ],
      [
        0.48000000000000004,
        -0.48000000000000004,
        0.6399999999999999,
        0.07999999999999996,
        -0.07999999999999996
      ],
      [
        0.16,
        -0.16,
        0.07999999999999996,
        0.96,
        -0.96
      ],
      [
        -0.16,
        0.16,
        -0.07999999999999996,
        -0.96,
        0.96
      ]
    ],
    [
      [
        0.96,
        -0.15999999999999998,
        0.4,
        0.32,
        -0.32
      ],
      [
        -0.15999999999999998,
        0.96,
        -0.8,
        0.08000000000000004,
        -0.08000000000000004
      ],
      [
        0.4,
        -0.8,
        1.0,
        0.2,
        -0.2
      ],
      [
        0.32,
        0.08000000000000004,
        0.2,
        0.8400000000000001,
        -0.8400000000000001
      ],
      [
        -0.32,
        -0.08000000000000004,
        -0.2,
        -0.8400000000000001,
        0.8400000000000001
      ]
    ],
    [
      [
        0.6399999999999999,
        0.0,
        0.16000000000000003,
        0.48,
        -0.48
      ],
      [
        0.0,
        1.0,
        -0.2,
        -0.4000000000000001,
        0.4000000000000001
      ],
      [
        0.16000000000000003,
        -0.2,
        0.84,
        -0.08000000000000002,
        0.08000000000000002
      ],
      [
        0.48,
        -0.4000000000000001,
        -0.08000000000000002,
        0.96,
        -0.96
      ],
      [
        -0.48,
        0.4000000000000001,
        0.08000000000000002,
        -0.96,
        0.96
      ]
    ],
    [
      [
        0.8400000000000001,
        -0.8400000000000001,
        0.6,
        -0.35999999999999993,
        0.35999999999999993
      ],
      [
        -0.8400000000000001,
        0.8400000000000001,
        -0.6,
        0.35999999999999993,
        -0.35999999999999993
      ],
      [
        0.6,
        -0.6,
        1.0,
        -0.6,
        0.6
      ],
      [
        -0.35999999999999993,
        0.35999999999999993,
        -0.6,
        0.8400000000000001,
        -0.8400000000000001
      ],
      [
        0.35999999999999993,
        -0.35999999999999993,
        0.6,
        -0.8400000000000001,
        0.8400000000000001
      ]
    ],
    [
      [
        0.8400000000000001,
        -0.7200000000000001,
        0.32000000000000006,
        0.44,
        -0.44
      ],
      [
        -0.7200000000000001,
        0.96,
        -0.56,
        -0.32000000000000006,
        0.32000000000000006
      ],
      [
        0.32000000000000006,
        -0.56,
        0.96,
        -0.08000000000000002,
        0.08000000000000002
      ],
      [
        0.44,
        -0.32000000000000006,
        -0.08000000000000002,
        0.84,
        -0.84
      ],
      [
        -0.44,
        0.32000000000000006,
        0.08000000000000002,
        -0.84,
        0.84
      ]
    ],
    [
      [
        1.0,
        -0.20000000000000007,
        0.4000000000000001,
        0.0,
        0.0
      ],
      [
        -0.20000000000000007,
        1.0,
        -0.8,
        0.4000000000000001,
        -0.4000000000000001
      ],
      [
        0.4000000000000001,
        -0.8,
        0.96,
        -0.15999999999999998,
        0.15999999999999998
      ],
      [
        0.0,
        0.4000000000000001,
        -0.15999999999999998,
        0.96,
        -0.96
      ],
      [
        0.0,
        -0.4000000000000001,
        0.15999999999999998,
        -0.96,
        0.96
      ]
    ],
    [
      [
        0.8400000000000001,
        -0.7200000000000001,
        0.7200000000000001,
        -0.16000000000000014,
        0.16000000000000014
      ],
      [
        -0.7200000000000001,
        0.96,
        -0.96,
        0.08000000000000004,
        -0.08000000000000004
      ],
      [
        0.7200000000000001,
        -0.96,
        0.96,
        -0.08000000000000004,
        0.08000000000000004
      ],
      [
        -0.16000000000000014,
        0.08000000000000004,
        -0.08000000000000004,
        0.6400000000000001,
        -0.24000000000000016
      ],
      [
        0.16000000000000014,
        -0.08000000000000004,
        0.08000000000000004,
        -0.24000000000000016,
        0.6400000000000001
      ]
    ],
    [
      [
        1.0,
        -0.2,
        0.0,
        -0.4000000000000001,
        0.4000000000000001
      ],
      [
        -0.2,
        0.84,
        -0.7200000000000001,
        0.32,
        -0.32
      ],
      [
        0.0,
        -0.7200000000000001,
        0.96,
        -0.15999999999999998,
        0.15999999999999998
      ],
      [
        -0.4000000000000001,
        0.32,
        -0.15999999999999998,
        0.96,
        -0.96
      ],
      [
        0.4000000000000001,
        -0.32,
        0.15999999999999998,
        -0.96,
        0.96
      ]
    ],
    [
      [
        1.0,
        -0.2,
        0.6000000000000001,
        -5.551115123125783e-17,
        5.551115123125783e-17
      ],
      [
        -0.2,
        1.0,
        -0.6000000000000001,
        -0.8,
        0.8
      ],
      [
        0.6000000000000001,
        -0.6000000000000001,
        1.0,
        0.4000000000000001,
        -0.4000000000000001
      ],
      [
        -5.551115123125783e-17,
        -0.8,
        0.4000000000000001,
        0.96,
        -0.96
      ],
      [
        5.551115123125783e-17,
        0.8,
        -0.4000000000000001,
        -0.96,
        0.96
      ]
    ],
    [
      [
        0.6400000000000001,
        -0.32000000000000006,
        0.24000000000000016,
        -0.16000000000000003,
        0.16000000000000003
      ],
      [
        -0.32000000000000006,
        0.36,
        -0.32000000000000006,
        0.08000000000000013,
        -0.08000000000000013
      ],
      [
        0.24000000000000016,
        -0.32000000000000006,
        0.6400000000000001,
        -0.16000000000000003,
        0.16000000000000003
      ],
      [
        -0.16000000000000003,
        0.08000000000000013,
        -0.16000000000000003,
        0.6399999999999999,
        -0.6399999999999999
      ],
      [
        0.16000000000000003,
        -0.08000000000000013,
        0.16000000000000003,
        -0.6399999999999999,
        0.6399999999999999
      ]
    ],
    [
      [
        1.0,
        -1.0,
        1.0,
        -0.19999999999999996,
        0.19999999999999996
      ],
      [
        -1.0,
        1.0,
        -1.0,
        0.19999999999999996,
        -0.19999999999999996
      ],
      [
        1.0,
        -1.0,
        1.0,
        -0.19999999999999996,
        0.19999999999999996
      ],
      [
        -0.19999999999999996,
        0.19999999999999996,
        -0.19999999999999996,
        1.0,
        -1.0
      ],
      [
        0.19999999999999996,
        -0.19999999999999996,
        0.19999999999999996,
        -1.0,
        1.0
      ]
    ]
  ]
}