{
  "settings_list": [
    [
      4.464428094416877,
      4.859436739518928,
      3.990919451581505,
      2.7337740588279735,
      2.563117465156112,
      0.38498587245682203,
      5.984625161468873,
      1.4198267148221464,
      5.36751007466367,
      0.2642741610493163,
      4.613679032495186,
      0.15780126230329017,
      3.412260573235765,
      3.987579489352578,
      3.1250119191203325
    ],
    [
      4.274348094416877,
      4.818796739518929,
      3.978119451581505,
      2.6752140588279736,
      2.457197465156112,
      0.246425872456822,
      5.894385161468874,
      1.3916667148221464,
      5.4193500746636705,
      0.3257141610493162,
      4.604399032495186,
      0.2358812623032902,
      3.3991405732357647,
      4.1530194893525785,
      3.2837319191203322
    ],
    [
      4.211948094416877,
      4.671596739518929,
      4.136519451581505,
      3.0272140588279735,
      2.565997465156112,
      0.3200258724568219,
      5.903985161468873,
      1.8972667148221465,
      5.368150074663671,
      0.35931416104931624,
      4.759599032495186,
      0.1062812623032903,
      3.7271405732357645,
      4.578619489352579,
      3.139731919120332
    ],
    [
      4.355628094416876,
      4.8053567395189285,
      4.278279451581505,
      3.0348940588279736,
      2.303597465156112,
      0.29634587245682187,
      5.862385161468874,
      1.6694267148221467,
      5.20079007466367,
      0.3449141610493162,
      4.470959032495186,
      -0.17851873769670965,
      3.8989805732357645,
      4.550459489352579,
      2.8987719191203323
    ],
    [
      4.213548094416876,
      5.287276739518928,
      4.072839451581505,
      3.1040140588279734,
      2.2024774651561123,
      0.16642587245682178,
      5.896305161468874,
      1.2412667148221468,
      5.07535007466367,
      0.16891416104931622,
      4.819119032495186,
      0.12292126230329029,
      3.6084205732357644,
      4.443579489352579,
      2.6357319191203326
    ],
    [
      4.355628094416876,
      5.423596739518929,
      4.064519451581504,
      3.2908940588279734,
      2.1333574651561125,
      0.07618587245682176,
      5.769585161468874,
      1.2854267148221468,
      5.081110074663671,
      0.3071541610493162,
      4.785199032495186,
      0.18756126230329034,
      3.5450605732357645,
      4.458939489352579,
      2.6069319191203326
    ],
    [
      4.301228094416876,
      5.205996739518929,
      4.035719451581504,
      3.3420940588279735,
      1.9573574651561125,
      -0.09661412754317822,
      5.817585161468874,
      1.407026714822147,
      5.11631007466367,
      0.6495541610493161,
      4.631599032495186,
      0.1619612623032904,
      3.5642605732357646,
      4.554939489352579,
      2.597331919120333
    ],
    [
      4.2775480944168764,
      5.067116739518928,
      4.038279451581504,
      3.4611340588279735,
      1.5023174651561124,
      -0.019174127543178043,
      5.521265161468874,
      1.398066714822147,
      4.98575007466367,
      0.5593141610493161,
      4.445999032495186,
      0.0909212623032904,
      3.6845805732357646,
      4.719419489352579,
      2.3797319191203328
    ],
    [
      3.7751480944168763,
      5.420396739518928,
      4.053639451581504,
      3.6211340588279737,
      1.4056774651561126,
      0.20546587245682196,
      5.569905161468874,
      1.6137467148221472,
      4.85519007466367,
      0.38587416104931604,
      4.197039032495185,
      -0.3481187376967097,
      3.5277805732357645,
      4.730939489352579,
      2.7042119191203327
    ],
    [
      3.844268094416876,
      5.207276739518928,
      4.008839451581504,
      3.742094058827974,
      1.3525574651561125,
      0.243225872456822,
      5.607025161468874,
      1.4703867148221472,
      5.15535007466367,
      0.376914161049316,
      4.295599032495185,
      -0.3577187376967097,
      3.641700573235765,
      4.977339489352579,
      2.8610119191203327
    ],
    [
      3.577388094416876,
      5.037676739518928,
      4.0805194515815035,
      3.7779340588279737,
      1.6303174651561125,
      0.4000258724568221,
      5.758705161468874,
      1.5241467148221473,
      5.38191007466367,
      0.46395416104931597,
      4.3960790324951855,
      -0.23995873769670972,
      3.6109805732357647,
      5.119419489352579,
      2.8757319191203328
    ],
    [
      3.5380280944168763,
      5.027116739518928,
      3.9329994515815034,
      3.432654058827974,
      1.5586374651561126,
      0.32322587245682216,
      5.8889451614688735,
      1.6566267148221472,
      5.47311007466367,
      0.6693941610493159,
      4.449199032495185,
      -0.1436387376967097,
      3.538340573235765,
      5.187579489352578,
      2.500691919120333
    ],
    [
      3.5572280944168764,
      4.982316739518928,
      3.7825994515815036,
      3.4422540588279738,
      1.7026374651561125,
      -0.12797412754317783,
      6.1065451614688735,
      1.4998267148221471,
      5.31951007466367,
      0.46779416104931604,
      4.535599032495186,
      -0.42523873769670967,
      3.317540573235765,
      5.427579489352579,
      2.625491919120333
    ],
    [
      3.4804280944168764,
      4.7128767395189275,
      4.089159451581503,
      3.4857740588279738,
      1.8018374651561124,
      0.1773058724568221,
      5.947825161468874,
      1.584306714822147,
      5.61839007466367,
      0.3500341610493161,
      4.844719032495186,
      -0.47451873769670966,
      3.5089005732357648,
      5.011579489352579,
      2.459091919120333
    ],
    [
      3.5905080944168764,
      4.707756739518928,
      4.415559451581503,
      3.609294058827974,
      1.4517574651561125,
      0.18370587245682207,
      5.894705161468874,
      1.667506714822147,
      6.018390074663669,
      0.08251416104931614,
      4.3915990324951855,
      -0.18011873769670983,
      3.686180573235765,
      4.789499489352579,
      2.7336519191203332
    ],
    [
      3.643628094416876,
      4.779756739518928,
      4.349319451581503,
      3.839374058827974,
      1.3762374651561124,
      0.08866587245682211,
      6.085425161468874,
      1.591986714822147,
      5.905750074663669,
      0.13851416104931608,
      4.486319032495185,
      0.03524126230329014,
      3.345060573235765,
      5.096059489352579,
      2.652691919120333
    ],
    [
      3.854828094416876,
      4.613356739518927,
      4.5937994515815035,
      3.4604940588279742,
      1.5336774651561125,
      -0.24541412754317782,
      6.0124651614688736,
      1.5292667148221468,
      5.85455007466367,
      0.484114161049316,
      4.925359032495185,
      0.16196126230329008,
      3.766180573235765,
      5.287419489352579,
      2.4376519191203334
    ],
    [
      3.547628094416876,
      4.837036739518927,
      4.667399451581503,
      3.5830540588279742,
      1.4191174651561125,
      -0.11581412754317782,
      6.029425161468874,
      1.795186714822147,
      5.80335007466367,
      0.36283416104931593,
      5.173999032495185,
      -0.08347873769670994,
      3.814180573235765,
      4.926139489352579,
      2.4546119191203335
    ],
    [
      3.0356280944168756,
      4.952236739518927,
      4.488199451581504,
      3.813454058827974,
      1.4703174651561126,
      0.11458587245682211,
      6.080625161468873,
      1.6799867148221466,
      5.80335007466367,
      0.3628341610493159,
      5.161199032495184,
      -0.3266787376967098,
      3.9805805732357653,
      4.580539489352579,
      2.8514119191203338
    ],
    [
      3.2033080944168755,
      4.908076739518927,
      4.531079451581504,
      4.079694058827974,
      1.5227974651561127,
      0.015385872456822172,
      6.313585161468874,
      1.6812667148221465,
      6.12591007466367,
      0.3692341610493158,
      5.095919032495184,
      -0.2460387376967099,
      4.092580573235765,
      4.511419489352579,
      2.855891919120334
    ],
    [
      3.2487480944168756,
      5.055916739518928,
      4.013319451581504,
      3.7539340588279746,
      1.6853574651561125,
      0.35266587245682207,
      6.257265161468873,
      1.6403067148221466,
      6.2532700746636705,
      0.27963416104931577,
      5.058159032495183,
      -0.32155873769670984,
      4.267300573235765,
      4.181819489352579,
      2.8379719191203336
    ]
  ],
  "cost_vals": [],
  "step_size": 0.1,
  "opt_step_times": [
    55.69296193122864,
    52.944958448410034,
    55.969831228256226,
    62.92228055000305,
    35.48321270942688,
    26.89119815826416,
    32.35228133201599,
    126.17728662490845,
    58.703845262527466,
    78.15564489364624,
    114.89939332008362,
    114.99932408332825,
    75.51257753372192,
    72.51677918434143,
    62.42180633544922,
    24.977951049804688,
    57.77358961105347,
    191.3316843509674,
    88.08940434455872,
    110.3815689086914
  ],
  "opt_settings": [
    3.2487480944168756,
    5.055916739518928,
    4.013319451581504,
    3.7539340588279746,
    1.6853574651561125,
    0.35266587245682207,
    6.257265161468873,
    1.6403067148221466,
    6.2532700746636705,
    0.27963416104931577,
    5.058159032495183,
    -0.32155873769670984,
    4.267300573235765,
    4.181819489352579,
    2.8379719191203336
  ],
  "min_cost": null,
  "datetime": "2023-05-22T15-48-16Z",
  "step_only": true,
  "ibm_device": "ibmq_qasm_simulator",
  "shots": 10,
  "prep_node_name": "W_state_2-qubit_ghz_state",
  "num_qubits": 5,
  "error": false,
  "cov_mats": [
    [
      [
        0.96,
        0.16,
        -0.32000000000000006,
        -0.6400000000000001,
        -0.32
      ],
      [
        0.16,
        0.96,
        0.08000000000000004,
        -0.6400000000000001,
        -0.32000000000000006
      ],
      [
        -0.32000000000000006,
        0.08000000000000004,
        0.8400000000000001,
        0.48000000000000004,
        0.24000000000000005
      ],
      [
        -0.6400000000000001,
        -0.6400000000000001,
        0.48000000000000004,
        0.96,
        0.48000000000000004
      ],
      [
        -0.32,
        -0.32000000000000006,
        0.24000000000000005,
        0.48000000000000004,
        0.6399999999999999
      ]
    ],
    [
      [
        0.84,
        -0.32000000000000006,
        -0.7200000000000001,
        0.48,
        0.2
      ],
      [
        -0.32000000000000006,
        0.96,
        0.56,
        -0.23999999999999996,
        5.551115123125783e-17
      ],
      [
        -0.7200000000000001,
        0.56,
        0.96,
        -0.23999999999999996,
        5.551115123125783e-17
      ],
      [
        0.48,
        -0.23999999999999996,
        -0.23999999999999996,
        0.96,
        0.8
      ],
      [
        0.2,
        5.551115123125783e-17,
        5.551115123125783e-17,
        0.8,
        1.0
      ]
    ],
    [
      [
        1.0,
        -0.20000000000000004,
        0.0,
        5.551115123125783e-17,
        5.551115123125783e-17
      ],
      [
        -0.20000000000000004,
        0.8400000000000001,
        0.56,
        -0.32,
        -0.32
      ],
      [
        0.0,
        0.56,
        0.6399999999999999,
        -0.07999999999999993,
        -0.07999999999999993
      ],
      [
        5.551115123125783e-17,
        -0.32,
        -0.07999999999999993,
        0.96,
        0.96
      ],
      [
        5.551115123125783e-17,
        -0.32,
        -0.07999999999999993,
        0.96,
        0.96
      ]
    ],
    [
      [
        0.96,
        -0.24000000000000005,
        -0.56,
        -0.24000000000000002,
        -0.4000000000000001
      ],
      [
        -0.24000000000000005,
        0.96,
        0.24000000000000005,
        0.16,
        0.4000000000000001
      ],
      [
        -0.56,
        0.24000000000000005,
        0.96,
        0.24000000000000002,
        0.0
      ],
      [
        -0.24000000000000002,
        0.16,
        0.24000000000000002,
        0.96,
        0.8
      ],
      [
        -0.4000000000000001,
        0.4000000000000001,
        0.0,
        0.8,
        1.0
      ]
    ],
    [
      [
        0.96,
        -0.0799999999999999,
        -0.4000000000000001,
        0.24000000000000005,
        0.24000000000000005
      ],
      [
        -0.0799999999999999,
        0.6399999999999999,
        0.0,
        0.07999999999999999,
        0.07999999999999999
      ],
      [
        -0.4000000000000001,
        0.0,
        1.0,
        0.0,
        0.0
      ],
      [
        0.24000000000000005,
        0.07999999999999999,
        0.0,
        0.96,
        0.96
      ],
      [
        0.24000000000000005,
        0.07999999999999999,
        0.0,
        0.96,
        0.96
      ]
    ],
    [
      [
        0.8400000000000001,
        -0.2800000000000001,
        -0.04000000000000006,
        0.07999999999999999,
        0.07999999999999999
      ],
      [
        -0.2800000000000001,
        0.36,
        -0.11999999999999994,
        -0.15999999999999995,
        -0.15999999999999995
      ],
      [
        -0.04000000000000006,
        -0.11999999999999994,
        0.8400000000000001,
        0.32000000000000006,
        0.32000000000000006
      ],
      [
        0.07999999999999999,
        -0.15999999999999995,
        0.32000000000000006,
        0.96,
        0.96
      ],
      [
        0.07999999999999999,
        -0.15999999999999995,
        0.32000000000000006,
        0.96,
        0.96
      ]
    ],
    [
      [
        1.0,
        -0.6000000000000001,
        -0.19999999999999998,
        -0.2,
        -0.2
      ],
      [
        -0.6000000000000001,
        1.0,
        0.6000000000000001,
        0.6000000000000001,
        0.6000000000000001
      ],
      [
        -0.19999999999999998,
        0.6000000000000001,
        0.84,
        0.6000000000000001,
        0.6000000000000001
      ],
      [
        -0.2,
        0.6000000000000001,
        0.6000000000000001,
        1.0,
        1.0
      ],
      [
        -0.2,
        0.6000000000000001,
        0.6000000000000001,
        1.0,
        1.0
      ]
    ],
    [
      [
        0.96,
        -0.6400000000000001,
        -0.56,
        -0.32000000000000006,
        -0.48000000000000004
      ],
      [
        -0.6400000000000001,
        0.96,
        0.6400000000000001,
        0.07999999999999999,
        0.32
      ],
      [
        -0.56,
        0.6400000000000001,
        0.96,
        0.32000000000000006,
        0.48000000000000004
      ],
      [
        -0.32000000000000006,
        0.07999999999999999,
        0.32000000000000006,
        0.8400000000000001,
        0.5600000000000002
      ],
      [
        -0.48000000000000004,
        0.32,
        0.48000000000000004,
        0.5600000000000002,
        0.6400000000000001
      ]
    ],
    [
      [
        0.96,
        -0.32000000000000006,
        0.0,
        0.0,
        0.0
      ],
      [
        -0.32000000000000006,
        0.6399999999999999,
        0.39999999999999997,
        0.0,
        0.0
      ],
      [
        0.0,
        0.39999999999999997,
        1.0,
        0.20000000000000007,
        0.20000000000000007
      ],
      [
        0.0,
        0.0,
        0.20000000000000007,
        1.0,
        1.0
      ],
      [
        0.0,
        0.0,
        0.20000000000000007,
        1.0,
        1.0
      ]
    ],
    [
      [
        1.0,
        -1.0,
        -0.6000000000000001,
        0.19999999999999998,
        0.19999999999999998
      ],
      [
        -1.0,
        1.0,
        0.6000000000000001,
        -0.19999999999999998,
        -0.19999999999999998
      ],
      [
        -0.6000000000000001,
        0.6000000000000001,
        1.0,
        -0.19999999999999998,
        -0.19999999999999998
      ],
      [
        0.19999999999999998,
        -0.19999999999999998,
        -0.19999999999999998,
        0.84,
        0.84
      ],
      [
        0.19999999999999998,
        -0.19999999999999998,
        -0.19999999999999998,
        0.84,
        0.84
      ]
    ],
    [
      [
        0.96,
        -0.4000000000000001,
        -0.4000000000000001,
        0.4000000000000001,
        0.4000000000000001
      ],
      [
        -0.4000000000000001,
        1.0,
        0.6000000000000001,
        -0.2,
        -0.2
      ],
      [
        -0.4000000000000001,
        0.6000000000000001,
        1.0,
        -0.2,
        -0.2
      ],
      [
        0.4000000000000001,
        -0.2,
        -0.2,
        1.0,
        1.0
      ],
      [
        0.4000000000000001,
        -0.2,
        -0.2,
        1.0,
        1.0
      ]
    ],
    [
      [
        1.0,
        -0.6000000000000001,
        -0.8,
        0.2,
        0.2
      ],
      [
        -0.6000000000000001,
        0.8400000000000001,
        0.7200000000000001,
        -0.2,
        -0.2
      ],
      [
        -0.8,
        0.7200000000000001,
        0.96,
        -0.4000000000000001,
        -0.4000000000000001
      ],
      [
        0.2,
        -0.2,
        -0.4000000000000001,
        1.0,
        1.0
      ],
      [
        0.2,
        -0.2,
        -0.4000000000000001,
        1.0,
        1.0
      ]
    ],
    [
      [
        0.96,
        -0.48,
        -0.7200000000000001,
        -0.24000000000000005,
        0.0
      ],
      [
        -0.48,
        0.6399999999999999,
        0.5599999999999999,
        0.32000000000000006,
        0.0
      ],
      [
        -0.7200000000000001,
        0.5599999999999999,
        0.8400000000000001,
        0.4800000000000001,
        0.20000000000000007
      ],
      [
        -0.24000000000000005,
        0.32000000000000006,
        0.4800000000000001,
        0.96,
        0.8
      ],
      [
        0.0,
        0.0,
        0.20000000000000007,
        0.8,
        1.0
      ]
    ],
    [
      [
        1.0,
        0.0,
        -0.6000000000000001,
        0.0,
        0.19999999999999998
      ],
      [
        0.0,
        0.96,
        -0.08000000000000004,
        -0.32,
        -0.16000000000000006
      ],
      [
        -0.6000000000000001,
        -0.08000000000000004,
        0.8400000000000001,
        0.1600000000000001,
        -0.11999999999999997
      ],
      [
        0.0,
        -0.32,
        0.1600000000000001,
        0.6400000000000001,
        0.32000000000000006
      ],
      [
        0.19999999999999998,
        -0.16000000000000006,
        -0.11999999999999997,
        0.32000000000000006,
        0.36
      ]
    ],
    [
      [
        0.8400000000000001,
        -0.8400000000000001,
        -0.7200000000000001,
        -0.07999999999999999,
        -0.07999999999999999
      ],
      [
        -0.8400000000000001,
        0.8400000000000001,
        0.7200000000000001,
        0.07999999999999999,
        0.07999999999999999
      ],
      [
        -0.7200000000000001,
        0.7200000000000001,
        0.96,
        0.24000000000000005,
        0.24000000000000005
      ],
      [
        -0.07999999999999999,
        0.07999999999999999,
        0.24000000000000005,
        0.96,
        0.96
      ],
      [
        -0.07999999999999999,
        0.07999999999999999,
        0.24000000000000005,
        0.96,
        0.96
      ]
    ],
    [
      [
        0.96,
        -0.96,
        -0.8,
        -0.24000000000000002,
        -0.24000000000000002
      ],
      [
        -0.96,
        0.96,
        0.8,
        0.24000000000000002,
        0.24000000000000002
      ],
      [
        -0.8,
        0.8,
        1.0,
        0.0,
        0.0
      ],
      [
        -0.24000000000000002,
        0.24000000000000002,
        0.0,
        0.96,
        0.96
      ],
      [
        -0.24000000000000002,
        0.24000000000000002,
        0.0,
        0.96,
        0.96
      ]
    ],
    [
      [
        0.6399999999999999,
        -0.56,
        -0.6399999999999999,
        0.16000000000000003,
        0.32000000000000006
      ],
      [
        -0.56,
        0.84,
        0.56,
        0.16000000000000003,
        -0.08000000000000006
      ],
      [
        -0.6399999999999999,
        0.56,
        0.6399999999999999,
        -0.16000000000000003,
        -0.32000000000000006
      ],
      [
        0.16000000000000003,
        0.16000000000000003,
        -0.16000000000000003,
        0.6399999999999999,
        0.48000000000000004
      ],
      [
        0.32000000000000006,
        -0.08000000000000006,
        -0.32000000000000006,
        0.48000000000000004,
        0.96
      ]
    ],
    [
      [
        1.0,
        -0.8,
        -1.0,
        -0.19999999999999996,
        -0.19999999999999996
      ],
      [
        -0.8,
        0.96,
        0.8,
        0.4,
        0.4
      ],
      [
        -1.0,
        0.8,
        1.0,
        0.19999999999999996,
        0.19999999999999996
      ],
      [
        -0.19999999999999996,
        0.4,
        0.19999999999999996,
        1.0,
        1.0
      ],
      [
        -0.19999999999999996,
        0.4,
        0.19999999999999996,
        1.0,
        1.0
      ]
    ],
    [
      [
        0.8400000000000001,
        -0.72,
        -0.6,
        0.48,
        0.48
      ],
      [
        -0.72,
        0.96,
        0.8,
        -0.24000000000000002,
        -0.24000000000000002
      ],
      [
        -0.6,
        0.8,
        1.0,
        0.0,
        0.0
      ],
      [
        0.48,
        -0.24000000000000002,
        0.0,
        0.96,
        0.96
      ],
      [
        0.48,
        -0.24000000000000002,
        0.0,
        0.96,
        0.96
      ]
    ],
    [
      [
        1.0,
        -0.6000000000000001,
        -0.8,
        -5.551115123125783e-17,
        -5.551115123125783e-17
      ],
      [
        -0.6000000000000001,
        0.8400000000000001,
        0.32000000000000006,
        0.08000000000000004,
        0.08000000000000004
      ],
      [
        -0.8,
        0.32000000000000006,
        0.96,
        0.2400000000000001,
        0.2400000000000001
      ],
      [
        -5.551115123125783e-17,
        0.08000000000000004,
        0.2400000000000001,
        0.96,
        0.96
      ],
      [
        -5.551115123125783e-17,
        0.08000000000000004,
        0.2400000000000001,
        0.96,
        0.96
      ]
    ],
    [
      [
        0.6399999999999999,
        -0.6399999999999999,
        -0.6399999999999999,
        0.48,
        0.39999999999999997
      ],
      [
        -0.6399999999999999,
        0.6399999999999999,
        0.6399999999999999,
        -0.48,
        -0.39999999999999997
      ],
      [
        -0.6399999999999999,
        0.6399999999999999,
        0.6399999999999999,
        -0.48,
        -0.39999999999999997
      ],
      [
        0.48,
        -0.48,
        -0.48,
        0.96,
        0.8
      ],
      [
        0.39999999999999997,
        -0.39999999999999997,
        -0.39999999999999997,
        0.8,
        1.0
      ]
    ]
  ]
}