{
  "settings_list": [
    [
      1.8704688042108597,
      2.1788995211330477,
      0.6059648387106376,
      5.5595311484334005,
      4.396006388270473,
      1.1397292868349045,
      3.716586263170822,
      0.6885371264264192,
      4.822264872058072,
      1.0506122979847923,
      4.979022192087601,
      3.037229981726805,
      1.250904850648578,
      3.7070251305318656,
      1.9473927915128657
    ],
    [
      1.8842288042108597,
      2.219539521133048,
      0.5669248387106376,
      5.464811148433401,
      4.580966388270474,
      1.1790892868349045,
      3.701866263170822,
      0.6786171264264192,
      4.847544872058072,
      1.1261322979847923,
      4.878222192087601,
      3.038189981726805,
      1.1763448506485779,
      3.7745451305318656,
      2.0011527915128657
    ],
    [
      2.0621488042108598,
      2.303379521133048,
      0.6984448387106377,
      5.421291148433401,
      4.672806388270474,
      1.0091692868349045,
      3.746346263170822,
      0.6677371264264192,
      4.912504872058072,
      1.2074122979847923,
      4.731342192087601,
      3.136749981726805,
      1.217304850648578,
      3.6804651305318656,
      2.136832791512866
    ],
    [
      1.8368688042108596,
      2.270099521133048,
      0.7022848387106377,
      5.521771148433401,
      4.736166388270474,
      0.9714092868349045,
      3.933866263170822,
      0.7963771264264193,
      4.790904872058072,
      1.3162122979847923,
      4.726862192087601,
      3.155309981726805,
      1.3197048506485782,
      3.7060651305318655,
      2.022272791512866
    ],
    [
      1.9059888042108597,
      2.333139521133048,
      0.6523648387106377,
      5.483691148433401,
      4.937446388270475,
      0.9246892868349045,
      3.886186263170822,
      0.8642171264264193,
      4.828024872058072,
      1.2275722979847923,
      4.612302192087601,
      3.061869981726805,
      1.4461048506485783,
      3.8372651305318657,
      2.109632791512866
    ],
    [
      1.8823088042108598,
      2.431059521133048,
      0.6056448387106376,
      5.506731148433401,
      4.954726388270475,
      0.8440492868349044,
      3.871466263170822,
      0.8866171264264193,
      4.773624872058072,
      1.2166922979847923,
      4.5745421920876,
      3.083629981726805,
      1.5881848506485783,
      3.853905130531866,
      2.1019527915128657
    ],
    [
      1.7415088042108597,
      2.402259521133048,
      0.5845248387106375,
      5.693611148433401,
      5.012326388270475,
      0.7928492868349044,
      3.829226263170822,
      0.8597371264264193,
      4.736504872058072,
      1.2198922979847924,
      4.3627021920876,
      3.002349981726805,
      1.5881848506485783,
      3.687505130531866,
      2.0840327915128656
    ],
    [
      1.6762288042108597,
      2.4444995211330482,
      0.6165248387106376,
      5.696171148433401,
      4.865126388270475,
      0.7979692868349044,
      3.945706263170822,
      0.6587771264264193,
      4.655864872058072,
      1.2544522979847923,
      4.109262192087599,
      2.961389981726805,
      1.5510648506485782,
      3.710545130531866,
      1.9726727915128655
    ],
    [
      1.6810288042108597,
      2.345299521133048,
      0.5573248387106375,
      5.748971148433402,
      4.9851263882704755,
      0.7899692868349044,
      4.116906263170822,
      0.8251771264264194,
      4.671864872058072,
      1.2528522979847923,
      4.077262192087599,
      2.9453899817268048,
      1.4918648506485783,
      3.5793451305318658,
      1.8990727915128653
    ],
    [
      1.4976688042108597,
      2.3219395211330482,
      0.6290048387106376,
      5.796331148433402,
      4.978406388270476,
      0.7752492868349043,
      4.150826263170822,
      0.9218171264264194,
      4.733304872058072,
      1.0259722979847923,
      3.883022192087599,
      3.058349981726805,
      1.3664248506485783,
      3.5899051305318657,
      1.8280327915128654
    ],
    [
      1.3549488042108597,
      2.299539521133048,
      0.7384448387106377,
      5.759211148433402,
      4.801126388270476,
      0.7330092868349043,
      4.263466263170822,
      0.9166971264264194,
      4.768504872058072,
      0.9933322979847923,
      3.989902192087599,
      3.071789981726805,
      1.4592248506485783,
      3.6091051305318658,
      1.7633927915128653
    ],
    [
      1.5488688042108598,
      2.163219521133048,
      0.7064448387106378,
      5.614571148433402,
      4.872806388270476,
      0.6376492868349042,
      4.121386263170822,
      0.9557371264264194,
      4.782584872058072,
      0.9632522979847923,
      4.113422192087599,
      3.1754699817268053,
      1.4931448506485785,
      3.5489451305318656,
      1.7512327915128654
    ],
    [
      1.5527088042108599,
      2.123539521133048,
      0.6846848387106378,
      5.536491148433402,
      5.0740863882704765,
      0.5704492868349041,
      4.300586263170822,
      0.9074171264264194,
      4.727864872058072,
      0.4822922979847923,
      4.251662192087599,
      3.2084299817268054,
      1.6221048506485785,
      3.6580651305318654,
      1.7297927915128655
    ],
    [
      1.4995888042108598,
      2.083219521133048,
      0.7090048387106378,
      5.543531148433402,
      4.953126388270476,
      0.46164928683490414,
      4.385706263170822,
      0.9285371264264194,
      4.805944872058072,
      0.42149229798479215,
      4.324622192087599,
      3.2244299817268054,
      1.7014648506485786,
      3.6695851305318654,
      1.7816327915128654
    ],
    [
      1.51366880421086,
      2.008979521133048,
      0.8683648387106379,
      5.571691148433402,
      4.984806388270476,
      0.5362092868349041,
      4.462186263170822,
      0.8590971264264193,
      4.884024872058072,
      0.5440522979847922,
      4.407182192087599,
      3.2164299817268054,
      1.6777848506485786,
      3.6414251305318652,
      1.8078727915128654
    ],
    [
      1.52454880421086,
      2.036499521133048,
      0.9195648387106379,
      5.436651148433402,
      5.016166388270476,
      0.5336492868349042,
      4.489066263170822,
      0.9006971264264194,
      4.761144872058072,
      0.5421322979847921,
      4.341902192087598,
      3.2631499817268055,
      1.5805048506485786,
      3.482705130531865,
      1.7489927915128654
    ],
    [
      1.19398880421086,
      2.048019521133048,
      0.8302848387106379,
      5.350571148433402,
      5.209766388270476,
      0.4981292868349042,
      4.2113062631708225,
      0.8290171264264194,
      4.997624872058072,
      0.5072522979847921,
      4.630222192087598,
      3.0961099817268054,
      1.2445048506485783,
      3.6526251305318653,
      1.5736327915128654
    ],
    [
      1.0704688042108599,
      2.047059521133048,
      0.9160448387106379,
      5.401451148433402,
      4.885286388270476,
      0.5493292868349042,
      4.144426263170822,
      0.8043771264264195,
      5.0149048720580724,
      0.5651722979847921,
      4.704462192087599,
      3.3050699817268057,
      1.3961848506485783,
      3.7793451305318655,
      1.6376327915128654
    ],
    [
      1.47366880421086,
      2.0201795211330476,
      0.7234048387106378,
      5.153131148433403,
      5.143206388270476,
      0.7086892868349043,
      4.296746263170823,
      0.9579771264264195,
      5.327864872058073,
      0.5325322979847921,
      4.888782192087598,
      3.147629981726806,
      1.4857848506485785,
      3.7134251305318653,
      1.4917127915128654
    ],
    [
      1.6167088042108602,
      1.8835395211330475,
      0.6866048387106377,
      5.189931148433403,
      5.017126388270476,
      0.6830892868349043,
      4.342506263170823,
      0.9352571264264196,
      5.364984872058073,
      0.6109322979847921,
      4.841742192087598,
      3.289069981726806,
      1.3555448506485783,
      3.6791851305318652,
      1.4920327915128655
    ],
    [
      1.5079088042108602,
      2.0659395211330476,
      0.5874048387106376,
      5.260331148433403,
      4.965926388270477,
      0.7150892868349042,
      4.208106263170823,
      1.0600571264264196,
      5.380984872058073,
      0.566132297984792,
      4.899342192087598,
      3.145069981726806,
      1.2787448506485783,
      3.7015851305318654,
      1.6296327915128654
    ]
  ],
  "cost_vals": [],
  "step_size": 0.1,
  "opt_step_times": [
    0.20552587509155273,
    0.11678314208984375,
    0.11248183250427246,
    0.1112060546875,
    0.11374902725219727,
    0.11105012893676758,
    0.10956072807312012,
    0.11710500717163086,
    0.11970090866088867,
    0.12309408187866211,
    0.11527395248413086,
    0.11490583419799805,
    0.13819003105163574,
    0.11836504936218262,
    0.13016414642333984,
    0.13878178596496582,
    0.12955093383789062,
    0.13024282455444336,
    0.19157004356384277,
    0.12975406646728516
  ],
  "opt_settings": [
    1.5079088042108602,
    2.0659395211330476,
    0.5874048387106376,
    5.260331148433403,
    4.965926388270477,
    0.7150892868349042,
    4.208106263170823,
    1.0600571264264196,
    5.380984872058073,
    0.566132297984792,
    4.899342192087598,
    3.145069981726806,
    1.2787448506485783,
    3.7015851305318654,
    1.6296327915128654
  ],
  "min_cost": null,
  "datetime": "2023-05-30T16-40-02Z",
  "step_only": true,
  "ibm_device": "default.qubit",
  "shots": 10,
  "prep_node_name": "5-qubit_zero_state",
  "num_qubits": 5,
  "error": false,
  "cov_mats": [
    [
      [
        0.96,
        0.16,
        -0.32000000000000006,
        0.16000000000000003,
        -0.16000000000000003
      ],
      [
        0.16,
        0.96,
        0.08000000000000004,
        0.16,
        -0.56
      ],
      [
        -0.32000000000000006,
        0.08000000000000004,
        0.8400000000000001,
        -0.32000000000000006,
        0.32000000000000006
      ],
      [
        0.16000000000000003,
        0.16,
        -0.32000000000000006,
        0.96,
        -0.16000000000000003
      ],
      [
        -0.16000000000000003,
        -0.56,
        0.32000000000000006,
        -0.16000000000000003,
        0.96
      ]
    ],
    [
      [
        0.6399999999999999,
        0.39999999999999997,
        0.16000000000000003,
        0.48,
        -0.15999999999999998
      ],
      [
        0.39999999999999997,
        1.0,
        0.0,
        0.8,
        -0.2
      ],
      [
        0.16000000000000003,
        0.0,
        0.6399999999999999,
        -0.07999999999999996,
        -0.24000000000000005
      ],
      [
        0.48,
        0.8,
        -0.07999999999999996,
        0.96,
        0.07999999999999999
      ],
      [
        -0.15999999999999998,
        -0.2,
        -0.24000000000000005,
        0.07999999999999999,
        0.8400000000000001
      ]
    ],
    [
      [
        1.0,
        -0.2,
        0.39999999999999997,
        -0.19999999999999996,
        0.2
      ],
      [
        -0.2,
        0.84,
        -0.1600000000000001,
        -0.28,
        -0.03999999999999995
      ],
      [
        0.39999999999999997,
        -0.1600000000000001,
        0.6399999999999999,
        -0.08000000000000002,
        0.15999999999999992
      ],
      [
        -0.19999999999999996,
        -0.28,
        -0.08000000000000002,
        0.3599999999999999,
        -0.12000000000000002
      ],
      [
        0.2,
        -0.03999999999999995,
        0.15999999999999992,
        -0.12000000000000002,
        0.84
      ]
    ],
    [
      [
        0.84,
        0.2400000000000001,
        1.1102230246251565e-16,
        -0.3600000000000001,
        -0.1600000000000001
      ],
      [
        0.2400000000000001,
        0.6399999999999999,
        0.0,
        -0.16000000000000003,
        -0.16000000000000003
      ],
      [
        1.1102230246251565e-16,
        0.0,
        0.0,
        0.0,
        0.0
      ],
      [
        -0.3600000000000001,
        -0.16000000000000003,
        0.0,
        0.84,
        0.2400000000000001
      ],
      [
        -0.1600000000000001,
        -0.16000000000000003,
        0.0,
        0.2400000000000001,
        0.6399999999999999
      ]
    ],
    [
      [
        0.96,
        -0.15999999999999998,
        0.4,
        -0.08000000000000004,
        0.16
      ],
      [
        -0.15999999999999998,
        0.96,
        0.0,
        0.08000000000000004,
        0.24000000000000005
      ],
      [
        0.4,
        0.0,
        1.0,
        -0.6000000000000001,
        0.4000000000000001
      ],
      [
        -0.08000000000000004,
        0.08000000000000004,
        -0.6000000000000001,
        0.8400000000000001,
        -0.07999999999999999
      ],
      [
        0.16,
        0.24000000000000005,
        0.4000000000000001,
        -0.07999999999999999,
        0.96
      ]
    ],
    [
      [
        0.96,
        -0.24000000000000005,
        -0.32000000000000006,
        0.16,
        0.24000000000000002
      ],
      [
        -0.24000000000000005,
        0.96,
        0.08000000000000004,
        0.15999999999999998,
        0.24000000000000005
      ],
      [
        -0.32000000000000006,
        0.08000000000000004,
        0.8400000000000001,
        0.48000000000000004,
        -0.48
      ],
      [
        0.16,
        0.15999999999999998,
        0.48000000000000004,
        0.96,
        -0.56
      ],
      [
        0.24000000000000002,
        0.24000000000000005,
        -0.48,
        -0.56,
        0.96
      ]
    ],
    [
      [
        0.8400000000000001,
        0.32000000000000006,
        0.04000000000000001,
        -0.32,
        0.16000000000000014
      ],
      [
        0.32000000000000006,
        0.96,
        -0.08000000000000002,
        0.24000000000000005,
        -0.31999999999999995
      ],
      [
        0.04000000000000001,
        -0.08000000000000002,
        0.84,
        -0.32,
        0.16000000000000006
      ],
      [
        -0.32,
        0.24000000000000005,
        -0.32,
        0.96,
        -0.07999999999999997
      ],
      [
        0.16000000000000014,
        -0.31999999999999995,
        0.16000000000000006,
        -0.07999999999999997,
        0.6400000000000001
      ]
    ],
    [
      [
        1.0,
        0.0,
        0.0,
        -0.20000000000000007,
        0.39999999999999997
      ],
      [
        0.0,
        0.96,
        -0.32000000000000006,
        0.4,
        0.07999999999999993
      ],
      [
        0.0,
        -0.32000000000000006,
        0.6399999999999999,
        -0.39999999999999997,
        -0.16000000000000003
      ],
      [
        -0.20000000000000007,
        0.4,
        -0.39999999999999997,
        1.0,
        0.0
      ],
      [
        0.39999999999999997,
        0.07999999999999993,
        -0.16000000000000003,
        0.0,
        0.6399999999999999
      ]
    ],
    [
      [
        0.96,
        0.07999999999999999,
        0.15999999999999998,
        -0.07999999999999999,
        -0.56
      ],
      [
        0.07999999999999999,
        0.6399999999999999,
        0.08000000000000002,
        -0.24,
        -0.07999999999999996
      ],
      [
        0.15999999999999998,
        0.08000000000000002,
        0.3599999999999999,
        -0.08000000000000007,
        -0.16
      ],
      [
        -0.07999999999999999,
        -0.24,
        -0.08000000000000007,
        0.6399999999999999,
        0.07999999999999996
      ],
      [
        -0.56,
        -0.07999999999999996,
        -0.16,
        0.07999999999999996,
        0.96
      ]
    ],
    [
      [
        0.84,
        -0.08000000000000006,
        0.08000000000000002,
        0.19999999999999998,
        0.12000000000000005
      ],
      [
        -0.08000000000000006,
        0.96,
        -0.16,
        0.0,
        0.16000000000000003
      ],
      [
        0.08000000000000002,
        -0.16,
        0.96,
        0.4,
        -0.15999999999999995
      ],
      [
        0.19999999999999998,
        0.0,
        0.4,
        1.0,
        0.19999999999999996
      ],
      [
        0.12000000000000005,
        0.16000000000000003,
        -0.15999999999999995,
        0.19999999999999996,
        0.36
      ]
    ],
    [
      [
        0.96,
        -0.07999999999999993,
        0.0,
        0.15999999999999998,
        0.0
      ],
      [
        -0.07999999999999993,
        0.6399999999999999,
        0.39999999999999997,
        -0.48000000000000004,
        0.0
      ],
      [
        0.0,
        0.39999999999999997,
        1.0,
        0.0,
        -0.20000000000000007
      ],
      [
        0.15999999999999998,
        -0.48000000000000004,
        0.0,
        0.96,
        -0.4
      ],
      [
        0.0,
        0.0,
        -0.20000000000000007,
        -0.4,
        1.0
      ]
    ],
    [
      [
        1.0,
        -0.2,
        0.8,
        0.2,
        -0.6000000000000001
      ],
      [
        -0.2,
        1.0,
        5.551115123125783e-17,
        -0.2,
        0.2
      ],
      [
        0.8,
        5.551115123125783e-17,
        0.96,
        0.32,
        -0.4
      ],
      [
        0.2,
        -0.2,
        0.32,
        0.84,
        -0.19999999999999998
      ],
      [
        -0.6000000000000001,
        0.2,
        -0.4,
        -0.19999999999999998,
        1.0
      ]
    ],
    [
      [
        0.96,
        -0.24000000000000007,
        -0.24000000000000007,
        -0.08000000000000004,
        0.32
      ],
      [
        -0.24000000000000007,
        0.96,
        0.15999999999999998,
        0.32,
        -0.48000000000000004
      ],
      [
        -0.24000000000000007,
        0.15999999999999998,
        0.96,
        -0.08000000000000004,
        -0.48000000000000004
      ],
      [
        -0.08000000000000004,
        0.32,
        -0.08000000000000004,
        0.8400000000000001,
        0.04000000000000006
      ],
      [
        0.32,
        -0.48000000000000004,
        -0.48000000000000004,
        0.04000000000000006,
        0.8400000000000001
      ]
    ],
    [
      [
        0.6399999999999999,
        0.07999999999999996,
        0.0,
        0.48000000000000004,
        0.0799999999999999
      ],
      [
        0.07999999999999996,
        0.96,
        0.4,
        0.16,
        0.16
      ],
      [
        0.0,
        0.4,
        1.0,
        -5.551115123125783e-17,
        0.8
      ],
      [
        0.48000000000000004,
        0.16,
        -5.551115123125783e-17,
        0.96,
        0.15999999999999998
      ],
      [
        0.0799999999999999,
        0.16,
        0.8,
        0.15999999999999998,
        0.96
      ]
    ],
    [
      [
        0.96,
        -0.15999999999999998,
        -0.4,
        -0.16,
        0.6400000000000001
      ],
      [
        -0.15999999999999998,
        0.96,
        -0.4,
        0.16,
        -0.24000000000000005
      ],
      [
        -0.4,
        -0.4,
        1.0,
        0.0,
        -0.4000000000000001
      ],
      [
        -0.16,
        0.16,
        0.0,
        0.96,
        0.16000000000000003
      ],
      [
        0.6400000000000001,
        -0.24000000000000005,
        -0.4000000000000001,
        0.16000000000000003,
        0.96
      ]
    ],
    [
      [
        0.96,
        -0.56,
        -0.4,
        0.16,
        -0.56
      ],
      [
        -0.56,
        0.96,
        0.4,
        -0.16000000000000003,
        0.16000000000000003
      ],
      [
        -0.4,
        0.4,
        1.0,
        0.4000000000000001,
        0.0
      ],
      [
        0.16,
        -0.16000000000000003,
        0.4000000000000001,
        0.96,
        -0.56
      ],
      [
        -0.56,
        0.16000000000000003,
        0.0,
        -0.56,
        0.96
      ]
    ],
    [
      [
        0.6399999999999999,
        -0.07999999999999996,
        0.07999999999999996,
        0.39999999999999997,
        -0.07999999999999996
      ],
      [
        -0.07999999999999996,
        0.96,
        -0.56,
        0.0,
        0.56
      ],
      [
        0.07999999999999996,
        -0.56,
        0.96,
        0.0,
        -0.16000000000000003
      ],
      [
        0.39999999999999997,
        0.0,
        0.0,
        1.0,
        0.0
      ],
      [
        -0.07999999999999996,
        0.56,
        -0.16000000000000003,
        0.0,
        0.96
      ]
    ],
    [
      [
        0.0,
        0.0,
        0.0,
        0.0,
        0.0
      ],
      [
        0.0,
        0.96,
        0.24000000000000007,
        0.24000000000000007,
        0.4
      ],
      [
        0.0,
        0.24000000000000007,
        0.96,
        0.15999999999999998,
        0.0
      ],
      [
        0.0,
        0.24000000000000007,
        0.15999999999999998,
        0.96,
        0.4
      ],
      [
        0.0,
        0.4,
        0.0,
        0.4,
        1.0
      ]
    ],
    [
      [
        0.96,
        0.24000000000000007,
        0.15999999999999998,
        -0.4,
        0.16
      ],
      [
        0.24000000000000007,
        0.96,
        0.24000000000000007,
        -0.4,
        -0.16
      ],
      [
        0.15999999999999998,
        0.24000000000000007,
        0.96,
        0.0,
        0.56
      ],
      [
        -0.4,
        -0.4,
        0.0,
        1.0,
        0.4000000000000001
      ],
      [
        0.16,
        -0.16,
        0.56,
        0.4000000000000001,
        0.96
      ]
    ],
    [
      [
        0.96,
        -0.4,
        -0.4,
        0.0,
        -0.32
      ],
      [
        -0.4,
        1.0,
        0.20000000000000007,
        -0.20000000000000007,
        0.2
      ],
      [
        -0.4,
        0.20000000000000007,
        1.0,
        -0.20000000000000007,
        0.6000000000000001
      ],
      [
        0.0,
        -0.20000000000000007,
        -0.20000000000000007,
        1.0,
        -0.6000000000000001
      ],
      [
        -0.32,
        0.2,
        0.6000000000000001,
        -0.6000000000000001,
        0.8400000000000001
      ]
    ],
    [
      [
        0.96,
        0.0,
        -0.4,
        0.08000000000000004,
        0.24000000000000005
      ],
      [
        0.0,
        1.0,
        0.20000000000000007,
        -0.2,
        0.4000000000000001
      ],
      [
        -0.4,
        0.20000000000000007,
        1.0,
        0.6000000000000001,
        -0.4000000000000001
      ],
      [
        0.08000000000000004,
        -0.2,
        0.6000000000000001,
        0.8400000000000001,
        -0.48
      ],
      [
        0.24000000000000005,
        0.4000000000000001,
        -0.4000000000000001,
        -0.48,
        0.96
      ]
    ]
  ]
}