{
  "settings_list": [
    [
      1.4561507889048864,
      2.6626745850609272,
      6.13879536411185,
      6.080823237996457,
      2.2673033953123314,
      2.9119993559346273,
      4.473180361030571,
      0.12798361861680346,
      2.685531358276356,
      4.059782558959758,
      3.9337092934845725,
      4.459459221853857,
      1.5418353136104284,
      1.7141922732465709,
      3.691709388864083
    ],
    [
      1.7463907889048866,
      2.7289145850609273,
      5.95063536411185,
      6.251383237996457,
      2.2493833953123312,
      2.8188793559346275,
      4.537180361030571,
      -0.12065638138319665,
      2.5712913582763557,
      4.153862558959758,
      4.084429293484573,
      4.568899221853857,
      1.6615153136104284,
      1.706512273246571,
      3.538749388864083
    ],
    [
      1.6132707889048865,
      2.7823545850609275,
      5.90519536411185,
      6.259703237996457,
      2.2365833953123313,
      2.7865593559346276,
      4.551900361030571,
      -0.05057638138319663,
      2.5335313582763557,
      4.277382558959758,
      4.2351492934845725,
      4.540419221853857,
      1.6448753136104284,
      1.748112273246571,
      3.4862693888640828
    ],
    [
      1.7175907889048865,
      2.9109945850609273,
      5.92695536411185,
      6.315383237996457,
      2.1879433953123315,
      2.6931193559346274,
      4.57366036103057,
      0.05118361861680343,
      2.4912913582763556,
      4.558982558959758,
      4.295949293484573,
      4.532739221853857,
      1.5687153136104284,
      1.5612322732465709,
      3.5656293888640826
    ],
    [
      1.8609507889048864,
      2.877074585060927,
      5.87255536411185,
      6.366583237996457,
      2.0266633953123314,
      2.670719355934627,
      4.51670036103057,
      0.17726361861680348,
      2.5738513582763556,
      4.567302558959758,
      4.399629293484573,
      4.506499221853858,
      1.8087153136104286,
      1.445392273246571,
      3.664829388864083
    ],
    [
      1.6791907889048863,
      2.7644345850609273,
      5.84567536411185,
      6.287223237996456,
      2.031783395312331,
      2.6668793559346273,
      4.50582036103057,
      0.23678361861680353,
      2.7306513582763556,
      4.466822558959758,
      4.359309293484572,
      4.612739221853857,
      1.6493553136104284,
      1.3615522732465708,
      3.5137893888640828
    ],
    [
      1.483350788904886,
      2.7458745850609274,
      5.81623536411185,
      6.246263237996456,
      2.143143395312331,
      2.7814393559346273,
      4.6325403610305695,
      0.06718361861680341,
      2.6852113582763555,
      4.486022558959758,
      4.356109293484573,
      4.622979221853857,
      1.4471153136104284,
      1.330832273246571,
      3.5470693888640827
    ],
    [
      1.5614307889048862,
      2.7919545850609273,
      5.76631536411185,
      6.300343237996456,
      2.130343395312331,
      2.6745593559346275,
      4.49590036103057,
      0.0268636186168034,
      2.6496913582763555,
      4.446982558959758,
      4.302029293484573,
      4.642499221853857,
      1.4087153136104285,
      1.335632273246571,
      3.405949388864083
    ],
    [
      1.6222307889048861,
      2.893074585060927,
      5.70967536411185,
      6.260023237996456,
      2.0186633953123314,
      2.6278393559346274,
      4.44886036103057,
      0.11166361861680343,
      2.6205713582763557,
      4.508102558959758,
      4.382349293484573,
      4.647939221853857,
      1.4275953136104285,
      1.250512273246571,
      3.363069388864083
    ],
    [
      1.6695907889048862,
      2.8047545850609272,
      5.61367536411185,
      6.326583237996456,
      2.0839433953123314,
      2.5446393559346276,
      4.54230036103057,
      0.0694236186168034,
      2.7191313582763557,
      4.451782558959758,
      4.268429293484573,
      4.645379221853857,
      1.2970353136104285,
      1.123792273246571,
      3.150589388864083
    ],
    [
      1.4807907889048861,
      2.7308345850609275,
      5.6613553641118495,
      6.448503237996456,
      2.0493833953123315,
      2.4454393559346275,
      4.6165403610305695,
      -0.0048163813831966495,
      2.4583313582763555,
      4.548422558959758,
      4.182349293484573,
      4.6341792218538576,
      1.2227953136104284,
      1.071632273246571,
      3.129789388864083
    ],
    [
      1.5607907889048862,
      2.6572345850609276,
      5.632555364111849,
      6.557303237996456,
      1.8669833953123314,
      2.3782393559346273,
      4.635740361030569,
      0.09438361861680342,
      2.4807313582763557,
      4.638022558959758,
      4.310349293484573,
      4.496579221853858,
      1.1971953136104283,
      1.1676322732465712,
      3.132989388864083
    ],
    [
      1.7291107889048862,
      2.716114585060928,
      5.766315364111849,
      6.586103237996457,
      1.7997833953123314,
      2.2086393559346273,
      4.550620361030569,
      -0.1385763813831967,
      2.2637713582763554,
      4.678982558959758,
      4.395469293484573,
      4.626499221853858,
      1.2042353136104282,
      1.2297122732465713,
      3.1483493888640828
    ],
    [
      1.8667107889048862,
      2.713874585060928,
      5.830315364111849,
      6.608823237996456,
      1.6151433953123313,
      2.158719355934627,
      4.550300361030569,
      -0.17825638138319672,
      2.4045713582763555,
      4.731782558959758,
      4.389389293484573,
      4.710339221853858,
      1.2368753136104282,
      1.1996322732465712,
      3.0789093888640826
    ],
    [
      1.8731107889048861,
      2.643474585060928,
      5.913835364111849,
      6.795703237996457,
      1.3569033953123313,
      2.111679355934627,
      4.531100361030569,
      -0.1683363813831967,
      2.4263313582763555,
      4.649862558959758,
      4.245709293484573,
      4.873219221853859,
      1.161675313610428,
      1.2290722732465713,
      3.1077093888640825
    ],
    [
      1.445270788904886,
      2.638674585060928,
      5.777835364111849,
      6.785783237996457,
      1.4919433953123313,
      2.127999355934627,
      4.677340361030569,
      -0.16449638138319664,
      2.4749713582763553,
      4.385222558959758,
      4.0940292934845735,
      4.8872992218538585,
      1.156555313610428,
      1.2322722732465712,
      2.9249893888640823
    ],
    [
      1.557270788904886,
      2.7058745850609283,
      5.886635364111849,
      6.536183237996457,
      1.5431433953123312,
      2.1663993559346273,
      4.814940361030569,
      -0.13889638138319663,
      2.5677713582763553,
      4.561222558959758,
      4.193229293484573,
      4.970499221853858,
      1.1693553136104282,
      0.947472273246571,
      2.8449893888640823
    ],
    [
      1.589270788904886,
      2.670674585060928,
      6.091435364111849,
      6.4081832379964565,
      1.4903433953123313,
      2.1695993559346274,
      4.813340361030569,
      -0.0844963813831966,
      2.5517713582763553,
      4.465222558959758,
      4.188429293484573,
      4.964099221853858,
      1.2125553136104283,
      0.985872273246571,
      3.0321893888640825
    ],
    [
      1.359190788904886,
      2.582994585060928,
      6.108075364111849,
      6.3841832379964565,
      1.5633033953123312,
      2.031679355934627,
      4.740060361030569,
      0.01662361861680338,
      2.482331358276355,
      4.522182558959758,
      4.146829293484573,
      4.980099221853858,
      1.1920753136104283,
      1.215632273246571,
      3.1051493888640826
    ],
    [
      1.377110788904886,
      2.801874585060928,
      6.044395364111849,
      6.283703237996456,
      1.6049033953123313,
      1.8844793559346271,
      4.786460361030569,
      0.14430361861680346,
      2.671131358276355,
      4.486342558959758,
      3.9023492934845727,
      5.081859221853858,
      1.1331953136104282,
      1.1253922732465709,
      3.1736293888640827
    ],
    [
      1.8996707889048858,
      2.666514585060928,
      6.009835364111849,
      6.078583237996456,
      1.8049033953123315,
      1.715199355934627,
      4.653340361030569,
      0.3078236186168035,
      2.5872913582763553,
      4.580102558959758,
      4.062349293484573,
      4.532099221853858,
      1.2359153136104282,
      0.8613922732465709,
      3.0545893888640827
    ]
  ],
  "cost_vals": [],
  "step_size": 0.1,
  "opt_step_times": [
    0.21407294273376465,
    0.12751197814941406,
    0.13307905197143555,
    0.14270377159118652,
    0.12227606773376465,
    0.13402509689331055,
    0.14173436164855957,
    0.1408228874206543,
    0.13635826110839844,
    0.13522100448608398,
    0.13716506958007812,
    0.1384720802307129,
    0.13475489616394043,
    0.12731194496154785,
    0.12972092628479004,
    0.13175010681152344,
    0.13355612754821777,
    0.13105416297912598,
    0.19796514511108398,
    0.13320517539978027
  ],
  "opt_settings": [
    1.8996707889048858,
    2.666514585060928,
    6.009835364111849,
    6.078583237996456,
    1.8049033953123315,
    1.715199355934627,
    4.653340361030569,
    0.3078236186168035,
    2.5872913582763553,
    4.580102558959758,
    4.062349293484573,
    4.532099221853858,
    1.2359153136104282,
    0.8613922732465709,
    3.0545893888640827
  ],
  "min_cost": null,
  "datetime": "2023-05-30T16-38-01Z",
  "step_only": true,
  "ibm_device": "default.qubit",
  "shots": 10,
  "prep_node_name": "5-qubit_zero_state",
  "num_qubits": 5,
  "error": false,
  "cov_mats": [
    [
      [
        0.96,
        0.07999999999999993,
        0.4799999999999999,
        -0.15999999999999998,
        0.0
      ],
      [
        0.07999999999999993,
        0.6399999999999999,
        0.23999999999999988,
        0.32000000000000006,
        0.0
      ],
      [
        0.4799999999999999,
        0.23999999999999988,
        0.6399999999999999,
        0.32000000000000006,
        0.0
      ],
      [
        -0.15999999999999998,
        0.32000000000000006,
        0.32000000000000006,
        0.96,
        -0.4
      ],
      [
        0.0,
        0.0,
        0.0,
        -0.4,
        1.0
      ]
    ],
    [
      [
        0.8400000000000001,
        0.11999999999999994,
        -0.32000000000000006,
        0.04000000000000006,
        -0.07999999999999999
      ],
      [
        0.11999999999999994,
        0.36,
        -0.16000000000000003,
        -0.27999999999999997,
        0.16000000000000003
      ],
      [
        -0.32000000000000006,
        -0.16000000000000003,
        0.96,
        0.07999999999999999,
        -0.16000000000000003
      ],
      [
        0.04000000000000006,
        -0.27999999999999997,
        0.07999999999999999,
        0.8400000000000001,
        -0.07999999999999999
      ],
      [
        -0.07999999999999999,
        0.16000000000000003,
        -0.16000000000000003,
        -0.07999999999999999,
        0.96
      ]
    ],
    [
      [
        0.84,
        -0.2400000000000001,
        -0.3600000000000001,
        -0.32,
        0.43999999999999995
      ],
      [
        -0.2400000000000001,
        0.6399999999999999,
        0.16000000000000003,
        0.32000000000000006,
        0.15999999999999992
      ],
      [
        -0.3600000000000001,
        0.16000000000000003,
        0.84,
        0.08000000000000006,
        -0.3600000000000001
      ],
      [
        -0.32,
        0.32000000000000006,
        0.08000000000000006,
        0.96,
        -0.32
      ],
      [
        0.43999999999999995,
        0.15999999999999992,
        -0.3600000000000001,
        -0.32,
        0.84
      ]
    ],
    [
      [
        0.96,
        -0.16,
        -0.32000000000000006,
        0.16000000000000003,
        0.16000000000000003
      ],
      [
        -0.16,
        0.96,
        0.32,
        -0.16,
        -0.16
      ],
      [
        -0.32000000000000006,
        0.32,
        0.8400000000000001,
        0.07999999999999999,
        0.07999999999999999
      ],
      [
        0.16000000000000003,
        -0.16,
        0.07999999999999999,
        0.96,
        0.16000000000000003
      ],
      [
        0.16000000000000003,
        -0.16,
        0.07999999999999999,
        0.16000000000000003,
        0.96
      ]
    ],
    [
      [
        1.0,
        0.0,
        0.2,
        0.0,
        0.0
      ],
      [
        0.0,
        0.96,
        -0.08000000000000004,
        0.16,
        0.24000000000000005
      ],
      [
        0.2,
        -0.08000000000000004,
        0.8400000000000001,
        0.32000000000000006,
        0.07999999999999999
      ],
      [
        0.0,
        0.16,
        0.32000000000000006,
        0.96,
        0.24000000000000002
      ],
      [
        0.0,
        0.24000000000000005,
        0.07999999999999999,
        0.24000000000000002,
        0.96
      ]
    ],
    [
      [
        0.84,
        -0.32000000000000006,
        -0.7200000000000001,
        -0.48,
        0.3600000000000001
      ],
      [
        -0.32000000000000006,
        0.96,
        0.16,
        0.23999999999999996,
        -0.08000000000000002
      ],
      [
        -0.7200000000000001,
        0.16,
        0.96,
        0.6400000000000001,
        -0.08000000000000006
      ],
      [
        -0.48,
        0.23999999999999996,
        0.6400000000000001,
        0.96,
        0.48
      ],
      [
        0.3600000000000001,
        -0.08000000000000002,
        -0.08000000000000006,
        0.48,
        0.84
      ]
    ],
    [
      [
        0.8400000000000001,
        -0.24000000000000005,
        -0.24000000000000005,
        -0.6000000000000001,
        0.32
      ],
      [
        -0.24000000000000005,
        0.6399999999999999,
        0.24,
        0.39999999999999997,
        0.48000000000000004
      ],
      [
        -0.24000000000000005,
        0.24,
        0.6399999999999999,
        0.39999999999999997,
        0.0799999999999999
      ],
      [
        -0.6000000000000001,
        0.39999999999999997,
        0.39999999999999997,
        1.0,
        0.0
      ],
      [
        0.32,
        0.48000000000000004,
        0.0799999999999999,
        0.0,
        0.96
      ]
    ],
    [
      [
        0.6399999999999999,
        0.07999999999999996,
        0.0799999999999999,
        0.2400000000000001,
        0.07999999999999996
      ],
      [
        0.07999999999999996,
        0.96,
        0.56,
        -0.32000000000000006,
        0.16000000000000003
      ],
      [
        0.0799999999999999,
        0.56,
        0.96,
        0.08000000000000006,
        0.16
      ],
      [
        0.2400000000000001,
        -0.32000000000000006,
        0.08000000000000006,
        0.84,
        0.48
      ],
      [
        0.07999999999999996,
        0.16000000000000003,
        0.16,
        0.48,
        0.96
      ]
    ],
    [
      [
        0.84,
        -0.56,
        -0.27999999999999997,
        -0.48,
        -0.04000000000000001
      ],
      [
        -0.56,
        0.6399999999999999,
        0.3199999999999999,
        0.32,
        -0.24000000000000005
      ],
      [
        -0.27999999999999997,
        0.3199999999999999,
        0.36,
        0.15999999999999998,
        -0.11999999999999997
      ],
      [
        -0.48,
        0.32,
        0.15999999999999998,
        0.96,
        0.07999999999999993
      ],
      [
        -0.04000000000000001,
        -0.24000000000000005,
        -0.11999999999999997,
        0.07999999999999993,
        0.8400000000000001
      ]
    ],
    [
      [
        0.6399999999999999,
        0.07999999999999996,
        0.32000000000000006,
        -0.39999999999999997,
        -0.39999999999999997
      ],
      [
        0.07999999999999996,
        0.96,
        0.24000000000000005,
        0.0,
        -0.4
      ],
      [
        0.32000000000000006,
        0.24000000000000005,
        0.96,
        0.4,
        0.0
      ],
      [
        -0.39999999999999997,
        0.0,
        0.4,
        1.0,
        0.20000000000000007
      ],
      [
        -0.39999999999999997,
        -0.4,
        0.0,
        0.20000000000000007,
        1.0
      ]
    ],
    [
      [
        0.96,
        -0.48000000000000004,
        0.24000000000000007,
        0.08000000000000006,
        0.0
      ],
      [
        -0.48000000000000004,
        0.84,
        -0.32,
        -0.43999999999999995,
        -0.19999999999999998
      ],
      [
        0.24000000000000007,
        -0.32,
        0.96,
        -0.08000000000000006,
        -0.4
      ],
      [
        0.08000000000000006,
        -0.43999999999999995,
        -0.08000000000000006,
        0.84,
        0.19999999999999998
      ],
      [
        0.0,
        -0.19999999999999998,
        -0.4,
        0.19999999999999998,
        1.0
      ]
    ],
    [
      [
        0.96,
        0.7200000000000001,
        0.32000000000000006,
        0.6400000000000001,
        -0.32000000000000006
      ],
      [
        0.7200000000000001,
        0.8400000000000001,
        0.44000000000000006,
        0.48000000000000004,
        -0.44000000000000017
      ],
      [
        0.32000000000000006,
        0.44000000000000006,
        0.8400000000000001,
        0.07999999999999999,
        -0.8400000000000001
      ],
      [
        0.6400000000000001,
        0.48000000000000004,
        0.07999999999999999,
        0.96,
        -0.07999999999999999
      ],
      [
        -0.32000000000000006,
        -0.44000000000000017,
        -0.8400000000000001,
        -0.07999999999999999,
        0.8400000000000001
      ]
    ],
    [
      [
        0.96,
        0.08000000000000006,
        0.24000000000000007,
        -0.24000000000000005,
        -0.08000000000000004
      ],
      [
        0.08000000000000006,
        0.84,
        0.32,
        0.48,
        -0.04000000000000001
      ],
      [
        0.24000000000000007,
        0.32,
        0.96,
        0.24000000000000005,
        -0.32
      ],
      [
        -0.24000000000000005,
        0.48,
        0.24000000000000005,
        0.96,
        0.32000000000000006
      ],
      [
        -0.08000000000000004,
        -0.04000000000000001,
        -0.32,
        0.32000000000000006,
        0.8400000000000001
      ]
    ],
    [
      [
        1.0,
        0.4000000000000001,
        -0.4000000000000001,
        0.6000000000000001,
        0.4000000000000001
      ],
      [
        0.4000000000000001,
        0.96,
        0.24000000000000007,
        0.0,
        -0.16
      ],
      [
        -0.4000000000000001,
        0.24000000000000007,
        0.96,
        -0.4,
        -0.6400000000000001
      ],
      [
        0.6000000000000001,
        0.0,
        -0.4,
        1.0,
        0.4000000000000001
      ],
      [
        0.4000000000000001,
        -0.16,
        -0.6400000000000001,
        0.4000000000000001,
        0.96
      ]
    ],
    [
      [
        0.6399999999999999,
        0.07999999999999996,
        0.39999999999999997,
        -0.16000000000000003,
        -0.16000000000000003
      ],
      [
        0.07999999999999996,
        0.96,
        0.0,
        -0.32000000000000006,
        0.08000000000000004
      ],
      [
        0.39999999999999997,
        0.0,
        1.0,
        -0.2,
        -0.39999999999999997
      ],
      [
        -0.16000000000000003,
        -0.32000000000000006,
        -0.2,
        0.84,
        0.24000000000000002
      ],
      [
        -0.16000000000000003,
        0.08000000000000004,
        -0.39999999999999997,
        0.24000000000000002,
        0.6400000000000001
      ]
    ],
    [
      [
        1.0,
        0.4000000000000001,
        -0.2,
        0.0,
        0.20000000000000007
      ],
      [
        0.4000000000000001,
        0.96,
        0.08000000000000006,
        -0.56,
        0.4
      ],
      [
        -0.2,
        0.08000000000000006,
        0.84,
        -0.48,
        0.19999999999999998
      ],
      [
        0.0,
        -0.56,
        -0.48,
        0.96,
        -0.4
      ],
      [
        0.20000000000000007,
        0.4,
        0.19999999999999998,
        -0.4,
        1.0
      ]
    ],
    [
      [
        0.84,
        -0.15999999999999998,
        -0.12000000000000005,
        0.19999999999999998,
        0.08000000000000002
      ],
      [
        -0.15999999999999998,
        0.6399999999999999,
        0.08000000000000007,
        -0.39999999999999997,
        0.07999999999999996
      ],
      [
        -0.12000000000000005,
        0.08000000000000007,
        0.36,
        -0.19999999999999998,
        -0.23999999999999996
      ],
      [
        0.19999999999999998,
        -0.39999999999999997,
        -0.19999999999999998,
        1.0,
        -0.4000000000000001
      ],
      [
        0.08000000000000002,
        0.07999999999999996,
        -0.23999999999999996,
        -0.4000000000000001,
        0.96
      ]
    ],
    [
      [
        0.6399999999999999,
        0.07999999999999996,
        0.2400000000000001,
        -0.07999999999999996,
        0.07999999999999996
      ],
      [
        0.07999999999999996,
        0.96,
        0.08000000000000002,
        0.24000000000000002,
        -0.6400000000000001
      ],
      [
        0.2400000000000001,
        0.08000000000000002,
        0.84,
        0.32000000000000006,
        0.08000000000000002
      ],
      [
        -0.07999999999999996,
        0.24000000000000002,
        0.32000000000000006,
        0.96,
        -0.16000000000000003
      ],
      [
        0.07999999999999996,
        -0.6400000000000001,
        0.08000000000000002,
        -0.16000000000000003,
        0.96
      ]
    ],
    [
      [
        0.8400000000000001,
        -0.08000000000000004,
        0.23999999999999994,
        -0.4400000000000001,
        5.551115123125783e-17
      ],
      [
        -0.08000000000000004,
        0.96,
        -0.07999999999999997,
        0.48000000000000004,
        2.7755575615628914e-17
      ],
      [
        0.23999999999999994,
        -0.07999999999999997,
        0.6400000000000001,
        -0.24000000000000002,
        -1.1102230246251565e-16
      ],
      [
        -0.4400000000000001,
        0.48000000000000004,
        -0.24000000000000002,
        0.84,
        -5.551115123125783e-17
      ],
      [
        5.551115123125783e-17,
        2.7755575615628914e-17,
        -1.1102230246251565e-16,
        -5.551115123125783e-17,
        1.1102230246251565e-16
      ]
    ],
    [
      [
        0.96,
        0.15999999999999998,
        0.0,
        -0.4,
        -0.16
      ],
      [
        0.15999999999999998,
        0.96,
        0.0,
        0.0,
        -0.16
      ],
      [
        0.0,
        0.0,
        1.0,
        0.20000000000000007,
        0.8
      ],
      [
        -0.4,
        0.0,
        0.20000000000000007,
        1.0,
        0.0
      ],
      [
        -0.16,
        -0.16,
        0.8,
        0.0,
        0.96
      ]
    ],
    [
      [
        0.8400000000000001,
        0.12,
        0.32000000000000006,
        -0.6000000000000001,
        0.04000000000000006
      ],
      [
        0.12,
        0.3599999999999999,
        -0.23999999999999994,
        -0.19999999999999998,
        0.11999999999999991
      ],
      [
        0.32000000000000006,
        -0.23999999999999994,
        0.96,
        0.0,
        -0.48
      ],
      [
        -0.6000000000000001,
        -0.19999999999999998,
        0.0,
        1.0,
        -0.2
      ],
      [
        0.04000000000000006,
        0.11999999999999991,
        -0.48,
        -0.2,
        0.8400000000000001
      ]
    ]
  ]
}