{
  "settings_list": [
    [
      0.5285875302352575,
      4.135293357297607,
      2.7534214846149543,
      1.0421707837729342,
      2.4114645061031346,
      5.484791911056762,
      1.0545318243917314,
      0.9567013318829012,
      0.31545152267001436,
      5.826288655585234,
      5.877738184621324,
      3.4826142674260394,
      5.749482820379219,
      4.517551360622002,
      1.8226751155485506
    ],
    [
      0.6021875302352575,
      4.258493357297607,
      2.7678214846149545,
      1.2069707837729342,
      2.3074645061031345,
      5.539191911056762,
      0.9361318243917314,
      1.0783013318829011,
      0.25465152267001434,
      5.755888655585234,
      5.930538184621325,
      3.5418142674260396,
      5.643882820379219,
      4.623151360622002,
      1.6850751155485506
    ],
    [
      0.6316275302352575,
      4.276413357297607,
      2.7537414846149546,
      1.2786507837729342,
      2.2089045061031345,
      5.526391911056762,
      0.9450918243917313,
      1.0565413318829011,
      0.32377152267001436,
      5.768688655585234,
      5.949738184621324,
      3.4790942674260394,
      5.7142828203792195,
      4.673071360622002,
      1.7247551155485505
    ],
    [
      0.5970675302352575,
      4.162493357297607,
      2.9201414846149545,
      1.3560907837729341,
      2.1314645061031343,
      5.445751911056762,
      0.8254118243917313,
      0.949661331882901,
      0.4524115226700144,
      5.5203686555852345,
      5.781418184621324,
      3.4982942674260395,
      5.89028282037922,
      4.692911360622002,
      1.7586751155485505
    ],
    [
      0.6802675302352574,
      4.313533357297607,
      2.9623814846149545,
      1.3317707837729342,
      2.2332245061031344,
      5.294071911056762,
      0.9598118243917314,
      0.917661331882901,
      0.38905152267001436,
      5.462128655585235,
      5.611818184621324,
      3.5475742674260395,
      5.7373228203792195,
      4.620591360622002,
      1.7580351155485505
    ],
    [
      0.8297075302352575,
      4.2668133572976075,
      2.8967814846149547,
      1.2146507837729341,
      2.3305045061031344,
      5.3804719110567625,
      0.9306918243917314,
      0.9266213318829011,
      0.38937152267001435,
      5.529328655585235,
      5.460778184621324,
      3.5882142674260398,
      5.71076282037922,
      4.540591360622002,
      1.7333951155485505
    ],
    [
      0.8191475302352574,
      4.136573357297608,
      2.851341484614955,
      1.4687307837729342,
      2.2885845061031342,
      5.4399919110567625,
      1.2999718243917315,
      0.8850213318829011,
      0.4069715226700143,
      5.379888655585234,
      5.544938184621324,
      3.73893426742604,
      5.487722820379219,
      4.546351360622002,
      1.6713151155485504
    ],
    [
      0.9183475302352575,
      4.352573357297608,
      3.004941484614955,
      1.2895307837729342,
      2.386184506103134,
      5.396791911056763,
      1.0839718243917316,
      0.8738213318829011,
      0.32857152267001427,
      5.259888655585234,
      5.472938184621324,
      3.92773426742604,
      5.47812282037922,
      4.296751360622002,
      1.7321151155485504
    ],
    [
      0.8735475302352576,
      4.4063333572976076,
      2.9687814846149547,
      1.2876107837729343,
      2.4005845061031343,
      5.433911911056763,
      1.0916518243917315,
      1.0834213318829011,
      0.22489152267001422,
      5.2832486555852345,
      5.525098184621323,
      3.84197426742604,
      5.479722820379219,
      4.361071360622002,
      1.7369151155485505
    ],
    [
      0.9189875302352576,
      4.2943333572976075,
      3.021901484614955,
      1.1359307837729342,
      2.4793045061031345,
      5.374391911056763,
      1.1498918243917315,
      1.078941331882901,
      0.056571522670014085,
      5.449648655585235,
      5.539818184621323,
      3.86693426742604,
      5.50404282037922,
      4.338671360622002,
      1.6639551155485504
    ],
    [
      0.8709875302352575,
      4.234813357297607,
      2.914061484614955,
      1.1807307837729342,
      2.3836245061031343,
      5.473591911056762,
      1.2186918243917315,
      0.979741331882901,
      0.0524115226700141,
      5.536688655585235,
      5.480618184621323,
      3.8275742674260402,
      5.61092282037922,
      4.291631360622002,
      1.6393151155485504
    ],
    [
      0.9535475302352576,
      4.168893357297607,
      2.967181484614955,
      1.2741707837729341,
      2.2652245061031344,
      5.3884719110567625,
      1.1700518243917315,
      0.959261331882901,
      0.04537152267001415,
      5.514928655585235,
      5.380778184621323,
      3.80709426742604,
      5.68452282037922,
      4.2199513606220025,
      1.4690751155485504
    ],
    [
      1.1999475302352578,
      4.406973357297607,
      3.231501484614955,
      1.3765707837729342,
      2.4450645061031344,
      5.355831911056763,
      1.2897318243917315,
      1.046301331882901,
      0.028731522670014147,
      5.5098086555852355,
      5.291818184621323,
      3.54725426742604,
      5.65636282037922,
      4.315951360622003,
      1.5477951155485505
    ],
    [
      1.4143475302352577,
      4.475773357297608,
      3.362701484614955,
      1.4229707837729342,
      2.5906645061031344,
      5.399031911056762,
      1.2369318243917315,
      1.1055013318829012,
      -0.054468477329985915,
      5.484208655585236,
      5.178218184621323,
      3.5296542674260403,
      5.7267628203792205,
      4.4935513606220026,
      1.4069951155485505
    ],
    [
      1.575307530235258,
      4.472253357297608,
      3.339021484614955,
      1.4716107837729342,
      2.6562645061031342,
      5.451831911056763,
      1.4286118243917316,
      1.1432613318829012,
      -0.185668477329986,
      5.552048655585236,
      5.245738184621323,
      3.4768542674260403,
      5.77892282037922,
      4.640111360622003,
      1.3836351155485505
    ],
    [
      1.656267530235258,
      4.442813357297608,
      3.308941484614955,
      1.7304907837729342,
      2.8085845061031343,
      5.6886319110567625,
      1.5191718243917316,
      1.2335013318829013,
      -0.15622847732998604,
      5.518768655585236,
      4.852138184621323,
      3.4582942674260404,
      5.74404282037922,
      4.692591360622003,
      1.4831551155485505
    ],
    [
      1.6153075302352582,
      4.4063333572976076,
      3.3127814846149555,
      1.9109707837729342,
      2.5781845061031343,
      5.686711911056762,
      1.4916518243917316,
      1.2514213318829013,
      -0.1888684773299861,
      5.395248655585236,
      4.971178184621323,
      3.4499742674260405,
      5.9283628203792205,
      4.866671360622003,
      1.2687551155485504
    ],
    [
      1.7151475302352583,
      4.344253357297608,
      3.178381484614955,
      1.9615307837729343,
      2.311944506103134,
      5.655991911056763,
      1.7790118243917317,
      1.4568613318829013,
      -0.15046847732998606,
      5.470768655585236,
      5.001258184621323,
      3.5709342674260407,
      5.94244282037922,
      5.1969113606220025,
      1.3577151155485503
    ],
    [
      1.7797875302352584,
      4.293053357297608,
      3.114381484614955,
      1.9672907837729343,
      2.2805845061031342,
      5.692471911056763,
      1.8551718243917317,
      1.3666213318829012,
      -0.22406847732998608,
      5.379248655585236,
      4.972458184621322,
      3.4986142674260408,
      5.9328428203792205,
      5.172591360622002,
      1.2885951155485502
    ],
    [
      1.8677875302352585,
      4.3228133572976075,
      3.144141484614955,
      1.9759307837729343,
      2.2770645061031343,
      5.9782319110567625,
      1.7175718243917317,
      1.4923813318829013,
      -0.3088684773299862,
      5.303088655585237,
      4.866218184621323,
      3.590774267426041,
      6.01156282037922,
      5.1089113606220025,
      1.3212351155485502
    ],
    [
      2.0149875302352585,
      4.276413357297607,
      2.963021484614955,
      1.8511307837729343,
      2.2105045061031343,
      6.106551911056763,
      1.8225318243917317,
      1.5378213318829013,
      -0.19174847732998612,
      5.273648655585236,
      4.808938184621323,
      3.526454267426041,
      6.081322820379221,
      5.010991360622002,
      1.3212351155485502
    ]
  ],
  "cost_vals": [],
  "step_size": 0.1,
  "opt_step_times": [
    0.22911906242370605,
    0.1252119541168213,
    0.12324690818786621,
    0.11928701400756836,
    0.11280989646911621,
    0.11077094078063965,
    0.11180305480957031,
    0.11206293106079102,
    0.11511802673339844,
    0.11693596839904785,
    0.1125631332397461,
    0.11167502403259277,
    0.11444497108459473,
    0.1122889518737793,
    0.11277198791503906,
    0.11232399940490723,
    0.11131095886230469,
    0.11431598663330078,
    0.1964728832244873,
    0.11549592018127441
  ],
  "opt_settings": [
    2.0149875302352585,
    4.276413357297607,
    2.963021484614955,
    1.8511307837729343,
    2.2105045061031343,
    6.106551911056763,
    1.8225318243917317,
    1.5378213318829013,
    -0.19174847732998612,
    5.273648655585236,
    4.808938184621323,
    3.526454267426041,
    6.081322820379221,
    5.010991360622002,
    1.3212351155485502
  ],
  "min_cost": null,
  "datetime": "2023-05-30T16-35-12Z",
  "step_only": true,
  "ibm_device": "default.qubit",
  "shots": 10,
  "prep_node_name": "5-qubit_zero_state",
  "num_qubits": 5,
  "error": false,
  "cov_mats": [
    [
      [
        0.6399999999999999,
        0.16000000000000003,
        0.2400000000000001,
        -0.07999999999999996,
        -0.48000000000000004
      ],
      [
        0.16000000000000003,
        0.84,
        0.3600000000000001,
        0.08000000000000002,
        0.08000000000000006
      ],
      [
        0.2400000000000001,
        0.3600000000000001,
        0.84,
        0.32000000000000006,
        -0.08000000000000006
      ],
      [
        -0.07999999999999996,
        0.08000000000000002,
        0.32000000000000006,
        0.96,
        -0.24000000000000005
      ],
      [
        -0.48000000000000004,
        0.08000000000000006,
        -0.08000000000000006,
        -0.24000000000000005,
        0.96
      ]
    ],
    [
      [
        0.6399999999999999,
        0.16000000000000003,
        0.0799999999999999,
        0.0,
        0.48000000000000004
      ],
      [
        0.16000000000000003,
        0.84,
        -0.08000000000000006,
        0.0,
        -0.08000000000000006
      ],
      [
        0.0799999999999999,
        -0.08000000000000006,
        0.96,
        0.0,
        -0.24000000000000007
      ],
      [
        0.0,
        0.0,
        0.0,
        0.0,
        0.0
      ],
      [
        0.48000000000000004,
        -0.08000000000000006,
        -0.24000000000000007,
        0.0,
        0.96
      ]
    ],
    [
      [
        1.0,
        0.0,
        -0.2,
        -0.19999999999999996,
        0.0
      ],
      [
        0.0,
        0.96,
        -0.08000000000000004,
        -0.1600000000000001,
        0.16
      ],
      [
        -0.2,
        -0.08000000000000004,
        0.8400000000000001,
        -0.11999999999999994,
        -0.48
      ],
      [
        -0.19999999999999996,
        -0.1600000000000001,
        -0.11999999999999994,
        0.36,
        -0.16000000000000003
      ],
      [
        0.0,
        0.16,
        -0.48,
        -0.16000000000000003,
        0.96
      ]
    ],
    [
      [
        0.6399999999999999,
        0.24,
        0.24000000000000005,
        -0.23999999999999988,
        -0.32
      ],
      [
        0.24,
        0.6400000000000001,
        -0.1600000000000001,
        -0.64,
        -0.31999999999999995
      ],
      [
        0.24000000000000005,
        -0.1600000000000001,
        0.8400000000000001,
        0.16000000000000003,
        0.07999999999999993
      ],
      [
        -0.23999999999999988,
        -0.64,
        0.16000000000000003,
        0.6399999999999999,
        0.32
      ],
      [
        -0.32,
        -0.31999999999999995,
        0.07999999999999993,
        0.32,
        0.96
      ]
    ],
    [
      [
        0.96,
        0.6400000000000001,
        0.15999999999999998,
        -0.32000000000000006,
        -0.15999999999999998
      ],
      [
        0.6400000000000001,
        0.96,
        0.24000000000000007,
        -0.07999999999999993,
        -0.24000000000000007
      ],
      [
        0.15999999999999998,
        0.24000000000000007,
        0.96,
        0.07999999999999993,
        -0.15999999999999998
      ],
      [
        -0.32000000000000006,
        -0.07999999999999993,
        0.07999999999999993,
        0.6399999999999999,
        0.32000000000000006
      ],
      [
        -0.15999999999999998,
        -0.24000000000000007,
        -0.15999999999999998,
        0.32000000000000006,
        0.96
      ]
    ],
    [
      [
        1.0,
        -0.20000000000000007,
        -0.4000000000000001,
        0.8,
        0.39999999999999997
      ],
      [
        -0.20000000000000007,
        0.8400000000000001,
        -0.32,
        0.07999999999999993,
        0.16000000000000014
      ],
      [
        -0.4000000000000001,
        -0.32,
        0.96,
        -0.24,
        -0.07999999999999993
      ],
      [
        0.8,
        0.07999999999999993,
        -0.24,
        0.96,
        0.32
      ],
      [
        0.39999999999999997,
        0.16000000000000014,
        -0.07999999999999993,
        0.32,
        0.6399999999999999
      ]
    ],
    [
      [
        0.6399999999999999,
        -0.16000000000000014,
        -0.56,
        -0.56,
        0.0
      ],
      [
        -0.16000000000000014,
        0.6399999999999999,
        0.24000000000000005,
        0.2400000000000001,
        0.0
      ],
      [
        -0.56,
        0.24000000000000005,
        0.8400000000000001,
        0.4400000000000001,
        0.19999999999999998
      ],
      [
        -0.56,
        0.2400000000000001,
        0.4400000000000001,
        0.84,
        0.19999999999999998
      ],
      [
        0.0,
        0.0,
        0.19999999999999998,
        0.19999999999999998,
        1.0
      ]
    ],
    [
      [
        0.84,
        0.3600000000000001,
        0.08000000000000006,
        -5.551115123125783e-17,
        -0.36000000000000004
      ],
      [
        0.3600000000000001,
        0.84,
        -0.08000000000000006,
        -5.551115123125783e-17,
        -0.04000000000000001
      ],
      [
        0.08000000000000006,
        -0.08000000000000006,
        0.96,
        2.7755575615628914e-17,
        0.08000000000000004
      ],
      [
        -5.551115123125783e-17,
        -5.551115123125783e-17,
        2.7755575615628914e-17,
        1.1102230246251565e-16,
        -5.551115123125783e-17
      ],
      [
        -0.36000000000000004,
        -0.04000000000000001,
        0.08000000000000004,
        -5.551115123125783e-17,
        0.8400000000000001
      ]
    ],
    [
      [
        0.96,
        -0.15999999999999998,
        -0.16,
        -0.6400000000000001,
        0.4
      ],
      [
        -0.15999999999999998,
        0.96,
        -0.24000000000000005,
        0.24000000000000005,
        0.4
      ],
      [
        -0.16,
        -0.24000000000000005,
        0.96,
        -0.16000000000000003,
        0.0
      ],
      [
        -0.6400000000000001,
        0.24000000000000005,
        -0.16000000000000003,
        0.96,
        0.0
      ],
      [
        0.4,
        0.4,
        0.0,
        0.0,
        1.0
      ]
    ],
    [
      [
        0.96,
        0.32,
        -0.24000000000000007,
        0.32000000000000006,
        0.07999999999999993
      ],
      [
        0.32,
        0.8400000000000001,
        -0.48000000000000004,
        0.24000000000000005,
        0.16000000000000014
      ],
      [
        -0.24000000000000007,
        -0.48000000000000004,
        0.96,
        -0.48000000000000004,
        -0.32000000000000006
      ],
      [
        0.32000000000000006,
        0.24000000000000005,
        -0.48000000000000004,
        0.6399999999999999,
        0.16000000000000003
      ],
      [
        0.07999999999999993,
        0.16000000000000014,
        -0.32000000000000006,
        0.16000000000000003,
        0.6399999999999999
      ]
    ],
    [
      [
        0.96,
        0.24000000000000005,
        0.4800000000000001,
        0.32000000000000006,
        0.4
      ],
      [
        0.24000000000000005,
        0.96,
        -0.07999999999999993,
        -0.32,
        0.4
      ],
      [
        0.4800000000000001,
        -0.07999999999999993,
        0.6399999999999999,
        0.56,
        0.0
      ],
      [
        0.32000000000000006,
        -0.32,
        0.56,
        0.8400000000000001,
        -0.19999999999999998
      ],
      [
        0.4,
        0.4,
        0.0,
        -0.19999999999999998,
        1.0
      ]
    ],
    [
      [
        0.84,
        -0.19999999999999998,
        0.08000000000000006,
        0.08000000000000002,
        5.551115123125783e-17
      ],
      [
        -0.19999999999999998,
        1.0,
        -0.4000000000000001,
        -0.4000000000000001,
        0.0
      ],
      [
        0.08000000000000006,
        -0.4000000000000001,
        0.96,
        0.16,
        -2.7755575615628914e-17
      ],
      [
        0.08000000000000002,
        -0.4000000000000001,
        0.16,
        0.96,
        -2.7755575615628914e-17
      ],
      [
        5.551115123125783e-17,
        0.0,
        -2.7755575615628914e-17,
        -2.7755575615628914e-17,
        1.1102230246251565e-16
      ]
    ],
    [
      [
        0.96,
        -0.15999999999999998,
        -0.08000000000000004,
        0.07999999999999997,
        -0.23999999999999996
      ],
      [
        -0.15999999999999998,
        0.96,
        0.08000000000000004,
        -0.07999999999999997,
        0.23999999999999985
      ],
      [
        -0.08000000000000004,
        0.08000000000000004,
        0.8400000000000001,
        -0.23999999999999994,
        0.12
      ],
      [
        0.07999999999999997,
        -0.07999999999999997,
        -0.23999999999999994,
        0.6400000000000001,
        0.07999999999999996
      ],
      [
        -0.23999999999999996,
        0.23999999999999985,
        0.12,
        0.07999999999999996,
        0.3599999999999999
      ]
    ],
    [
      [
        0.96,
        -0.15999999999999998,
        0.4,
        0.4,
        0.07999999999999993
      ],
      [
        -0.15999999999999998,
        0.96,
        0.4,
        0.0,
        -0.07999999999999993
      ],
      [
        0.4,
        0.4,
        1.0,
        0.20000000000000007,
        -0.39999999999999997
      ],
      [
        0.4,
        0.0,
        0.20000000000000007,
        1.0,
        0.39999999999999997
      ],
      [
        0.07999999999999993,
        -0.07999999999999993,
        -0.39999999999999997,
        0.39999999999999997,
        0.6399999999999999
      ]
    ],
    [
      [
        0.96,
        -0.56,
        0.0,
        0.32,
        0.0
      ],
      [
        -0.56,
        0.96,
        0.0,
        0.07999999999999999,
        0.0
      ],
      [
        0.0,
        0.0,
        1.0,
        -0.2,
        -0.20000000000000007
      ],
      [
        0.32,
        0.07999999999999999,
        -0.2,
        0.8400000000000001,
        -0.19999999999999998
      ],
      [
        0.0,
        0.0,
        -0.20000000000000007,
        -0.19999999999999998,
        1.0
      ]
    ],
    [
      [
        1.0,
        -0.20000000000000007,
        0.0,
        -0.20000000000000007,
        0.20000000000000007
      ],
      [
        -0.20000000000000007,
        1.0,
        0.4000000000000001,
        -0.6000000000000001,
        -0.20000000000000007
      ],
      [
        0.0,
        0.4000000000000001,
        0.96,
        0.0,
        0.0
      ],
      [
        -0.20000000000000007,
        -0.6000000000000001,
        0.0,
        1.0,
        -0.20000000000000007
      ],
      [
        0.20000000000000007,
        -0.20000000000000007,
        0.0,
        -0.20000000000000007,
        1.0
      ]
    ],
    [
      [
        1.0,
        0.20000000000000007,
        -0.4000000000000001,
        0.20000000000000007,
        0.20000000000000007
      ],
      [
        0.20000000000000007,
        1.0,
        0.4000000000000001,
        -0.6000000000000001,
        0.20000000000000007
      ],
      [
        -0.4000000000000001,
        0.4000000000000001,
        0.96,
        -0.8,
        0.4
      ],
      [
        0.20000000000000007,
        -0.6000000000000001,
        -0.8,
        1.0,
        -0.6000000000000001
      ],
      [
        0.20000000000000007,
        0.20000000000000007,
        0.4,
        -0.6000000000000001,
        1.0
      ]
    ],
    [
      [
        0.8400000000000001,
        -0.04000000000000006,
        -0.32000000000000006,
        0.12,
        0.36
      ],
      [
        -0.04000000000000006,
        0.8400000000000001,
        -0.07999999999999999,
        0.28000000000000014,
        -0.36
      ],
      [
        -0.32000000000000006,
        -0.07999999999999999,
        0.96,
        -0.15999999999999998,
        -0.07999999999999999
      ],
      [
        0.12,
        0.28000000000000014,
        -0.15999999999999998,
        0.3599999999999999,
        -0.12000000000000002
      ],
      [
        0.36,
        -0.36,
        -0.07999999999999999,
        -0.12000000000000002,
        0.8400000000000001
      ]
    ],
    [
      [
        0.96,
        0.24000000000000007,
        0.15999999999999998,
        0.6400000000000001,
        -0.07999999999999997
      ],
      [
        0.24000000000000007,
        0.96,
        -0.15999999999999998,
        0.16,
        0.07999999999999997
      ],
      [
        0.15999999999999998,
        -0.15999999999999998,
        0.96,
        -0.16,
        0.32
      ],
      [
        0.6400000000000001,
        0.16,
        -0.16,
        0.96,
        -0.31999999999999995
      ],
      [
        -0.07999999999999997,
        0.07999999999999997,
        0.32,
        -0.31999999999999995,
        0.6400000000000001
      ]
    ],
    [
      [
        0.96,
        -0.24000000000000007,
        0.24000000000000005,
        -0.16,
        0.72
      ],
      [
        -0.24000000000000007,
        0.96,
        0.24000000000000005,
        -0.16,
        -0.48000000000000004
      ],
      [
        0.24000000000000005,
        0.24000000000000005,
        0.96,
        -0.24000000000000002,
        0.07999999999999999
      ],
      [
        -0.16,
        -0.16,
        -0.24000000000000002,
        0.96,
        0.07999999999999999
      ],
      [
        0.72,
        -0.48000000000000004,
        0.07999999999999999,
        0.07999999999999999,
        0.8400000000000001
      ]
    ],
    [
      [
        0.96,
        0.0,
        0.08000000000000004,
        -0.48000000000000004,
        -0.16000000000000003
      ],
      [
        0.0,
        1.0,
        0.2,
        0.2,
        0.19999999999999996
      ],
      [
        0.08000000000000004,
        0.2,
        0.8400000000000001,
        -0.04000000000000006,
        0.11999999999999983
      ],
      [
        -0.48000000000000004,
        0.2,
        -0.04000000000000006,
        0.8400000000000001,
        -0.11999999999999983
      ],
      [
        -0.16000000000000003,
        0.19999999999999996,
        0.11999999999999983,
        -0.11999999999999983,
        0.36
      ]
    ]
  ]
}