{
  "settings_list": [
    [
      4.663287101765778,
      2.4460448300389124,
      1.2245022389716602,
      3.140936208197758,
      2.308845795553608,
      4.786671468423617,
      3.4955229446214724,
      1.1385155813015577,
      6.078616637095378,
      2.1138976075415736,
      0.27346696777879614,
      4.681368976322173,
      2.9505160344881953,
      4.9115000804983975,
      4.798805239886573
    ],
    [
      4.569847101765778,
      2.5894048300389123,
      1.3217822389716603,
      3.128776208197758,
      2.2134857955536082,
      4.883311468423617,
      3.3771229446214726,
      1.2652355813015577,
      6.104856637095377,
      2.0722976075415738,
      0.20434696777879616,
      4.678168976322174,
      3.167476034488195,
      4.868620080498397,
      4.8724052398865725
    ],
    [
      4.910647101765778,
      2.6262048300389123,
      1.2577822389716602,
      3.187976208197758,
      2.053485795553608,
      4.982511468423617,
      3.3371229446214725,
      1.3452355813015577,
      6.2552566370953775,
      1.9970976075415736,
      0.23314696777879618,
      4.6797689763221735,
      3.217076034488195,
      4.881420080498398,
      4.939605239886572
    ],
    [
      4.790647101765778,
      2.6662048300389123,
      1.2865822389716604,
      3.126216208197758,
      2.0118857955536082,
      4.970991468423617,
      3.3912029446214724,
      1.556755581301558,
      6.2392566370953775,
      1.9042976075415736,
      0.24370696777879614,
      4.732568976322174,
      3.294196034488195,
      4.8955000804983975,
      5.018645239886572
    ],
    [
      4.873847101765778,
      2.7174048300389124,
      1.3377822389716605,
      3.113416208197758,
      2.0182857955536084,
      5.002991468423617,
      3.4616029446214727,
      1.543955581301558,
      6.309656637095378,
      1.8978976075415737,
      0.22450696777879614,
      4.770968976322174,
      3.415796034488195,
      4.7739000804983975,
      4.922645239886572
    ],
    [
      4.7183271017657775,
      2.6575648300389125,
      1.1848222389716603,
      3.1783762081977582,
      1.9437257955536085,
      4.936111468423617,
      3.4171229446214726,
      1.4565955813015579,
      6.341336637095377,
      1.8678176075415736,
      0.22098696777879617,
      4.670808976322174,
      3.4516360344881947,
      4.856140080498397,
      4.963605239886572
    ],
    [
      4.570167101765778,
      2.5410848300389124,
      1.2133022389716601,
      3.099656208197758,
      1.7987657955536085,
      4.8826714684236165,
      3.4308829446214726,
      1.1887555813015578,
      6.284056637095377,
      1.7161376075415735,
      0.10450696777879614,
      4.665368976322174,
      3.358516034488195,
      4.9275000804983975,
      4.775765239886572
    ],
    [
      4.928567101765778,
      2.4873248300389124,
      1.2817822389716602,
      3.064456208197758,
      1.7827657955536085,
      4.732911468423617,
      3.3105629446214726,
      1.3353155813015578,
      6.320536637095377,
      1.8556576075415736,
      0.16658696777879617,
      4.677528976322174,
      3.3098760344881946,
      4.921740080498397,
      4.687445239886571
    ],
    [
      4.974007101765778,
      2.6210848300389125,
      1.3534622389716602,
      3.326216208197758,
      1.7859657955536086,
      4.854511468423617,
      3.3156829446214724,
      1.3065155813015579,
      6.292376637095377,
      1.9471776075415737,
      0.2165069677787962,
      4.4906489763221735,
      3.2631560344881945,
      4.759180080498397,
      4.717525239886571
    ],
    [
      4.837047101765778,
      2.6646048300389125,
      1.26386223897166,
      3.315976208197758,
      1.6854857955536084,
      4.9697114684236166,
      3.2209629446214723,
      1.510675581301558,
      6.2232566370953775,
      1.8998176075415738,
      0.28050696777879625,
      4.436248976322173,
      3.176756034488194,
      4.727180080498397,
      4.7604052398865715
    ],
    [
      4.918327101765779,
      2.7039648300389127,
      1.2510622389716601,
      3.257096208197758,
      1.4422857955536084,
      5.011951468423616,
      3.2308829446214724,
      1.309075581301558,
      6.190616637095378,
      1.7686176075415736,
      0.18450696777879627,
      4.442008976322174,
      3.043316034488194,
      4.754700080498397,
      4.725525239886571
    ],
    [
      4.837687101765779,
      2.753884830038913,
      1.15634223897166,
      3.103496208197758,
      1.3270857955536084,
      4.979951468423616,
      3.3486429446214725,
      1.245075581301558,
      6.076696637095377,
      1.5190176075415733,
      0.21650696777879636,
      4.340888976322174,
      2.974196034488194,
      4.744460080498397,
      4.728085239886571
    ],
    [
      5.037047101765779,
      2.829724830038913,
      1.02482223897166,
      3.231816208197758,
      1.2918857955536083,
      5.092911468423616,
      3.3057629446214722,
      1.565075581301558,
      6.064536637095378,
      1.5657376075415734,
      0.07474696777879636,
      4.330008976322174,
      3.0490760344881944,
      4.6113400804983975,
      4.531605239886571
    ],
    [
      5.038647101765779,
      2.8482848300389128,
      1.01266223897166,
      3.245576208197758,
      1.3584457955536082,
      5.057071468423616,
      3.3761629446214725,
      1.551955581301558,
      6.032856637095378,
      1.7084576075415736,
      -0.015173032221203711,
      4.328728976322173,
      3.1005960344881944,
      4.705740080498398,
      4.510805239886571
    ],
    [
      4.915127101765779,
      3.0086048300389128,
      1.04690223897166,
      3.387976208197758,
      1.5603657955536083,
      5.157231468423616,
      3.605602944621473,
      1.558035581301558,
      6.010136637095378,
      1.8006176075415736,
      0.12210696777879641,
      4.292248976322173,
      3.1434760344881942,
      4.9195000804983975,
      4.480725239886571
    ],
    [
      5.251127101765779,
      2.9286048300389127,
      0.95730223897166,
      3.5255762081977577,
      1.9507657955536084,
      5.182831468423616,
      3.423202944621473,
      1.238035581301558,
      6.026136637095378,
      1.8134176075415736,
      0.22130696777879644,
      4.388248976322173,
      3.002676034488194,
      4.7659000804983975,
      4.637525239886571
    ],
    [
      5.013687101765779,
      2.947804830038913,
      0.89842223897166,
      3.4046162081977576,
      1.9341257955536084,
      5.1809114684236155,
      3.395682944621473,
      1.5497155813015582,
      6.103576637095379,
      1.8754976075415735,
      0.2949069677787965,
      4.493208976322173,
      3.066036034488194,
      4.705740080498398,
      4.675925239886571
    ],
    [
      4.699447101765779,
      2.891164830038913,
      0.99602223897166,
      3.2327762081977576,
      1.8646857955536085,
      5.186671468423616,
      3.383842944621473,
      1.4556355813015582,
      6.018136637095378,
      1.8351776075415733,
      0.4757069677787965,
      4.408728976322173,
      2.970356034488194,
      4.598540080498398,
      4.6938452398865715
    ],
    [
      4.6332071017657785,
      2.761884830038913,
      1.22482223897166,
      3.3681362081977575,
      1.9834057955536086,
      5.0983514684236155,
      3.314722944621473,
      1.3522755813015581,
      6.0546166370953785,
      1.9871776075415735,
      0.3768269677787965,
      4.3396089763221735,
      2.982836034488194,
      4.5767800804983985,
      4.653525239886571
    ],
    [
      4.555127101765779,
      2.761884830038913,
      1.18386223897166,
      3.3790162081977573,
      1.9251657955536086,
      5.004271468423616,
      3.3704029446214734,
      1.224915581301558,
      6.048216637095378,
      1.8994976075415733,
      0.44338696777879655,
      4.228888976322174,
      3.036596034488194,
      4.7073400804983985,
      4.787285239886571
    ],
    [
      4.585847101765778,
      2.774044830038913,
      1.16946223897166,
      3.3802962081977572,
      2.0333257955536084,
      5.106991468423615,
      3.240482944621473,
      1.406355581301558,
      6.028376637095378,
      1.9983776075415733,
      0.47890696777879654,
      4.2020089763221735,
      2.998196034488194,
      4.923020080498398,
      4.7834452398865706
    ]
  ],
  "cost_vals": [],
  "step_size": 0.1,
  "opt_step_times": [
    0.20485305786132812,
    0.14117813110351562,
    0.1399669647216797,
    0.13955307006835938,
    0.13738203048706055,
    0.1413099765777588,
    0.13128924369812012,
    0.13506603240966797,
    0.1392660140991211,
    0.1378917694091797,
    0.13741087913513184,
    0.1397850513458252,
    0.1347508430480957,
    0.13794612884521484,
    0.13530588150024414,
    0.13392901420593262,
    0.13602995872497559,
    0.13516592979431152,
    0.19348788261413574,
    0.13033509254455566
  ],
  "opt_settings": [
    4.585847101765778,
    2.774044830038913,
    1.16946223897166,
    3.3802962081977572,
    2.0333257955536084,
    5.106991468423615,
    3.240482944621473,
    1.406355581301558,
    6.028376637095378,
    1.9983776075415733,
    0.47890696777879654,
    4.2020089763221735,
    2.998196034488194,
    4.923020080498398,
    4.7834452398865706
  ],
  "min_cost": null,
  "datetime": "2023-05-30T16-39-01Z",
  "step_only": true,
  "ibm_device": "default.qubit",
  "shots": 10,
  "prep_node_name": "5-qubit_zero_state",
  "num_qubits": 5,
  "error": false,
  "cov_mats": [
    [
      [
        1.0,
        0.19999999999999996,
        -0.20000000000000007,
        0.2,
        -0.4000000000000001
      ],
      [
        0.19999999999999996,
        0.3599999999999999,
        -0.19999999999999998,
        -0.28,
        0.16
      ],
      [
        -0.20000000000000007,
        -0.19999999999999998,
        1.0,
        -0.2,
        -0.4000000000000001
      ],
      [
        0.2,
        -0.28,
        -0.2,
        0.8400000000000001,
        -0.48
      ],
      [
        -0.4000000000000001,
        0.16,
        -0.4000000000000001,
        -0.48,
        0.96
      ]
    ],
    [
      [
        0.84,
        -0.15999999999999998,
        0.16000000000000006,
        0.03999999999999995,
        -0.24000000000000002
      ],
      [
        -0.15999999999999998,
        0.6399999999999999,
        0.16000000000000003,
        -0.16000000000000003,
        0.15999999999999992
      ],
      [
        0.16000000000000006,
        0.16000000000000003,
        0.6400000000000001,
        0.16000000000000011,
        0.24000000000000027
      ],
      [
        0.03999999999999995,
        -0.16000000000000003,
        0.16000000000000011,
        0.84,
        -0.24000000000000002
      ],
      [
        -0.24000000000000002,
        0.15999999999999992,
        0.24000000000000027,
        -0.24000000000000002,
        0.6400000000000001
      ]
    ],
    [
      [
        0.8400000000000001,
        -0.44000000000000006,
        -0.32000000000000006,
        -0.24000000000000005,
        0.32000000000000006
      ],
      [
        -0.44000000000000006,
        0.8400000000000001,
        0.32000000000000006,
        -0.16000000000000003,
        -0.7200000000000001
      ],
      [
        -0.32000000000000006,
        0.32000000000000006,
        0.96,
        -0.48,
        -0.16000000000000003
      ],
      [
        -0.24000000000000005,
        -0.16000000000000003,
        -0.48,
        0.6399999999999999,
        0.07999999999999996
      ],
      [
        0.32000000000000006,
        -0.7200000000000001,
        -0.16000000000000003,
        0.07999999999999996,
        0.96
      ]
    ],
    [
      [
        0.96,
        -0.07999999999999993,
        0.4,
        0.23999999999999985,
        -0.24000000000000005
      ],
      [
        -0.07999999999999993,
        0.6399999999999999,
        0.0,
        0.08000000000000002,
        -0.07999999999999996
      ],
      [
        0.4,
        0.0,
        1.0,
        0.19999999999999996,
        -0.4000000000000001
      ],
      [
        0.23999999999999985,
        0.08000000000000002,
        0.19999999999999996,
        0.3599999999999999,
        -0.16
      ],
      [
        -0.24000000000000005,
        -0.07999999999999996,
        -0.4000000000000001,
        -0.16,
        0.96
      ]
    ],
    [
      [
        0.8400000000000001,
        -0.16000000000000003,
        0.6000000000000001,
        -0.32,
        -0.04000000000000006
      ],
      [
        -0.16000000000000003,
        0.6399999999999999,
        -0.39999999999999997,
        0.48000000000000004,
        0.15999999999999998
      ],
      [
        0.6000000000000001,
        -0.39999999999999997,
        1.0,
        -0.4000000000000001,
        -0.2
      ],
      [
        -0.32,
        0.48000000000000004,
        -0.4000000000000001,
        0.96,
        -0.08000000000000004
      ],
      [
        -0.04000000000000006,
        0.15999999999999998,
        -0.2,
        -0.08000000000000004,
        0.8400000000000001
      ]
    ],
    [
      [
        1.0,
        -0.6000000000000001,
        -0.4,
        0.4000000000000001,
        0.2
      ],
      [
        -0.6000000000000001,
        1.0,
        0.4,
        5.551115123125783e-17,
        -0.6000000000000001
      ],
      [
        -0.4,
        0.4,
        0.96,
        -0.6400000000000001,
        -0.07999999999999993
      ],
      [
        0.4000000000000001,
        5.551115123125783e-17,
        -0.6400000000000001,
        0.96,
        -0.07999999999999999
      ],
      [
        0.2,
        -0.6000000000000001,
        -0.07999999999999993,
        -0.07999999999999999,
        0.8400000000000001
      ]
    ],
    [
      [
        1.0,
        0.2,
        0.0,
        0.2,
        0.4000000000000001
      ],
      [
        0.2,
        0.84,
        0.08000000000000002,
        -0.44000000000000006,
        0.48
      ],
      [
        0.0,
        0.08000000000000002,
        0.96,
        -0.08000000000000002,
        0.16000000000000003
      ],
      [
        0.2,
        -0.44000000000000006,
        -0.08000000000000002,
        0.84,
        -0.08000000000000002
      ],
      [
        0.4000000000000001,
        0.48,
        0.16000000000000003,
        -0.08000000000000002,
        0.96
      ]
    ],
    [
      [
        0.96,
        0.16000000000000006,
        0.24000000000000005,
        0.0,
        -0.24000000000000005
      ],
      [
        0.16000000000000006,
        0.3599999999999999,
        -0.16,
        0.19999999999999998,
        -0.23999999999999994
      ],
      [
        0.24000000000000005,
        -0.16,
        0.96,
        0.0,
        0.24000000000000002
      ],
      [
        0.0,
        0.19999999999999998,
        0.0,
        1.0,
        0.0
      ],
      [
        -0.24000000000000005,
        -0.23999999999999994,
        0.24000000000000002,
        0.0,
        0.96
      ]
    ],
    [
      [
        0.84,
        -0.04000000000000001,
        -0.19999999999999998,
        0.16000000000000006,
        -0.08000000000000002
      ],
      [
        -0.04000000000000001,
        0.8400000000000001,
        0.19999999999999998,
        0.23999999999999994,
        0.48
      ],
      [
        -0.19999999999999998,
        0.19999999999999998,
        1.0,
        0.0,
        0.4000000000000001
      ],
      [
        0.16000000000000006,
        0.23999999999999994,
        0.0,
        0.6400000000000001,
        0.08000000000000002
      ],
      [
        -0.08000000000000002,
        0.48,
        0.4000000000000001,
        0.08000000000000002,
        0.96
      ]
    ],
    [
      [
        0.36,
        -0.12000000000000002,
        0.23999999999999994,
        -0.11999999999999997,
        -0.2399999999999999
      ],
      [
        -0.12000000000000002,
        0.84,
        -0.08000000000000006,
        0.04000000000000001,
        0.08000000000000002
      ],
      [
        0.23999999999999994,
        -0.08000000000000006,
        0.96,
        -0.08000000000000004,
        0.24000000000000005
      ],
      [
        -0.11999999999999997,
        0.04000000000000001,
        -0.08000000000000004,
        0.8400000000000001,
        0.07999999999999999
      ],
      [
        -0.2399999999999999,
        0.08000000000000002,
        0.24000000000000005,
        0.07999999999999999,
        0.96
      ]
    ],
    [
      [
        0.6399999999999999,
        0.0,
        0.0799999999999999,
        0.0,
        0.08000000000000007
      ],
      [
        0.0,
        1.0,
        0.8,
        0.20000000000000007,
        -0.19999999999999996
      ],
      [
        0.0799999999999999,
        0.8,
        0.96,
        0.4,
        0.16000000000000003
      ],
      [
        0.0,
        0.20000000000000007,
        0.4,
        1.0,
        0.19999999999999996
      ],
      [
        0.08000000000000007,
        -0.19999999999999996,
        0.16000000000000003,
        0.19999999999999996,
        0.36
      ]
    ],
    [
      [
        0.96,
        -0.15999999999999998,
        0.4,
        -0.32000000000000006,
        0.0
      ],
      [
        -0.15999999999999998,
        0.96,
        0.0,
        -0.48000000000000004,
        0.0
      ],
      [
        0.4,
        0.0,
        1.0,
        -0.39999999999999997,
        0.6000000000000001
      ],
      [
        -0.32000000000000006,
        -0.48000000000000004,
        -0.39999999999999997,
        0.6399999999999999,
        -0.39999999999999997
      ],
      [
        0.0,
        0.0,
        0.6000000000000001,
        -0.39999999999999997,
        1.0
      ]
    ],
    [
      [
        0.84,
        -0.7200000000000001,
        0.08000000000000002,
        0.03999999999999995,
        -0.04000000000000001
      ],
      [
        -0.7200000000000001,
        0.96,
        -0.24000000000000005,
        0.08000000000000006,
        -0.08000000000000004
      ],
      [
        0.08000000000000002,
        -0.24000000000000005,
        0.96,
        -0.32000000000000006,
        0.7200000000000001
      ],
      [
        0.03999999999999995,
        0.08000000000000006,
        -0.32000000000000006,
        0.84,
        -0.44
      ],
      [
        -0.04000000000000001,
        -0.08000000000000004,
        0.7200000000000001,
        -0.44,
        0.8400000000000001
      ]
    ],
    [
      [
        1.0,
        0.0,
        -0.20000000000000007,
        -0.2,
        -0.20000000000000007
      ],
      [
        0.0,
        0.6399999999999999,
        -0.39999999999999997,
        -0.15999999999999992,
        0.39999999999999997
      ],
      [
        -0.20000000000000007,
        -0.39999999999999997,
        1.0,
        0.2,
        -0.6000000000000001
      ],
      [
        -0.2,
        -0.15999999999999992,
        0.2,
        0.84,
        -0.19999999999999998
      ],
      [
        -0.20000000000000007,
        0.39999999999999997,
        -0.6000000000000001,
        -0.19999999999999998,
        1.0
      ]
    ],
    [
      [
        0.96,
        -0.15999999999999998,
        0.48000000000000004,
        0.32000000000000006,
        -0.16
      ],
      [
        -0.15999999999999998,
        0.96,
        -0.08000000000000004,
        -0.32000000000000006,
        -0.24000000000000005
      ],
      [
        0.48000000000000004,
        -0.08000000000000004,
        0.8400000000000001,
        0.16000000000000014,
        -0.07999999999999999
      ],
      [
        0.32000000000000006,
        -0.32000000000000006,
        0.16000000000000014,
        0.6399999999999999,
        0.07999999999999996
      ],
      [
        -0.16,
        -0.24000000000000005,
        -0.07999999999999999,
        0.07999999999999996,
        0.96
      ]
    ],
    [
      [
        0.6399999999999999,
        -0.31999999999999995,
        -0.16000000000000003,
        0.15999999999999998,
        -0.07999999999999996
      ],
      [
        -0.31999999999999995,
        0.3599999999999999,
        0.08000000000000007,
        0.12000000000000002,
        0.24000000000000007
      ],
      [
        -0.16000000000000003,
        0.08000000000000007,
        0.6399999999999999,
        0.15999999999999998,
        0.32000000000000006
      ],
      [
        0.15999999999999998,
        0.12000000000000002,
        0.15999999999999998,
        0.8400000000000001,
        0.48000000000000004
      ],
      [
        -0.07999999999999996,
        0.24000000000000007,
        0.32000000000000006,
        0.48000000000000004,
        0.96
      ]
    ],
    [
      [
        0.96,
        0.0,
        0.6400000000000001,
        0.32,
        -0.24000000000000005
      ],
      [
        0.0,
        1.0,
        0.4000000000000001,
        -0.2,
        0.4000000000000001
      ],
      [
        0.6400000000000001,
        0.4000000000000001,
        0.96,
        0.08000000000000004,
        -0.16
      ],
      [
        0.32,
        -0.2,
        0.08000000000000004,
        0.8400000000000001,
        -0.07999999999999999
      ],
      [
        -0.24000000000000005,
        0.4000000000000001,
        -0.16,
        -0.07999999999999999,
        0.96
      ]
    ],
    [
      [
        1.0,
        0.6000000000000001,
        0.0,
        0.2,
        -0.20000000000000007
      ],
      [
        0.6000000000000001,
        0.8400000000000001,
        0.16000000000000014,
        -0.04000000000000006,
        -0.19999999999999998
      ],
      [
        0.0,
        0.16000000000000014,
        0.6399999999999999,
        -0.15999999999999998,
        0.0
      ],
      [
        0.2,
        -0.04000000000000006,
        -0.15999999999999998,
        0.8400000000000001,
        -0.19999999999999998
      ],
      [
        -0.20000000000000007,
        -0.19999999999999998,
        0.0,
        -0.19999999999999998,
        1.0
      ]
    ],
    [
      [
        1.0,
        -0.19999999999999996,
        0.0,
        -0.2,
        0.6000000000000001
      ],
      [
        -0.19999999999999996,
        0.3599999999999999,
        0.08000000000000007,
        0.12000000000000002,
        -0.11999999999999991
      ],
      [
        0.0,
        0.08000000000000007,
        0.6399999999999999,
        0.16000000000000003,
        -0.1600000000000001
      ],
      [
        -0.2,
        0.12000000000000002,
        0.16000000000000003,
        0.84,
        -0.4400000000000001
      ],
      [
        0.6000000000000001,
        -0.11999999999999991,
        -0.1600000000000001,
        -0.4400000000000001,
        0.8400000000000001
      ]
    ],
    [
      [
        0.8400000000000001,
        -0.08000000000000004,
        -0.4400000000000001,
        0.11999999999999988,
        -0.07999999999999999
      ],
      [
        -0.08000000000000004,
        0.96,
        0.08000000000000006,
        0.16000000000000006,
        -0.24000000000000005
      ],
      [
        -0.4400000000000001,
        0.08000000000000006,
        0.84,
        -0.1200000000000001,
        0.08000000000000002
      ],
      [
        0.11999999999999988,
        0.16000000000000006,
        -0.1200000000000001,
        0.3599999999999999,
        -0.23999999999999994
      ],
      [
        -0.07999999999999999,
        -0.24000000000000005,
        0.08000000000000002,
        -0.23999999999999994,
        0.96
      ]
    ],
    [
      [
        0.96,
        0.07999999999999993,
        -0.08000000000000006,
        0.32000000000000006,
        -0.48
      ],
      [
        0.07999999999999993,
        0.6399999999999999,
        0.56,
        -0.24,
        0.16000000000000003
      ],
      [
        -0.08000000000000006,
        0.56,
        0.84,
        -0.56,
        0.24000000000000002
      ],
      [
        0.32000000000000006,
        -0.24,
        -0.56,
        0.6399999999999999,
        -0.16000000000000003
      ],
      [
        -0.48,
        0.16000000000000003,
        0.24000000000000002,
        -0.16000000000000003,
        0.6400000000000001
      ]
    ]
  ]
}