{
  "settings_list": [
    [
      0.5564258029308595,
      1.6573813878969594,
      5.208876227278445,
      4.2972585785860495,
      0.682867128576698,
      1.1444469514872366,
      0.7757422486967613,
      5.7220670175305735,
      6.081733261052135,
      5.597189272706304,
      2.212826794972488,
      5.177081019156935,
      3.4058900827323235,
      4.008624014532703,
      3.920188993971626
    ],
    [
      0.7535458029308596,
      1.5261813878969595,
      5.236396227278445,
      4.4278185785860495,
      0.5836671285766979,
      1.1841269514872366,
      0.9120622486967614,
      5.659347017530574,
      6.068933261052135,
      5.627269272706304,
      1.874906794972488,
      5.1553210191569345,
      3.4782100827323235,
      3.924144014532703,
      4.003388993971626
    ],
    [
      0.8223458029308596,
      1.5933813878969594,
      5.113196227278445,
      4.407018578586049,
      0.6044671285766978,
      1.2545269514872366,
      0.9072622486967614,
      5.628947017530574,
      6.147333261052135,
      5.651269272706304,
      1.8941067949724881,
      5.132921019156934,
      3.4286100827323236,
      3.912944014532703,
      3.875388993971626
    ],
    [
      0.7532258029308595,
      1.6721013878969595,
      5.042796227278445,
      4.280938578586049,
      0.5916671285766978,
      1.3057269514872365,
      1.2631022486967618,
      5.593107017530573,
      6.303493261052135,
      5.5879092727063036,
      1.917146794972488,
      5.227641019156934,
      3.4817300827323234,
      3.757424014532703,
      3.774908993971626
    ],
    [
      0.8194658029308595,
      1.5242613878969595,
      5.053356227278445,
      4.296618578586049,
      0.5836671285766978,
      1.3130869514872365,
      1.173502248696762,
      5.628307017530573,
      6.448453261052135,
      5.5904692727063034,
      1.941146794972488,
      5.307961019156934,
      3.5322900827323234,
      3.837744014532703,
      3.7294689939716257
    ],
    [
      0.8149858029308594,
      1.5383413878969596,
      5.126956227278445,
      4.438058578586049,
      0.6527871285766977,
      1.4436469514872365,
      1.2195822486967618,
      5.601427017530573,
      6.446533261052135,
      5.593029272706303,
      1.9449867949724882,
      5.318201019156934,
      3.525890082732323,
      3.881904014532703,
      3.6757089939716256
    ],
    [
      0.7567458029308595,
      1.5543413878969596,
      5.090476227278445,
      4.459818578586049,
      0.5657471285766977,
      1.4161269514872366,
      1.216382248696762,
      5.612307017530573,
      6.399173261052135,
      5.624389272706304,
      1.8406667949724882,
      5.412281019156934,
      3.580930082732323,
      3.876784014532703,
      3.6686689939716257
    ],
    [
      0.7842658029308595,
      1.5863413878969597,
      5.046316227278445,
      4.473898578586049,
      0.5631871285766977,
      1.4193269514872366,
      1.309822248696762,
      5.671187017530573,
      6.383173261052135,
      5.685829272706304,
      1.7920267949724882,
      5.402681019156934,
      3.5886100827323233,
      3.8863840145327027,
      3.590588993971626
    ],
    [
      0.9020258029308595,
      1.4468213878969596,
      5.0840762272784445,
      4.6230185785860485,
      0.4876671285766977,
      1.4039669514872366,
      1.4103022486967618,
      5.714707017530573,
      6.409413261052134,
      5.679429272706304,
      1.657626794972488,
      5.483321019156934,
      3.5790100827323235,
      3.8543840145327026,
      3.5713889939716257
    ],
    [
      0.8796258029308596,
      1.3844213878969596,
      5.096876227278445,
      4.680618578586048,
      0.5084671285766977,
      1.3703669514872365,
      1.3959022486967618,
      5.653907017530573,
      6.491013261052134,
      5.533829272706304,
      1.521626794972488,
      5.360121019156934,
      3.8030100827323237,
      3.8431840145327025,
      3.5249889939716255
    ],
    [
      0.9269858029308596,
      1.3914613878969597,
      5.030956227278445,
      4.669098578586048,
      0.44510712857669765,
      1.3729269514872364,
      1.3965422486967618,
      5.721747017530573,
      6.542213261052134,
      5.385989272706303,
      1.597786794972488,
      5.326201019156934,
      3.7914900827323237,
      3.8342240145327025,
      3.4693089939716253
    ],
    [
      0.9455458029308597,
      1.3479413878969597,
      5.123756227278445,
      4.592938578586049,
      0.4476671285766977,
      1.3550069514872365,
      1.4061422486967619,
      5.662227017530573,
      6.540933261052134,
      5.297669272706303,
      1.606746794972488,
      5.244281019156934,
      3.884930082732324,
      3.8092640145327024,
      3.4142689939716253
    ],
    [
      0.9394658029308597,
      1.3540213878969598,
      5.201196227278445,
      4.519338578586049,
      0.4819071285766977,
      1.4090869514872366,
      1.2131822486967618,
      5.581907017530573,
      6.491653261052134,
      5.210949272706303,
      1.600346794972488,
      5.2244410191569335,
      3.896130082732324,
      3.8399840145327024,
      3.297788993971625
    ],
    [
      1.0037858029308597,
      1.4778613878969598,
      5.2671162272784455,
      4.751018578586049,
      0.6063871285766977,
      1.4324469514872367,
      1.1341422486967618,
      5.554707017530573,
      6.6129332610521345,
      5.276869272706303,
      1.598106794972488,
      5.2209210191569335,
      4.051650082732324,
      4.018224014532702,
      3.1921889939716253
    ],
    [
      0.8994658029308598,
      1.5181813878969599,
      5.2466362272784455,
      4.591658578586048,
      0.5558271285766977,
      1.3217269514872367,
      1.1283822486967616,
      5.522707017530573,
      6.706373261052135,
      5.229509272706303,
      1.592346794972488,
      5.316281019156934,
      4.118850082732323,
      4.038704014532702,
      3.288828993971625
    ],
    [
      0.8882658029308598,
      1.4621813878969598,
      5.208236227278445,
      4.558058578586048,
      0.41502712857669755,
      1.1825269514872367,
      1.3763822486967618,
      5.517907017530573,
      6.728773261052135,
      5.248709272706303,
      1.6867467949724881,
      5.369081019156934,
      4.018050082732324,
      4.019504014532703,
      3.288828993971625
    ],
    [
      1.14618580293086,
      1.4202613878969599,
      5.289196227278445,
      4.651818578586048,
      0.45470712857669754,
      1.0954869514872367,
      1.413822248696762,
      5.458387017530573,
      6.824773261052135,
      5.144389272706302,
      1.7907467949724882,
      5.385721019156934,
      3.979010082732324,
      4.225904014532703,
      3.401148993971625
    ],
    [
      1.15770580293086,
      1.2730613878969599,
      5.248236227278445,
      4.528938578586048,
      0.3407871285766975,
      1.0001269514872368,
      1.295422248696762,
      5.366867017530573,
      6.911813261052135,
      5.142469272706302,
      1.9187467949724883,
      5.257081019156934,
      4.106370082732324,
      4.209264014532703,
      3.226428993971625
    ],
    [
      1.1631458029308601,
      1.4711413878969601,
      5.324716227278445,
      4.445098578586047,
      0.34718712857669753,
      0.9908469514872368,
      1.207102248696762,
      5.540627017530572,
      7.053573261052135,
      5.064709272706303,
      1.8419467949724884,
      5.256121019156934,
      4.175170082732325,
      4.342064014532703,
      3.222908993971625
    ],
    [
      1.18554580293086,
      1.50634138789696,
      5.353516227278446,
      4.603498578586048,
      0.3647871285766976,
      1.038846951487237,
      1.251902248696762,
      5.580627017530572,
      7.1111732610521345,
      5.149509272706303,
      1.8307467949724885,
      5.3809210191569345,
      4.167170082732325,
      4.430064014532703,
      3.178108993971625
    ],
    [
      1.09978580293086,
      1.5850613878969602,
      5.2831162272784455,
      4.571498578586048,
      0.26494712857669755,
      1.0081269514872369,
      1.167422248696762,
      5.480147017530572,
      7.093253261052134,
      5.062469272706303,
      1.7840267949724884,
      5.490361019156935,
      4.099970082732325,
      4.561904014532703,
      3.077628993971625
    ]
  ],
  "cost_vals": [],
  "step_size": 0.1,
  "opt_step_times": [
    0.20665597915649414,
    0.14135193824768066,
    0.14463305473327637,
    0.14145588874816895,
    0.14153599739074707,
    0.14144206047058105,
    0.16825389862060547,
    0.16000580787658691,
    0.18119406700134277,
    0.15471100807189941,
    0.15062570571899414,
    0.14492297172546387,
    0.14943408966064453,
    0.1565690040588379,
    0.15360403060913086,
    0.17244291305541992,
    0.2449631690979004,
    0.19181084632873535,
    0.24991703033447266,
    0.20919227600097656
  ],
  "opt_settings": [
    1.09978580293086,
    1.5850613878969602,
    5.2831162272784455,
    4.571498578586048,
    0.26494712857669755,
    1.0081269514872369,
    1.167422248696762,
    5.480147017530572,
    7.093253261052134,
    5.062469272706303,
    1.7840267949724884,
    5.490361019156935,
    4.099970082732325,
    4.561904014532703,
    3.077628993971625
  ],
  "min_cost": null,
  "datetime": "2023-05-30T16-42-10Z",
  "step_only": true,
  "ibm_device": "default.qubit",
  "shots": 10,
  "prep_node_name": "5-qubit_zero_state",
  "num_qubits": 5,
  "error": false,
  "cov_mats": [
    [
      [
        0.96,
        -0.48000000000000004,
        -0.24000000000000002,
        0.07999999999999999,
        -0.24000000000000002
      ],
      [
        -0.48000000000000004,
        0.8400000000000001,
        0.11999999999999994,
        0.16000000000000014,
        0.11999999999999994
      ],
      [
        -0.24000000000000002,
        0.11999999999999994,
        0.36,
        0.08000000000000024,
        -0.04000000000000015
      ],
      [
        0.07999999999999999,
        0.16000000000000014,
        0.08000000000000024,
        0.6399999999999999,
        0.08000000000000018
      ],
      [
        -0.24000000000000002,
        0.11999999999999994,
        -0.04000000000000015,
        0.08000000000000018,
        0.36
      ]
    ],
    [
      [
        0.96,
        0.32,
        0.32000000000000006,
        -0.08000000000000004,
        0.16000000000000003
      ],
      [
        0.32,
        0.8400000000000001,
        0.24000000000000005,
        -0.36,
        0.11999999999999983
      ],
      [
        0.32000000000000006,
        0.24000000000000005,
        0.6399999999999999,
        0.24000000000000005,
        -0.08000000000000007
      ],
      [
        -0.08000000000000004,
        -0.36,
        0.24000000000000005,
        0.8400000000000001,
        0.11999999999999983
      ],
      [
        0.16000000000000003,
        0.11999999999999983,
        -0.08000000000000007,
        0.11999999999999983,
        0.36
      ]
    ],
    [
      [
        1.0,
        0.20000000000000007,
        0.19999999999999996,
        0.4000000000000001,
        0.19999999999999996
      ],
      [
        0.20000000000000007,
        1.0,
        0.19999999999999996,
        0.4000000000000001,
        0.19999999999999996
      ],
      [
        0.19999999999999996,
        0.19999999999999996,
        0.36,
        0.15999999999999998,
        0.36
      ],
      [
        0.4000000000000001,
        0.4000000000000001,
        0.15999999999999998,
        0.96,
        0.15999999999999995
      ],
      [
        0.19999999999999996,
        0.19999999999999996,
        0.36,
        0.15999999999999995,
        0.36
      ]
    ],
    [
      [
        0.8400000000000001,
        0.08000000000000004,
        0.04000000000000006,
        0.6000000000000001,
        -0.36
      ],
      [
        0.08000000000000004,
        0.96,
        0.48000000000000004,
        0.0,
        0.08000000000000004
      ],
      [
        0.04000000000000006,
        0.48000000000000004,
        0.8400000000000001,
        0.19999999999999998,
        0.04000000000000006
      ],
      [
        0.6000000000000001,
        0.0,
        0.19999999999999998,
        1.0,
        -0.2
      ],
      [
        -0.36,
        0.08000000000000004,
        0.04000000000000006,
        -0.2,
        0.8400000000000001
      ]
    ],
    [
      [
        0.96,
        -0.07999999999999993,
        -0.24000000000000007,
        0.24000000000000005,
        -0.16000000000000003
      ],
      [
        -0.07999999999999993,
        0.6399999999999999,
        -0.0799999999999999,
        0.07999999999999996,
        0.08000000000000007
      ],
      [
        -0.24000000000000007,
        -0.0799999999999999,
        0.96,
        -0.16,
        -0.16000000000000003
      ],
      [
        0.24000000000000005,
        0.07999999999999996,
        -0.16,
        0.96,
        0.15999999999999995
      ],
      [
        -0.16000000000000003,
        0.08000000000000007,
        -0.16000000000000003,
        0.15999999999999995,
        0.36
      ]
    ],
    [
      [
        0.96,
        -0.4,
        -0.16,
        -0.16,
        0.07999999999999997
      ],
      [
        -0.4,
        1.0,
        0.4000000000000001,
        -0.4000000000000001,
        -0.39999999999999997
      ],
      [
        -0.16,
        0.4000000000000001,
        0.96,
        -0.24000000000000002,
        -0.48000000000000004
      ],
      [
        -0.16,
        -0.4000000000000001,
        -0.24000000000000002,
        0.96,
        0.31999999999999995
      ],
      [
        0.07999999999999997,
        -0.39999999999999997,
        -0.48000000000000004,
        0.31999999999999995,
        0.6400000000000001
      ]
    ],
    [
      [
        0.96,
        -0.15999999999999998,
        0.32,
        -0.8,
        -0.32
      ],
      [
        -0.15999999999999998,
        0.96,
        0.07999999999999997,
        -5.551115123125783e-17,
        -0.08000000000000004
      ],
      [
        0.32,
        0.07999999999999997,
        0.6400000000000001,
        0.0,
        0.1600000000000001
      ],
      [
        -0.8,
        -5.551115123125783e-17,
        0.0,
        1.0,
        0.6000000000000001
      ],
      [
        -0.32,
        -0.08000000000000004,
        0.1600000000000001,
        0.6000000000000001,
        0.8400000000000001
      ]
    ],
    [
      [
        0.8400000000000001,
        0.6000000000000001,
        -0.32,
        0.04000000000000001,
        0.12
      ],
      [
        0.6000000000000001,
        1.0,
        -0.4000000000000001,
        -0.2,
        0.19999999999999996
      ],
      [
        -0.32,
        -0.4000000000000001,
        0.96,
        0.08000000000000006,
        -0.16000000000000006
      ],
      [
        0.04000000000000001,
        -0.2,
        0.08000000000000006,
        0.84,
        0.12
      ],
      [
        0.12,
        0.19999999999999996,
        -0.16000000000000006,
        0.12,
        0.3599999999999999
      ]
    ],
    [
      [
        0.96,
        0.0,
        0.0,
        0.4,
        -1.1102230246251565e-16
      ],
      [
        0.0,
        1.0,
        -0.6000000000000001,
        0.20000000000000007,
        0.0
      ],
      [
        0.0,
        -0.6000000000000001,
        1.0,
        -0.6000000000000001,
        0.0
      ],
      [
        0.4,
        0.20000000000000007,
        -0.6000000000000001,
        1.0,
        0.0
      ],
      [
        -1.1102230246251565e-16,
        0.0,
        0.0,
        0.0,
        0.0
      ]
    ],
    [
      [
        0.6399999999999999,
        -0.24,
        -0.48,
        0.39999999999999997,
        0.31999999999999995
      ],
      [
        -0.24,
        0.6400000000000001,
        0.08000000000000002,
        0.0,
        0.07999999999999985
      ],
      [
        -0.48,
        0.08000000000000002,
        0.96,
        -0.8,
        -0.23999999999999994
      ],
      [
        0.39999999999999997,
        0.0,
        -0.8,
        1.0,
        0.19999999999999996
      ],
      [
        0.31999999999999995,
        0.07999999999999985,
        -0.23999999999999994,
        0.19999999999999996,
        0.3599999999999999
      ]
    ],
    [
      [
        1.0,
        -0.2,
        -0.19999999999999996,
        -0.6000000000000001,
        -0.39999999999999997
      ],
      [
        -0.2,
        0.84,
        0.28,
        0.03999999999999995,
        0.1600000000000001
      ],
      [
        -0.19999999999999996,
        0.28,
        0.3599999999999999,
        0.2799999999999999,
        0.31999999999999995
      ],
      [
        -0.6000000000000001,
        0.03999999999999995,
        0.2799999999999999,
        0.84,
        0.56
      ],
      [
        -0.39999999999999997,
        0.1600000000000001,
        0.31999999999999995,
        0.56,
        0.6399999999999999
      ]
    ],
    [
      [
        0.96,
        0.0,
        -0.24000000000000007,
        -0.24000000000000007,
        0.0
      ],
      [
        0.0,
        1.0,
        0.0,
        -0.4000000000000001,
        -0.20000000000000007
      ],
      [
        -0.24000000000000007,
        0.0,
        0.96,
        0.15999999999999998,
        0.0
      ],
      [
        -0.24000000000000007,
        -0.4000000000000001,
        0.15999999999999998,
        0.96,
        0.4
      ],
      [
        0.0,
        -0.20000000000000007,
        0.0,
        0.4,
        1.0
      ]
    ],
    [
      [
        0.96,
        0.48000000000000004,
        0.6400000000000001,
        0.08000000000000006,
        0.32
      ],
      [
        0.48000000000000004,
        0.84,
        0.32,
        0.03999999999999995,
        -0.04000000000000001
      ],
      [
        0.6400000000000001,
        0.32,
        0.96,
        0.32,
        0.08000000000000004
      ],
      [
        0.08000000000000006,
        0.03999999999999995,
        0.32,
        0.84,
        -0.04000000000000001
      ],
      [
        0.32,
        -0.04000000000000001,
        0.08000000000000004,
        -0.04000000000000001,
        0.8400000000000001
      ]
    ],
    [
      [
        1.0,
        -0.2,
        -0.4000000000000001,
        -0.2,
        -0.20000000000000007
      ],
      [
        -0.2,
        0.84,
        0.08000000000000006,
        0.04000000000000001,
        0.6000000000000001
      ],
      [
        -0.4000000000000001,
        0.08000000000000006,
        0.96,
        0.08000000000000004,
        0.0
      ],
      [
        -0.2,
        0.04000000000000001,
        0.08000000000000004,
        0.8400000000000001,
        -0.19999999999999998
      ],
      [
        -0.20000000000000007,
        0.6000000000000001,
        0.0,
        -0.19999999999999998,
        1.0
      ]
    ],
    [
      [
        0.96,
        -0.4,
        0.08000000000000006,
        0.32000000000000006,
        -0.16
      ],
      [
        -0.4,
        1.0,
        -0.2,
        0.0,
        0.4000000000000001
      ],
      [
        0.08000000000000006,
        -0.2,
        0.84,
        -0.2400000000000001,
        -0.48
      ],
      [
        0.32000000000000006,
        0.0,
        -0.2400000000000001,
        0.6399999999999999,
        0.48
      ],
      [
        -0.16,
        0.4000000000000001,
        -0.48,
        0.48,
        0.96
      ]
    ],
    [
      [
        1.0,
        -0.4000000000000001,
        0.0,
        -0.20000000000000007,
        0.0
      ],
      [
        -0.4000000000000001,
        0.96,
        0.16,
        0.0,
        -0.07999999999999997
      ],
      [
        0.0,
        0.16,
        0.96,
        -0.4,
        0.31999999999999995
      ],
      [
        -0.20000000000000007,
        0.0,
        -0.4,
        1.0,
        -0.39999999999999997
      ],
      [
        0.0,
        -0.07999999999999997,
        0.31999999999999995,
        -0.39999999999999997,
        0.6400000000000001
      ]
    ],
    [
      [
        1.0,
        0.6000000000000001,
        0.0,
        0.0,
        0.4000000000000001
      ],
      [
        0.6000000000000001,
        0.8400000000000001,
        0.32,
        -0.08000000000000004,
        0.48
      ],
      [
        0.0,
        0.32,
        0.96,
        0.15999999999999998,
        0.6400000000000001
      ],
      [
        0.0,
        -0.08000000000000004,
        0.15999999999999998,
        0.96,
        0.24000000000000005
      ],
      [
        0.4000000000000001,
        0.48,
        0.6400000000000001,
        0.24000000000000005,
        0.96
      ]
    ],
    [
      [
        0.84,
        -0.04000000000000001,
        -0.08000000000000002,
        -0.04000000000000001,
        0.32000000000000006
      ],
      [
        -0.04000000000000001,
        0.8400000000000001,
        -0.32000000000000006,
        -0.36,
        0.07999999999999999
      ],
      [
        -0.08000000000000002,
        -0.32000000000000006,
        0.96,
        -0.32000000000000006,
        0.56
      ],
      [
        -0.04000000000000001,
        -0.36,
        -0.32000000000000006,
        0.8400000000000001,
        -0.32000000000000006
      ],
      [
        0.32000000000000006,
        0.07999999999999999,
        0.56,
        -0.32000000000000006,
        0.96
      ]
    ],
    [
      [
        1.0,
        0.6000000000000001,
        0.4000000000000001,
        0.20000000000000007,
        0.0
      ],
      [
        0.6000000000000001,
        0.8400000000000001,
        0.48000000000000004,
        0.19999999999999998,
        0.32
      ],
      [
        0.4000000000000001,
        0.48000000000000004,
        0.96,
        0.4,
        0.24000000000000007
      ],
      [
        0.20000000000000007,
        0.19999999999999998,
        0.4,
        1.0,
        0.8
      ],
      [
        0.0,
        0.32,
        0.24000000000000007,
        0.8,
        0.96
      ]
    ],
    [
      [
        0.96,
        0.0,
        0.4,
        -0.07999999999999993,
        0.16
      ],
      [
        0.0,
        1.0,
        0.20000000000000007,
        0.39999999999999997,
        0.0
      ],
      [
        0.4,
        0.20000000000000007,
        1.0,
        -0.39999999999999997,
        -0.4000000000000001
      ],
      [
        -0.07999999999999993,
        0.39999999999999997,
        -0.39999999999999997,
        0.6399999999999999,
        0.32
      ],
      [
        0.16,
        0.0,
        -0.4000000000000001,
        0.32,
        0.96
      ]
    ],
    [
      [
        0.96,
        0.0,
        -0.07999999999999999,
        0.4,
        0.0
      ],
      [
        0.0,
        1.0,
        -0.39999999999999997,
        -0.20000000000000007,
        -0.20000000000000007
      ],
      [
        -0.07999999999999999,
        -0.39999999999999997,
        0.6399999999999999,
        -0.39999999999999997,
        0.39999999999999997
      ],
      [
        0.4,
        -0.20000000000000007,
        -0.39999999999999997,
        1.0,
        -0.20000000000000007
      ],
      [
        0.0,
        -0.20000000000000007,
        0.39999999999999997,
        -0.20000000000000007,
        1.0
      ]
    ]
  ]
}