{
  "settings_list": [
    [
      5.496619566854904,
      4.266284888799899,
      6.275352375454002,
      1.288785362363263,
      3.726569367474709,
      5.743587741056892,
      2.3171990037745855,
      6.200207438108459,
      6.239403819027811,
      2.218146032155198,
      2.4023153125550794,
      2.496961048289821,
      3.754037214562023,
      2.4141508990259286,
      0.41081068950632665
    ],
    [
      5.568299566854904,
      4.333484888799899,
      6.204952375454002,
      1.3406253623632631,
      3.670249367474709,
      5.741667741056892,
      2.2525590037745857,
      6.189967438108459,
      6.396843819027811,
      2.285986032155198,
      2.2839153125550795,
      2.614721048289821,
      3.686197214562023,
      2.6362308990259287,
      0.3884106895063266
    ],
    [
      5.506859566854904,
      4.314284888799899,
      6.169112375454001,
      1.4289453623632633,
      3.656169367474709,
      5.754467741056892,
      2.1911190037745856,
      6.218127438108459,
      6.341803819027811,
      2.288546032155198,
      2.1968753125550795,
      2.646721048289821,
      3.6733972145620233,
      2.6451908990259287,
      0.41657068950632664
    ],
    [
      5.617579566854904,
      4.3421248887998996,
      6.155992375454002,
      1.4727853623632634,
      3.5790493674747093,
      5.798307741056893,
      2.0144790037745857,
      6.2818074381084585,
      6.472683819027812,
      2.1995860321551977,
      2.2675953125550796,
      2.628481048289821,
      3.5725972145620233,
      2.509510899025929,
      0.3100106895063266
    ],
    [
      5.635499566854904,
      4.5200448887999,
      6.183832375454002,
      1.2779053623632635,
      3.4641693674747094,
      5.665187741056893,
      1.7984790037745855,
      6.324047438108458,
      6.327723819027812,
      2.0271060321551975,
      2.0727153125550797,
      2.756801048289821,
      3.7188372145620234,
      2.420230899025929,
      0.3016906895063266
    ],
    [
      5.6886195668549036,
      4.383724888799899,
      6.112792375454002,
      1.3918253623632635,
      3.495529367474709,
      5.396387741056893,
      1.9757590037745856,
      6.3688474381084585,
      6.499883819027811,
      1.8645460321551974,
      2.19943531255508,
      2.7446410482898207,
      3.8481172145620235,
      2.440710899025929,
      0.2786506895063266
    ],
    [
      5.751339566854903,
      4.286764888799899,
      6.117592375454002,
      1.6094253623632635,
      3.483369367474709,
      5.500387741056893,
      1.9082390037745856,
      6.365327438108459,
      6.560043819027811,
      1.8731860321551974,
      2.13191531255508,
      2.873601048289821,
      3.9601172145620236,
      2.406470899025929,
      0.11417068950632661
    ],
    [
      5.689899566854903,
      4.302764888799899,
      6.177112375454002,
      1.7035053623632637,
      3.480169367474709,
      5.489507741056893,
      1.8154390037745856,
      6.429967438108458,
      6.4102838190278115,
      2.0293460321551975,
      2.21511531255508,
      2.955521048289821,
      4.164917214562023,
      2.243910899025929,
      0.050810689506326626
    ],
    [
      5.637419566854903,
      4.416044888799899,
      6.072792375454002,
      1.5204653623632636,
      3.537769367474709,
      5.487587741056893,
      1.8269590037745855,
      6.396687438108458,
      6.206123819027812,
      1.9973460321551975,
      2.14791531255508,
      2.972801048289821,
      4.324917214562023,
      2.114630899025929,
      0.023290689506326637
    ],
    [
      5.697579566854903,
      4.3366848887998986,
      5.998552375454001,
      1.7291053623632637,
      3.548009367474709,
      5.735267741056893,
      1.5895190037745854,
      6.417167438108458,
      6.164523819027812,
      1.7951060321551973,
      2.14663531255508,
      2.971521048289821,
      4.0381972145620235,
      2.1939908990259287,
      -0.14950931049367333
    ],
    [
      5.583019566854903,
      4.265964888799899,
      6.023192375454001,
      1.7380653623632638,
      3.6948893674747088,
      5.594467741056892,
      1.4778390037745854,
      6.405967438108458,
      6.126443819027812,
      1.8600660321551974,
      2.30663531255508,
      2.976321048289821,
      4.115317214562023,
      2.1264708990259287,
      -0.0592693104936733
    ],
    [
      5.5721395668549025,
      4.345964888799899,
      6.187672375454001,
      1.7323053623632638,
      3.4433693674747086,
      5.6827877410568925,
      1.4752790037745853,
      6.637647438108458,
      6.365163819027812,
      1.9176660321551973,
      2.30919531255508,
      3.047361048289821,
      4.021237214562023,
      2.4106308990259286,
      -0.020229310493673228
    ],
    [
      5.488299566854902,
      4.3286848887998985,
      6.282392375454001,
      1.8948653623632639,
      3.476009367474709,
      5.765987741056892,
      1.7440790037745855,
      6.710607438108458,
      6.504683819027812,
      1.8549460321551974,
      2.40903531255508,
      3.174721048289821,
      4.120437214562023,
      2.4298308990259287,
      0.1173706895063268
    ],
    [
      5.390379566854902,
      4.481644888799899,
      6.264472375454001,
      1.8686253623632638,
      3.537769367474709,
      5.821987741056892,
      1.6234390037745854,
      6.738447438108459,
      6.5443638190278115,
      1.7477460321551974,
      2.4243953125550797,
      3.1545610482898208,
      4.230197214562023,
      2.4989508990259286,
      0.1263306895063268
    ],
    [
      5.239339566854902,
      4.5738048887998985,
      6.279832375454001,
      1.6983853623632637,
      3.638249367474709,
      5.831587741056892,
      1.4231190037745853,
      6.599567438108458,
      6.495083819027811,
      1.9064660321551976,
      2.4019953125550795,
      3.310081048289821,
      4.355637214562023,
      2.5347908990259285,
      -0.06246931049367327
    ],
    [
      5.221099566854902,
      4.590444888799898,
      6.388312375454001,
      1.6894253623632638,
      3.854249367474709,
      5.889507741056892,
      1.5370390037745854,
      6.620047438108458,
      6.335083819027811,
      1.9458260321551977,
      2.5507953125550795,
      3.296321048289821,
      4.5914772145620235,
      2.4608708990259287,
      0.03385068950632676
    ],
    [
      5.219179566854902,
      4.460524888799898,
      6.376792375454001,
      1.779665362363264,
      3.8081693674747092,
      5.920867741056893,
      1.6791190037745853,
      6.614927438108459,
      6.449003819027811,
      2.215906032155198,
      2.6071153125550794,
      3.378881048289821,
      4.490357214562024,
      2.537030899025929,
      0.18937068950632685
    ],
    [
      5.208939566854903,
      4.449644888799898,
      6.605912375454001,
      1.7259053623632639,
      3.933609367474709,
      5.8479077410568925,
      1.5575190037745852,
      6.659087438108458,
      6.349163819027811,
      2.033506032155198,
      2.5571953125550793,
      3.431361048289821,
      4.458997214562023,
      2.406470899025929,
      0.21433068950632686
    ],
    [
      5.100779566854903,
      4.4803648887998975,
      6.7473523754540015,
      1.5358253623632638,
      3.893929367474709,
      5.876707741056893,
      1.8109590037745853,
      6.646287438108458,
      6.345963819027811,
      2.210786032155198,
      2.619275312555079,
      3.465921048289821,
      4.517237214562023,
      2.3232708990259288,
      0.38713068950632695
    ],
    [
      5.111659566854903,
      4.322604888799898,
      6.737752375454002,
      1.5355053623632637,
      3.800169367474709,
      5.720867741056892,
      1.601359003774585,
      6.502927438108458,
      6.469163819027811,
      2.099746032155198,
      2.6739953125550793,
      3.3769610482898207,
      4.498677214562023,
      2.425030899025929,
      0.39417068950632694
    ],
    [
      5.0348595668549025,
      4.409004888799898,
      6.7313523754540014,
      1.5419053623632637,
      3.723369367474709,
      5.592867741056892,
      1.6573590037745851,
      6.4885274381084574,
      6.606763819027811,
      2.1429460321551983,
      2.675595312555079,
      3.2825610482898204,
      4.553077214562023,
      2.565830899025929,
      0.522170689506327
    ]
  ],
  "cost_vals": [],
  "step_size": 0.1,
  "opt_step_times": [
    0.2261502742767334,
    0.14718270301818848,
    0.17653703689575195,
    0.12589120864868164,
    0.12398529052734375,
    0.11701369285583496,
    0.1376488208770752,
    0.12274312973022461,
    0.11448311805725098,
    0.1323850154876709,
    0.12796378135681152,
    0.12341499328613281,
    0.13971805572509766,
    0.1282517910003662,
    0.11856675148010254,
    0.11323165893554688,
    0.13524127006530762,
    0.11593914031982422,
    0.18574213981628418,
    0.1145179271697998
  ],
  "opt_settings": [
    5.0348595668549025,
    4.409004888799898,
    6.7313523754540014,
    1.5419053623632637,
    3.723369367474709,
    5.592867741056892,
    1.6573590037745851,
    6.4885274381084574,
    6.606763819027811,
    2.1429460321551983,
    2.675595312555079,
    3.2825610482898204,
    4.553077214562023,
    2.565830899025929,
    0.522170689506327
  ],
  "min_cost": null,
  "datetime": "2023-05-30T16-34-20Z",
  "step_only": true,
  "ibm_device": "default.qubit",
  "shots": 10,
  "prep_node_name": "5-qubit_zero_state",
  "num_qubits": 5,
  "error": false,
  "cov_mats": [
    [
      [
        0.96,
        0.0,
        0.0,
        -0.07999999999999993,
        -0.32
      ],
      [
        0.0,
        0.0,
        0.0,
        0.0,
        0.0
      ],
      [
        0.0,
        0.0,
        1.0,
        0.39999999999999997,
        -0.2
      ],
      [
        -0.07999999999999993,
        0.0,
        0.39999999999999997,
        0.6399999999999999,
        0.16000000000000003
      ],
      [
        -0.32,
        0.0,
        -0.2,
        0.16000000000000003,
        0.84
      ]
    ],
    [
      [
        0.96,
        -0.16,
        0.07999999999999999,
        0.0,
        0.24000000000000002
      ],
      [
        -0.16,
        0.96,
        -0.48000000000000004,
        -0.4,
        -0.24000000000000005
      ],
      [
        0.07999999999999999,
        -0.48000000000000004,
        0.6399999999999999,
        0.39999999999999997,
        -0.07999999999999996
      ],
      [
        0.0,
        -0.4,
        0.39999999999999997,
        1.0,
        0.0
      ],
      [
        0.24000000000000002,
        -0.24000000000000005,
        -0.07999999999999996,
        0.0,
        0.96
      ]
    ],
    [
      [
        0.8400000000000001,
        0.19999999999999998,
        -0.24000000000000005,
        0.24000000000000005,
        0.0
      ],
      [
        0.19999999999999998,
        1.0,
        0.0,
        -0.39999999999999997,
        0.0
      ],
      [
        -0.24000000000000005,
        0.0,
        0.6399999999999999,
        0.16000000000000003,
        0.0
      ],
      [
        0.24000000000000005,
        -0.39999999999999997,
        0.16000000000000003,
        0.6399999999999999,
        0.0
      ],
      [
        0.0,
        0.0,
        0.0,
        0.0,
        0.0
      ]
    ],
    [
      [
        0.96,
        0.0,
        -0.24000000000000005,
        0.08000000000000006,
        0.16000000000000006
      ],
      [
        0.0,
        1.0,
        -0.4000000000000001,
        -0.6000000000000001,
        -0.19999999999999996
      ],
      [
        -0.24000000000000005,
        -0.4000000000000001,
        0.96,
        0.08000000000000002,
        0.15999999999999998
      ],
      [
        0.08000000000000006,
        -0.6000000000000001,
        0.08000000000000002,
        0.84,
        -0.1200000000000001
      ],
      [
        0.16000000000000006,
        -0.19999999999999996,
        0.15999999999999998,
        -0.1200000000000001,
        0.3599999999999999
      ]
    ],
    [
      [
        0.6399999999999999,
        -0.24000000000000005,
        0.0,
        -0.48,
        0.16000000000000003
      ],
      [
        -0.24000000000000005,
        0.8400000000000001,
        0.19999999999999998,
        0.48,
        0.24000000000000005
      ],
      [
        0.0,
        0.19999999999999998,
        1.0,
        0.4000000000000001,
        -0.39999999999999997
      ],
      [
        -0.48,
        0.48,
        0.4000000000000001,
        0.96,
        -0.32
      ],
      [
        0.16000000000000003,
        0.24000000000000005,
        -0.39999999999999997,
        -0.32,
        0.6399999999999999
      ]
    ],
    [
      [
        0.3599999999999999,
        -0.08000000000000002,
        -1.1102230246251565e-16,
        0.12000000000000002,
        1.1102230246251565e-16
      ],
      [
        -0.08000000000000002,
        0.6400000000000001,
        0.0,
        -0.1600000000000001,
        -2.220446049250313e-16
      ],
      [
        -1.1102230246251565e-16,
        0.0,
        0.0,
        0.0,
        0.0
      ],
      [
        0.12000000000000002,
        -0.1600000000000001,
        0.0,
        0.8400000000000001,
        0.0
      ],
      [
        1.1102230246251565e-16,
        -2.220446049250313e-16,
        0.0,
        0.0,
        0.0
      ]
    ],
    [
      [
        1.0,
        0.0,
        0.6000000000000001,
        -0.20000000000000007,
        -0.19999999999999996
      ],
      [
        0.0,
        0.6399999999999999,
        0.2400000000000001,
        0.0,
        -0.08000000000000013
      ],
      [
        0.6000000000000001,
        0.2400000000000001,
        0.84,
        -0.19999999999999998,
        -0.28
      ],
      [
        -0.20000000000000007,
        0.0,
        -0.19999999999999998,
        1.0,
        0.19999999999999996
      ],
      [
        -0.19999999999999996,
        -0.08000000000000013,
        -0.28,
        0.19999999999999996,
        0.3599999999999999
      ]
    ],
    [
      [
        0.84,
        -0.48000000000000004,
        -0.08000000000000006,
        -0.08000000000000006,
        0.04000000000000001
      ],
      [
        -0.48000000000000004,
        0.96,
        0.15999999999999998,
        0.15999999999999998,
        0.32
      ],
      [
        -0.08000000000000006,
        0.15999999999999998,
        0.96,
        0.15999999999999998,
        -0.48000000000000004
      ],
      [
        -0.08000000000000006,
        0.15999999999999998,
        0.15999999999999998,
        0.96,
        -0.08000000000000004
      ],
      [
        0.04000000000000001,
        0.32,
        -0.48000000000000004,
        -0.08000000000000004,
        0.8400000000000001
      ]
    ],
    [
      [
        0.96,
        0.32,
        0.0,
        0.0,
        0.32
      ],
      [
        0.32,
        0.8400000000000001,
        0.19999999999999998,
        -0.19999999999999998,
        -0.16000000000000014
      ],
      [
        0.0,
        0.19999999999999998,
        1.0,
        0.20000000000000007,
        0.0
      ],
      [
        0.0,
        -0.19999999999999998,
        0.20000000000000007,
        1.0,
        0.0
      ],
      [
        0.32,
        -0.16000000000000014,
        0.0,
        0.0,
        0.6400000000000001
      ]
    ],
    [
      [
        1.0,
        0.4000000000000001,
        0.0,
        0.0,
        -0.39999999999999997
      ],
      [
        0.4000000000000001,
        0.96,
        -0.07999999999999993,
        0.16,
        0.07999999999999997
      ],
      [
        0.0,
        -0.07999999999999993,
        0.6399999999999999,
        0.32,
        0.16000000000000003
      ],
      [
        0.0,
        0.16,
        0.32,
        0.96,
        0.48000000000000004
      ],
      [
        -0.39999999999999997,
        0.07999999999999997,
        0.16000000000000003,
        0.48000000000000004,
        0.6400000000000001
      ]
    ],
    [
      [
        0.8400000000000001,
        -0.19999999999999998,
        0.04000000000000001,
        -0.16000000000000003,
        0.0
      ],
      [
        -0.19999999999999998,
        1.0,
        -0.6000000000000001,
        0.39999999999999997,
        0.0
      ],
      [
        0.04000000000000001,
        -0.6000000000000001,
        0.84,
        -0.15999999999999998,
        0.0
      ],
      [
        -0.16000000000000003,
        0.39999999999999997,
        -0.15999999999999998,
        0.6399999999999999,
        0.0
      ],
      [
        0.0,
        0.0,
        0.0,
        0.0,
        0.0
      ]
    ],
    [
      [
        0.96,
        -0.15999999999999998,
        0.0,
        0.24000000000000005,
        0.32000000000000006
      ],
      [
        -0.15999999999999998,
        0.96,
        0.4,
        0.16,
        -0.32000000000000006
      ],
      [
        0.0,
        0.4,
        1.0,
        0.4000000000000001,
        0.0
      ],
      [
        0.24000000000000005,
        0.16,
        0.4000000000000001,
        0.96,
        -0.32
      ],
      [
        0.32000000000000006,
        -0.32000000000000006,
        0.0,
        -0.32,
        0.6399999999999999
      ]
    ],
    [
      [
        0.84,
        0.2400000000000001,
        -0.08000000000000006,
        -0.32,
        0.11999999999999994
      ],
      [
        0.2400000000000001,
        0.6399999999999999,
        0.32000000000000006,
        -0.32000000000000006,
        -0.08000000000000007
      ],
      [
        -0.08000000000000006,
        0.32000000000000006,
        0.96,
        -0.56,
        -0.24
      ],
      [
        -0.32,
        -0.32000000000000006,
        -0.56,
        0.96,
        0.24
      ],
      [
        0.11999999999999994,
        -0.08000000000000007,
        -0.24,
        0.24,
        0.36
      ]
    ],
    [
      [
        0.8400000000000001,
        -0.36000000000000004,
        0.4400000000000001,
        -0.4400000000000001,
        -0.11999999999999988
      ],
      [
        -0.36000000000000004,
        0.84,
        -0.3600000000000001,
        0.3600000000000001,
        0.2799999999999999
      ],
      [
        0.4400000000000001,
        -0.3600000000000001,
        0.84,
        -0.44000000000000006,
        -0.1200000000000001
      ],
      [
        -0.4400000000000001,
        0.3600000000000001,
        -0.44000000000000006,
        0.84,
        0.1200000000000001
      ],
      [
        -0.11999999999999988,
        0.2799999999999999,
        -0.1200000000000001,
        0.1200000000000001,
        0.3599999999999999
      ]
    ],
    [
      [
        0.96,
        0.4,
        -0.32000000000000006,
        0.4,
        0.0
      ],
      [
        0.4,
        1.0,
        0.2,
        0.20000000000000007,
        -0.20000000000000007
      ],
      [
        -0.32000000000000006,
        0.2,
        0.84,
        0.19999999999999998,
        0.19999999999999998
      ],
      [
        0.4,
        0.20000000000000007,
        0.19999999999999998,
        1.0,
        0.20000000000000007
      ],
      [
        0.0,
        -0.20000000000000007,
        0.19999999999999998,
        0.20000000000000007,
        1.0
      ]
    ],
    [
      [
        0.3599999999999999,
        0.16,
        -0.19999999999999998,
        -0.16,
        0.23999999999999994
      ],
      [
        0.16,
        0.96,
        -0.4,
        -0.16000000000000003,
        -0.56
      ],
      [
        -0.19999999999999998,
        -0.4,
        1.0,
        0.0,
        0.0
      ],
      [
        -0.16,
        -0.16000000000000003,
        0.0,
        0.96,
        0.16000000000000003
      ],
      [
        0.23999999999999994,
        -0.56,
        0.0,
        0.16000000000000003,
        0.96
      ]
    ],
    [
      [
        0.96,
        -0.15999999999999998,
        -0.4,
        -0.23999999999999985,
        -0.16
      ],
      [
        -0.15999999999999998,
        0.96,
        0.4,
        0.23999999999999985,
        -0.2400000000000001
      ],
      [
        -0.4,
        0.4,
        1.0,
        0.19999999999999996,
        0.4000000000000001
      ],
      [
        -0.23999999999999985,
        0.23999999999999985,
        0.19999999999999996,
        0.3599999999999999,
        -0.16
      ],
      [
        -0.16,
        -0.2400000000000001,
        0.4000000000000001,
        -0.16,
        0.96
      ]
    ],
    [
      [
        1.0,
        -0.4000000000000001,
        0.2,
        0.20000000000000007,
        0.2
      ],
      [
        -0.4000000000000001,
        0.96,
        0.08000000000000006,
        -0.4,
        -0.32
      ],
      [
        0.2,
        0.08000000000000006,
        0.84,
        -0.19999999999999998,
        -0.36000000000000004
      ],
      [
        0.20000000000000007,
        -0.4,
        -0.19999999999999998,
        1.0,
        0.2
      ],
      [
        0.2,
        -0.32,
        -0.36000000000000004,
        0.2,
        0.8400000000000001
      ]
    ],
    [
      [
        0.96,
        0.15999999999999998,
        0.15999999999999998,
        -0.07999999999999993,
        0.0
      ],
      [
        0.15999999999999998,
        0.96,
        0.15999999999999998,
        -0.48000000000000004,
        0.4
      ],
      [
        0.15999999999999998,
        0.15999999999999998,
        0.96,
        -0.48000000000000004,
        0.0
      ],
      [
        -0.07999999999999993,
        -0.48000000000000004,
        -0.48000000000000004,
        0.6399999999999999,
        -0.39999999999999997
      ],
      [
        0.0,
        0.4,
        0.0,
        -0.39999999999999997,
        1.0
      ]
    ],
    [
      [
        1.0,
        0.0,
        0.4000000000000001,
        0.2,
        0.2
      ],
      [
        0.0,
        0.6399999999999999,
        -0.07999999999999996,
        0.16000000000000003,
        0.1600000000000001
      ],
      [
        0.4000000000000001,
        -0.07999999999999996,
        0.96,
        0.08000000000000002,
        0.07999999999999999
      ],
      [
        0.2,
        0.16000000000000003,
        0.08000000000000002,
        0.84,
        0.04000000000000001
      ],
      [
        0.2,
        0.1600000000000001,
        0.07999999999999999,
        0.04000000000000001,
        0.8400000000000001
      ]
    ],
    [
      [
        0.84,
        -0.04000000000000001,
        -0.3600000000000001,
        -0.04000000000000001,
        0.36000000000000004
      ],
      [
        -0.04000000000000001,
        0.8400000000000001,
        -0.4400000000000001,
        -0.36,
        0.04000000000000006
      ],
      [
        -0.3600000000000001,
        -0.4400000000000001,
        0.84,
        0.36000000000000004,
        -0.44
      ],
      [
        -0.04000000000000001,
        -0.36,
        0.36000000000000004,
        0.8400000000000001,
        0.04000000000000006
      ],
      [
        0.36000000000000004,
        0.04000000000000006,
        -0.44,
        0.04000000000000006,
        0.8400000000000001
      ]
    ]
  ]
}