{
  "settings_list": [
    [
      4.531641038377105,
      5.267513693790965,
      1.205156018397119,
      0.1552928940868187,
      0.5769047369116201,
      2.6877787336142216,
      4.124410118916469,
      3.461301450014674,
      4.4841569070115,
      2.3440293044352307,
      0.7190349566928109,
      0.14628960583287637,
      4.9675232822758355,
      4.507035254441318,
      2.7783646816864027
    ],
    [
      4.688441038377104,
      5.160633693790965,
      1.326756018397119,
      0.26473289408681877,
      0.6069847369116201,
      2.6839387336142217,
      4.135930118916469,
      3.444021450014674,
      4.5097569070115,
      2.3843493044352306,
      0.797114956692811,
      0.15204960583287644,
      4.881763282275836,
      4.594075254441318,
      2.816764681686403
    ],
    [
      4.625081038377104,
      5.206073693790965,
      1.250596018397119,
      0.42025289408681876,
      0.6722647369116201,
      2.733858733614222,
      4.354810118916469,
      3.451061450014674,
      4.4540769070115,
      2.3837093044352304,
      0.895034956692811,
      0.15460960583287647,
      4.832483282275836,
      4.681115254441318,
      2.939004681686403
    ],
    [
      4.647801038377104,
      5.283833693790965,
      1.147556018397119,
      0.4509728940868188,
      0.7388247369116202,
      2.762658733614222,
      4.355450118916469,
      3.392821450014674,
      4.4204769070115,
      2.4003493044352306,
      0.886714956692811,
      0.17924960583287647,
      4.9329632822758365,
      4.708315254441318,
      2.971964681686403
    ],
    [
      4.606201038377104,
      5.256633693790965,
      1.222756018397119,
      0.6541728940868188,
      0.8764247369116203,
      2.6202587336142216,
      4.345850118916469,
      3.400821450014674,
      4.4204769070115,
      2.4163493044352307,
      1.0323149566928111,
      0.1168496058328765,
      4.987363282275837,
      4.725915254441317,
      3.0423646816864034
    ],
    [
      4.4132410383771035,
      5.338873693790965,
      1.2544360183971188,
      0.8180128940868189,
      0.9237847369116203,
      2.7389787336142217,
      4.449530118916469,
      3.433141450014674,
      4.538876907011501,
      2.4941093044352307,
      1.0572749566928112,
      0.007729605832876449,
      5.050403282275837,
      4.629275254441318,
      3.1716446816864035
    ],
    [
      4.423801038377103,
      5.440633693790964,
      1.2144360183971188,
      0.7623328940868188,
      0.9612247369116204,
      2.698658733614222,
      4.529530118916469,
      3.391861450014674,
      4.404796907011501,
      2.3888293044352307,
      1.044474956692811,
      -0.012110394167123534,
      5.113763282275837,
      4.710235254441318,
      3.0206046816864034
    ],
    [
      4.588601038377103,
      5.715833693790964,
      1.2688360183971188,
      0.9543328940868189,
      1.2508247369116203,
      2.6442587336142216,
      4.699130118916469,
      3.148661450014674,
      4.427196907011501,
      2.3664293044352305,
      0.978874956692811,
      -0.1545103941671236,
      5.080163282275837,
      4.662235254441318,
      3.0366046816864034
    ],
    [
      4.633401038377103,
      5.571833693790964,
      0.9936360183971187,
      0.9479328940868189,
      1.2380247369116204,
      2.6954587336142217,
      4.475130118916469,
      3.174261450014674,
      4.491196907011501,
      2.2096293044352304,
      1.026874956692811,
      -0.07771039416712362,
      5.204963282275838,
      4.643035254441318,
      3.0686046816864034
    ],
    [
      4.726201038377104,
      5.384953693790964,
      1.1126760183971187,
      0.9812128940868189,
      1.4133847369116204,
      2.8388187336142217,
      4.581370118916468,
      3.145461450014674,
      4.516796907011501,
      2.12194930443523,
      1.140154956692811,
      -0.05147039416712358,
      5.284323282275838,
      4.643035254441318,
      2.9342046816864036
    ],
    [
      4.786681038377104,
      5.405433693790964,
      1.1024360183971187,
      1.104412894086819,
      1.5929047369116205,
      2.7629787336142217,
      4.8364101189164685,
      3.052021450014674,
      4.457596907011501,
      2.22850930443523,
      1.2390349566928112,
      0.006449605832876473,
      5.236323282275838,
      4.422235254441318,
      3.0366046816864034
    ],
    [
      4.547961038377104,
      5.439993693790964,
      1.0288360183971186,
      0.8471328940868188,
      1.5225047369116205,
      2.743138733614222,
      4.846010118916468,
      3.242741450014674,
      4.449276907011501,
      2.2445093044352302,
      1.2716749566928112,
      0.04804960583287651,
      5.2190432822758375,
      4.160475254441319,
      2.7742046816864034
    ],
    [
      4.555001038377104,
      5.276793693790964,
      0.9757160183971186,
      0.8650528940868187,
      1.7906647369116206,
      2.675298733614222,
      5.197370118916469,
      3.147381450014674,
      4.162556907011501,
      2.3462693044352303,
      0.9619149566928111,
      -0.09595039416712353,
      5.153763282275838,
      4.166875254441319,
      2.6679646816864033
    ],
    [
      4.423801038377104,
      5.383673693790964,
      1.0544360183971186,
      1.040412894086819,
      1.7644247369116206,
      2.578018733614222,
      5.077690118916469,
      3.148661450014674,
      4.105596907011501,
      2.2419493044352303,
      1.0681549566928112,
      -0.006350394167123491,
      5.1044832822758375,
      4.372315254441319,
      2.6794846816864033
    ],
    [
      4.498361038377104,
      5.460473693790965,
      1.0701160183971188,
      1.147932894086819,
      1.7577047369116205,
      2.821858733614222,
      4.798650118916469,
      3.3393814500146743,
      4.033596907011501,
      2.3248293044352306,
      1.1577549566928114,
      -0.11323039416712354,
      5.223843282275838,
      4.280795254441319,
      2.9431646816864037
    ],
    [
      4.815161038377104,
      5.421433693790965,
      1.1577960183971188,
      1.3220128940868192,
      1.7641047369116205,
      2.869218733614222,
      4.809530118916469,
      3.2798614500146743,
      4.1212769070115005,
      2.3997093044352305,
      1.2140749566928113,
      -0.17083039416712353,
      5.374883282275838,
      4.0599952544413185,
      2.9252446816864035
    ],
    [
      4.712761038377104,
      5.148793693790965,
      1.1097960183971187,
      1.1383328940868191,
      1.6329047369116205,
      2.6900187336142216,
      4.713530118916469,
      3.2651414500146743,
      4.186556907011501,
      2.4259493044352305,
      1.153274956692811,
      -0.1324303941671236,
      5.497123282275838,
      4.0875152544413185,
      3.0122846816864035
    ],
    [
      4.785081038377104,
      5.251193693790965,
      1.0185960183971188,
      1.0538528940868193,
      1.4821847369116203,
      2.8490587336142217,
      4.750650118916469,
      3.250421450014674,
      4.434236907011501,
      2.3965093044352304,
      1.238074956692811,
      0.06948960583287647,
      5.409763282275837,
      4.062875254441319,
      3.1025246816864036
    ],
    [
      4.826681038377104,
      5.299193693790965,
      1.1497960183971188,
      1.2554528940868193,
      1.6869847369116204,
      2.916258733614222,
      4.712250118916469,
      3.260021450014674,
      4.395836907011501,
      2.4253093044352303,
      1.3276749566928112,
      0.07908960583287648,
      5.470563282275838,
      3.973275254441319,
      3.0353246816864035
    ],
    [
      5.010681038377104,
      5.1238336937909645,
      1.0467560183971187,
      1.2992928940868194,
      1.8533847369116205,
      2.9152987336142218,
      4.874810118916469,
      3.264501450014674,
      4.2079969070115,
      2.38690930443523,
      1.2876749566928112,
      0.18948960583287655,
      5.429923282275838,
      4.094235254441319,
      2.9927646816864035
    ],
    [
      4.996281038377104,
      4.901433693790964,
      1.0051560183971187,
      1.2624928940868194,
      1.7685847369116205,
      2.966498733614222,
      4.774010118916468,
      3.253301450014674,
      4.2079969070115,
      2.43170930443523,
      1.338874956692811,
      0.17828960583287656,
      5.281123282275838,
      4.142235254441319,
      2.9815646816864034
    ]
  ],
  "cost_vals": [],
  "step_size": 0.1,
  "opt_step_times": [
    0.20964980125427246,
    0.12646079063415527,
    0.12283992767333984,
    0.12257814407348633,
    0.11918997764587402,
    0.11609220504760742,
    0.11928009986877441,
    0.11462092399597168,
    0.12345504760742188,
    0.12111997604370117,
    0.12309694290161133,
    0.13025188446044922,
    0.12817001342773438,
    0.13820815086364746,
    0.11266899108886719,
    0.11728906631469727,
    0.11518502235412598,
    0.1294388771057129,
    0.2181100845336914,
    0.12268996238708496
  ],
  "opt_settings": [
    4.996281038377104,
    4.901433693790964,
    1.0051560183971187,
    1.2624928940868194,
    1.7685847369116205,
    2.966498733614222,
    4.774010118916468,
    3.253301450014674,
    4.2079969070115,
    2.43170930443523,
    1.338874956692811,
    0.17828960583287656,
    5.281123282275838,
    4.142235254441319,
    2.9815646816864034
  ],
  "min_cost": null,
  "datetime": "2023-04-19T20-39-27Z",
  "step_only": true,
  "ibm_device": "default.qubit",
  "shots": 10,
  "prep_node_name": "5-qubit_zero_state",
  "num_qubits": 5,
  "cov_mats": [
    [
      [
        0.96,
        0.23999999999999994,
        0.56,
        -0.32000000000000006,
        0.16000000000000003
      ],
      [
        0.23999999999999994,
        0.3599999999999999,
        0.23999999999999994,
        0.12000000000000002,
        -0.16
      ],
      [
        0.56,
        0.23999999999999994,
        0.96,
        0.07999999999999999,
        -0.24000000000000007
      ],
      [
        -0.32000000000000006,
        0.12000000000000002,
        0.07999999999999999,
        0.8400000000000001,
        -0.32000000000000006
      ],
      [
        0.16000000000000003,
        -0.16,
        -0.24000000000000007,
        -0.32000000000000006,
        0.96
      ]
    ],
    [
      [
        0.96,
        0.32,
        -0.32000000000000006,
        0.56,
        0.0
      ],
      [
        0.32,
        0.6399999999999999,
        -0.24000000000000005,
        0.32000000000000006,
        0.39999999999999997
      ],
      [
        -0.32000000000000006,
        -0.24000000000000005,
        0.8400000000000001,
        0.08000000000000004,
        -0.19999999999999998
      ],
      [
        0.56,
        0.32000000000000006,
        0.08000000000000004,
        0.96,
        0.0
      ],
      [
        0.0,
        0.39999999999999997,
        -0.19999999999999998,
        0.0,
        1.0
      ]
    ],
    [
      [
        0.96,
        0.32,
        -0.08000000000000006,
        -0.48,
        0.16
      ],
      [
        0.32,
        0.8400000000000001,
        0.4400000000000001,
        -0.16000000000000014,
        -0.48
      ],
      [
        -0.08000000000000006,
        0.4400000000000001,
        0.84,
        0.24000000000000002,
        -0.48
      ],
      [
        -0.48,
        -0.16000000000000014,
        0.24000000000000002,
        0.6400000000000001,
        -0.08000000000000002
      ],
      [
        0.16,
        -0.48,
        -0.48,
        -0.08000000000000002,
        0.96
      ]
    ],
    [
      [
        0.84,
        0.08000000000000006,
        -0.36000000000000004,
        -0.04000000000000001,
        0.19999999999999998
      ],
      [
        0.08000000000000006,
        0.96,
        0.08000000000000004,
        0.32,
        -0.4
      ],
      [
        -0.36000000000000004,
        0.08000000000000004,
        0.8400000000000001,
        -0.04000000000000006,
        -0.19999999999999998
      ],
      [
        -0.04000000000000001,
        0.32,
        -0.04000000000000006,
        0.8400000000000001,
        -0.19999999999999998
      ],
      [
        0.19999999999999998,
        -0.4,
        -0.19999999999999998,
        -0.19999999999999998,
        1.0
      ]
    ],
    [
      [
        0.8400000000000001,
        0.19999999999999998,
        -0.04000000000000001,
        0.19999999999999998,
        -0.36
      ],
      [
        0.19999999999999998,
        1.0,
        -0.2,
        0.20000000000000007,
        0.2
      ],
      [
        -0.04000000000000001,
        -0.2,
        0.84,
        -0.19999999999999998,
        -0.4400000000000001
      ],
      [
        0.19999999999999998,
        0.20000000000000007,
        -0.19999999999999998,
        1.0,
        0.2
      ],
      [
        -0.36,
        0.2,
        -0.4400000000000001,
        0.2,
        0.8400000000000001
      ]
    ],
    [
      [
        0.96,
        -0.4,
        0.08000000000000006,
        -0.24000000000000005,
        0.16
      ],
      [
        -0.4,
        1.0,
        0.2,
        0.0,
        -0.4000000000000001
      ],
      [
        0.08000000000000006,
        0.2,
        0.84,
        -0.32000000000000006,
        0.08000000000000002
      ],
      [
        -0.24000000000000005,
        0.0,
        -0.32000000000000006,
        0.96,
        -0.6400000000000001
      ],
      [
        0.16,
        -0.4000000000000001,
        0.08000000000000002,
        -0.6400000000000001,
        0.96
      ]
    ],
    [
      [
        0.96,
        0.0,
        -0.24000000000000007,
        0.15999999999999998,
        0.16
      ],
      [
        0.0,
        1.0,
        0.4000000000000001,
        0.8,
        0.0
      ],
      [
        -0.24000000000000007,
        0.4000000000000001,
        0.96,
        0.56,
        -0.24000000000000005
      ],
      [
        0.15999999999999998,
        0.8,
        0.56,
        0.96,
        -0.24000000000000005
      ],
      [
        0.16,
        0.0,
        -0.24000000000000005,
        -0.24000000000000005,
        0.96
      ]
    ],
    [
      [
        0.84,
        0.15999999999999998,
        0.7200000000000001,
        0.48,
        -0.07999999999999996
      ],
      [
        0.15999999999999998,
        0.6399999999999999,
        0.07999999999999996,
        0.32,
        -0.32
      ],
      [
        0.7200000000000001,
        0.07999999999999996,
        0.96,
        0.6400000000000001,
        -0.23999999999999996
      ],
      [
        0.48,
        0.32,
        0.6400000000000001,
        0.96,
        -0.56
      ],
      [
        -0.07999999999999996,
        -0.32,
        -0.23999999999999996,
        -0.56,
        0.96
      ]
    ],
    [
      [
        0.84,
        -0.19999999999999998,
        0.19999999999999998,
        0.08000000000000002,
        0.08000000000000002
      ],
      [
        -0.19999999999999998,
        1.0,
        0.20000000000000007,
        -0.4000000000000001,
        0.4000000000000001
      ],
      [
        0.19999999999999998,
        0.20000000000000007,
        1.0,
        -0.4000000000000001,
        0.4000000000000001
      ],
      [
        0.08000000000000002,
        -0.4000000000000001,
        -0.4000000000000001,
        0.96,
        -0.6400000000000001
      ],
      [
        0.08000000000000002,
        0.4000000000000001,
        0.4000000000000001,
        -0.6400000000000001,
        0.96
      ]
    ],
    [
      [
        1.0,
        -0.20000000000000007,
        0.8,
        0.4000000000000001,
        -0.2
      ],
      [
        -0.20000000000000007,
        1.0,
        0.0,
        0.0,
        0.6000000000000001
      ],
      [
        0.8,
        0.0,
        0.96,
        0.15999999999999998,
        -0.08000000000000004
      ],
      [
        0.4000000000000001,
        0.0,
        0.15999999999999998,
        0.96,
        -0.08000000000000004
      ],
      [
        -0.2,
        0.6000000000000001,
        -0.08000000000000004,
        -0.08000000000000004,
        0.8400000000000001
      ]
    ],
    [
      [
        0.84,
        -0.19999999999999998,
        -0.36000000000000004,
        -0.19999999999999998,
        -0.08000000000000002
      ],
      [
        -0.19999999999999998,
        1.0,
        0.2,
        0.20000000000000007,
        0.4000000000000001
      ],
      [
        -0.36000000000000004,
        0.2,
        0.8400000000000001,
        -0.19999999999999998,
        -0.07999999999999999
      ],
      [
        -0.19999999999999998,
        0.20000000000000007,
        -0.19999999999999998,
        1.0,
        0.4000000000000001
      ],
      [
        -0.08000000000000002,
        0.4000000000000001,
        -0.07999999999999999,
        0.4000000000000001,
        0.96
      ]
    ],
    [
      [
        0.96,
        0.08000000000000002,
        -1.1102230246251565e-16,
        -0.32000000000000006,
        -0.24000000000000002
      ],
      [
        0.08000000000000002,
        0.84,
        0.0,
        0.04000000000000001,
        0.08000000000000002
      ],
      [
        -1.1102230246251565e-16,
        0.0,
        0.0,
        0.0,
        0.0
      ],
      [
        -0.32000000000000006,
        0.04000000000000001,
        0.0,
        0.8400000000000001,
        0.48
      ],
      [
        -0.24000000000000002,
        0.08000000000000002,
        0.0,
        0.48,
        0.96
      ]
    ],
    [
      [
        0.8400000000000001,
        -0.32000000000000006,
        0.04000000000000006,
        0.16000000000000003,
        0.07999999999999999
      ],
      [
        -0.32000000000000006,
        0.96,
        0.48,
        -0.4800000000000001,
        -0.24000000000000002
      ],
      [
        0.04000000000000006,
        0.48,
        0.8400000000000001,
        -0.24000000000000005,
        -0.32000000000000006
      ],
      [
        0.16000000000000003,
        -0.4800000000000001,
        -0.24000000000000005,
        0.6399999999999999,
        0.32
      ],
      [
        0.07999999999999999,
        -0.24000000000000002,
        -0.32000000000000006,
        0.32,
        0.96
      ]
    ],
    [
      [
        0.96,
        0.15999999999999998,
        0.15999999999999998,
        0.32,
        -0.24000000000000005
      ],
      [
        0.15999999999999998,
        0.96,
        0.56,
        0.32,
        0.16
      ],
      [
        0.15999999999999998,
        0.56,
        0.96,
        0.32,
        -0.24000000000000005
      ],
      [
        0.32,
        0.32,
        0.32,
        0.8400000000000001,
        -0.07999999999999999
      ],
      [
        -0.24000000000000005,
        0.16,
        -0.24000000000000005,
        -0.07999999999999999,
        0.96
      ]
    ],
    [
      [
        1.0,
        0.4000000000000001,
        0.6000000000000001,
        0.0,
        -0.6000000000000001
      ],
      [
        0.4000000000000001,
        0.96,
        0.8,
        -0.24000000000000007,
        -0.32
      ],
      [
        0.6000000000000001,
        0.8,
        1.0,
        -0.4000000000000001,
        -0.6000000000000001
      ],
      [
        0.0,
        -0.24000000000000007,
        -0.4000000000000001,
        0.96,
        0.08000000000000004
      ],
      [
        -0.6000000000000001,
        -0.32,
        -0.6000000000000001,
        0.08000000000000004,
        0.8400000000000001
      ]
    ],
    [
      [
        0.96,
        0.0,
        0.24000000000000007,
        0.24000000000000005,
        -0.07999999999999997
      ],
      [
        0.0,
        1.0,
        0.0,
        -0.4000000000000001,
        -0.39999999999999997
      ],
      [
        0.24000000000000007,
        0.0,
        0.96,
        -0.24000000000000005,
        0.07999999999999997
      ],
      [
        0.24000000000000005,
        -0.4000000000000001,
        -0.24000000000000005,
        0.96,
        0.48000000000000004
      ],
      [
        -0.07999999999999997,
        -0.39999999999999997,
        0.07999999999999997,
        0.48000000000000004,
        0.6400000000000001
      ]
    ],
    [
      [
        1.0,
        0.20000000000000007,
        0.4000000000000001,
        0.2,
        -0.39999999999999997
      ],
      [
        0.20000000000000007,
        1.0,
        0.0,
        -0.2,
        0.39999999999999997
      ],
      [
        0.4000000000000001,
        0.0,
        0.96,
        -0.08000000000000004,
        -0.32000000000000006
      ],
      [
        0.2,
        -0.2,
        -0.08000000000000004,
        0.8400000000000001,
        0.16000000000000014
      ],
      [
        -0.39999999999999997,
        0.39999999999999997,
        -0.32000000000000006,
        0.16000000000000014,
        0.6399999999999999
      ]
    ],
    [
      [
        1.0,
        -0.20000000000000007,
        -0.6000000000000001,
        0.2,
        0.2
      ],
      [
        -0.20000000000000007,
        1.0,
        -0.2,
        -0.2,
        0.2
      ],
      [
        -0.6000000000000001,
        -0.2,
        0.8400000000000001,
        -0.04000000000000001,
        -0.04000000000000006
      ],
      [
        0.2,
        -0.2,
        -0.04000000000000001,
        0.84,
        0.04000000000000001
      ],
      [
        0.2,
        0.2,
        -0.04000000000000006,
        0.04000000000000001,
        0.8400000000000001
      ]
    ],
    [
      [
        0.6399999999999999,
        0.08000000000000007,
        -0.39999999999999997,
        -0.16000000000000003,
        -0.16000000000000003
      ],
      [
        0.08000000000000007,
        0.36,
        0.19999999999999998,
        -0.12000000000000008,
        0.27999999999999997
      ],
      [
        -0.39999999999999997,
        0.19999999999999998,
        1.0,
        -0.20000000000000007,
        0.6000000000000001
      ],
      [
        -0.16000000000000003,
        -0.12000000000000008,
        -0.20000000000000007,
        0.84,
        0.03999999999999995
      ],
      [
        -0.16000000000000003,
        0.27999999999999997,
        0.6000000000000001,
        0.03999999999999995,
        0.84
      ]
    ],
    [
      [
        1.0,
        0.0,
        0.0,
        0.19999999999999996,
        0.39999999999999997
      ],
      [
        0.0,
        0.96,
        -0.6400000000000001,
        -0.16000000000000006,
        0.07999999999999997
      ],
      [
        0.0,
        -0.6400000000000001,
        0.96,
        -0.15999999999999998,
        0.08000000000000004
      ],
      [
        0.19999999999999996,
        -0.16000000000000006,
        -0.15999999999999998,
        0.3599999999999999,
        -0.0799999999999999
      ],
      [
        0.39999999999999997,
        0.07999999999999997,
        0.08000000000000004,
        -0.0799999999999999,
        0.6400000000000001
      ]
    ]
  ]
}