{
  "settings_list": [
    [
      4.6644519422933195,
      0.9102176064840678,
      0.03256988438063914,
      4.026452639557159,
      1.0885470437754396,
      5.114739248394417,
      4.0548821804965405,
      4.3024466397799905,
      2.679149413796317,
      1.5964642837733682,
      3.101568127744327,
      0.14114643048556583,
      1.0521494400532398,
      5.533874652081411,
      5.708035041396882
    ],
    [
      4.841731942293319,
      0.9569376064840678,
      0.13496988438063917,
      4.1262926395571595,
      1.1800670437754397,
      5.046259248394417,
      4.214882180496541,
      4.25700663977999,
      2.809709413796317,
      1.7571042837733684,
      3.220608127744327,
      -0.01117356951443424,
      1.19806944005324,
      5.681074652081411,
      5.911555041396882
    ],
    [
      4.841731942293319,
      0.9057376064840678,
      0.026169884380639136,
      4.209492639557159,
      1.3624670437754398,
      4.883059248394417,
      4.109282180496541,
      4.237806639779991,
      2.806509413796317,
      1.8467042837733685,
      3.108608127744327,
      -0.08157356951443426,
      1.16286944005324,
      5.793074652081411,
      5.9499550413968825
    ],
    [
      4.824131942293319,
      1.0209376064840678,
      -0.12903011561936095,
      4.06869263955716,
      1.3288670437754397,
      4.617459248394417,
      4.17648218049654,
      4.308206639779991,
      2.6993094137963167,
      1.6963042837733684,
      3.132608127744327,
      -0.1455735695144343,
      0.9644694400532399,
      5.879474652081411,
      6.172355041396883
    ],
    [
      4.736771942293319,
      1.103497606484068,
      -0.231430115619361,
      3.9944526395571596,
      1.3394270437754399,
      4.653939248394417,
      4.02992218049654,
      4.157166639779991,
      2.939629413796317,
      1.7481442837733685,
      3.027648127744327,
      -0.07421356951443428,
      0.9484694400532399,
      5.835954652081411,
      6.016515041396882
    ],
    [
      4.649731942293319,
      1.1278176064840681,
      -0.291270115619361,
      4.09013263955716,
      1.3445470437754399,
      4.736179248394417,
      4.0664021804965405,
      4.173486639779991,
      2.8679494137963166,
      1.7977442837733686,
      3.1438081277443266,
      -0.3404535695144343,
      1.08638944005324,
      5.857074652081411,
      5.963075041396882
    ],
    [
      4.560771942293319,
      1.075337606484068,
      -0.25287011561936096,
      3.9176526395571596,
      1.1663070437754397,
      4.720819248394417,
      4.06256218049654,
      4.329326639779992,
      2.7489094137963166,
      1.4732642837733685,
      3.2170881277443266,
      -0.3372535695144343,
      1.38654944005324,
      5.977394652081411,
      6.044355041396883
    ],
    [
      4.556291942293319,
      0.951817606484068,
      -0.21703011561936095,
      3.7122126395571593,
      1.2258270437754397,
      4.779059248394416,
      4.1854421804965405,
      4.402286639779992,
      2.7169094137963166,
      1.2147042837733684,
      3.1985281277443267,
      -0.35389356951443435,
      1.2867094400532402,
      5.964594652081411,
      5.8549150413968825
    ],
    [
      4.613891942293319,
      0.891657606484068,
      -0.06343011561936082,
      3.8050126395571593,
      1.3621470437754397,
      4.771379248394417,
      4.16048218049654,
      4.408686639779992,
      2.7821894137963166,
      1.1814242837733684,
      3.0839681277443267,
      -0.3154935695144343,
      1.3967894400532401,
      5.945394652081411,
      6.007875041396883
    ],
    [
      4.448131942293319,
      0.961417606484068,
      -0.19335011561936083,
      3.8037326395571593,
      1.4306270437754396,
      4.736819248394417,
      4.194402180496541,
      4.484206639779992,
      2.7495494137963163,
      1.1891042837733683,
      3.0014081277443267,
      -0.12029356951443415,
      1.31038944005324,
      5.949234652081412,
      5.806275041396883
    ],
    [
      4.444611942293319,
      1.0458976064840682,
      -0.25447011561936084,
      3.7371726395571594,
      1.4523870437754396,
      4.734259248394417,
      4.24304218049654,
      4.471726639779992,
      2.804909413796316,
      1.2156642837733682,
      2.9514881277443266,
      -0.13757356951443417,
      1.38654944005324,
      5.899634652081412,
      5.834435041396882
    ],
    [
      4.509251942293319,
      1.200137606484068,
      -0.3792701156193608,
      3.8325326395571593,
      1.4722270437754397,
      4.713139248394417,
      4.27568218049654,
      4.544686639779992,
      2.9546694137963163,
      1.1452642837733682,
      2.9489281277443267,
      -0.0940535695144342,
      1.28094944005324,
      5.854194652081412,
      5.742275041396883
    ],
    [
      4.531651942293319,
      1.1678176064840682,
      -0.3530301156193608,
      3.7899726395571594,
      1.3992670437754395,
      4.877939248394417,
      4.41040218049654,
      4.465646639779992,
      2.9556294137963164,
      1.3583842837733684,
      2.9351681277443267,
      -0.1599735695144342,
      1.34366944005324,
      5.790834652081411,
      5.6382750413968825
    ],
    [
      4.572291942293319,
      1.1281376064840682,
      -0.30855011561936085,
      3.7941326395571595,
      1.6165470437754397,
      4.942899248394417,
      4.43248218049654,
      4.531246639779992,
      2.8372294137963165,
      1.5459042837733685,
      3.003328127744327,
      -0.006053569514434087,
      1.4076694400532401,
      5.7652346520814115,
      5.705155041396883
    ],
    [
      4.674051942293319,
      1.0263776064840682,
      -0.22087011561936082,
      3.6667726395571596,
      1.6690270437754398,
      4.923059248394416,
      4.467682180496539,
      4.381486639779992,
      2.9927494137963166,
      1.6111842837733685,
      2.966208127744327,
      0.013786430485565972,
      1.5350294400532403,
      5.774194652081412,
      5.780675041396883
    ],
    [
      4.626051942293319,
      0.9847776064840681,
      -0.22407011561936083,
      3.6283726395571594,
      1.5474270437754396,
      4.871859248394417,
      4.3620821804965395,
      4.320686639779992,
      3.0695494137963166,
      1.6079842837733684,
      2.8638081277443272,
      0.09378643048556598,
      1.5766294400532401,
      5.758194652081412,
      5.838275041396883
    ],
    [
      4.71437194229332,
      1.0538976064840682,
      -0.2560701156193608,
      3.431892639557159,
      1.3541470437754395,
      4.639539248394417,
      4.273122180496539,
      4.283566639779992,
      2.9223494137963164,
      1.7551842837733687,
      2.7089281277443273,
      0.10594643048556601,
      1.7340694400532404,
      5.809394652081411,
      5.893315041396883
    ],
    [
      4.8980519422933195,
      1.0545376064840681,
      -0.3789501156193608,
      3.214932639557159,
      1.7067870437754398,
      4.681139248394417,
      4.167522180496539,
      4.202926639779992,
      2.9812294137963167,
      1.9388642837733687,
      2.8177281277443273,
      -0.03805356951443406,
      1.39230944005324,
      5.910514652081411,
      5.810755041396883
    ],
    [
      4.960771942293319,
      0.8766176064840681,
      -0.4211901156193608,
      3.314772639557159,
      1.7951070437754397,
      4.757939248394417,
      4.24048218049654,
      4.373166639779992,
      2.9914694137963167,
      1.8326242837733686,
      2.7550081277443272,
      0.0003464304855659017,
      1.4665494400532402,
      5.975794652081412,
      5.901635041396883
    ],
    [
      4.817411942293319,
      0.837577606484068,
      -0.3456701156193608,
      3.3954126395571587,
      1.6651870437754397,
      4.724659248394417,
      4.225122180496539,
      4.321966639779992,
      2.951149413796317,
      2.0175842837733686,
      2.7652481277443273,
      -0.06429356951443413,
      1.5708694400532401,
      5.8317946520814115,
      5.929795041396883
    ],
    [
      4.496131942293319,
      0.7844576064840679,
      -0.3936701156193608,
      3.3384526395571585,
      1.6319070437754397,
      4.638259248394417,
      4.339682180496539,
      4.370606639779992,
      2.9069894137963166,
      2.0175842837733686,
      2.5681281277443273,
      -0.08861356951443419,
      1.4927894400532402,
      5.822194652081412,
      5.872835041396883
    ]
  ],
  "cost_vals": [],
  "step_size": 0.1,
  "opt_step_times": [
    0.1949450969696045,
    0.13018393516540527,
    0.12946367263793945,
    0.13282489776611328,
    0.12706995010375977,
    0.13144397735595703,
    0.13274788856506348,
    0.13529491424560547,
    0.1428229808807373,
    0.1410670280456543,
    0.12897706031799316,
    0.12629389762878418,
    0.13379192352294922,
    0.12791800498962402,
    0.12991619110107422,
    0.12584805488586426,
    0.1337881088256836,
    0.13561582565307617,
    0.19677472114562988,
    0.1286027431488037
  ],
  "opt_settings": [
    4.496131942293319,
    0.7844576064840679,
    -0.3936701156193608,
    3.3384526395571585,
    1.6319070437754397,
    4.638259248394417,
    4.339682180496539,
    4.370606639779992,
    2.9069894137963166,
    2.0175842837733686,
    2.5681281277443273,
    -0.08861356951443419,
    1.4927894400532402,
    5.822194652081412,
    5.872835041396883
  ],
  "min_cost": null,
  "datetime": "2023-05-30T16-43-09Z",
  "step_only": true,
  "ibm_device": "default.qubit",
  "shots": 10,
  "prep_node_name": "5-qubit_zero_state",
  "num_qubits": 5,
  "error": false,
  "cov_mats": [
    [
      [
        0.96,
        -0.24000000000000005,
        -0.07999999999999999,
        0.4,
        0.24000000000000002
      ],
      [
        -0.24000000000000005,
        0.96,
        -0.07999999999999993,
        0.0,
        0.24000000000000005
      ],
      [
        -0.07999999999999999,
        -0.07999999999999993,
        0.6399999999999999,
        -0.39999999999999997,
        -0.32
      ],
      [
        0.4,
        0.0,
        -0.39999999999999997,
        1.0,
        0.4000000000000001
      ],
      [
        0.24000000000000002,
        0.24000000000000005,
        -0.32,
        0.4000000000000001,
        0.96
      ]
    ],
    [
      [
        1.0,
        0.0,
        -0.20000000000000007,
        0.0,
        -0.39999999999999997
      ],
      [
        0.0,
        0.96,
        0.0,
        0.16,
        0.07999999999999997
      ],
      [
        -0.20000000000000007,
        0.0,
        1.0,
        0.0,
        0.0
      ],
      [
        0.0,
        0.16,
        0.0,
        0.96,
        0.08000000000000004
      ],
      [
        -0.39999999999999997,
        0.07999999999999997,
        0.0,
        0.08000000000000004,
        0.6400000000000001
      ]
    ],
    [
      [
        0.96,
        -0.24000000000000007,
        0.24000000000000005,
        -0.32,
        0.32000000000000006
      ],
      [
        -0.24000000000000007,
        0.96,
        0.24000000000000005,
        0.08000000000000004,
        0.32000000000000006
      ],
      [
        0.24000000000000005,
        0.24000000000000005,
        0.96,
        -0.48,
        0.07999999999999999
      ],
      [
        -0.32,
        0.08000000000000004,
        -0.48,
        0.8400000000000001,
        0.16000000000000003
      ],
      [
        0.32000000000000006,
        0.32000000000000006,
        0.07999999999999999,
        0.16000000000000003,
        0.6399999999999999
      ]
    ],
    [
      [
        0.8400000000000001,
        -0.4400000000000001,
        -0.6000000000000001,
        -0.04000000000000006,
        -0.36
      ],
      [
        -0.4400000000000001,
        0.84,
        0.19999999999999998,
        0.44,
        0.36000000000000004
      ],
      [
        -0.6000000000000001,
        0.19999999999999998,
        1.0,
        0.2,
        0.2
      ],
      [
        -0.04000000000000006,
        0.44,
        0.2,
        0.8400000000000001,
        -0.04000000000000006
      ],
      [
        -0.36,
        0.36000000000000004,
        0.2,
        -0.04000000000000006,
        0.8400000000000001
      ]
    ],
    [
      [
        0.6399999999999999,
        0.39999999999999997,
        0.16000000000000003,
        0.08000000000000002,
        -0.07999999999999996
      ],
      [
        0.39999999999999997,
        1.0,
        0.0,
        -0.19999999999999996,
        0.0
      ],
      [
        0.16000000000000003,
        0.0,
        0.6399999999999999,
        -0.08000000000000002,
        -0.32
      ],
      [
        0.08000000000000002,
        -0.19999999999999996,
        -0.08000000000000002,
        0.3599999999999999,
        0.23999999999999994
      ],
      [
        -0.07999999999999996,
        0.0,
        -0.32,
        0.23999999999999994,
        0.96
      ]
    ],
    [
      [
        0.36,
        -0.16000000000000003,
        -0.23999999999999994,
        0.08000000000000024,
        0.19999999999999998
      ],
      [
        -0.16000000000000003,
        0.96,
        0.24000000000000005,
        -0.4800000000000001,
        0.0
      ],
      [
        -0.23999999999999994,
        0.24000000000000005,
        0.96,
        -0.32000000000000006,
        0.0
      ],
      [
        0.08000000000000024,
        -0.4800000000000001,
        -0.32000000000000006,
        0.6399999999999999,
        -0.39999999999999997
      ],
      [
        0.19999999999999998,
        0.0,
        0.0,
        -0.39999999999999997,
        1.0
      ]
    ],
    [
      [
        0.84,
        0.15999999999999998,
        -0.44,
        -0.08000000000000006,
        0.08000000000000006
      ],
      [
        0.15999999999999998,
        0.6399999999999999,
        -0.15999999999999998,
        -0.32000000000000006,
        -0.0799999999999999
      ],
      [
        -0.44,
        -0.15999999999999998,
        0.8400000000000001,
        0.08000000000000004,
        0.32
      ],
      [
        -0.08000000000000006,
        -0.32000000000000006,
        0.08000000000000004,
        0.96,
        -0.15999999999999998
      ],
      [
        0.08000000000000006,
        -0.0799999999999999,
        0.32,
        -0.15999999999999998,
        0.96
      ]
    ],
    [
      [
        0.96,
        0.0,
        -0.24000000000000007,
        -0.15999999999999998,
        0.24000000000000005
      ],
      [
        0.0,
        1.0,
        0.4000000000000001,
        -0.4000000000000001,
        0.4000000000000001
      ],
      [
        -0.24000000000000007,
        0.4000000000000001,
        0.96,
        0.24000000000000007,
        0.6400000000000001
      ],
      [
        -0.15999999999999998,
        -0.4000000000000001,
        0.24000000000000007,
        0.96,
        0.16
      ],
      [
        0.24000000000000005,
        0.4000000000000001,
        0.6400000000000001,
        0.16,
        0.96
      ]
    ],
    [
      [
        0.84,
        -0.04000000000000001,
        -0.19999999999999998,
        -0.03999999999999995,
        -0.04000000000000001
      ],
      [
        -0.04000000000000001,
        0.8400000000000001,
        0.19999999999999998,
        0.04000000000000001,
        0.04000000000000006
      ],
      [
        -0.19999999999999998,
        0.19999999999999998,
        1.0,
        0.2,
        0.2
      ],
      [
        -0.03999999999999995,
        0.04000000000000001,
        0.2,
        0.84,
        0.04000000000000001
      ],
      [
        -0.04000000000000001,
        0.04000000000000006,
        0.2,
        0.04000000000000001,
        0.8400000000000001
      ]
    ],
    [
      [
        0.96,
        -0.24000000000000007,
        0.0,
        0.4,
        0.16
      ],
      [
        -0.24000000000000007,
        0.96,
        -0.4,
        -0.4,
        -0.24000000000000005
      ],
      [
        0.0,
        -0.4,
        1.0,
        0.6000000000000001,
        0.0
      ],
      [
        0.4,
        -0.4,
        0.6000000000000001,
        1.0,
        0.0
      ],
      [
        0.16,
        -0.24000000000000005,
        0.0,
        0.0,
        0.96
      ]
    ],
    [
      [
        0.8400000000000001,
        -0.36000000000000004,
        -0.16000000000000014,
        0.16000000000000014,
        -0.04000000000000001
      ],
      [
        -0.36000000000000004,
        0.84,
        0.2400000000000001,
        -0.24000000000000002,
        -0.43999999999999995
      ],
      [
        -0.16000000000000014,
        0.2400000000000001,
        0.6399999999999999,
        0.15999999999999992,
        -0.2400000000000001
      ],
      [
        0.16000000000000014,
        -0.24000000000000002,
        0.15999999999999992,
        0.6400000000000001,
        -0.16
      ],
      [
        -0.04000000000000001,
        -0.43999999999999995,
        -0.2400000000000001,
        -0.16,
        0.84
      ]
    ],
    [
      [
        0.8400000000000001,
        -0.16000000000000014,
        0.32000000000000006,
        0.32000000000000006,
        0.07999999999999999
      ],
      [
        -0.16000000000000014,
        0.6399999999999999,
        0.32,
        -0.07999999999999996,
        0.07999999999999996
      ],
      [
        0.32000000000000006,
        0.32,
        0.96,
        -0.24000000000000002,
        0.24000000000000002
      ],
      [
        0.32000000000000006,
        -0.07999999999999996,
        -0.24000000000000002,
        0.96,
        -0.56
      ],
      [
        0.07999999999999999,
        0.07999999999999996,
        0.24000000000000002,
        -0.56,
        0.96
      ]
    ],
    [
      [
        1.0,
        0.0,
        0.6000000000000001,
        0.20000000000000007,
        -0.6000000000000001
      ],
      [
        0.0,
        0.96,
        0.0,
        0.0,
        0.08000000000000004
      ],
      [
        0.6000000000000001,
        0.0,
        1.0,
        0.6000000000000001,
        -0.2
      ],
      [
        0.20000000000000007,
        0.0,
        0.6000000000000001,
        1.0,
        0.2
      ],
      [
        -0.6000000000000001,
        0.08000000000000004,
        -0.2,
        0.2,
        0.8400000000000001
      ]
    ],
    [
      [
        0.96,
        0.4,
        0.24000000000000005,
        -0.32000000000000006,
        0.32
      ],
      [
        0.4,
        1.0,
        0.19999999999999996,
        -0.6000000000000001,
        0.39999999999999997
      ],
      [
        0.24000000000000005,
        0.19999999999999996,
        0.3599999999999999,
        0.12000000000000002,
        0.08000000000000018
      ],
      [
        -0.32000000000000006,
        -0.6000000000000001,
        0.12000000000000002,
        0.84,
        -0.2400000000000001
      ],
      [
        0.32,
        0.39999999999999997,
        0.08000000000000018,
        -0.2400000000000001,
        0.6399999999999999
      ]
    ],
    [
      [
        1.0,
        -0.6000000000000001,
        -0.20000000000000007,
        -0.19999999999999996,
        0.0
      ],
      [
        -0.6000000000000001,
        1.0,
        0.20000000000000007,
        0.19999999999999996,
        -0.4000000000000001
      ],
      [
        -0.20000000000000007,
        0.20000000000000007,
        1.0,
        0.19999999999999996,
        0.4000000000000001
      ],
      [
        -0.19999999999999996,
        0.19999999999999996,
        0.19999999999999996,
        0.3599999999999999,
        -0.23999999999999996
      ],
      [
        0.0,
        -0.4000000000000001,
        0.4000000000000001,
        -0.23999999999999996,
        0.96
      ]
    ],
    [
      [
        0.96,
        0.16,
        -0.56,
        0.08000000000000002,
        0.08000000000000002
      ],
      [
        0.16,
        0.96,
        -0.56,
        0.08000000000000006,
        -0.32
      ],
      [
        -0.56,
        -0.56,
        0.96,
        -0.48000000000000004,
        0.32
      ],
      [
        0.08000000000000002,
        0.08000000000000006,
        -0.48000000000000004,
        0.84,
        -0.3600000000000001
      ],
      [
        0.08000000000000002,
        -0.32,
        0.32,
        -0.3600000000000001,
        0.84
      ]
    ],
    [
      [
        0.6399999999999999,
        -0.39999999999999997,
        -0.16000000000000003,
        -0.39999999999999997,
        -0.16000000000000003
      ],
      [
        -0.39999999999999997,
        1.0,
        0.39999999999999997,
        0.20000000000000007,
        0.0
      ],
      [
        -0.16000000000000003,
        0.39999999999999997,
        0.6399999999999999,
        -0.39999999999999997,
        -0.16000000000000003
      ],
      [
        -0.39999999999999997,
        0.20000000000000007,
        -0.39999999999999997,
        1.0,
        0.39999999999999997
      ],
      [
        -0.16000000000000003,
        0.0,
        -0.16000000000000003,
        0.39999999999999997,
        0.6399999999999999
      ]
    ],
    [
      [
        0.96,
        0.07999999999999999,
        0.08000000000000004,
        0.07999999999999999,
        0.08000000000000004
      ],
      [
        0.07999999999999999,
        0.6399999999999999,
        -0.15999999999999992,
        0.24000000000000005,
        0.64
      ],
      [
        0.08000000000000004,
        -0.15999999999999992,
        0.6400000000000001,
        -0.1600000000000001,
        -0.15999999999999986
      ],
      [
        0.07999999999999999,
        0.24000000000000005,
        -0.1600000000000001,
        0.8400000000000001,
        0.23999999999999994
      ],
      [
        0.08000000000000004,
        0.64,
        -0.15999999999999986,
        0.23999999999999994,
        0.6400000000000001
      ]
    ],
    [
      [
        0.8400000000000001,
        -0.19999999999999998,
        0.32000000000000006,
        0.32000000000000006,
        -0.07999999999999999
      ],
      [
        -0.19999999999999998,
        1.0,
        0.0,
        0.0,
        0.4000000000000001
      ],
      [
        0.32000000000000006,
        0.0,
        0.96,
        0.56,
        0.16000000000000003
      ],
      [
        0.32000000000000006,
        0.0,
        0.56,
        0.96,
        0.16000000000000003
      ],
      [
        -0.07999999999999999,
        0.4000000000000001,
        0.16000000000000003,
        0.16000000000000003,
        0.96
      ]
    ],
    [
      [
        0.96,
        -0.16,
        0.32000000000000006,
        -0.4,
        0.07999999999999999
      ],
      [
        -0.16,
        0.96,
        0.08000000000000004,
        0.0,
        -0.08000000000000004
      ],
      [
        0.32000000000000006,
        0.08000000000000004,
        0.8400000000000001,
        -0.19999999999999998,
        -0.04000000000000006
      ],
      [
        -0.4,
        0.0,
        -0.19999999999999998,
        1.0,
        0.2
      ],
      [
        0.07999999999999999,
        -0.08000000000000004,
        -0.04000000000000006,
        0.2,
        0.8400000000000001
      ]
    ],
    [
      [
        0.96,
        0.48000000000000004,
        0.08000000000000006,
        0.48000000000000004,
        0.16
      ],
      [
        0.48000000000000004,
        0.84,
        0.44000000000000006,
        0.44000000000000006,
        0.08000000000000002
      ],
      [
        0.08000000000000006,
        0.44000000000000006,
        0.84,
        0.03999999999999995,
        -0.32000000000000006
      ],
      [
        0.48000000000000004,
        0.44000000000000006,
        0.03999999999999995,
        0.84,
        0.48
      ],
      [
        0.16,
        0.08000000000000002,
        -0.32000000000000006,
        0.48,
        0.96
      ]
    ]
  ]
}