{
  "settings_list": [
    [
      5.807483894042361,
      4.8369097293768775,
      4.902930174305508,
      0.3262745580415598,
      4.6548093731495355,
      0.8280378778126336,
      0.6671331359710896,
      2.955459492632755,
      2.5789940278081334,
      3.3249273029859956,
      0.5296957029000762,
      4.600331081797639,
      4.263053725209361,
      4.469856138135645,
      4.297673077616915
    ],
    [
      5.810683894042361,
      4.763309729376878,
      4.979730174305509,
      0.2622745580415598,
      4.629209373149536,
      0.8280378778126336,
      0.6223331359710896,
      2.977859492632755,
      2.4925940278081335,
      3.4049273029859957,
      0.6768957029000762,
      4.696331081797639,
      4.266253725209361,
      4.473056138135645,
      4.320073077616915
    ],
    [
      5.764603894042361,
      4.665389729376877,
      5.086610174305509,
      0.14771455804155975,
      4.682969373149535,
      0.8933178778126337,
      0.5634531359710896,
      2.976579492632755,
      2.5469940278081338,
      3.4542073029859957,
      0.6327357029000762,
      4.766091081797638,
      4.167053725209361,
      4.3136961381356445,
      4.353353077616916
    ],
    [
      5.602683894042361,
      4.800749729376878,
      4.946770174305509,
      0.20499455804155975,
      4.654169373149535,
      0.7646778778126336,
      0.7032931359710896,
      2.967619492632755,
      2.584434027808134,
      3.4078073029859954,
      0.7373757029000763,
      4.729611081797638,
      4.062733725209361,
      4.193056138135645,
      4.465033077616916
    ],
    [
      5.5969238940423605,
      4.844269729376878,
      4.939730174305509,
      0.25107455804155976,
      4.909529373149535,
      0.7768378778126336,
      0.6975331359710896,
      2.950339492632755,
      2.570994027808134,
      3.4967673029859956,
      0.8800957029000763,
      4.695691081797638,
      3.9520137252093606,
      4.116896138135645,
      4.406793077616916
    ],
    [
      5.46508389404236,
      4.710509729376878,
      4.955090174305509,
      0.21427455804155973,
      4.981529373149535,
      0.8529978778126337,
      0.7528931359710896,
      2.959619492632755,
      2.5885940278081336,
      3.4730873029859954,
      0.9588157029000763,
      4.769931081797638,
      4.124173725209361,
      4.280416138135645,
      4.307913077616916
    ],
    [
      5.56108389404236,
      4.675309729376878,
      4.879890174305509,
      0.14547455804155973,
      5.061529373149535,
      0.8401978778126338,
      0.7544931359710896,
      2.911619492632755,
      2.7421940278081336,
      3.4842873029859955,
      1.2036157029000765,
      4.782731081797638,
      3.949773725209361,
      4.333216138135645,
      4.3175130776169155
    ],
    [
      5.55244389404236,
      4.836589729376878,
      4.784850174305509,
      0.09555455804155974,
      4.9559293731495355,
      0.8907578778126338,
      0.8146531359710897,
      2.787459492632755,
      2.7412340278081335,
      3.6164473029859954,
      1.2986557029000765,
      4.873291081797638,
      3.866893725209361,
      4.364576138135646,
      4.282633077616915
    ],
    [
      5.62348389404236,
      4.773229729376878,
      4.70101017430551,
      0.1909145580415599,
      4.8324093731495354,
      0.9758778778126339,
      0.7576931359710896,
      2.900739492632755,
      2.6324340278081335,
      3.6471673029859955,
      1.2896957029000764,
      4.800971081797638,
      3.905293725209361,
      4.480416138135646,
      4.166153077616915
    ],
    [
      5.646843894042361,
      4.696749729376878,
      4.68853017430551,
      0.1336345580415599,
      4.816729373149536,
      0.9758778778126339,
      0.8812131359710896,
      2.733059492632755,
      2.5972340278081334,
      3.6468473029859956,
      1.2644157029000764,
      4.884811081797638,
      3.892493725209361,
      4.338656138135646,
      4.164233077616915
    ],
    [
      5.5854038940423605,
      4.723629729376878,
      4.7371701743055095,
      0.25587455804156,
      4.667609373149536,
      0.9182778778126339,
      0.8978531359710896,
      2.935939492632755,
      2.5895540278081333,
      3.695487302985996,
      1.2746557029000762,
      4.845131081797638,
      3.902733725209361,
      4.517856138135646,
      4.022793077616915
    ],
    [
      5.607163894042361,
      4.706349729376878,
      4.783890174305509,
      0.23219455804156003,
      4.673369373149535,
      0.914437877812634,
      1.0124131359710897,
      2.827139492632755,
      2.4749940278081333,
      3.6922873029859957,
      1.2612157029000763,
      4.971211081797638,
      3.814413725209361,
      4.544736138135646,
      3.9466330776169145
    ],
    [
      5.630203894042361,
      4.8433097293768785,
      4.772370174305509,
      0.16755455804156005,
      4.7258493731495355,
      0.927237877812634,
      0.8799331359710896,
      2.932099492632755,
      2.5229940278081333,
      3.6641273029859955,
      1.4064957029000764,
      4.758091081797638,
      3.928973725209361,
      4.798176138135647,
      4.058633077616914
    ],
    [
      5.677563894042361,
      4.498349729376878,
      4.855570174305509,
      0.2251545580415601,
      4.782169373149536,
      0.7467578778126339,
      1.0130531359710897,
      3.013379492632755,
      2.499314027808133,
      3.7018873029859956,
      1.5575357029000765,
      4.722251081797638,
      3.947533725209361,
      4.672096138135647,
      4.047113077616914
    ],
    [
      5.789563894042361,
      4.592749729376878,
      4.783570174305509,
      0.35635455804156013,
      5.060569373149536,
      0.753157877812634,
      1.0994531359710897,
      3.0965794926327552,
      2.422514027808133,
      3.6810873029859956,
      1.5543357029000764,
      4.746251081797638,
      4.008333725209361,
      4.582496138135647,
      4.123913077616915
    ],
    [
      5.668603894042361,
      4.614509729376878,
      4.628370174305509,
      0.41139455804156017,
      5.018329373149537,
      0.807877877812634,
      1.1106531359710898,
      3.1087394926327554,
      2.426034027808133,
      3.6689273029859955,
      1.4788157029000764,
      4.770571081797638,
      4.035213725209362,
      4.625056138135647,
      4.086153077616915
    ],
    [
      5.604283894042361,
      4.712429729376878,
      4.602130174305509,
      0.4120345580415602,
      5.122009373149536,
      0.875077877812634,
      1.12825313597109,
      3.2111394926327557,
      2.5345140278081333,
      3.6516473029859955,
      1.3981757029000763,
      4.674251081797638,
      4.196813725209362,
      4.861216138135647,
      4.087433077616915
    ],
    [
      5.7034838940423604,
      4.930669729376878,
      4.696210174305509,
      0.3089945580415602,
      5.069529373149536,
      0.871877877812634,
      1.23321313597109,
      3.2085794926327558,
      2.567154027808133,
      3.6100473029859956,
      1.4954557029000763,
      4.625611081797638,
      4.207053725209361,
      4.962976138135646,
      4.287113077616915
    ],
    [
      5.895483894042361,
      5.100269729376878,
      4.648210174305509,
      0.12339455804156008,
      5.047129373149536,
      0.8302778778126341,
      1.3228131359710902,
      3.3909794926327557,
      2.736754027808133,
      3.6740473029859957,
      1.5146557029000765,
      4.795211081797638,
      4.136653725209361,
      5.039776138135647,
      4.383113077616915
    ],
    [
      5.907323894042361,
      5.003309729376878,
      4.648850174305509,
      0.08659455804156006,
      4.999129373149536,
      0.8331578778126341,
      1.4040931359710904,
      3.463619492632756,
      2.752434027808133,
      3.5815673029859956,
      1.6813757029000767,
      4.739531081797638,
      3.9734537252093607,
      5.279776138135647,
      4.402633077616915
    ],
    [
      6.010363894042361,
      4.8209097293768775,
      4.605970174305509,
      0.2197145580415601,
      4.856409373149536,
      0.8152378778126341,
      1.1711331359710904,
      3.755459492632756,
      2.770674027808133,
      3.4506873029859957,
      1.5860157029000768,
      4.651531081797638,
      3.9248137252093604,
      5.204256138135647,
      4.415753077616915
    ]
  ],
  "cost_vals": [],
  "step_size": 0.1,
  "opt_step_times": [
    0.20345783233642578,
    0.1304318904876709,
    0.12752890586853027,
    0.13406085968017578,
    0.12883710861206055,
    0.13431596755981445,
    0.13416004180908203,
    0.13261675834655762,
    0.1504502296447754,
    0.14239907264709473,
    0.14622735977172852,
    0.13368511199951172,
    0.13463711738586426,
    0.13447308540344238,
    0.13531494140625,
    0.13328886032104492,
    0.13324284553527832,
    0.13904285430908203,
    0.20403504371643066,
    0.13999581336975098
  ],
  "opt_settings": [
    6.010363894042361,
    4.8209097293768775,
    4.605970174305509,
    0.2197145580415601,
    4.856409373149536,
    0.8152378778126341,
    1.1711331359710904,
    3.755459492632756,
    2.770674027808133,
    3.4506873029859957,
    1.5860157029000768,
    4.651531081797638,
    3.9248137252093604,
    5.204256138135647,
    4.415753077616915
  ],
  "min_cost": null,
  "datetime": "2023-05-30T16-37-04Z",
  "step_only": true,
  "ibm_device": "default.qubit",
  "shots": 10,
  "prep_node_name": "5-qubit_zero_state",
  "num_qubits": 5,
  "error": false,
  "cov_mats": [
    [
      [
        1.0,
        0.20000000000000007,
        -0.19999999999999996,
        0.0,
        0.2
      ],
      [
        0.20000000000000007,
        1.0,
        -0.19999999999999996,
        0.0,
        -0.2
      ],
      [
        -0.19999999999999996,
        -0.19999999999999996,
        0.36,
        0.0,
        -0.2800000000000001
      ],
      [
        0.0,
        0.0,
        0.0,
        0.0,
        0.0
      ],
      [
        0.2,
        -0.2,
        -0.2800000000000001,
        0.0,
        0.8400000000000001
      ]
    ],
    [
      [
        0.8400000000000001,
        -0.16000000000000014,
        -0.32000000000000006,
        -1.1102230246251565e-16,
        0.19999999999999998
      ],
      [
        -0.16000000000000014,
        0.6399999999999999,
        0.07999999999999996,
        0.0,
        0.39999999999999997
      ],
      [
        -0.32000000000000006,
        0.07999999999999996,
        0.96,
        0.0,
        0.0
      ],
      [
        -1.1102230246251565e-16,
        0.0,
        0.0,
        0.0,
        0.0
      ],
      [
        0.19999999999999998,
        0.39999999999999997,
        0.0,
        0.0,
        1.0
      ]
    ],
    [
      [
        0.6400000000000001,
        -0.32,
        -0.2400000000000001,
        0.15999999999999992,
        0.0
      ],
      [
        -0.32,
        0.96,
        0.32000000000000006,
        -0.4799999999999999,
        0.4
      ],
      [
        -0.2400000000000001,
        0.32000000000000006,
        0.6399999999999999,
        -0.16000000000000014,
        0.0
      ],
      [
        0.15999999999999992,
        -0.4799999999999999,
        -0.16000000000000014,
        0.6399999999999999,
        0.0
      ],
      [
        0.0,
        0.4,
        0.0,
        0.0,
        1.0
      ]
    ],
    [
      [
        1.0,
        -0.4000000000000001,
        -0.19999999999999996,
        0.0,
        -0.2
      ],
      [
        -0.4000000000000001,
        0.96,
        0.16000000000000006,
        -2.7755575615628914e-17,
        0.32
      ],
      [
        -0.19999999999999996,
        0.16000000000000006,
        0.3599999999999999,
        1.1102230246251565e-16,
        0.11999999999999991
      ],
      [
        0.0,
        -2.7755575615628914e-17,
        1.1102230246251565e-16,
        1.1102230246251565e-16,
        -5.551115123125783e-17
      ],
      [
        -0.2,
        0.32,
        0.11999999999999991,
        -5.551115123125783e-17,
        0.8400000000000001
      ]
    ],
    [
      [
        0.96,
        -0.08000000000000004,
        0.0,
        -0.15999999999999998,
        0.15999999999999998
      ],
      [
        -0.08000000000000004,
        0.6399999999999999,
        0.0,
        0.08000000000000013,
        -0.08000000000000013
      ],
      [
        0.0,
        0.0,
        0.0,
        0.0,
        0.0
      ],
      [
        -0.15999999999999998,
        0.08000000000000013,
        0.0,
        0.3599999999999999,
        0.04000000000000015
      ],
      [
        0.15999999999999998,
        -0.08000000000000013,
        0.0,
        0.04000000000000015,
        0.3599999999999999
      ]
    ],
    [
      [
        0.8400000000000001,
        0.08000000000000004,
        0.04000000000000006,
        -0.24000000000000005,
        -0.16000000000000014
      ],
      [
        0.08000000000000004,
        0.96,
        -0.32,
        -0.07999999999999993,
        0.07999999999999997
      ],
      [
        0.04000000000000006,
        -0.32,
        0.8400000000000001,
        -0.24000000000000005,
        -0.56
      ],
      [
        -0.24000000000000005,
        -0.07999999999999993,
        -0.24000000000000005,
        0.6399999999999999,
        0.16000000000000003
      ],
      [
        -0.16000000000000014,
        0.07999999999999997,
        -0.56,
        0.16000000000000003,
        0.6400000000000001
      ]
    ],
    [
      [
        0.96,
        -0.07999999999999999,
        0.32000000000000006,
        0.08000000000000002,
        -0.48
      ],
      [
        -0.07999999999999999,
        0.6399999999999999,
        -0.15999999999999998,
        -0.2400000000000001,
        0.24000000000000005
      ],
      [
        0.32000000000000006,
        -0.15999999999999998,
        0.8400000000000001,
        -0.04000000000000001,
        -0.36
      ],
      [
        0.08000000000000002,
        -0.2400000000000001,
        -0.04000000000000001,
        0.84,
        -0.04000000000000001
      ],
      [
        -0.48,
        0.24000000000000005,
        -0.36,
        -0.04000000000000001,
        0.8400000000000001
      ]
    ],
    [
      [
        0.8400000000000001,
        -0.04000000000000006,
        -0.2800000000000001,
        -0.6000000000000001,
        -0.07999999999999999
      ],
      [
        -0.04000000000000006,
        0.8400000000000001,
        -0.11999999999999994,
        0.19999999999999998,
        -0.32000000000000006
      ],
      [
        -0.2800000000000001,
        -0.11999999999999994,
        0.36,
        0.19999999999999998,
        0.15999999999999998
      ],
      [
        -0.6000000000000001,
        0.19999999999999998,
        0.19999999999999998,
        1.0,
        -0.4000000000000001
      ],
      [
        -0.07999999999999999,
        -0.32000000000000006,
        0.15999999999999998,
        -0.4000000000000001,
        0.96
      ]
    ],
    [
      [
        1.0,
        0.0,
        -0.19999999999999996,
        0.0,
        0.0
      ],
      [
        0.0,
        0.96,
        -0.23999999999999996,
        0.16,
        0.16
      ],
      [
        -0.19999999999999996,
        -0.23999999999999996,
        0.3599999999999999,
        0.16,
        -0.23999999999999994
      ],
      [
        0.0,
        0.16,
        0.16,
        0.96,
        0.16000000000000003
      ],
      [
        0.0,
        0.16,
        -0.23999999999999994,
        0.16000000000000003,
        0.96
      ]
    ],
    [
      [
        0.36,
        -0.16000000000000003,
        0.08000000000000007,
        0.16000000000000003,
        -0.16000000000000003
      ],
      [
        -0.16000000000000003,
        0.96,
        -0.0800000000000001,
        0.23999999999999996,
        -0.6400000000000001
      ],
      [
        0.08000000000000007,
        -0.0800000000000001,
        0.6400000000000001,
        0.08000000000000002,
        -0.08000000000000002
      ],
      [
        0.16000000000000003,
        0.23999999999999996,
        0.08000000000000002,
        0.96,
        -0.16000000000000003
      ],
      [
        -0.16000000000000003,
        -0.6400000000000001,
        -0.08000000000000002,
        -0.16000000000000003,
        0.96
      ]
    ],
    [
      [
        0.6399999999999999,
        -0.16000000000000003,
        -0.16000000000000003,
        0.3199999999999999,
        -0.2400000000000001
      ],
      [
        -0.16000000000000003,
        0.84,
        0.2400000000000001,
        0.12,
        -0.03999999999999995
      ],
      [
        -0.16000000000000003,
        0.2400000000000001,
        0.6399999999999999,
        -0.08000000000000018,
        0.56
      ],
      [
        0.3199999999999999,
        0.12,
        -0.08000000000000018,
        0.36,
        -0.12000000000000013
      ],
      [
        -0.2400000000000001,
        -0.03999999999999995,
        0.56,
        -0.12000000000000013,
        0.84
      ]
    ],
    [
      [
        0.8400000000000001,
        -0.08000000000000004,
        -0.24000000000000005,
        -0.07999999999999999,
        0.36
      ],
      [
        -0.08000000000000004,
        0.96,
        -0.32000000000000006,
        0.16,
        0.08000000000000004
      ],
      [
        -0.24000000000000005,
        -0.32000000000000006,
        0.6399999999999999,
        0.07999999999999996,
        -0.56
      ],
      [
        -0.07999999999999999,
        0.16,
        0.07999999999999996,
        0.96,
        0.07999999999999999
      ],
      [
        0.36,
        0.08000000000000004,
        -0.56,
        0.07999999999999999,
        0.8400000000000001
      ]
    ],
    [
      [
        0.8400000000000001,
        0.08000000000000004,
        -0.24000000000000005,
        -0.36,
        -0.07999999999999999
      ],
      [
        0.08000000000000004,
        0.96,
        -0.07999999999999993,
        0.08000000000000004,
        -0.56
      ],
      [
        -0.24000000000000005,
        -0.07999999999999993,
        0.6399999999999999,
        -0.24000000000000005,
        0.07999999999999996
      ],
      [
        -0.36,
        0.08000000000000004,
        -0.24000000000000005,
        0.8400000000000001,
        -0.48
      ],
      [
        -0.07999999999999999,
        -0.56,
        0.07999999999999996,
        -0.48,
        0.96
      ]
    ],
    [
      [
        0.96,
        -0.56,
        0.07999999999999999,
        -0.4,
        0.4
      ],
      [
        -0.56,
        0.96,
        -0.07999999999999999,
        0.0,
        0.0
      ],
      [
        0.07999999999999999,
        -0.07999999999999999,
        0.6399999999999999,
        -0.39999999999999997,
        0.39999999999999997
      ],
      [
        -0.4,
        0.0,
        -0.39999999999999997,
        1.0,
        -0.6000000000000001
      ],
      [
        0.4,
        0.0,
        0.39999999999999997,
        -0.6000000000000001,
        1.0
      ]
    ],
    [
      [
        0.6399999999999999,
        -0.39999999999999997,
        -0.16000000000000003,
        0.0799999999999999,
        -0.2400000000000001
      ],
      [
        -0.39999999999999997,
        1.0,
        0.0,
        0.4000000000000001,
        -0.2
      ],
      [
        -0.16000000000000003,
        0.0,
        0.6399999999999999,
        0.0799999999999999,
        0.56
      ],
      [
        0.0799999999999999,
        0.4000000000000001,
        0.0799999999999999,
        0.96,
        -0.08000000000000006
      ],
      [
        -0.2400000000000001,
        -0.2,
        0.56,
        -0.08000000000000006,
        0.84
      ]
    ],
    [
      [
        1.0,
        -0.2,
        -0.6000000000000001,
        0.20000000000000007,
        0.20000000000000007
      ],
      [
        -0.2,
        0.84,
        0.04000000000000001,
        -0.19999999999999998,
        0.19999999999999998
      ],
      [
        -0.6000000000000001,
        0.04000000000000001,
        0.8400000000000001,
        -0.19999999999999998,
        -0.19999999999999998
      ],
      [
        0.20000000000000007,
        -0.19999999999999998,
        -0.19999999999999998,
        1.0,
        0.6000000000000001
      ],
      [
        0.20000000000000007,
        0.19999999999999998,
        -0.19999999999999998,
        0.6000000000000001,
        1.0
      ]
    ],
    [
      [
        0.96,
        -0.07999999999999993,
        -0.24000000000000005,
        -0.4,
        0.32
      ],
      [
        -0.07999999999999993,
        0.6399999999999999,
        0.32,
        0.0,
        -0.15999999999999998
      ],
      [
        -0.24000000000000005,
        0.32,
        0.96,
        0.0,
        -0.07999999999999999
      ],
      [
        -0.4,
        0.0,
        0.0,
        1.0,
        -0.2
      ],
      [
        0.32,
        -0.15999999999999998,
        -0.07999999999999999,
        -0.2,
        0.8400000000000001
      ]
    ],
    [
      [
        1.0,
        0.19999999999999996,
        -0.20000000000000007,
        -0.6000000000000001,
        -0.2
      ],
      [
        0.19999999999999996,
        0.3599999999999999,
        -0.19999999999999998,
        -0.19999999999999998,
        -0.12000000000000002
      ],
      [
        -0.20000000000000007,
        -0.19999999999999998,
        1.0,
        -0.20000000000000007,
        -0.2
      ],
      [
        -0.6000000000000001,
        -0.19999999999999998,
        -0.20000000000000007,
        1.0,
        0.6000000000000001
      ],
      [
        -0.2,
        -0.12000000000000002,
        -0.2,
        0.6000000000000001,
        0.84
      ]
    ],
    [
      [
        0.6399999999999999,
        -0.32000000000000006,
        -0.24,
        0.0,
        -0.6399999999999999
      ],
      [
        -0.32000000000000006,
        0.96,
        0.32000000000000006,
        0.0,
        0.32000000000000006
      ],
      [
        -0.24,
        0.32000000000000006,
        0.6399999999999999,
        0.39999999999999997,
        0.23999999999999988
      ],
      [
        0.0,
        0.0,
        0.39999999999999997,
        1.0,
        0.0
      ],
      [
        -0.6399999999999999,
        0.32000000000000006,
        0.23999999999999988,
        0.0,
        0.6399999999999999
      ]
    ],
    [
      [
        0.84,
        -0.36000000000000004,
        -0.1600000000000001,
        -0.04000000000000001,
        -0.32000000000000006
      ],
      [
        -0.36000000000000004,
        0.84,
        0.24000000000000007,
        0.36,
        0.48
      ],
      [
        -0.1600000000000001,
        0.24000000000000007,
        0.6399999999999999,
        -0.24000000000000005,
        0.07999999999999996
      ],
      [
        -0.04000000000000001,
        0.36,
        -0.24000000000000005,
        0.8400000000000001,
        0.32000000000000006
      ],
      [
        -0.32000000000000006,
        0.48,
        0.07999999999999996,
        0.32000000000000006,
        0.96
      ]
    ],
    [
      [
        0.96,
        0.0,
        0.32000000000000006,
        0.0,
        -0.4
      ],
      [
        0.0,
        1.0,
        0.2,
        0.20000000000000007,
        -0.6000000000000001
      ],
      [
        0.32000000000000006,
        0.2,
        0.8400000000000001,
        0.19999999999999998,
        -0.19999999999999998
      ],
      [
        0.0,
        0.20000000000000007,
        0.19999999999999998,
        1.0,
        -0.20000000000000007
      ],
      [
        -0.4,
        -0.6000000000000001,
        -0.19999999999999998,
        -0.20000000000000007,
        1.0
      ]
    ]
  ]
}