{
  "settings_list": [
    [
      2.8227504611629124,
      0.21240846416196002,
      3.3403048194677236,
      5.426566627104273,
      1.1310001759634654,
      2.7885991433058925,
      5.2491756464994745,
      3.7267185260792743,
      3.2038720047683045,
      4.990980069999454,
      5.718679016951748,
      4.018363537631086,
      4.774800552938419,
      2.596171360918195,
      0.23325070106123305
    ],
    [
      2.8230704611629123,
      0.13688846416196004,
      3.3425448194677236,
      5.514886627104273,
      1.2500401759634654,
      2.8906791433058925,
      4.963735646499474,
      3.7567985260792742,
      3.0173120047683044,
      4.752580069999453,
      5.833559016951749,
      3.9185235376310863,
      4.75656055293842,
      2.692491360918195,
      0.22013070106123309
    ],
    [
      2.957470461162912,
      0.2360884641619601,
      3.4625448194677237,
      5.537286627104273,
      1.1316401759634653,
      2.8522791433058923,
      4.826135646499474,
      3.8447985260792743,
      2.9965120047683045,
      4.616580069999453,
      5.788759016951748,
      3.7777235376310863,
      4.70856055293842,
      2.754891360918195,
      0.19773070106123308
    ],
    [
      2.906270461162912,
      0.18104846416196008,
      3.372944819467724,
      5.560326627104273,
      1.1060401759634653,
      2.7332391433058922,
      4.883735646499474,
      4.061118526079274,
      2.937632004768304,
      4.612740069999453,
      5.786199016951748,
      3.6254035376310862,
      4.76744055293842,
      2.6409713609181953,
      0.3154907010612331
    ],
    [
      2.788510461162912,
      0.25560846416196015,
      3.390864819467724,
      5.695366627104273,
      1.0871601759634653,
      2.5978791433058923,
      4.825815646499474,
      4.071998526079274,
      2.9821120047683043,
      4.339460069999453,
      5.801559016951749,
      3.496123537631086,
      4.75592055293842,
      2.6406513609181954,
      0.2687707010612331
    ],
    [
      2.701470461162912,
      0.3010484641619602,
      3.360784819467724,
      5.580806627104273,
      1.2650801759634653,
      2.665719143305892,
      4.733015646499474,
      4.082238526079275,
      2.926432004768304,
      4.424580069999453,
      5.741399016951749,
      3.574203537631086,
      4.80200055293842,
      2.5612913609181955,
      0.2502107010612331
    ],
    [
      2.5990704611629116,
      0.4770484641619603,
      3.240784819467724,
      5.379206627104273,
      1.2730801759634653,
      2.779319143305892,
      4.582615646499474,
      4.074238526079275,
      2.937632004768304,
      4.464580069999453,
      5.750999016951749,
      3.683003537631086,
      4.76680055293842,
      2.3596913609181955,
      0.1958107010612331
    ],
    [
      2.3712304611629116,
      0.6210484641619604,
      3.293264819467724,
      5.242246627104273,
      1.2583601759634653,
      2.895159143305892,
      4.387415646499474,
      3.9455985260792747,
      3.1168320047683045,
      4.708420069999454,
      5.6620390169517485,
      3.6343635376310863,
      4.66376055293842,
      2.2444913609181953,
      0.1676507010612331
    ],
    [
      2.2857904611629114,
      0.6242484641619603,
      3.176784819467724,
      5.393926627104273,
      1.2634801759634653,
      2.910199143305892,
      4.472535646499474,
      3.891518526079275,
      3.1229120047683043,
      4.684100069999453,
      5.669719016951748,
      3.4919635376310865,
      4.63176055293842,
      2.2492913609181953,
      0.1932507010612331
    ],
    [
      2.2288304611629113,
      0.7871284641619605,
      3.220944819467724,
      5.560646627104273,
      1.3441201759634653,
      3.002039143305892,
      4.476375646499474,
      3.8931185260792747,
      3.008672004768304,
      4.7970600699994534,
      5.797399016951748,
      3.6039635376310866,
      4.57992055293842,
      2.3004913609181954,
      0.17885070106123307
    ],
    [
      2.1219504611629114,
      1.0287284641619605,
      3.0167848194677243,
      5.5817666271042725,
      1.3380401759634653,
      3.112119143305892,
      4.376535646499474,
      3.9187185260792745,
      3.1779520047683043,
      4.5129000699994535,
      5.963799016951748,
      3.6327635376310865,
      4.59848055293842,
      2.2009713609181953,
      0.166370701061233
    ],
    [
      2.2531504611629116,
      1.0895284641619605,
      2.9751848194677244,
      5.706566627104273,
      1.5108401759634653,
      2.9809191433058917,
      4.494935646499474,
      3.9827185260792746,
      3.1683520047683045,
      4.564100069999453,
      5.883799016951748,
      3.5271635376310866,
      4.70728055293842,
      2.2169713609181954,
      0.28477070106123314
    ],
    [
      2.1443504611629116,
      1.0447284641619605,
      2.904784819467724,
      5.738566627104273,
      1.5236401759634652,
      3.147319143305892,
      4.5333356464994745,
      3.9059185260792746,
      3.1043520047683044,
      4.532100069999453,
      5.928599016951749,
      3.5271635376310866,
      4.656080552938421,
      2.1273713609181955,
      0.27197070106123317
    ],
    [
      2.2669104611629116,
      0.9797684641619605,
      2.867984819467724,
      5.867206627104273,
      1.2820401759634652,
      3.047479143305892,
      4.377815646499474,
      3.8991985260792745,
      3.0694720047683046,
      4.539780069999453,
      5.806039016951749,
      3.785403537631087,
      4.648400552938421,
      2.1689713609181953,
      0.3494107010612331
    ],
    [
      2.2294704611629115,
      0.9612084641619605,
      2.8094248194677243,
      5.872646627104273,
      1.3220401759634652,
      3.1591591433058923,
      4.443095646499475,
      3.9823985260792747,
      3.2275520047683046,
      4.659780069999453,
      5.815959016951749,
      3.6516435376310867,
      4.837520552938421,
      2.1699313609181954,
      0.5670107010612333
    ],
    [
      2.1526704611629115,
      0.9880884641619605,
      2.8171048194677244,
      5.889286627104273,
      1.5114801759634653,
      3.1764391433058923,
      4.412375646499475,
      4.055998526079275,
      3.1462720047683046,
      4.771780069999453,
      5.786519016951749,
      3.5370835376310867,
      4.9072805529384205,
      2.066251360918195,
      0.4934107010612333
    ],
    [
      2.2390704611629118,
      0.8024884641619605,
      2.682704819467724,
      5.9724866271042725,
      1.287480175963465,
      3.1188391433058924,
      4.341975646499475,
      4.1327985260792754,
      3.0246720047683047,
      4.5349800699994525,
      5.613719016951748,
      3.498683537631087,
      5.169680552938421,
      2.0118513609181954,
      0.33981070106123323
    ],
    [
      2.2713904611629117,
      0.8584884641619606,
      2.618704819467724,
      5.919046627104272,
      1.3863601759634652,
      3.2141991433058923,
      4.302295646499475,
      4.110078526079276,
      3.0317120047683046,
      4.6265000699994525,
      5.596759016951748,
      3.373883537631087,
      5.278160552938421,
      1.9446513609181955,
      0.2438107010612332
    ],
    [
      2.1849904611629114,
      0.7336884641619605,
      2.610704819467724,
      5.871046627104272,
      1.453560175963465,
      3.3789991433058923,
      4.303895646499475,
      4.122878526079276,
      3.0349120047683047,
      4.533700069999452,
      5.486359016951748,
      3.474683537631087,
      5.178960552938421,
      1.8838513609181955,
      0.3574107010612333
    ],
    [
      2.2819504611629116,
      0.8037684641619606,
      2.4759848194677243,
      5.760966627104272,
      1.5534001759634652,
      3.3629991433058923,
      4.363735646499475,
      4.045758526079276,
      2.9363520047683047,
      4.656900069999452,
      5.572759016951748,
      3.373563537631087,
      5.041680552938422,
      1.6886513609181955,
      0.2569307010612332
    ],
    [
      2.1008304611629116,
      0.9695284641619606,
      2.5137448194677243,
      5.787846627104273,
      1.4465201759634652,
      3.3853991433058925,
      4.480215646499476,
      4.003518526079277,
      3.0713920047683048,
      4.734340069999452,
      5.6105190169517485,
      3.5642835376310873,
      4.979600552938422,
      1.6361713609181954,
      0.2518107010612332
    ]
  ],
  "cost_vals": [],
  "step_size": 0.1,
  "opt_step_times": [
    54.317651987075806,
    47.97596311569214,
    37.88415002822876,
    28.18394899368286,
    49.381048917770386,
    64.87368106842041,
    41.63749289512634,
    260.978661775589,
    123.09281802177429,
    38.625181913375854,
    46.09395718574524,
    91.1688871383667,
    91.76670002937317,
    91.15931582450867,
    118.35986423492432,
    91.91914820671082,
    100.48428320884705,
    108.45532011985779,
    80.56237506866455,
    80.22416496276855
  ],
  "opt_settings": [
    2.1008304611629116,
    0.9695284641619606,
    2.5137448194677243,
    5.787846627104273,
    1.4465201759634652,
    3.3853991433058925,
    4.480215646499476,
    4.003518526079277,
    3.0713920047683048,
    4.734340069999452,
    5.6105190169517485,
    3.5642835376310873,
    4.979600552938422,
    1.6361713609181954,
    0.2518107010612332
  ],
  "min_cost": null,
  "datetime": "2023-04-19T20-44-20Z",
  "step_only": true,
  "ibm_device": "ibmq_qasm_simulator",
  "shots": 10,
  "prep_node_name": "5-qubit_zero_state",
  "num_qubits": 5,
  "cov_mats": [
    [
      [
        0.6399999999999999,
        -0.16000000000000003,
        0.0799999999999999,
        0.16000000000000003,
        0.48000000000000004
      ],
      [
        -0.16000000000000003,
        0.84,
        0.08000000000000006,
        -0.2400000000000001,
        0.08000000000000006
      ],
      [
        0.0799999999999999,
        0.08000000000000006,
        0.96,
        -0.48000000000000004,
        0.15999999999999998
      ],
      [
        0.16000000000000003,
        -0.2400000000000001,
        -0.48000000000000004,
        0.6399999999999999,
        -0.0799999999999999
      ],
      [
        0.48000000000000004,
        0.08000000000000006,
        0.15999999999999998,
        -0.0799999999999999,
        0.96
      ]
    ],
    [
      [
        0.0,
        0.0,
        0.0,
        0.0,
        0.0
      ],
      [
        0.0,
        0.36,
        -0.07999999999999996,
        -0.19999999999999998,
        -0.11999999999999997
      ],
      [
        0.0,
        -0.07999999999999996,
        0.6400000000000001,
        0.0,
        0.1600000000000001
      ],
      [
        0.0,
        -0.19999999999999998,
        0.0,
        1.0,
        0.6000000000000001
      ],
      [
        0.0,
        -0.11999999999999997,
        0.1600000000000001,
        0.6000000000000001,
        0.8400000000000001
      ]
    ],
    [
      [
        0.0,
        0.0,
        0.0,
        0.0,
        0.0
      ],
      [
        0.0,
        0.84,
        -0.1600000000000001,
        -0.56,
        -0.32000000000000006
      ],
      [
        0.0,
        -0.1600000000000001,
        0.6399999999999999,
        0.24,
        -0.32
      ],
      [
        0.0,
        -0.56,
        0.24,
        0.6399999999999999,
        0.07999999999999996
      ],
      [
        0.0,
        -0.32000000000000006,
        -0.32,
        0.07999999999999996,
        0.96
      ]
    ],
    [
      [
        0.0,
        0.0,
        0.0,
        0.0,
        0.0
      ],
      [
        0.0,
        0.84,
        -0.08000000000000006,
        0.12,
        0.24000000000000002
      ],
      [
        0.0,
        -0.08000000000000006,
        0.96,
        -0.23999999999999996,
        0.32
      ],
      [
        0.0,
        0.12,
        -0.23999999999999996,
        0.3599999999999999,
        -0.0799999999999999
      ],
      [
        0.0,
        0.24000000000000002,
        0.32,
        -0.0799999999999999,
        0.6400000000000001
      ]
    ],
    [
      [
        0.3599999999999999,
        0.16,
        0.19999999999999998,
        0.23999999999999994,
        -0.12000000000000002
      ],
      [
        0.16,
        0.96,
        0.0,
        -0.56,
        0.07999999999999999
      ],
      [
        0.19999999999999998,
        0.0,
        1.0,
        0.4000000000000001,
        0.2
      ],
      [
        0.23999999999999994,
        -0.56,
        0.4000000000000001,
        0.96,
        -0.07999999999999999
      ],
      [
        -0.12000000000000002,
        0.07999999999999999,
        0.2,
        -0.07999999999999999,
        0.8400000000000001
      ]
    ],
    [
      [
        0.3599999999999999,
        0.12000000000000002,
        0.1600000000000001,
        0.23999999999999994,
        0.23999999999999994
      ],
      [
        0.12000000000000002,
        0.84,
        -0.08000000000000006,
        0.08000000000000002,
        0.08000000000000002
      ],
      [
        0.1600000000000001,
        -0.08000000000000006,
        0.96,
        0.24000000000000005,
        0.24000000000000005
      ],
      [
        0.23999999999999994,
        0.08000000000000002,
        0.24000000000000005,
        0.96,
        -0.24000000000000002
      ],
      [
        0.23999999999999994,
        0.08000000000000002,
        0.24000000000000005,
        -0.24000000000000002,
        0.96
      ]
    ],
    [
      [
        0.96,
        -0.96,
        0.08000000000000006,
        0.16,
        -0.07999999999999993
      ],
      [
        -0.96,
        0.96,
        -0.08000000000000006,
        -0.16,
        0.07999999999999993
      ],
      [
        0.08000000000000006,
        -0.08000000000000006,
        0.84,
        0.08000000000000002,
        -0.2400000000000001
      ],
      [
        0.16,
        -0.16,
        0.08000000000000002,
        0.96,
        -0.07999999999999999
      ],
      [
        -0.07999999999999993,
        0.07999999999999993,
        -0.2400000000000001,
        -0.07999999999999999,
        0.6399999999999999
      ]
    ],
    [
      [
        0.84,
        -0.04000000000000001,
        0.3600000000000001,
        0.32000000000000006,
        0.19999999999999998
      ],
      [
        -0.04000000000000001,
        0.8400000000000001,
        0.04000000000000001,
        0.07999999999999999,
        0.19999999999999998
      ],
      [
        0.3600000000000001,
        0.04000000000000001,
        0.84,
        0.48,
        -0.19999999999999998
      ],
      [
        0.32000000000000006,
        0.07999999999999999,
        0.48,
        0.96,
        0.0
      ],
      [
        0.19999999999999998,
        0.19999999999999998,
        -0.19999999999999998,
        0.0,
        1.0
      ]
    ],
    [
      [
        0.8400000000000001,
        -0.04000000000000006,
        -0.32,
        -0.19999999999999998,
        -0.04000000000000006
      ],
      [
        -0.04000000000000006,
        0.8400000000000001,
        -0.4800000000000001,
        0.6000000000000001,
        -0.36
      ],
      [
        -0.32,
        -0.4800000000000001,
        0.96,
        -5.551115123125783e-17,
        0.7200000000000002
      ],
      [
        -0.19999999999999998,
        0.6000000000000001,
        -5.551115123125783e-17,
        1.0,
        0.2
      ],
      [
        -0.04000000000000006,
        -0.36,
        0.7200000000000002,
        0.2,
        0.8400000000000001
      ]
    ],
    [
      [
        0.96,
        0.15999999999999998,
        -0.4,
        0.23999999999999985,
        -0.16
      ],
      [
        0.15999999999999998,
        0.96,
        -0.4,
        -0.16000000000000006,
        0.24000000000000005
      ],
      [
        -0.4,
        -0.4,
        1.0,
        0.19999999999999996,
        0.0
      ],
      [
        0.23999999999999985,
        -0.16000000000000006,
        0.19999999999999996,
        0.3599999999999999,
        0.16
      ],
      [
        -0.16,
        0.24000000000000005,
        0.0,
        0.16,
        0.96
      ]
    ],
    [
      [
        0.8400000000000001,
        0.08000000000000004,
        -0.24000000000000005,
        0.04000000000000006,
        0.32000000000000006
      ],
      [
        0.08000000000000004,
        0.96,
        -0.07999999999999993,
        0.08000000000000004,
        -0.56
      ],
      [
        -0.24000000000000005,
        -0.07999999999999993,
        0.6399999999999999,
        0.15999999999999998,
        0.07999999999999996
      ],
      [
        0.04000000000000006,
        0.08000000000000004,
        0.15999999999999998,
        0.8400000000000001,
        -0.07999999999999999
      ],
      [
        0.32000000000000006,
        -0.56,
        0.07999999999999996,
        -0.07999999999999999,
        0.96
      ]
    ],
    [
      [
        0.96,
        -0.08000000000000006,
        0.48000000000000004,
        -0.1600000000000001,
        0.32
      ],
      [
        -0.08000000000000006,
        0.84,
        0.3600000000000001,
        -0.12,
        0.04000000000000001
      ],
      [
        0.48000000000000004,
        0.3600000000000001,
        0.84,
        -0.28,
        -0.04000000000000001
      ],
      [
        -0.1600000000000001,
        -0.12,
        -0.28,
        0.36,
        -0.12000000000000008
      ],
      [
        0.32,
        0.04000000000000001,
        -0.04000000000000001,
        -0.12000000000000008,
        0.8400000000000001
      ]
    ],
    [
      [
        0.6399999999999999,
        0.08000000000000007,
        0.0,
        0.2400000000000001,
        -0.16000000000000014
      ],
      [
        0.08000000000000007,
        0.36,
        -0.19999999999999998,
        -0.12000000000000002,
        0.08000000000000013
      ],
      [
        0.0,
        -0.19999999999999998,
        1.0,
        0.2,
        0.0
      ],
      [
        0.2400000000000001,
        -0.12000000000000002,
        0.2,
        0.84,
        -0.56
      ],
      [
        -0.16000000000000014,
        0.08000000000000013,
        0.0,
        -0.56,
        0.6399999999999999
      ]
    ],
    [
      [
        0.96,
        -0.4,
        -0.56,
        0.16,
        -0.4
      ],
      [
        -0.4,
        1.0,
        0.0,
        0.4000000000000001,
        0.6000000000000001
      ],
      [
        -0.56,
        0.0,
        0.96,
        0.24000000000000007,
        0.0
      ],
      [
        0.16,
        0.4000000000000001,
        0.24000000000000007,
        0.96,
        0.0
      ],
      [
        -0.4,
        0.6000000000000001,
        0.0,
        0.0,
        1.0
      ]
    ],
    [
      [
        1.0,
        -0.4000000000000001,
        0.0,
        -0.20000000000000007,
        -0.2
      ],
      [
        -0.4000000000000001,
        0.96,
        -0.24000000000000005,
        0.4,
        -0.08000000000000004
      ],
      [
        0.0,
        -0.24000000000000005,
        0.96,
        -0.4,
        0.7200000000000001
      ],
      [
        -0.20000000000000007,
        0.4,
        -0.4,
        1.0,
        -0.6000000000000001
      ],
      [
        -0.2,
        -0.08000000000000004,
        0.7200000000000001,
        -0.6000000000000001,
        0.8400000000000001
      ]
    ],
    [
      [
        0.8400000000000001,
        0.32000000000000006,
        0.32,
        0.08000000000000004,
        0.04000000000000006
      ],
      [
        0.32000000000000006,
        0.96,
        -0.24000000000000005,
        -0.16,
        -0.07999999999999999
      ],
      [
        0.32,
        -0.24000000000000005,
        0.96,
        -0.15999999999999998,
        -0.08000000000000004
      ],
      [
        0.08000000000000004,
        -0.16,
        -0.15999999999999998,
        0.96,
        0.08000000000000004
      ],
      [
        0.04000000000000006,
        -0.07999999999999999,
        -0.08000000000000004,
        0.08000000000000004,
        0.8400000000000001
      ]
    ],
    [
      [
        0.0,
        0.0,
        0.0,
        0.0,
        0.0
      ],
      [
        0.0,
        1.0,
        0.4000000000000001,
        0.2,
        0.2
      ],
      [
        0.0,
        0.4000000000000001,
        0.96,
        -0.32,
        -0.32
      ],
      [
        0.0,
        0.2,
        -0.32,
        0.8400000000000001,
        0.44000000000000017
      ],
      [
        0.0,
        0.2,
        -0.32,
        0.44000000000000017,
        0.8400000000000001
      ]
    ],
    [
      [
        0.84,
        0.32000000000000006,
        -0.19999999999999998,
        0.08000000000000002,
        -0.48
      ],
      [
        0.32000000000000006,
        0.96,
        -0.4,
        -0.16000000000000003,
        -0.6400000000000001
      ],
      [
        -0.19999999999999998,
        -0.4,
        1.0,
        0.4000000000000001,
        0.4
      ],
      [
        0.08000000000000002,
        -0.16000000000000003,
        0.4000000000000001,
        0.96,
        0.6400000000000001
      ],
      [
        -0.48,
        -0.6400000000000001,
        0.4,
        0.6400000000000001,
        0.96
      ]
    ],
    [
      [
        0.3599999999999999,
        0.16,
        0.16,
        -0.08000000000000018,
        -0.19999999999999998
      ],
      [
        0.16,
        0.96,
        0.56,
        -0.07999999999999999,
        0.0
      ],
      [
        0.16,
        0.56,
        0.96,
        -0.07999999999999999,
        0.0
      ],
      [
        -0.08000000000000018,
        -0.07999999999999999,
        -0.07999999999999999,
        0.6399999999999999,
        -0.39999999999999997
      ],
      [
        -0.19999999999999998,
        0.0,
        0.0,
        -0.39999999999999997,
        1.0
      ]
    ],
    [
      [
        0.8400000000000001,
        -0.19999999999999998,
        -0.04000000000000006,
        -0.19999999999999998,
        -0.44
      ],
      [
        -0.19999999999999998,
        1.0,
        0.2,
        0.20000000000000007,
        0.2
      ],
      [
        -0.04000000000000006,
        0.2,
        0.8400000000000001,
        0.19999999999999998,
        0.4400000000000001
      ],
      [
        -0.19999999999999998,
        0.20000000000000007,
        0.19999999999999998,
        1.0,
        0.2
      ],
      [
        -0.44,
        0.2,
        0.4400000000000001,
        0.2,
        0.84
      ]
    ]
  ]
}