{
  "settings_list": [
    [
      2.866402299189458,
      3.4685875589647654,
      1.5772635068228187,
      6.196206784324215,
      3.244513078410012,
      1.622730290200468,
      0.01586348692080937,
      1.8904436035222603,
      2.1578877067407394,
      3.1459108022504343,
      5.562030197561215,
      4.16201779811224,
      0.37434532522385133,
      2.113725167064434,
      4.9540352730928
    ],
    [
      2.869922299189458,
      3.4369075589647653,
      1.5673435068228188,
      6.1757267843242145,
      3.2701130784100116,
      1.592010290200468,
      0.01042348692080938,
      2.09652360352226,
      2.230527706740739,
      3.1769508022504342,
      5.496110197561215,
      4.29961779811224,
      0.35514532522385134,
      1.918845167064434,
      4.9690752730928
    ],
    [
      2.901602299189458,
      3.390507558964765,
      1.6732635068228188,
      6.226926784324214,
      3.254753078410012,
      1.5728102902004681,
      0.05202348692080941,
      2.15508360352226,
      2.255807706740739,
      3.246070802250434,
      5.460590197561215,
      4.37321779811224,
      0.5093853252238514,
      1.908605167064434,
      4.9697152730928
    ],
    [
      2.899042299189458,
      3.444907558964765,
      1.6815835068228189,
      6.263406784324214,
      3.355233078410012,
      1.5171302902004682,
      0.06354348692080942,
      2.09492360352226,
      2.2084477067407393,
      3.1276708022504343,
      5.3613901975612155,
      4.37705779811224,
      0.5241053252238513,
      1.915005167064434,
      4.9485952730928
    ],
    [
      2.9489622991894584,
      3.5185075589647647,
      1.6438235068228189,
      6.319086784324214,
      3.401953078410012,
      1.5497702902004682,
      0.07442348692080941,
      2.02900360352226,
      2.2058877067407394,
      3.1814308022504343,
      5.2743501975612155,
      4.34441779811224,
      0.5765853252238513,
      1.756925167064434,
      5.0561152730928
    ],
    [
      2.959842299189458,
      3.500907558964765,
      1.593903506822819,
      6.303726784324214,
      3.301473078410012,
      1.5283302902004683,
      0.0949034869208094,
      2.14132360352226,
      2.1742077067407393,
      3.2214308022504343,
      5.208750197561216,
      4.33865779811224,
      0.6453853252238513,
      1.7204451670644338,
      5.1169152730928005
    ],
    [
      2.739042299189458,
      3.4625075589647647,
      1.6243035068228189,
      6.174126784324214,
      3.258273078410012,
      1.5203302902004683,
      0.11250348692080939,
      2.10452360352226,
      2.175807706740739,
      3.1974308022504343,
      4.963950197561216,
      4.3978577981122395,
      0.5941853252238513,
      1.7748451670644338,
      5.0945152730928
    ],
    [
      2.723042299189458,
      3.5681075589647646,
      1.5603035068228188,
      6.2573267843242135,
      3.2678730784100116,
      1.5875302902004682,
      0.09970348692080938,
      1.9989236035222602,
      2.217407706740739,
      3.1078308022504344,
      4.739950197561216,
      4.34665779811224,
      0.7573853252238512,
      1.8932451670644337,
      5.0785152730928
    ],
    [
      2.7019222991894583,
      3.6148275589647647,
      1.6313435068228188,
      6.287406784324213,
      3.2723530784100117,
      1.6483302902004682,
      0.07794348692080938,
      1.8843636035222602,
      2.165567706740739,
      3.1718308022504345,
      4.8205901975612155,
      4.407457798112239,
      0.6453853252238512,
      1.8452451670644336,
      5.1809152730928005
    ],
    [
      2.748322299189458,
      3.551467558964765,
      1.631663506822819,
      6.286766784324214,
      3.3190730784100118,
      1.648010290200468,
      0.07826348692080938,
      1.8923636035222602,
      2.197247706740739,
      3.1551908022504342,
      4.735790197561215,
      4.41481779811224,
      0.6921053252238512,
      1.8215651670644337,
      5.165235273092801
    ],
    [
      2.710562299189458,
      3.8177075589647647,
      1.730223506822819,
      6.275886784324213,
      3.2403530784100116,
      1.6249702902004681,
      0.10386348692080935,
      2.04404360352226,
      2.185087706740739,
      2.9932708022504344,
      4.470190197561215,
      4.46665779811224,
      0.6985053252238511,
      1.7607651670644338,
      5.178675273092801
    ],
    [
      2.720802299189458,
      3.7869875589647646,
      1.6553435068228188,
      6.2368467843242135,
      3.2141130784100116,
      1.621130290200468,
      0.09170348692080935,
      2.00564360352226,
      2.179327706740739,
      3.057910802250434,
      4.539950197561215,
      4.45321779811224,
      0.6671453252238511,
      1.7806051670644338,
      5.2049152730928006
    ],
    [
      2.687522299189458,
      3.6884275589647646,
      1.7443035068228188,
      6.1773267843242134,
      3.3741130784100117,
      1.770250290200468,
      0.07122348692080933,
      2.15284360352226,
      2.167807706740739,
      3.0643108022504344,
      4.5105101975612145,
      4.44809779811224,
      0.7618653252238511,
      1.8842851670644338,
      5.2349952730928
    ],
    [
      2.727522299189458,
      3.7197875589647644,
      1.7839835068228187,
      6.169966784324213,
      3.4211530784100117,
      1.793290290200468,
      0.040183486920809336,
      2.16180360352226,
      2.214527706740739,
      3.0950308022504345,
      4.550190197561214,
      4.47273779811224,
      0.7541853252238511,
      1.9450851670644338,
      5.250355273092801
    ],
    [
      2.779362299189458,
      3.7601075589647643,
      1.7993435068228187,
      6.121966784324213,
      3.3789130784100117,
      1.8112102902004679,
      -0.017416513079190607,
      2.11700360352226,
      2.222847706740739,
      3.1142308022504346,
      4.562990197561215,
      4.35113779811224,
      0.709385325223851,
      1.9118051670644338,
      5.3175552730928
    ],
    [
      2.622242299189458,
      3.7911475589647643,
      1.8134235068228188,
      6.317806784324213,
      3.5440330784100116,
      1.731530290200468,
      -0.012616513079190591,
      2.12084360352226,
      2.317567706740739,
      3.0966308022504347,
      4.520430197561215,
      4.34121779811224,
      0.662345325223851,
      1.9028451670644337,
      5.2535552730928
    ],
    [
      2.622242299189458,
      3.762987558964764,
      1.8633435068228188,
      6.314606784324213,
      3.6093130784100116,
      1.8518502902004679,
      -0.019656513079190592,
      2.0824436035222598,
      2.2932477067407393,
      3.1023908022504347,
      4.590190197561214,
      4.31945779811224,
      0.714185325223851,
      1.8503651670644339,
      5.2247552730928
    ],
    [
      2.677282299189458,
      3.750187558964764,
      1.7174235068228187,
      6.239726784324213,
      3.6957130784100114,
      1.7878502902004678,
      0.009143486920809425,
      2.0997236035222597,
      2.1306877067407393,
      3.099830802250435,
      4.6676301975612144,
      4.35465779811224,
      0.691145325223851,
      1.761405167064434,
      5.1204352730928
    ],
    [
      2.713762299189458,
      3.8026675589647643,
      1.7884635068228187,
      6.226926784324212,
      3.815393078410011,
      1.7660902902004678,
      -0.0522965130791906,
      2.06836360352226,
      2.2177277067407393,
      3.0198308022504348,
      4.681070197561215,
      4.48009779811224,
      0.647625325223851,
      1.8234851670644339,
      5.1255552730928
    ],
    [
      2.580002299189458,
      3.719467558964764,
      1.8415835068228188,
      6.162286784324213,
      4.076513078410011,
      1.7820902902004678,
      0.05138348692080938,
      2.1662836035222597,
      2.3495677067407392,
      2.8713508022504346,
      4.5575501975612145,
      4.54857779811224,
      0.629065325223851,
      1.7358051670644339,
      5.2266752730928
    ],
    [
      2.648482299189458,
      3.937707558964764,
      1.8604635068228188,
      6.050606784324213,
      4.307873078410011,
      1.8806502902004678,
      0.07826348692080937,
      2.05812360352226,
      2.3402877067407393,
      2.9772708022504344,
      4.626990197561215,
      4.59305779811224,
      0.612105325223851,
      1.7790051670644338,
      5.1959552730928005
    ]
  ],
  "cost_vals": [],
  "step_size": 0.1,
  "opt_step_times": [
    14086.02726316452,
    6527.929415464401,
    1611.439864873886,
    711.2053821086884,
    94.62452626228333,
    51.67513060569763,
    58.37315821647644,
    62.57865381240845,
    51.81510329246521,
    70.83625769615173,
    69.80985188484192,
    69.14079332351685,
    1236.2994554042816,
    100.85831618309021,
    88.52092576026917,
    90.24127960205078,
    15958.99106168747,
    72.02024745941162,
    58.02165508270264,
    88.40620064735413
  ],
  "opt_settings": [
    2.648482299189458,
    3.937707558964764,
    1.8604635068228188,
    6.050606784324213,
    4.307873078410011,
    1.8806502902004678,
    0.07826348692080937,
    2.05812360352226,
    2.3402877067407393,
    2.9772708022504344,
    4.626990197561215,
    4.59305779811224,
    0.612105325223851,
    1.7790051670644338,
    5.1959552730928005
  ],
  "min_cost": null,
  "datetime": "2023-05-22T19-26-17Z",
  "step_only": true,
  "ibm_device": "ibmq_belem",
  "shots": 10,
  "prep_node_name": "5-qubit_zero_state",
  "num_qubits": 5,
  "error": false,
  "cov_mats": [
    [
      [
        0.3599999999999999,
        0.0,
        -0.15999999999999998,
        0.08000000000000002,
        0.07999999999999996
      ],
      [
        0.0,
        0.0,
        0.0,
        0.0,
        0.0
      ],
      [
        -0.15999999999999998,
        0.0,
        0.96,
        -0.07999999999999996,
        -0.08000000000000002
      ],
      [
        0.08000000000000002,
        0.0,
        -0.07999999999999996,
        0.6399999999999999,
        0.2400000000000001
      ],
      [
        0.07999999999999996,
        0.0,
        -0.08000000000000002,
        0.2400000000000001,
        0.6400000000000001
      ]
    ],
    [
      [
        0.0,
        0.0,
        0.0,
        0.0,
        0.0
      ],
      [
        0.0,
        0.3599999999999999,
        0.15999999999999998,
        0.0,
        -0.11999999999999994
      ],
      [
        0.0,
        0.15999999999999998,
        0.96,
        0.0,
        0.48
      ],
      [
        0.0,
        0.0,
        0.0,
        0.0,
        0.0
      ],
      [
        0.0,
        -0.11999999999999994,
        0.48,
        0.0,
        0.84
      ]
    ],
    [
      [
        0.0,
        0.0,
        0.0,
        0.0,
        0.0
      ],
      [
        0.0,
        0.6399999999999999,
        0.48,
        -0.08000000000000018,
        0.16000000000000003
      ],
      [
        0.0,
        0.48,
        0.96,
        -0.16,
        0.32000000000000006
      ],
      [
        0.0,
        -0.08000000000000018,
        -0.16,
        0.3599999999999999,
        0.28
      ],
      [
        0.0,
        0.16000000000000003,
        0.32000000000000006,
        0.28,
        0.8400000000000001
      ]
    ],
    [
      [
        0.0,
        0.0,
        0.0,
        0.0,
        0.0
      ],
      [
        0.0,
        0.0,
        0.0,
        0.0,
        0.0
      ],
      [
        0.0,
        0.0,
        0.8400000000000001,
        -0.04000000000000006,
        0.36
      ],
      [
        0.0,
        0.0,
        -0.04000000000000006,
        0.8400000000000001,
        0.04000000000000006
      ],
      [
        0.0,
        0.0,
        0.36,
        0.04000000000000006,
        0.8400000000000001
      ]
    ],
    [
      [
        0.3599999999999999,
        0.040000000000000036,
        -0.19999999999999996,
        -0.15999999999999998,
        0.12
      ],
      [
        0.040000000000000036,
        0.3599999999999999,
        0.19999999999999996,
        0.15999999999999998,
        -0.12
      ],
      [
        -0.19999999999999996,
        0.19999999999999996,
        1.0,
        0.4,
        -0.19999999999999998
      ],
      [
        -0.15999999999999998,
        0.15999999999999998,
        0.4,
        0.96,
        -0.7200000000000001
      ],
      [
        0.12,
        -0.12,
        -0.19999999999999998,
        -0.7200000000000001,
        0.8400000000000001
      ]
    ],
    [
      [
        0.3599999999999999,
        0.0,
        0.19999999999999996,
        0.12,
        -0.19999999999999996
      ],
      [
        0.0,
        0.0,
        0.0,
        0.0,
        0.0
      ],
      [
        0.19999999999999996,
        0.0,
        1.0,
        0.20000000000000004,
        -0.6000000000000001
      ],
      [
        0.12,
        0.0,
        0.20000000000000004,
        0.8400000000000001,
        -0.20000000000000007
      ],
      [
        -0.19999999999999996,
        0.0,
        -0.6000000000000001,
        -0.20000000000000007,
        1.0
      ]
    ],
    [
      [
        0.0,
        0.0,
        0.0,
        0.0,
        0.0
      ],
      [
        0.0,
        0.0,
        0.0,
        0.0,
        0.0
      ],
      [
        0.0,
        0.0,
        0.96,
        0.24000000000000007,
        0.24000000000000007
      ],
      [
        0.0,
        0.0,
        0.24000000000000007,
        0.96,
        0.15999999999999998
      ],
      [
        0.0,
        0.0,
        0.24000000000000007,
        0.15999999999999998,
        0.96
      ]
    ],
    [
      [
        0.0,
        0.0,
        0.0,
        0.0,
        0.0
      ],
      [
        0.0,
        0.0,
        0.0,
        0.0,
        0.0
      ],
      [
        0.0,
        0.0,
        0.8400000000000001,
        -0.08000000000000004,
        0.2
      ],
      [
        0.0,
        0.0,
        -0.08000000000000004,
        0.96,
        0.4000000000000001
      ],
      [
        0.0,
        0.0,
        0.2,
        0.4000000000000001,
        1.0
      ]
    ],
    [
      [
        0.0,
        0.0,
        0.0,
        0.0,
        0.0
      ],
      [
        0.0,
        0.0,
        0.0,
        0.0,
        0.0
      ],
      [
        0.0,
        0.0,
        0.96,
        -0.15999999999999998,
        0.0
      ],
      [
        0.0,
        0.0,
        -0.15999999999999998,
        0.96,
        0.0
      ],
      [
        0.0,
        0.0,
        0.0,
        0.0,
        0.0
      ]
    ],
    [
      [
        0.0,
        0.0,
        0.0,
        0.0,
        0.0
      ],
      [
        0.0,
        0.0,
        0.0,
        0.0,
        0.0
      ],
      [
        0.0,
        0.0,
        0.8400000000000001,
        -0.07999999999999999,
        -0.20000000000000007
      ],
      [
        0.0,
        0.0,
        -0.07999999999999999,
        0.96,
        0.4
      ],
      [
        0.0,
        0.0,
        -0.20000000000000007,
        0.4,
        1.0
      ]
    ],
    [
      [
        0.3599999999999999,
        0.040000000000000036,
        0.12,
        -0.040000000000000036,
        -0.19999999999999996
      ],
      [
        0.040000000000000036,
        0.3599999999999999,
        0.28,
        0.04000000000000015,
        -0.19999999999999996
      ],
      [
        0.12,
        0.28,
        0.8400000000000001,
        -0.28,
        -0.20000000000000007
      ],
      [
        -0.040000000000000036,
        0.04000000000000015,
        -0.28,
        0.3599999999999999,
        0.19999999999999996
      ],
      [
        -0.19999999999999996,
        -0.19999999999999996,
        -0.20000000000000007,
        0.19999999999999996,
        1.0
      ]
    ],
    [
      [
        0.0,
        0.0,
        0.0,
        0.0,
        0.0
      ],
      [
        0.0,
        0.0,
        0.0,
        0.0,
        0.0
      ],
      [
        0.0,
        0.0,
        0.84,
        -0.12000000000000002,
        -0.32000000000000006
      ],
      [
        0.0,
        0.0,
        -0.12000000000000002,
        0.36,
        0.16
      ],
      [
        0.0,
        0.0,
        -0.32000000000000006,
        0.16,
        0.96
      ]
    ],
    [
      [
        0.0,
        0.0,
        0.0,
        0.0,
        0.0
      ],
      [
        0.0,
        0.0,
        0.0,
        0.0,
        0.0
      ],
      [
        0.0,
        0.0,
        0.8400000000000001,
        0.08000000000000004,
        -0.24000000000000005
      ],
      [
        0.0,
        0.0,
        0.08000000000000004,
        0.96,
        -0.0799999999999999
      ],
      [
        0.0,
        0.0,
        -0.24000000000000005,
        -0.0799999999999999,
        0.6399999999999999
      ]
    ],
    [
      [
        0.0,
        0.0,
        0.0,
        0.0,
        0.0
      ],
      [
        0.0,
        0.3599999999999999,
        0.31999999999999995,
        0.08000000000000002,
        -0.11999999999999988
      ],
      [
        0.0,
        0.31999999999999995,
        0.6399999999999999,
        0.16000000000000003,
        0.16000000000000014
      ],
      [
        0.0,
        0.08000000000000002,
        0.16000000000000003,
        0.6399999999999999,
        0.24000000000000005
      ],
      [
        0.0,
        -0.11999999999999988,
        0.16000000000000014,
        0.24000000000000005,
        0.8400000000000001
      ]
    ],
    [
      [
        0.0,
        0.0,
        0.0,
        0.0,
        0.0
      ],
      [
        0.0,
        0.3599999999999999,
        0.0,
        -0.19999999999999996,
        0.28
      ],
      [
        0.0,
        0.0,
        1.1102230246251565e-16,
        0.0,
        5.551115123125783e-17
      ],
      [
        0.0,
        -0.19999999999999996,
        0.0,
        1.0,
        -0.20000000000000004
      ],
      [
        0.0,
        0.28,
        5.551115123125783e-17,
        -0.20000000000000004,
        0.8400000000000001
      ]
    ],
    [
      [
        0.0,
        0.0,
        0.0,
        0.0,
        0.0
      ],
      [
        0.0,
        0.0,
        0.0,
        0.0,
        0.0
      ],
      [
        0.0,
        0.0,
        0.8400000000000001,
        0.24000000000000005,
        -0.07999999999999999
      ],
      [
        0.0,
        0.0,
        0.24000000000000005,
        0.6399999999999999,
        -0.07999999999999999
      ],
      [
        0.0,
        0.0,
        -0.07999999999999999,
        -0.07999999999999999,
        0.96
      ]
    ],
    [
      [
        0.0,
        0.0,
        0.0,
        0.0,
        0.0
      ],
      [
        0.0,
        0.36,
        0.27999999999999997,
        0.19999999999999996,
        0.19999999999999996
      ],
      [
        0.0,
        0.27999999999999997,
        0.8400000000000001,
        -0.2,
        -0.2
      ],
      [
        0.0,
        0.19999999999999996,
        -0.2,
        1.0,
        0.6000000000000001
      ],
      [
        0.0,
        0.19999999999999996,
        -0.2,
        0.6000000000000001,
        1.0
      ]
    ],
    [
      [
        0.0,
        0.0,
        0.0,
        0.0,
        0.0
      ],
      [
        0.0,
        0.6399999999999999,
        -0.16000000000000003,
        -0.07999999999999993,
        0.07999999999999993
      ],
      [
        0.0,
        -0.16000000000000003,
        0.8400000000000001,
        -0.48000000000000004,
        0.08000000000000004
      ],
      [
        0.0,
        -0.07999999999999993,
        -0.48000000000000004,
        0.96,
        -0.15999999999999998
      ],
      [
        0.0,
        0.07999999999999993,
        0.08000000000000004,
        -0.15999999999999998,
        0.96
      ]
    ],
    [
      [
        0.3599999999999999,
        0.040000000000000036,
        0.3599999999999999,
        0.32,
        -0.28
      ],
      [
        0.040000000000000036,
        0.36,
        0.039999999999999925,
        0.0799999999999999,
        0.2800000000000001
      ],
      [
        0.3599999999999999,
        0.039999999999999925,
        0.36,
        0.32000000000000006,
        -0.2800000000000001
      ],
      [
        0.32,
        0.0799999999999999,
        0.32000000000000006,
        0.6400000000000001,
        -0.16000000000000014
      ],
      [
        -0.28,
        0.2800000000000001,
        -0.2800000000000001,
        -0.16000000000000014,
        0.8400000000000001
      ]
    ],
    [
      [
        0.36,
        0.0799999999999999,
        0.2800000000000001,
        0.32000000000000006,
        -0.19999999999999996
      ],
      [
        0.0799999999999999,
        0.6400000000000001,
        0.23999999999999994,
        0.15999999999999986,
        -0.39999999999999997
      ],
      [
        0.2800000000000001,
        0.23999999999999994,
        0.8400000000000001,
        0.5600000000000002,
        -0.20000000000000007
      ],
      [
        0.32000000000000006,
        0.15999999999999986,
        0.5600000000000002,
        0.6400000000000001,
        0.0
      ],
      [
        -0.19999999999999996,
        -0.39999999999999997,
        -0.20000000000000007,
        0.0,
        1.0
      ]
    ],
    [
      [
        0.3599999999999999,
        0.08000000000000002,
        0.15999999999999998,
        0.15999999999999998,
        0.23999999999999996
      ],
      [
        0.08000000000000002,
        0.6399999999999999,
        0.07999999999999999,
        0.07999999999999999,
        0.32000000000000006
      ],
      [
        0.15999999999999998,
        0.07999999999999999,
        0.96,
        -0.24000000000000002,
        0.24000000000000005
      ],
      [
        0.15999999999999998,
        0.07999999999999999,
        -0.24000000000000002,
        0.96,
        -0.16
      ],
      [
        0.23999999999999996,
        0.32000000000000006,
        0.24000000000000005,
        -0.16,
        0.96
      ]
    ]
  ]
}