{"shots_list": [5, 15, 30, 50, 100], "char_mat_data": [[[[0.7219280948873623, 0.17095059445466876, 0.17095059445466876, 0.0, 0.07290559532005614], [0.17095059445466876, 0.9709505944546686, 0.01997309402197489, 0.0, 0.17095059445466876], [0.17095059445466876, 0.01997309402197489, 0.9709505944546686, 0.0, 0.3219280948873624], [0.0, 0.0, 0.0, 0.7219280948873623, 0.0], [0.07290559532005614, 0.17095059445466876, 0.3219280948873624, 0.0, 0.7219280948873623]], [[-0.0, 0.9709505944546686, 0.419973094021975, 0.17095059445466876, 0.01997309402197489], [0.9709505944546686, 0.7219280948873623, 0.419973094021975, 0.17095059445466876, 0.01997309402197489], [0.419973094021975, 0.419973094021975, 0.9709505944546686, 0.3219280948873624, 0.01997309402197489], [0.17095059445466876, 0.17095059445466876, 0.3219280948873624, 0.9709505944546686, 0.3219280948873624], [0.01997309402197489, 0.01997309402197489, 0.01997309402197489, 0.3219280948873624, 0.9709505944546686]], [[0.7219280948873623, 0.7219280948873623, 0.3219280948873624, 0.17095059445466876, 0.0], [0.7219280948873623, 0.7219280948873623, 0.3219280948873624, 0.17095059445466876, 0.0], [0.3219280948873624, 0.3219280948873624, 0.9709505944546686, 0.419973094021975, 0.0], [0.17095059445466876, 0.17095059445466876, 0.419973094021975, 0.9709505944546686, 0.0], [0.0, 0.0, 0.0, 0.0, 0.9709505944546686]], [[0.9709505944546686, 0.0, 0.0, 0.0, 0.0], [0.0, 0.9709505944546686, 0.0, 0.0, 0.0], [0.0, 0.0, 0.9709505944546686, 0.01997309402197489, 0.01997309402197489], [0.0, 0.0, 0.01997309402197489, 0.7219280948873623, 0.9709505944546686], [0.0, 0.0, 0.01997309402197489, 0.9709505944546686, 0.7219280948873623]], [[0.7219280948873623, 0.01997309402197489, 0.419973094021975, 0.9709505944546686, 0.01997309402197489], [0.01997309402197489, 0.9709505944546686, 0.01997309402197489, 0.01997309402197489, 0.01997309402197489], [0.419973094021975, 0.01997309402197489, 0.9709505944546686, 0.419973094021975, 0.01997309402197489], [0.9709505944546686, 0.01997309402197489, 0.419973094021975, 0.7219280948873623, 0.01997309402197489], [0.01997309402197489, 0.01997309402197489, 0.01997309402197489, 0.01997309402197489, 0.9709505944546686]], [[0.7219280948873623, 0.9709505944546686, 0.3219280948873624, 0.419973094021975, 0.01997309402197489], [0.9709505944546686, 0.9709505944546686, 0.3219280948873624, 0.419973094021975, 0.01997309402197489], [0.3219280948873624, 0.3219280948873624, 0.9709505944546686, 0.17095059445466876, 0.3219280948873624], [0.419973094021975, 0.419973094021975, 0.17095059445466876, 0.7219280948873623, 0.01997309402197489], [0.01997309402197489, 0.01997309402197489, 0.3219280948873624, 0.01997309402197489, 0.9709505944546686]], [[-0.0, 0.17095059445466876, 0.01997309402197489, 0.01997309402197489, 0.17095059445466876], [0.17095059445466876, -0.0, 0.3219280948873624, 0.17095059445466876, 0.07290559532005614], [0.01997309402197489, 0.3219280948873624, -0.0, 0.419973094021975, 0.17095059445466876], [0.01997309402197489, 0.17095059445466876, 0.419973094021975, 0.9709505944546686, 0.3219280948873624], [0.17095059445466876, 0.07290559532005614, 0.17095059445466876, 0.3219280948873624, 0.9709505944546686]], [[0.9709505944546686, 0.7219280948873623, 0.17095059445466876, 0.17095059445466876, 0.17095059445466876], [0.7219280948873623, 0.9709505944546686, 0.17095059445466876, 0.17095059445466876, 0.17095059445466876], [0.17095059445466876, 0.17095059445466876, 0.9709505944546686, 0.01997309402197489, 0.01997309402197489], [0.17095059445466876, 0.17095059445466876, 0.01997309402197489, 0.9709505944546686, 0.9709505944546686], [0.17095059445466876, 0.17095059445466876, 0.01997309402197489, 0.9709505944546686, 0.9709505944546686]], [[0.7219280948873623, 0.419973094021975, 0.01997309402197489, 0.01997309402197489, 0.01997309402197489], [0.419973094021975, 0.9709505944546686, 0.419973094021975, 0.01997309402197489, 0.01997309402197489], [0.01997309402197489, 0.419973094021975, 0.9709505944546686, 0.419973094021975, 0.419973094021975], [0.01997309402197489, 0.01997309402197489, 0.419973094021975, 0.7219280948873623, 0.9709505944546686], [0.01997309402197489, 0.01997309402197489, 0.419973094021975, 0.9709505944546686, 0.7219280948873623]], [[0.9709505944546686, 0.0, 0.419973094021975, 0.17095059445466876, 0.17095059445466876], [0.0, 0.7219280948873623, 0.0, 0.0, 0.0], [0.419973094021975, 0.0, 0.9709505944546686, 0.3219280948873624, 0.3219280948873624], [0.17095059445466876, 0.0, 0.3219280948873624, 0.9709505944546686, 0.7219280948873623], [0.17095059445466876, 0.0, 0.3219280948873624, 0.7219280948873623, 0.9709505944546686]], [[0.7219280948873623, 0.07290559532005614, 0.07290559532005614, 0.07290559532005614, 0.3219280948873624], [0.07290559532005614, 0.9709505944546686, 0.7219280948873623, 0.07290559532005614, 0.17095059445466876], [0.07290559532005614, 0.7219280948873623, 0.9709505944546686, 0.07290559532005614, 0.17095059445466876], [0.07290559532005614, 0.07290559532005614, 0.07290559532005614, 0.9709505944546686, 0.17095059445466876], [0.3219280948873624, 0.17095059445466876, 0.17095059445466876, 0.17095059445466876, 0.9709505944546686]], [[0.7219280948873623, 0.3219280948873624, 0.3219280948873624, 0.17095059445466876, 0.07290559532005614], [0.3219280948873624, 0.7219280948873623, 0.9709505944546686, 0.01997309402197489, 0.17095059445466876], [0.3219280948873624, 0.9709505944546686, 0.7219280948873623, 0.01997309402197489, 0.17095059445466876], [0.17095059445466876, 0.01997309402197489, 0.01997309402197489, 0.9709505944546686, 0.17095059445466876], [0.07290559532005614, 0.17095059445466876, 0.17095059445466876, 0.17095059445466876, 0.9709505944546686]], [[0.9709505944546686, 0.419973094021975, 0.3219280948873624, 0.01997309402197489, 0.419973094021975], [0.419973094021975, 0.9709505944546686, 0.17095059445466876, 0.01997309402197489, 0.01997309402197489], [0.3219280948873624, 0.17095059445466876, 0.9709505944546686, 0.3219280948873624, 0.17095059445466876], [0.01997309402197489, 0.01997309402197489, 0.3219280948873624, 0.7219280948873623, 0.419973094021975], [0.419973094021975, 0.01997309402197489, 0.17095059445466876, 0.419973094021975, 0.7219280948873623]], [[0.9709505944546686, 0.7219280948873623, 0.3219280948873624, 0.17095059445466876, 0.3219280948873624], [0.7219280948873623, 0.9709505944546686, 0.3219280948873624, 0.17095059445466876, 0.3219280948873624], [0.3219280948873624, 0.3219280948873624, -0.0, 0.01997309402197489, 0.01997309402197489], [0.17095059445466876, 0.17095059445466876, 0.01997309402197489, 0.7219280948873623, 0.01997309402197489], [0.3219280948873624, 0.3219280948873624, 0.01997309402197489, 0.01997309402197489, 0.7219280948873623]], [[0.9709505944546686, 0.17095059445466876, 0.07290559532005614, 0.07290559532005614, 0.07290559532005614], [0.17095059445466876, 0.7219280948873623, 0.3219280948873624, 0.17095059445466876, 0.17095059445466876], [0.07290559532005614, 0.3219280948873624, 0.7219280948873623, 0.07290559532005614, 0.07290559532005614], [0.07290559532005614, 0.17095059445466876, 0.07290559532005614, 0.9709505944546686, 0.7219280948873623], [0.07290559532005614, 0.17095059445466876, 0.07290559532005614, 0.7219280948873623, 0.9709505944546686]], [[0.7219280948873623, 0.3219280948873624, 0.3219280948873624, 0.07290559532005614, 0.07290559532005614], [0.3219280948873624, 0.9709505944546686, 0.01997309402197489, 0.17095059445466876, 0.17095059445466876], [0.3219280948873624, 0.01997309402197489, 0.9709505944546686, 0.3219280948873624, 0.3219280948873624], [0.07290559532005614, 0.17095059445466876, 0.3219280948873624, 0.9709505944546686, 0.7219280948873623], [0.07290559532005614, 0.17095059445466876, 0.3219280948873624, 0.7219280948873623, 0.9709505944546686]], [[0.9709505944546686, 0.01997309402197489, 0.419973094021975, 0.01997309402197489, 0.01997309402197489], [0.01997309402197489, 0.9709505944546686, 0.01997309402197489, 0.419973094021975, 0.419973094021975], [0.419973094021975, 0.01997309402197489, 0.7219280948873623, 0.01997309402197489, 0.01997309402197489], [0.01997309402197489, 0.419973094021975, 0.01997309402197489, 0.9709505944546686, 0.9709505944546686], [0.01997309402197489, 0.419973094021975, 0.01997309402197489, 0.9709505944546686, 0.9709505944546686]], [[0.7219280948873623, 0.419973094021975, 0.9709505944546686, 0.01997309402197489, 0.01997309402197489], [0.419973094021975, 0.9709505944546686, 0.419973094021975, 0.01997309402197489, 0.419973094021975], [0.9709505944546686, 0.419973094021975, 0.9709505944546686, 0.01997309402197489, 0.01997309402197489], [0.01997309402197489, 0.01997309402197489, 0.01997309402197489, 0.7219280948873623, 0.419973094021975], [0.01997309402197489, 0.419973094021975, 0.01997309402197489, 0.419973094021975, 0.7219280948873623]], [[0.9709505944546686, 0.0, 0.0, 0.0, 0.0], [0.0, 0.9709505944546686, 0.0, 0.0, 0.0], [0.0, 0.0, 0.9709505944546686, 0.0, 0.0], [0.0, 0.0, 0.0, 0.9709505944546686, 0.17095059445466876], [0.0, 0.0, 0.0, 0.17095059445466876, 0.9709505944546686]], [[0.7219280948873623, 0.7219280948873623, 0.17095059445466876, 0.17095059445466876, 0.17095059445466876], [0.7219280948873623, 0.9709505944546686, 0.17095059445466876, 0.17095059445466876, 0.17095059445466876], [0.17095059445466876, 0.17095059445466876, 0.7219280948873623, 0.01997309402197489, 0.01997309402197489], [0.17095059445466876, 0.17095059445466876, 0.01997309402197489, 0.9709505944546686, 0.01997309402197489], [0.17095059445466876, 0.17095059445466876, 0.01997309402197489, 0.01997309402197489, 0.9709505944546686]], [[0.9709505944546686, 0.9709505944546686, 0.419973094021975, 0.3219280948873624, 0.01997309402197489], [0.9709505944546686, 0.9709505944546686, 0.419973094021975, 0.3219280948873624, 0.01997309402197489], [0.419973094021975, 0.419973094021975, 0.9709505944546686, 0.17095059445466876, 0.01997309402197489], [0.3219280948873624, 0.3219280948873624, 0.17095059445466876, -0.0, 0.3219280948873624], [0.01997309402197489, 0.01997309402197489, 0.01997309402197489, 0.3219280948873624, 0.7219280948873623]], [[0.9709505944546686, 0.01997309402197489, 0.419973094021975, 0.17095059445466876, 0.17095059445466876], [0.01997309402197489, 0.7219280948873623, 0.01997309402197489, 0.17095059445466876, 0.17095059445466876], [0.419973094021975, 0.01997309402197489, 0.9709505944546686, 0.3219280948873624, 0.3219280948873624], [0.17095059445466876, 0.17095059445466876, 0.3219280948873624, 0.9709505944546686, 0.7219280948873623], [0.17095059445466876, 0.17095059445466876, 0.3219280948873624, 0.7219280948873623, 0.9709505944546686]], [[0.7219280948873623, 0.9709505944546686, 0.3219280948873624, 0.01997309402197489, 0.01997309402197489], [0.9709505944546686, 0.9709505944546686, 0.3219280948873624, 0.01997309402197489, 0.01997309402197489], [0.3219280948873624, 0.3219280948873624, 0.9709505944546686, 0.17095059445466876, 0.17095059445466876], [0.01997309402197489, 0.01997309402197489, 0.17095059445466876, 0.9709505944546686, 0.9709505944546686], [0.01997309402197489, 0.01997309402197489, 0.17095059445466876, 0.9709505944546686, 0.9709505944546686]], [[0.9709505944546686, 0.3219280948873622, 0.3219280948873622, 0.07290559532005592, 0.07290559532005592], [0.3219280948873622, 0.9709505944546686, 0.9709505944546686, 0.3219280948873622, 0.3219280948873622], [0.3219280948873622, 0.9709505944546686, 0.7219280948873623, 0.3219280948873622, 0.3219280948873622], [0.07290559532005592, 0.3219280948873622, 0.3219280948873622, 0.7219280948873623, 0.7219280948873623], [0.07290559532005592, 0.3219280948873622, 0.3219280948873622, 0.7219280948873623, 0.7219280948873623]], [[-0.0, 0.01997309402197489, 0.3219280948873624, 0.01997309402197489, 0.01997309402197489], [0.01997309402197489, 0.9709505944546686, 0.3219280948873624, 0.01997309402197489, 0.01997309402197489], [0.3219280948873624, 0.3219280948873624, 0.9709505944546686, 0.17095059445466876, 0.3219280948873624], [0.01997309402197489, 0.01997309402197489, 0.17095059445466876, 0.9709505944546686, 0.419973094021975], [0.01997309402197489, 0.01997309402197489, 0.3219280948873624, 0.419973094021975, 0.7219280948873623]], [[0.9709505944546686, 0.0, 0.0, 0.0, 0.0], [0.0, 0.7219280948873623, 0.9709505944546686, 0.01997309402197489, 0.01997309402197489], [0.0, 0.9709505944546686, 0.9709505944546686, 0.01997309402197489, 0.01997309402197489], [0.0, 0.01997309402197489, 0.01997309402197489, 0.7219280948873623, 0.419973094021975], [0.0, 0.01997309402197489, 0.01997309402197489, 0.419973094021975, 0.9709505944546686]], [[0.9709505944546686, 0.0, 0.0, 0.0, 0.0], [0.0, 0.9709505944546686, 0.9709505944546686, 0.0, 0.01997309402197489], [0.0, 0.9709505944546686, 0.9709505944546686, 0.0, 0.01997309402197489], [0.0, 0.0, 0.0, 0.9709505944546686, 0.0], [0.0, 0.01997309402197489, 0.01997309402197489, 0.0, 0.9709505944546686]], [[0.9709505944546686, 0.419973094021975, 0.9709505944546686, 0.419973094021975, 0.17095059445466876], [0.419973094021975, 0.7219280948873623, 0.419973094021975, 0.9709505944546686, 0.3219280948873624], [0.9709505944546686, 0.419973094021975, 0.7219280948873623, 0.419973094021975, 0.17095059445466876], [0.419973094021975, 0.9709505944546686, 0.419973094021975, 0.9709505944546686, 0.3219280948873624], [0.17095059445466876, 0.3219280948873624, 0.17095059445466876, 0.3219280948873624, 0.9709505944546686]], [[0.9709505944546686, 0.419973094021975, 0.419973094021975, 0.01997309402197489, 0.01997309402197489], [0.419973094021975, 0.7219280948873623, 0.01997309402197489, 0.419973094021975, 0.419973094021975], [0.419973094021975, 0.01997309402197489, 0.9709505944546686, 0.01997309402197489, 0.01997309402197489], [0.01997309402197489, 0.419973094021975, 0.01997309402197489, 0.9709505944546686, 0.9709505944546686], [0.01997309402197489, 0.419973094021975, 0.01997309402197489, 0.9709505944546686, 0.9709505944546686]], [[0.9709505944546686, 0.9709505944546686, 0.419973094021975, 0.3219280948873624, 0.01997309402197489], [0.9709505944546686, 0.9709505944546686, 0.419973094021975, 0.3219280948873624, 0.01997309402197489], [0.419973094021975, 0.419973094021975, 0.9709505944546686, 0.17095059445466876, 0.01997309402197489], [0.3219280948873624, 0.3219280948873624, 0.17095059445466876, -0.0, 0.17095059445466876], [0.01997309402197489, 0.01997309402197489, 0.01997309402197489, 0.17095059445466876, 0.7219280948873623]]], [[[0.8366407419411672, 0.32365019815155605, 0.006474767163413775, 0.030352739455589806, 0.030352739455589806], [0.32365019815155605, 0.9182958340544896, 0.03482766245690727, 0.0597731301493174, 0.0597731301493174], [0.006474767163413775, 0.03482766245690727, 0.5665095065529053, 0.02584103752696798, 0.025841037526968202], [0.030352739455589806, 0.0597731301493174, 0.02584103752696798, 0.9182958340544896, 0.9182958340544896], [0.030352739455589806, 0.0597731301493174, 0.025841037526968202, 0.9182958340544896, 0.9709505944546686]], [[0.9967916319816365, 0.07849579792714723, 0.5382689280764645, 0.0021459960787031385, 0.03482766245690749], [0.07849579792714723, 0.9967916319816366, 0.287996002265013, 0.0036851684989858136, 0.02798703360567112], [0.5382689280764645, 0.287996002265013, 0.9709505944546686, 0.02798703360567112, 0.0036851684989858136], [0.0021459960787031385, 0.0036851684989858136, 0.02798703360567112, 0.9709505944546686, 0.287996002265013], [0.03482766245690749, 0.02798703360567112, 0.0036851684989858136, 0.287996002265013, 0.9709505944546686]], [[0.7219280948873623, 0.1686216675320542, 0.16132036693900442, 0.02584103752696798, 0.0021459960787031385], [0.1686216675320542, 0.9182958340544896, 0.1686216675320542, 0.007118369749138376, 0.0], [0.16132036693900442, 0.1686216675320542, 0.9967916319816366, 0.168621667532054, 0.078495797927147], [0.02584103752696798, 0.007118369749138376, 0.168621667532054, 0.8366407419411672, 0.6582868653951477], [0.0021459960787031385, 0.0, 0.078495797927147, 0.6582868653951477, 0.9182958340544896]], [[0.9967916319816366, 0.10884853738273659, 0.18934034563805469, 0.02584103752696798, 0.02584103752696798], [0.10884853738273659, 0.8366407419411672, 0.3033074086078338, 0.0036851684989858136, 0.0036851684989858136], [0.18934034563805469, 0.3033074086078338, 0.9967916319816366, 0.0011694768985350823, 0.0011694768985350823], [0.02584103752696798, 0.0036851684989858136, 0.0011694768985350823, 0.9967916319816366, 0.9967916319816366], [0.02584103752696798, 0.0036851684989858136, 0.0011694768985350823, 0.9967916319816366, 0.9182958340544896]], [[0.9709505944546686, 0.40926436582784165, 0.40926436582784165, 0.03482766245690749, 0.03482766245690727], [0.40926436582784165, 0.9709505944546686, 0.9182958340544896, 0.0597731301493174, 0.0597731301493174], [0.40926436582784165, 0.9182958340544896, 0.8366407419411672, 0.0597731301493174, 0.0597731301493174], [0.03482766245690749, 0.0597731301493174, 0.0597731301493174, 0.9967916319816366, 0.9709505944546686], [0.03482766245690727, 0.0597731301493174, 0.0597731301493174, 0.9709505944546686, 0.9182958340544896]], [[0.9709505944546686, 0.03482766245690727, 0.0, 0.078495797927147, 0.078495797927147], [0.03482766245690727, 0.9709505944546686, 0.1686216675320542, 0.0036851684989858136, 0.0036851684989858136], [0.0, 0.1686216675320542, 0.9709505944546686, 0.025841037526968424, 0.025841037526968424], [0.078495797927147, 0.0036851684989858136, 0.025841037526968424, 0.8366407419411672, 0.9967916319816367], [0.078495797927147, 0.0036851684989858136, 0.025841037526968424, 0.9967916319816367, 0.9182958340544896]], [[0.8366407419411672, 0.0021459960787031385, 0.5382689280764645, 0.027987033605670897, 0.027987033605670897], [0.0021459960787031385, 0.9709505944546686, 0.11629598989239343, 0.07849579792714723, 0.07849579792714723], [0.5382689280764645, 0.11629598989239343, 0.8366407419411672, 0.0021459960787031385, 0.0021459960787031385], [0.027987033605670897, 0.07849579792714723, 0.0021459960787031385, 0.9709505944546686, 0.9967916319816365], [0.027987033605670897, 0.07849579792714723, 0.0021459960787031385, 0.9967916319816365, 0.9182958340544896]], [[0.9709505944546686, 0.7068905956085185, 0.168621667532054, 0.08497056509056078, 0.08497056509056078], [0.7068905956085185, 0.9709505944546686, 0.10884853738273681, 0.02798703360567112, 0.02798703360567112], [0.168621667532054, 0.10884853738273681, 0.9967916319816366, 0.10884853738273659, 0.10884853738273659], [0.08497056509056078, 0.02798703360567112, 0.10884853738273659, 0.8366407419411672, 0.9967916319816366], [0.08497056509056078, 0.02798703360567112, 0.10884853738273659, 0.9967916319816366, 0.9967916319816367]], [[0.9967916319816365, 0.18580516288960114, 0.08696657541873165, 0.02798703360567112, 0.0021459960787031385], [0.18580516288960114, 0.9709505944546686, 0.2419951060382337, 0.0021459960787031385, 0.01997309402197489], [0.08696657541873165, 0.2419951060382337, 0.9709505944546686, 0.0011694768985350823, 0.02565427284913202], [0.02798703360567112, 0.0021459960787031385, 0.0011694768985350823, 0.9967916319816366, 0.694836631116249], [0.0021459960787031385, 0.01997309402197489, 0.02565427284913202, 0.694836631116249, 0.9182958340544896]], [[0.7219280948873623, 0.4092643658278414, 0.007118369749138598, 0.05977313014931762, 0.025841037526968202], [0.4092643658278414, 0.9967916319816365, 0.4092643658278414, 0.0021459960787031385, 0.0036851684989858136], [0.007118369749138598, 0.4092643658278414, 0.9709505944546686, 2.220446049250313e-16, 0.025841037526968202], [0.05977313014931762, 0.0021459960787031385, 2.220446049250313e-16, 0.9709505944546686, 0.694836631116249], [0.025841037526968202, 0.0036851684989858136, 0.025841037526968202, 0.694836631116249, 0.9967916319816366]], [[0.9709505944546686, 0.08696657541873187, 0.46932240831937144, 0.20032681473009006, 0.18934034563805469], [0.08696657541873187, 0.8366407419411672, 0.27825995941712267, 0.02584103752696798, 0.006474767163413775], [0.46932240831937144, 0.27825995941712267, 0.9182958340544896, 0.24902249956730604, 0.32365019815155605], [0.20032681473009006, 0.02584103752696798, 0.24902249956730604, 0.9967916319816367, 0.25162916738782304], [0.18934034563805469, 0.006474767163413775, 0.32365019815155605, 0.25162916738782304, 0.9709505944546686]], [[0.9182958340544896, 0.5155062353900617, 0.40926436582784165, 0.025841037526968202, 0.025841037526968202], [0.5155062353900617, 0.9967916319816365, 0.287996002265013, 0.02798703360567112, 0.02798703360567112], [0.40926436582784165, 0.287996002265013, 0.8366407419411672, 0.0036851684989858136, 0.0036851684989858136], [0.025841037526968202, 0.02798703360567112, 0.0036851684989858136, 0.9709505944546686, 0.9967916319816366], [0.025841037526968202, 0.02798703360567112, 0.0036851684989858136, 0.9967916319816366, 0.9967916319816367]], [[0.9709505944546686, 0.3768676117918497, 0.1346857410757798, 0.010799704414199418, 0.010799704414199418], [0.3768676117918497, 0.9182958340544896, 0.2782599594171229, 0.0021459960787031385, 0.0021459960787031385], [0.1346857410757798, 0.2782599594171229, 0.9709505944546686, 0.00898662492993929, 0.00898662492993929], [0.010799704414199418, 0.0021459960787031385, 0.00898662492993929, 0.9182958340544896, 0.9709505944546687], [0.010799704414199418, 0.0021459960787031385, 0.00898662492993929, 0.9709505944546687, 0.9182958340544896]], [[0.9182958340544896, 0.0256542728491318, 0.14315651856736444, 0.05149531037609978, 0.05149531037609978], [0.0256542728491318, 0.9182958340544896, 0.46932240831937144, 0.07849579792714723, 0.07849579792714723], [0.14315651856736444, 0.46932240831937144, 0.9709505944546686, 0.08696657541873187, 0.08696657541873187], [0.05149531037609978, 0.07849579792714723, 0.08696657541873187, 0.9182958340544896, 0.9967916319816366], [0.05149531037609978, 0.07849579792714723, 0.08696657541873187, 0.9967916319816366, 0.9182958340544896]], [[0.9967916319816365, 0.5382689280764645, 0.004545537028176172, 0.01997309402197489, 0.01997309402197489], [0.5382689280764645, 0.9182958340544896, 0.13382784017470128, 0.0021459960787031385, 0.0021459960787031385], [0.004545537028176172, 0.13382784017470128, 0.9967916319816366, 0.004545537028176172, 0.004545537028176172], [0.01997309402197489, 0.0021459960787031385, 0.004545537028176172, 0.9967916319816366, 0.9709505944546686], [0.01997309402197489, 0.0021459960787031385, 0.004545537028176172, 0.9709505944546686, 0.9967916319816366]], [[0.5665095065529053, 0.02584103752696798, 0.1686216675320542, 0.02584103752696798, 0.0597731301493174], [0.02584103752696798, 0.9709505944546686, 0.0036851684989858136, 0.16132036693900464, 0.078495797927147], [0.1686216675320542, 0.0036851684989858136, 0.8366407419411672, 0.02798703360567112, 0.078495797927147], [0.02584103752696798, 0.16132036693900464, 0.02798703360567112, 0.9709505944546686, 0.694836631116249], [0.0597731301493174, 0.078495797927147, 0.078495797927147, 0.694836631116249, 0.9182958340544896]], [[0.9709505944546686, 0.28799600226501276, 0.430776632270099, 0.0021459960787031385, 0.0021459960787031385], [0.28799600226501276, 0.9709505944546686, 0.7068905956085185, 0.0021459960787031385, 0.0021459960787031385], [0.430776632270099, 0.7068905956085185, 0.9967916319816366, 0.0021459960787031385, 0.0021459960787031385], [0.0021459960787031385, 0.0021459960787031385, 0.0021459960787031385, 0.9967916319816366, 0.9709505944546686], [0.0021459960787031385, 0.0021459960787031385, 0.0021459960787031385, 0.9709505944546686, 0.9967916319816366]], [[0.9967916319816365, 0.0317051471980363, 0.0, 2.220446049250313e-16, 0.05977313014931762], [0.0317051471980363, 0.9182958340544896, 0.1329636378115857, 0.010799704414199196, 0.010799704414199196], [0.0, 0.1329636378115857, 0.9967916319816366, 0.0033964223228484247, 0.17095059445466876], [2.220446049250313e-16, 0.010799704414199196, 0.0033964223228484247, 0.9182958340544896, 0.11629598989239343], [0.05977313014931762, 0.010799704414199196, 0.17095059445466876, 0.11629598989239343, 0.9182958340544896]], [[0.9182958340544896, 0.0021459960787031385, 0.168621667532054, 0.1686216675320542, 0.1686216675320542], [0.0021459960787031385, 0.9709505944546686, 0.0636412294922144, 2.220446049250313e-16, 2.220446049250313e-16], [0.168621667532054, 0.0636412294922144, 0.8366407419411672, 0.007118369749138376, 0.007118369749138376], [0.1686216675320542, 2.220446049250313e-16, 0.007118369749138376, 0.8366407419411672, 0.9182958340544896], [0.1686216675320542, 2.220446049250313e-16, 0.007118369749138376, 0.9182958340544896, 0.7219280948873623]], [[0.9709505944546686, 0.05149531037609956, 0.24199510603823393, 0.010799704414199418, 0.010799704414199418], [0.05149531037609956, 0.8366407419411672, 0.6948366311162493, 0.0021459960787031385, 0.0021459960787031385], [0.24199510603823393, 0.6948366311162493, 0.9967916319816366, 0.008986624929939513, 0.008986624929939513], [0.010799704414199418, 0.0021459960787031385, 0.008986624929939513, 0.9967916319816366, 0.9709505944546687], [0.010799704414199418, 0.0021459960787031385, 0.008986624929939513, 0.9709505944546687, 0.9967916319816366]], [[0.9967916319816366, 0.06364122949221462, 0.168621667532054, 0.03170514719803608, 0.03170514719803608], [0.06364122949221462, 0.9709505944546686, 0.0021459960787031385, 0.02565427284913202, 0.02565427284913202], [0.168621667532054, 0.0021459960787031385, 0.9182958340544896, 0.08696657541873187, 0.0011694768985353043], [0.03170514719803608, 0.02565427284913202, 0.08696657541873187, 0.9709505944546686, 0.2980021183429551], [0.03170514719803608, 0.02565427284913202, 0.0011694768985353043, 0.2980021183429551, 0.9967916319816367]], [[0.9182958340544896, 0.24902249956730627, 0.40926436582784165, 0.006474767163413775, 2.220446049250313e-16], [0.24902249956730627, 0.9967916319816366, 0.18580516288960114, 0.03482766245690749, 0.008986624929939513], [0.40926436582784165, 0.18580516288960114, 0.9967916319816366, 0.02798703360567112, 0.0021459960787031385], [0.006474767163413775, 0.03482766245690749, 0.02798703360567112, 0.9967916319816366, 0.694836631116249], [2.220446049250313e-16, 0.008986624929939513, 0.0021459960787031385, 0.694836631116249, 0.9709505944546687]], [[0.8366407419411672, 0.40926436582784165, 0.5382689280764645, 0.08497056509056078, 0.08497056509056078], [0.40926436582784165, 0.9709505944546686, 0.24902249956730604, 0.1686216675320542, 0.1686216675320542], [0.5382689280764645, 0.24902249956730604, 0.9182958340544896, 0.078495797927147, 0.078495797927147], [0.08497056509056078, 0.1686216675320542, 0.078495797927147, 0.9967916319816366, 0.9967916319816366], [0.08497056509056078, 0.1686216675320542, 0.078495797927147, 0.9967916319816366, 0.9967916319816367]], [[0.8366407419411672, 0.2419951060382337, 0.18934034563805469, 0.010799704414199196, 0.03170514719803608], [0.2419951060382337, 0.9182958340544896, 0.32365019815155605, 0.00898662492993929, 0.0636412294922144], [0.18934034563805469, 0.32365019815155605, 0.8366407419411672, 2.220446049250313e-16, 0.007118369749138598], [0.010799704414199196, 0.00898662492993929, 2.220446049250313e-16, 0.9709505944546687, 0.6582868653951477], [0.03170514719803608, 0.0636412294922144, 0.007118369749138598, 0.6582868653951477, 0.9709505944546686]], [[0.9709505944546686, 0.5959980436453798, 0.5959980436453798, 0.1893403456380549, 0.010799704414199196], [0.5959980436453798, 0.9967916319816366, 0.9182958340544896, 0.030352739455589584, 0.0], [0.5959980436453798, 0.9182958340544896, 0.9182958340544896, 0.030352739455589806, 2.220446049250313e-16], [0.1893403456380549, 0.030352739455589584, 0.030352739455589806, 0.9182958340544896, 0.0636412294922144], [0.010799704414199196, 0.0, 2.220446049250313e-16, 0.0636412294922144, 0.9967916319816366]], [[0.9182958340544896, 0.11336023931135841, 0.24902249956730604, -2.220446049250313e-16, -2.220446049250313e-16], [0.11336023931135841, 0.9709505944546686, 0.24902249956730604, 0.1344008287335674, 0.1344008287335674], [0.24902249956730604, 0.24902249956730604, 0.9709505944546686, 0.0033964223228484247, 0.0033964223228486468], [-2.220446049250313e-16, 0.1344008287335674, 0.0033964223228484247, 0.9709505944546686, 0.7219280948873623], [-2.220446049250313e-16, 0.1344008287335674, 0.0033964223228486468, 0.7219280948873623, 0.9709505944546687]], [[0.9967916319816365, 0.5155062353900617, 0.168621667532054, 0.0636412294922144, 0.0636412294922144], [0.5155062353900617, 0.5665095065529053, 0.430776632270099, 0.0021459960787031385, 0.0021459960787031385], [0.168621667532054, 0.430776632270099, 0.9967916319816366, 0.078495797927147, 0.078495797927147], [0.0636412294922144, 0.0021459960787031385, 0.078495797927147, 0.9967916319816366, 0.9709505944546686], [0.0636412294922144, 0.0021459960787031385, 0.078495797927147, 0.9709505944546686, 0.9709505944546686]], [[0.9182958340544896, 0.6582868653951477, 0.24902249956730604, 0.078495797927147, 0.0597731301493174], [0.6582868653951477, 0.9709505944546686, 0.36498940669918123, 0.1686216675320542, 0.11336023931135841], [0.24902249956730604, 0.36498940669918123, 0.9967916319816366, 0.02584103752696798, 0.007118369749138376], [0.078495797927147, 0.1686216675320542, 0.02584103752696798, 0.9967916319816366, 0.5155062353900617], [0.0597731301493174, 0.11336023931135841, 0.007118369749138376, 0.5155062353900617, 0.9182958340544896]], [[0.9967916319816366, 0.3768676117918497, 0.694836631116249, 0.02798703360567112, 0.078495797927147], [0.3768676117918497, 0.7219280948873623, 0.1346857410757798, 0.0011694768985350823, 0.010799704414199196], [0.694836631116249, 0.1346857410757798, 0.9709505944546686, 0.0021459960787031385, 0.01997309402197489], [0.02798703360567112, 0.0011694768985350823, 0.0021459960787031385, 0.9709505944546686, 0.694836631116249], [0.078495797927147, 0.010799704414199196, 0.01997309402197489, 0.694836631116249, 0.9182958340544896]], [[0.9967916319816366, 0.25162916738782304, 0.5155062353900617, 0.006474767163413775, 0.02584103752696798], [0.25162916738782304, 0.9967916319816366, 0.10884853738273659, 0.168621667532054, 0.10884853738273659], [0.5155062353900617, 0.10884853738273659, 0.8366407419411672, 0.08497056509056078, 0.16132036693900442], [0.006474767163413775, 0.168621667532054, 0.08497056509056078, 0.9709505944546686, 0.7068905956085185], [0.02584103752696798, 0.10884853738273659, 0.16132036693900442, 0.7068905956085185, 0.9967916319816366]]], [[[0.9480782435939055, 0.5297578726233219, 0.3122506590559502, 0.057000053646193205, 0.04872991054903464], [0.5297578726233219, 0.9709505944546686, 0.43349049344709467, 0.031362056632503466, 0.012920518763484212], [0.3122506590559502, 0.43349049344709467, 0.9709505944546686, 0.031362056632503466, 0.1193233439838084], [0.057000053646193205, 0.031362056632503466, 0.031362056632503466, 0.9709505944546686, 0.0002466613209630708], [0.04872991054903464, 0.012920518763484212, 0.1193233439838084, 0.0002466613209630708, 0.9182958340544896]], [[0.9967916319816365, 0.16939944153937425, 0.3522950515812333, 0.0035728100131295903, 0.009674143420195236], [0.16939944153937425, 0.9871377743721863, 0.4226218444404555, 0.0007641984833739457, 0.04947758687110504], [0.3522950515812333, 0.4226218444404555, 0.9480782435939055, 0.0007641984833739457, 0.11565599394768777], [0.0035728100131295903, 0.0007641984833739457, 0.0007641984833739457, 0.9967916319816366, 0.0002466613209630708], [0.009674143420195236, 0.04947758687110504, 0.11565599394768777, 0.0002466613209630708, 0.9709505944546687]], [[0.8812908992306927, 0.09824617234554278, 0.016220401818416885, 0.00832843623282864, 0.00832843623282864], [0.09824617234554278, 0.9967916319816366, 0.24922367277823643, 0.01871663833672721, 0.01871663833672721], [0.016220401818416885, 0.24922367277823643, 0.9871377743721863, 0.021340420418268558, 0.021340420418268558], [0.00832843623282864, 0.01871663833672721, 0.021340420418268558, 1.0, 0.9871377743721862], [0.00832843623282864, 0.01871663833672721, 0.021340420418268558, 0.9871377743721862, 0.9182958340544896]], [[0.8812908992306927, 0.014500165856571545, 0.0521684177270576, 0.003266661154033512, 0.012920518763483768], [0.014500165856571545, 0.9480782435939054, 0.006474767163413775, 0.0407755393036362, 0.02584103752696798], [0.0521684177270576, 0.006474767163413775, 0.9480782435939054, 0.011439639478871388, 0.02798703360567112], [0.003266661154033512, 0.0407755393036362, 0.011439639478871388, 1.0, 0.8138960219397775], [0.012920518763483768, 0.02584103752696798, 0.02798703360567112, 0.8138960219397775, 0.9480782435939055]], [[0.9480782435939055, 0.37595055597337446, 0.16083727500829625, 0.04643934467101518, 0.00055583290926986], [0.37595055597337446, 0.9967916319816365, 0.0521684177270576, 0.01340686143660541, -2.220446049250313e-16], [0.16083727500829625, 0.0521684177270576, 0.9182958340544896, 0.03482766245690727, 0.004844129321175394], [0.04643934467101518, 0.01340686143660541, 0.03482766245690727, 0.9967916319816365, 0.2564258916820028], [0.00055583290926986, -2.220446049250313e-16, 0.004844129321175394, 0.2564258916820028, 0.9967916319816366]], [[0.9480782435939054, 0.32365019815155605, 0.2419951060382337, 0.0636412294922144, 0.06364122949221418], [0.32365019815155605, 0.9480782435939054, 0.18934034563805469, 0.007118369749138598, 0.007118369749138598], [0.2419951060382337, 0.18934034563805469, 0.9480782435939055, 0.03170514719803608, 0.03170514719803608], [0.0636412294922144, 0.007118369749138598, 0.03170514719803608, 0.9967916319816366, 0.9182958340544896], [0.06364122949221418, 0.007118369749138598, 0.03170514719803608, 0.9182958340544896, 0.9871377743721863]], [[1.0, 0.3474256179446442, 0.337115352723832, 0.06798088868559948, 0.06798088868559948], [0.3474256179446442, 0.8812908992306927, 0.44125143887117035, 0.09383312331304561, 0.09383312331304561], [0.337115352723832, 0.44125143887117035, 0.9967916319816366, 0.0464393446710154, 0.0464393446710154], [0.06798088868559948, 0.09383312331304561, 0.0464393446710154, 0.9871377743721863, 0.9709505944546687], [0.06798088868559948, 0.09383312331304561, 0.0464393446710154, 0.9709505944546687, 0.9871377743721863]], [[0.9871377743721863, 0.4424907851843982, 0.09224149537595294, 0.022448310949620742, 0.0778705848050747], [0.4424907851843982, 0.8812908992306926, 0.4424907851843982, 0.030685166848143375, 0.030685166848143375], [0.09224149537595294, 0.4424907851843982, 0.9967916319816366, 0.02244831094962052, 0.07787058480507447], [0.022448310949620742, 0.030685166848143375, 0.02244831094962052, 1.0, 0.27566730652713445], [0.0778705848050747, 0.030685166848143375, 0.07787058480507447, 0.27566730652713445, 0.9967916319816366]], [[0.9871377743721863, 0.12451124978365313, 0.5297578726233219, 0.0, 0.0038226112328643147], [0.12451124978365313, 0.9871377743721863, 0.09760803702827214, 0.015337325385899048, 0.0058021490143458365], [0.5297578726233219, 0.09760803702827214, 0.7219280948873623, 0.0070142142138955865, 0.02915719641734338], [0.0, 0.015337325385899048, 0.0070142142138955865, 0.9967916319816366, 0.7249590347009323], [0.0038226112328643147, 0.0058021490143458365, 0.02915719641734338, 0.7249590347009323, 0.9182958340544896]], [[0.9182958340544896, 0.270633533818039, 0.18796064028076986, 0.003266661154033512, 0.003266661154033512], [0.270633533818039, 0.9480782435939055, 0.20410382068336097, 0.0542344074932668, 0.0542344074932668], [0.18796064028076986, 0.20410382068336097, 0.9709505944546686, 0.003266661154033512, 0.003266661154033512], [0.003266661154033512, 0.0542344074932668, 0.003266661154033512, 0.9709505944546686, 1.0], [0.003266661154033512, 0.0542344074932668, 0.003266661154033512, 1.0, 0.9871377743721863]], [[0.8812908992306926, 0.05704182462055973, 0.10837633356070331, 0.003266661154033512, 0.003266661154033512], [0.05704182462055973, 0.9480782435939054, 0.18580516288960114, 0.1193233439838084, 0.1193233439838084], [0.10837633356070331, 0.18580516288960114, 0.9871377743721863, 0.013406861436605633, 0.013406861436605633], [0.003266661154033512, 0.1193233439838084, 0.013406861436605633, 0.9871377743721863, 1.0], [0.003266661154033512, 0.1193233439838084, 0.013406861436605633, 1.0, 0.9871377743721863]], [[0.783776947484701, 0.2564258916820028, 0.16083727500829603, 0.0, 0.008986624929939513], [0.2564258916820028, 0.8812908992306925, 0.16083727500829603, 0.01490522420434126, 0.00055583290926986], [0.16083727500829603, 0.16083727500829603, 0.9709505944546686, 0.041178362912866806, 0.09383312331304583], [0.0, 0.01490522420434126, 0.041178362912866806, 0.9480782435939055, 0.6582868653951479], [0.008986624929939513, 0.00055583290926986, 0.09383312331304583, 0.6582868653951479, 0.9709505944546687]], [[0.9709505944546686, 0.15486212193689441, 0.190746456983097, 0.017982293842278896, 0.0002466613209630708], [0.15486212193689441, 0.9480782435939055, 0.36963098470896805, 0.0002466613209630708, 0.0002466613209630708], [0.190746456983097, 0.36963098470896805, 0.9709505944546686, 0.004844129321175394, 0.0021459960787031385], [0.017982293842278896, 0.0002466613209630708, 0.004844129321175394, 0.9709505944546686, 0.430776632270099], [0.0002466613209630708, 0.0002466613209630708, 0.0021459960787031385, 0.430776632270099, 0.9709505944546686]], [[0.9967916319816366, 0.0, 0.4756946671824993, 0.004844129321175394, 0.004844129321175394], [0.0, 0.8366407419411672, 0.18350551353931355, 0.006474767163413775, 0.006474767163413775], [0.4756946671824993, 0.18350551353931355, 0.9967916319816365, 0.011439639478871388, 0.011439639478871388], [0.004844129321175394, 0.006474767163413775, 0.011439639478871388, 0.9871377743721863, 0.9967916319816366], [0.004844129321175394, 0.006474767163413775, 0.011439639478871388, 0.9967916319816366, 0.9967916319816367]], [[0.9709505944546686, 0.015004326992558381, 0.11699190804451032, 5.8293135670073326e-05, 0.0002466613209630708], [0.015004326992558381, 1.0, 0.00832843623282864, 0.03600662066790816, 0.07055794884305189], [0.11699190804451032, 0.00832843623282864, 0.9871377743721863, 0.00832843623282864, 1.6522161303322846e-05], [5.8293135670073326e-05, 0.03600662066790816, 0.00832843623282864, 0.9967916319816366, 0.22466926942193055], [0.0002466613209630708, 0.07055794884305189, 1.6522161303322846e-05, 0.22466926942193055, 0.9967916319816366]], [[1.0, 0.25162916738782304, 0.4591479170272448, 0.06667216930578457, 0.016788618106381215], [0.25162916738782304, 0.9871377743721863, 0.1366452647872185, 0.017936164017911205, 2.220446049250313e-16], [0.4591479170272448, 0.1366452647872185, 0.9709505944546686, 0.09964032996342165, 0.034851554559677256], [0.06667216930578457, 0.017936164017911205, 0.09964032996342165, 0.9967916319816367, 0.5369765994444418], [0.016788618106381215, 2.220446049250313e-16, 0.034851554559677256, 0.5369765994444418, 0.9871377743721863]], [[0.8812908992306926, 0.2996076844791211, 0.0070142142138951424, 0.008470777491584647, 2.220446049250313e-16], [0.2996076844791211, 0.9709505944546686, 0.11699190804451032, 0.008942564534979214, 0.0006142432145008758], [0.0070142142138951424, 0.11699190804451032, 1.0, 0.0159889350312854, 0.0014911752935664602], [0.008470777491584647, 0.008942564534979214, 0.0159889350312854, 0.9871377743721863, 0.414042590635024], [2.220446049250313e-16, 0.0006142432145008758, 0.0014911752935664602, 0.414042590635024, 0.9871377743721863]], [[0.9871377743721863, 0.28556265012515003, 0.37595055597337446, 0.003208368018363217, 0.003208368018363439], [0.28556265012515003, 0.9709505944546686, 0.1486815468279068, 0.029594041354123357, 0.029594041354123357], [0.37595055597337446, 0.1486815468279068, 0.9480782435939055, 0.013406861436605855, 0.013406861436605855], [0.003208368018363217, 0.029594041354123357, 0.013406861436605855, 0.9709505944546686, 1.0], [0.003208368018363439, 0.029594041354123357, 0.013406861436605855, 1.0, 0.9480782435939055]], [[0.9182958340544896, 0.026707474628621997, 0.20564299310364365, 0.024877695404766476, 0.024877695404766476], [0.026707474628621997, 0.9709505944546686, 0.030352739455589806, 0.0016379402287580724, 0.0016379402287578504], [0.20564299310364365, 0.030352739455589806, 0.9709505944546686, 0.006504044735740733, 0.006504044735740511], [0.024877695404766476, 0.0016379402287580724, 0.006504044735740733, 0.948