{"shots_list": [5, 15, 30, 50, 100], "char_mat_data": [[[[0.7219280948873623, 0.07290559532005614, 0.3219280948873624], [0.07290559532005614, -0.0, 0.17095059445466876], [0.3219280948873624, 0.17095059445466876, 0.9709505944546686]], [[0.7219280948873623, 0.0, 0.0], [0.0, -0.0, 0.7219280948873623], [0.0, 0.7219280948873623, -0.0]], [[0.9709505944546686, 0.17095059445466876, 0.07290559532005614], [0.17095059445466876, 0.7219280948873623, 0.3219280948873624], [0.07290559532005614, 0.3219280948873624, 0.7219280948873623]], [[0.9709505944546686, 0.01997309402197489, 0.3219280948873624], [0.01997309402197489, 0.9709505944546686, 0.17095059445466876], [0.3219280948873624, 0.17095059445466876, -0.0]], [[0.9709505944546686, 0.7219280948873623, 0.0], [0.7219280948873623, -0.0, 0.0], [0.0, 0.0, -0.0]], [[0.9709505944546686, 0.01997309402197489, 0.01997309402197489], [0.01997309402197489, 0.7219280948873623, 0.419973094021975], [0.01997309402197489, 0.419973094021975, -0.0]], [[0.9709505944546686, 0.01997309402197489, 0.9709505944546686], [0.01997309402197489, -0.0, 0.01997309402197489], [0.9709505944546686, 0.01997309402197489, 0.7219280948873623]], [[-0.0, 0.17095059445466876, 0.17095059445466876], [0.17095059445466876, 0.7219280948873623, 0.07290559532005614], [0.17095059445466876, 0.07290559532005614, -0.0]], [[-0.0, 0.0, 0.07290559532005592], [0.0, 0.9709505944546686, 0.0], [0.07290559532005592, 0.0, 0.9709505944546686]], [[0.7219280948873623, 0.0, 0.0], [0.0, 0.9709505944546686, 0.0], [0.0, 0.0, -0.0]], [[0.7219280948873623, 0.0, 0.0], [0.0, -0.0, 0.0], [0.0, 0.0, -0.0]], [[-0.0, 0.0, 0.0], [0.0, 0.7219280948873623, 0.0], [0.0, 0.0, -0.0]], [[0.9709505944546686, 0.17095059445466876, 0.3219280948873624], [0.17095059445466876, -0.0, 0.01997309402197489], [0.3219280948873624, 0.01997309402197489, -0.0]], [[-0.0, 0.0, 0.17095059445466876], [0.0, 0.7219280948873623, 0.0], [0.17095059445466876, 0.0, -0.0]], [[0.7219280948873623, 0.0, 0.0], [0.0, -0.0, 0.0], [0.0, 0.0, -0.0]], [[0.7219280948873623, 0.0, 0.0], [0.0, -0.0, 0.01997309402197489], [0.0, 0.01997309402197489, -0.0]], [[-0.0, 0.3219280948873624, 0.17095059445466876], [0.3219280948873624, 0.7219280948873623, 0.07290559532005614], [0.17095059445466876, 0.07290559532005614, -0.0]], [[0.7219280948873623, 0.01997309402197489, 0.17095059445466876], [0.01997309402197489, 0.7219280948873623, 0.17095059445466876], [0.17095059445466876, 0.17095059445466876, 0.7219280948873623]], [[0.9709505944546686, 0.07290559532005592, 0.0], [0.07290559532005592, 0.7219280948873623, 0.0], [0.0, 0.0, 0.7219280948873623]], [[0.7219280948873623, 0.0, 0.0], [0.0, 0.9709505944546686, 0.419973094021975], [0.0, 0.419973094021975, 0.9709505944546686]], [[-0.0, 0.07290559532005614, 0.3219280948873624], [0.07290559532005614, 0.7219280948873623, 0.17095059445466876], [0.3219280948873624, 0.17095059445466876, 0.7219280948873623]], [[0.9709505944546686, 0.01997309402197489, 0.419973094021975], [0.01997309402197489, -0.0, 0.419973094021975], [0.419973094021975, 0.419973094021975, -0.0]], [[0.7219280948873623, 0.0, 0.07290559532005592], [0.0, -0.0, 0.0], [0.07290559532005592, 0.0, -0.0]], [[-0.0, 0.419973094021975, 0.419973094021975], [0.419973094021975, 0.7219280948873623, 0.01997309402197489], [0.419973094021975, 0.01997309402197489, 0.7219280948873623]], [[-0.0, 0.07290559532005614, 0.3219280948873624], [0.07290559532005614, 0.7219280948873623, 0.17095059445466876], [0.3219280948873624, 0.17095059445466876, 0.7219280948873623]], [[0.7219280948873623, 0.17095059445466876, 0.01997309402197489], [0.17095059445466876, 0.9709505944546686, 0.3219280948873624], [0.01997309402197489, 0.3219280948873624, 0.9709505944546686]], [[-0.0, 0.3219280948873624, 0.419973094021975], [0.3219280948873624, -0.0, 0.17095059445466876], [0.419973094021975, 0.17095059445466876, -0.0]], [[-0.0, 0.17095059445466876, 0.17095059445466876], [0.17095059445466876, -0.0, 0.7219280948873623], [0.17095059445466876, 0.7219280948873623, 0.9709505944546686]], [[0.7219280948873623, 0.419973094021975, 0.01997309402197489], [0.419973094021975, -0.0, 0.01997309402197489], [0.01997309402197489, 0.01997309402197489, -0.0]], [[-0.0, 0.07290559532005592, 0.0], [0.07290559532005592, 0.9709505944546686, 0.0], [0.0, 0.0, 0.7219280948873623]]], [[[-0.0, 0.17095059445466854, 0.06364122949221418], [0.17095059445466854, -0.0, -2.220446049250313e-16], [0.06364122949221418, -2.220446049250313e-16, -0.0]], [[-0.0, 0.014281579876066375, 0.07724537168300194], [0.014281579876066375, 0.8366407419411672, 0.0004945068413677589], [0.07724537168300194, 0.0004945068413677589, 0.9967916319816366]], [[0.35335933502142136, 0.09335036636207938, 0.010799704414199196], [0.09335036636207938, -0.0, 0.13701850183231934], [0.010799704414199196, 0.13701850183231934, -0.0]], [[0.8366407419411672, 0.003959075562963044, 0.0526547604001788], [0.003959075562963044, -0.0, 0.010799704414199196], [0.0526547604001788, 0.010799704414199196, 0.5665095065529053]], [[0.35335933502142136, 0.0, 0.0], [0.0, 0.5665095065529053, 0.029237459849816405], [0.0, 0.029237459849816405, -0.0]], [[-0.0, 0.05140433415603374, 0.010799704414199196], [0.05140433415603374, -0.0, 0.13701850183231934], [0.010799704414199196, 0.13701850183231934, 0.9709505944546686]], [[0.35335933502142153, 0.11336023931135863, 0.008470777491584869], [0.11336023931135863, 0.5665095065529054, 0.18934034563805469], [0.008470777491584869, 0.18934034563805469, 0.5665095065529054]], [[0.35335933502142136, 0.1162959898923932, 0.0021459960787031385], [0.1162959898923932, 0.9709505944546686, 0.0021459960787031385], [0.0021459960787031385, 0.0021459960787031385, -0.0]], [[-0.0, 1.1102230246251565e-16, 0.02971160449797683], [1.1102230246251565e-16, -0.0, 1.1102230246251565e-16], [0.02971160449797683, 1.1102230246251565e-16, 0.35335933502142136]], [[-0.0, 0.078495797927147, 0.02584103752696798], [0.078495797927147, 0.35335933502142136, 0.0], [0.02584103752696798, 0.0, -0.0]], [[-0.0, 2.220446049250313e-16, 2.220446049250313e-16], [2.220446049250313e-16, 0.9182958340544896, 0.030352739455589584], [2.220446049250313e-16, 0.030352739455589584, -0.0]], [[0.5665095065529053, 0.32365019815155627, 0.0526547604001788], [0.32365019815155627, 0.7219280948873623, 0.1344008287335674], [0.0526547604001788, 0.1344008287335674, -0.0]], [[0.35335933502142136, 0.1079868026477333, 0.02787088295469342], [0.1079868026477333, 0.5665095065529053, 0.010799704414199196], [0.02787088295469342, 0.010799704414199196, 0.8366407419411672]], [[0.5665095065529053, 0.05149531037609978, 0.06834588913920325], [0.05149531037609978, -0.0, 0.0011694768985350823], [0.06834588913920325, 0.0011694768985350823, -0.0]], [[0.35335933502142136, 0.13701850183231934, 0.11271663672563381], [0.13701850183231934, 0.35335933502142136, 0.5959980436453796], [0.11271663672563381, 0.5959980436453796, 0.5665095065529053]], [[0.35335933502142136, 0.006474767163413775, 0.02584103752696798], [0.006474767163413775, 0.8366407419411672, 0.007118369749138598], [0.02584103752696798, 0.007118369749138598, -0.0]], [[-0.0, 0.010799704414199196, 0.20032681473009029], [0.010799704414199196, -0.0, 0.0597731301493174], [0.20032681473009029, 0.0597731301493174, -0.0]], [[-0.0, 0.0033964223228484247, 0.0], [0.0033964223228484247, -0.0, 0.1344008287335674], [0.0, 0.1344008287335674, 0.8366407419411672]], [[-0.0, 0.08561416767628538, 0.0], [0.08561416767628538, 0.5665095065529053, 0.17095059445466854], [0.0, 0.17095059445466854, 0.9182958340544896]], [[-0.0, 0.008470777491584647, 0.24285930840134928], [0.008470777491584647, 0.5665095065529053, 0.02787088295469342], [0.24285930840134928, 0.02787088295469342, 0.9709505944546687]], [[-0.0, 0.14315651856736444, 0.1346857410757798], [0.14315651856736444, 0.5665095065529054, 0.2419951060382337], [0.1346857410757798, 0.2419951060382337, 0.7219280948873623]], [[0.9709505944546687, 0.008986624929939513, 0.008986624929939513], [0.008986624929939513, 0.5665095065529053, 0.008986624929939513], [0.008986624929939513, 0.008986624929939513, 0.35335933502142136]], [[0.7219280948873623, 0.031061544612311698, 0.0], [0.031061544612311698, -0.0, 0.0], [0.0, 0.0, 0.5665095065529054]], [[1.6017132519074586e-16, 0.04069560596190058, 0.24285930840134906], [0.04069560596190058, 0.5665095065529054, 0.014281579876066375], [0.24285930840134906, 0.014281579876066375, 0.5665095065529054]], [[0.7219280948873623, 0.006474767163413775, 0.006474767163413775], [0.006474767163413775, 0.35335933502142136, 0.287996002265013], [0.006474767163413775, 0.287996002265013, 0.35335933502142136]], [[0.35335933502142153, 0.003959075562962822, 0.08696657541873187], [0.003959075562962822, 0.5665095065529054, 0.013132465170738516], [0.08696657541873187, 0.013132465170738516, 0.5665095065529054]], [[-0.0, 0.05140433415603374, 0.0021459960787031385], [0.05140433415603374, -0.0, 0.06345829864830321], [0.0021459960787031385, 0.06345829864830321, 0.5665095065529053]], [[-0.0, 0.008470777491584869, 0.08522410996133045], [0.008470777491584869, 0.35335933502142136, 0.02787088295469342], [0.08522410996133045, 0.02787088295469342, -0.0]], [[0.35335933502142153, 0.008470777491584869, 0.14315651856736444], [0.008470777491584869, 0.5665095065529054, 0.008470777491584647], [0.14315651856736444, 0.008470777491584647, 0.35335933502142153]], [[0.9709505944546686, 0.00898662492993929, 0.0033964223228484247], [0.00898662492993929, 0.35335933502142136, 0.17095059445466876], [0.0033964223228484247, 0.17095059445466876, 0.35335933502142136]]], [[[0.21084230031853213, 0.00259525290985696, 0.048415675908885625], [0.00259525290985696, 0.9709505944546686, 0.010310265220812243], [0.048415675908885625, 0.010310265220812243, -0.0]], [[0.35335933502142136, 0.04589563368447602, 0.01600356597069985], [0.04589563368447602, 0.5665095065529053, 0.005350469383108125], [0.01600356597069985, 0.005350469383108125, 0.9182958340544896]], [[-0.0, 0.009809118806194173, 0.03575789759056014], [0.009809118806194173, -0.0, 0.07724537168300194], [0.03575789759056014, 0.07724537168300194, 0.783776947484701]], [[-0.0, 0.0021459960787031385, 0.021954548720418687], [0.0021459960787031385, 0.21084230031853213, 0.004545537028176394], [0.021954548720418687, 0.004545537028176394, 0.21084230031853213]], [[-0.0, 0.10323994531199343, 0.000940157031503075], [0.10323994531199343, 0.35335933502142136, 0.050204563681297554], [0.000940157031503075, 0.050204563681297554, 0.35335933502142136]], [[-0.0, 0.0021459960787031385, 0.008942564534979214], [0.0021459960787031385, -0.0, 0.09266674293477606], [0.008942564534979214, 0.09266674293477606, -0.0]], [[0.8366407419411672, 0.0005446358087917158, 0.06798088868559948], [0.0005446358087917158, 0.2108423003185323, 0.005350469383108125], [0.06798088868559948, 0.005350469383108125, -0.0]], [[0.210842300318532, 0.013132465170738516, 5.829313567029537e-05], [0.013132465170738516, -3.2034265038149176e-16, 0.007490745012512123], [5.829313567029537e-05, 0.007490745012512123, 0.7219280948873623]], [[-0.0, 0.012781159112643214, 0.002106537409772846], [0.012781159112643214, -0.0, 0.09266674293477628], [0.002106537409772846, 0.09266674293477628, 0.21084230031853213]], [[0.6500224216483541, 0.03417875394331249, 0.0032427690512639717], [0.03417875394331249, 0.21084230031853213, 0.22466926942193077], [0.0032427690512639717, 0.22466926942193077, -0.0]], [[-0.0, 0.0032609985220586335, 0.008727917816228503], [0.0032609985220586335, 0.35335933502142136, 0.002282166216158288], [0.008727917816228503, 0.002282166216158288, 0.9871377743721863]], [[-0.0, 0.031511700277779164, 0.013441576350313733], [0.031511700277779164, 0.9967916319816366, 0.000683820138550395], [0.013441576350313733, 0.000683820138550395, 0.7219280948873623]], [[-0.0, 0.0017160085253553614, 0.07765863839781972], [0.0017160085253553614, 0.21084230031853213, 0.0014911752935664602], [0.07765863839781972, 0.0014911752935664602, -0.0]], [[0.9182958340544896, 0.09052095117063852, 0.01521464259631311], [0.09052095117063852, -0.0, 0.0034437173264980636], [0.01521464259631311, 0.0034437173264980636, 0.2108423003185323]], [[0.35335933502142136, 0.020122069185067648, 0.010877243024538519], [0.020122069185067648, -0.0, 0.020122069185067648], [0.010877243024538519, 0.020122069185067648, 0.9182958340544896]], [[0.21084230031853213, 0.06884194031769697, 0.04589563368447602], [0.06884194031769697, 0.6500224216483541, 0.01964671716945765], [0.04589563368447602, 0.01964671716945765, 0.21084230031853213]], [[0.35335933502142136, 0.04069560596190058, 0.006096165747690119], [0.04069560596190058, 0.35335933502142136, 0.00687583015660409], [0.006096165747690119, 0.00687583015660409, -0.0]], [[0.21084230031853213, 0.14818913558232172, 0.007008036075189739], [0.14818913558232172, -0.0, 0.0341626328078215], [0.007008036075189739, 0.0341626328078215, 0.5665095065529053]], [[0.21084230031853213, 0.01750550096497472, 0.03095426478945784], [0.01750550096497472, 0.4689955935892812, 0.022448310949620742], [0.03095426478945784, 0.022448310949620742, -0.0]], [[-0.0, 0.0, 0.0], [0.0, -0.0, 0.026445160873892704], [0.0, 0.026445160873892704, 0.7219280948873623]], [[0.35335933502142136, 0.005852804783754273, 0.0006142432145008758], [0.005852804783754273, 0.35335933502142136, 0.00041665572572613385], [0.0006142432145008758, 0.00041665572572613385, 0.21084230031853213]], [[-0.0, 0.006096165747690341, 0.00022954705993827318], [0.006096165747690341, -0.0, 0.08031596198774493], [0.00022954705993827318, 0.08031596198774493, 0.9480782435939055]], [[0.21084230031853213, -2.220446049250313e-16, 0.04601284902640668], [-2.220446049250313e-16, -0.0, 0.07320889712592038], [0.04601284902640668, 0.07320889712592038, -0.0]], [[0.35335933502142136, 0.008727917816228503, 0.0020250258915146535], [0.008727917816228503, 0.8812908992306927, 0.12202187343505], [0.0020250258915146535, 0.12202187343505, -0.0]], [[-0.0, 0.0, 0.09768238818920327], [0.0, 0.4689955935892812, 0.0], [0.09768238818920327, 0.0, 0.21084230031853213]], [[0.2108423003185323, 0.0558454220577973, 0.04069560596190058], [0.0558454220577973, 1.6017132519074586e-16, 0.0], [0.04069560596190058, 0.0, 0.9182958340544896]], [[-0.0, 0.0, 0.0], [0.0, 0.21084230031853213, 0.06667216930578457], [0.0, 0.06667216930578457, -0.0]], [[-0.0, 0.01991099557456133, 0.017505500964974496], [0.01991099557456133, 0.7219280948873623, 0.017936164017910983], [0.017505500964974496, 0.017936164017910983, -0.0]], [[0.35335933502142136, 0.01600356597069985, 0.021954548720418687], [0.01600356597069985, -0.0, 5.8293135670073326e-05], [0.021954548720418687, 5.8293135670073326e-05, 0.35335933502142136]], [[-0.0, 0.06488132041760797, 0.006851144927581876], [0.06488132041760797, 0.9182958340544896, 0.0013610611125824956], [0.006851144927581876, 0.0013610611125824956, 0.5665095065529053]]], [[[0.5842388116428558, 0.0031373418846125656, 0.00023220353031550012], [0.0031373418846125656, 0.7219280948873623, 0.04305971311014112], [0.00023220353031550012, 0.04305971311014112, 0.24229218908241465]], [[-0.0, 0.009421517635197052, 0.006279505820585118], [0.009421517635197052, 0.9426831892554922, 0.0731234303851982], [0.006279505820585118, 0.0731234303851982, 0.14144054254182067]], [[0.4021791902022728, 0.03652317186405596, 0.04266774251722705], [0.03652317186405596, -0.0, 1.8954529938053355e-05], [0.04266774251722705, 1.8954529938053355e-05, 0.14144054254182067]], [[0.6343095546405662, 0.0, 0.0012386260641656932], [0.0, 0.24229218908241465, 0.003325451040931071], [0.0012386260641656932, 0.003325451040931071, 0.8812908992306927]], [[0.6343095546405662, 0.01594662210902098, 0.012375690332856015], [0.01594662210902098, -0.0, 0.006366847205937054], [0.012375690332856015, 0.006366847205937054, -0.0]], [[0.14144054254182067, 0.0002781558434770126, 0.04212449846894861], [0.0002781558434770126, 0.9043814577244937, 0.005790374664882081], [0.04212449846894861, 0.005790374664882081, -0.0]], [[0.4689955935892811, 0.01501537372954731, 0.004253711630201051], [0.01501537372954731, 0.9580420222262995, 3.144040079572363e-05], [0.004253711630201051, 3.144040079572363e-05, 0.1414405425418205]], [[0.14144054254182067, 0.005598020458414066, 0.00580360456797524], [0.005598020458414066, -0.0, 0.005803604567975462], [0.00580360456797524, 0.005803604567975462, 0.9814538950336535]], [[0.9709505944546686, 2.4379669053331554e-05, 0.0062671282798016925], [2.4379669053331554e-05, 0.14144054254182067, 0.01080823239265083], [0.0062671282798016925, 0.01080823239265083, 1.0]], [[-0.0, 0.006223051202321361, 0.015421841711341089], [0.006223051202321361, 0.4689955935892812, 0.028574026319566626], [0.015421841711341089, 0.028574026319566626, 0.14144054254182067]], [[0.24229218908241482, 0.0001240967308135943, 0.003677034398924972], [0.0001240967308135943, 0.14144054254182067, 0.003677034398925194], [0.003677034398924972, 0.003677034398925194, -0.0]], [[-0.0, 0.001958220964315638, 0.06302952169777232], [0.001958220964315638, 0.5293608652873644, 0.001958220964315638], [0.06302952169777232, 0.001958220964315638, -0.0]], [[0.9988455359952018, 0.030341760329653633, 0.016063092291200176], [0.030341760329653633, 0.14144054254182067, 0.030341760329653633], [0.016063092291200176, 0.030341760329653633, -0.0]], [[0.6800770457282799, 0.00021194010825920095, 0.005803604567975684], [0.00021194010825920095, -0.0, 0.001170910591285601], [0.005803604567975684, 0.001170910591285601, -0.0]], [[0.14144054254182067, 0.06276448651079414, 0.02218516909803836], [0.06276448651079414, 0.9814538950336535, 0.013497456063831126], [0.02218516909803836, 0.013497456063831126, 0.8267463724926178]], [[0.40217919020227294, 0.011618002465630495, 0.017495192543736104], [0.011618002465630495, 0.1414405425418208, 0.004629007386573347], [0.017495192543736104, 0.004629007386573347, 0.9043814577244939]], [[1.6017132519074586e-16, 0.02047461303533682, 0.011373835874225913], [0.02047461303533682, 0.5293608652873645, 0.00010355158218766647], [0.011373835874225913, 0.00010355158218766647, 0.46899559358928133]], [[-0.0, 0.027066807384246383, 0.0014842231970253472], [0.027066807384246383, 0.4021791902022728, 2.0108213500957817e-06], [0.0014842231970253472, 2.0108213500957817e-06, 0.14144054254182067]], [[0.24229218908241482, 0.006350826660775688, 0.018823158596708467], [0.006350826660775688, -0.0, 0.0005047930008483803], [0.018823158596708467, 0.0005047930008483803, -0.0]], [[0.7601675029619657, 7.476331437472616e-05, 0.0061459395360232705], [7.476331437472616e-05, 0.24229218908241482, 0.008875915867937012], [0.0061459395360232705, 0.008875915867937012, -0.0]], [[0.1414405425418205, 0.0, 0.0], [0.0, 0.8554508105601306, 0.008398761583067627], [0.0, 0.008398761583067627, 0.24229218908241465]], [[1.6017132519074586e-16, 0.004915013910784638, 0.007453358669098131], [0.004915013910784638, 0.7950402793845222, 0.0036464552021430174], [0.007453358669098131, 0.0036464552021430174, 0.40217919020227294]], [[0.6343095546405659, 0.01647044880339399, 0.00018520094073681825], [0.01647044880339399, 0.6800770457282798, 0.007330632110515545], [0.00018520094073681825, 0.007330632110515545, 0.3274449191544761]], [[0.24229218908241465, 0.001958220964315416, 0.01105753275302468], [0.001958220964315416, 0.1414405425418205, 0.020154317012993195], [0.01105753275302468, 0.020154317012993195, 0.9580420222262995]], [[-0.0, 0.002187446256504799, 0.0], [0.002187446256504799, -0.0, 0.014070217534342344], [0.0, 0.014070217534342344, 0.4689955935892812]], [[-0.0, 2.220446049250313e-16, 0.13184072559510351], [2.220446049250313e-16, 0.9709505944546687, 0.00753899981575179], [0.13184072559510351, 0.00753899981575179, 0.24229218908241482]], [[0.6343095546405659, 0.038151254882015095, 0.004815239215894884], [0.038151254882015095, 0.4021791902022728, 0.010480373595290526], [0.004815239215894884, 0.010480373595290526, 0.1414405425418205]], [[0.6800770457282798, 0.0, 0.0], [0.0, 0.998845535995202, 0.00023220353031550012], [0.0, 0.00023220353031550012, 0.9953784388202257]], [[-0.0, 0.0, 0.028676005532035198], [0.0, -0.0, 0.01270404729239416], [0.028676005532035198, 0.01270404729239416, 0.4021791902022728]], [[0.6343095546405662, 0.00011501466935515126, 0.0035601811667282934], [0.00011501466935515126, -0.0, 0.03821997745823835], [0.0035601811667282934, 0.03821997745823835, -0.0]]], [[[0.14144054254182067, 0.0013014484954412264, 0.00711436330152293], [0.0013014484954412264, -0.0, 0.008198541287818273], [0.00711436330152293, 0.008198541287818273, 0.8414646362081757]], [[0.976500468757824, 0.011510587083559676, 0.00016601624045797791], [0.011510587083559676, -0.0, 0.005378278192208152], [0.00016601624045797791, 0.005378278192208152, 0.08079313589591118]], [[0.08079313589591118, 0.016470448803393767, 0.030341760329653855], [0.016470448803393767, 0.6577047787442195, 0.01017194082870776], [0.030341760329653855, 0.01017194082870776, 0.8112781244591328]], [[0.7950402793845222, 0.002184878244847699, 0.0007436803975726658], [0.002184878244847699, 0.24229218908241482, 0.00048338545262782695], [0.0007436803975726658, 0.00048338545262782695, -0.0]], [[-0.0, 0.0002262571336417718, 0.002825872589260925], [0.0002262571336417718, 0.6800770457282799, 0.005315484327106823], [0.002825872589260925, 0.005315484327106823, -0.0]], [[0.9647995485050871, 0.002637381364580582, 0.021147981617128497], [0.002637381364580582, -0.0, 0.002856153246703519], [0.021147981617128497, 0.002856153246703519, 0.43646981706410287]], [[-0.0, 0.00517399977623878, 0.008875915867937234], [0.00517399977623878, 0.8414646362081757, 0.0022207922400991897], [0.008875915867937234, 0.0022207922400991897, 0.1943918578315762]], [[0.08079313589591118, 0.06187564942568735, 0.014502142303486565], [0.06187564942568735, 0.08079313589591118, 0.006145892457244839], [0.014502142303486565, 0.006145892457244839, -0.0]], [[0.9043814577244939, 7.1915329296068364e-06, 0.007318877275664271], [7.1915329296068364e-06, 0.8267463724926178, 0.00415371895654415], [0.007318877275664271, 0.00415371895654415, 0.8267463724926178]], [[-0.0, 0.0006485033726619793, 0.013043870689867898], [0.0006485033726619793, -0.0, 0.010431489761871582], [0.013043870689867898, 0.010431489761871582, 0.08079313589591118]], [[-0.0, 0.0014656930791729916, 0.04861192437156037], [0.0014656930791729916, 0.9043814577244937, 0.002068755248312293], [0.04861192437156037, 0.002068755248312293, -0.0]], [[0.6343095546405659, 0.003740010258818316, 0.016537595199701105], [0.003740010258818316, -0.0, 0.0006307007142334342], [0.016537595199701105, 0.0006307007142334342, 0.9765004687578239]], [[0.584238811642856, 0.0008752375164218229, 0.0019006067902440638], [0.0008752375164218229, -0.0, 0.0012917501360327766], [0.0019006067902440638, 0.0012917501360327766, 0.4689955935892812]], [[0.43646981706410287, 0.0027501735211009626, 0.00058146944621007], [0.0027501735211009626, 0.6800770457282799, 0.0006012117015277152], [0.00058146944621007, 0.0006012117015277152, 0.08079313589591118]], [[0.4689955935892812, 0.0008705562658242183, 0.0008724290724659856], [0.0008705562658242183, 0.9580420222262995, 0.011654793928255636], [0.0008724290724659856, 0.011654793928255636, 0.08079313589591118]], [[-0.0, 0.012392651386650577, 0.0012254618662539407], [0.012392651386650577, 0.08079313589591118, 0.0026209111235067084], [0.0012254618662539407, 0.0026209111235067084, -0.0]], [[-0.0, 0.005219417126680614, 0.02718228884918128], [0.005219417126680614, -0.0, 0.0017451020678862506], [0.02718228884918128, 0.0017451020678862506, 0.5293608652873644]], [[-0.0, 0.005902065919789923, 0.011881853080712546], [0.005902065919789923, -0.0, 0.01594406276885607], [0.011881853080712546, 0.01594406276885607, -0.0]], [[0.6800770457282798, 0.009317207060227872, 4.269189342220869e-05], [0.009317207060227872, -0.0, 0.023036078095973078], [4.269189342220869e-05, 0.023036078095973078, 0.1943918578315762]], [[0.08079313589591118, 0.008705301642348617, 0.008075772564667183], [0.008705301642348617, 0.08079313589591118, 0.029289721242956812], [0.008075772564667183, 0.029289721242956812, 0.8554508105601306]], [[0.08079313589591118, 1.4746664512177432e-05, 0.026468687377358968], [1.4746664512177432e-05, 0.9043814577244939, 0.00915920450440999], [0.026468687377358968, 0.00915920450440999, 0.499915958164528]], [[0.19439185783157603, 0.0, 0.00039376527657108973], [0.0, 0.6577047787442194, 0.0022476016275774224], [0.00039376527657108973, 0.0022476016275774224, 0.19439185783157603]], [[0.557438185027989, 2.3144121888307723e-05, 0.028548908415334306], [2.3144121888307723e-05, -0.0, 0.0005303468217661145], [0.028548908415334306, 0.0005303468217661145, -0.0]], [[0.36592365090022316, 0.007310503291678483, 0.00010913280773694467], [0.007310503291678483, -0.0, 0.010455710122086348], [0.00010913280773694467, 0.010455710122086348, -0.0]], [[0.28639695711595625, 0.0, 6.194911566104189e-05], [0.0, 0.8267463724926178, 0.0], [6.194911566104189e-05, 0.0, 0.08079313589591118]], [[0.08079313589591118, 0.0037817021714683374, 0.00024148157748382637], [0.0037817021714683374, -0.0, 0.01592113300260456], [0.00024148157748382637, 0.01592113300260456, 0.14144054254182067]], [[0.24229218908241482, 0.0042079512326953505, 0.0035607934449215506], [0.0042079512326953505, -0.0, 0.008726295646712456], [0.0035607934449215506, 0.008726295646712456, -0.0]], [[0.08079313589591118, 0.0021007488943949326, 0.0005169738799710721], [0.0021007488943949326, -0.0, 0.007308337151904043], [0.0005169738799710721, 0.007308337151904043, 0.8687212463394045]], [[0.08079313589591118, 0.00014262887056837315, 0.005977847804910175], [0.00014262887056837315, 0.08079313589591118, 0.0012949342450643275], [0.005977847804910175, 0.0012949342450643275, 0.14144054254182067]], [[-0.0, 0.0017451020678860285, 0.0008733254913635413], [0.0017451020678860285, -0.0, 0.00687271939491052], [0.0008733254913635413, 0.00687271939491052, 0.14144054254182067]]]], "cov_mat_data": [[[[0.0, 0.0, 0.0], [0.0, 0.96, 0.0], [0.0, 0.0, 0.0]], [[0.6399999999999999, 0.6399999999999999, 0.32000000000000006], [0.6399999999999999, 0.6399999999999999, 0.32000000000000006], [0.32000000000000006, 0.32000000000000006, 0.96]], [[0.0, 0.0, 0.0], [0.0, 0.96, 0.15999999999999998], [0.0, 0.15999999999999998, 0.96]], [[0.6399999999999999, -0.16000000000000003, 0.48000000000000004], [-0.16000000000000003, 0.6399999999999999, -0.32000000000000006], [0.48000000000000004, -0.32000000000000006, 0.96]], [[0.96, -0.32000000000000006, 0.32000000000000006], [-0.32000000000000006, 0.6399999999999999, 0.16000000000000003], [0.32000000000000006, 0.16000000000000003, 0.6399999999999999]], [[0.96, -0.32000000000000006, 0.0], [-0.32000000000000006, 0.6399999999999999, 0.0], [0.0, 0.0, 0.0]], [[0.96, 0.15999999999999998, 0.96], [0.15999999999999998, 0.96, 0.15999999999999998], [0.96, 0.15999999999999998, 0.96]], [[0.96, 0.96, -0.32000000000000006], [0.96, 0.96, -0.32000000000000006], [-0.32000000000000006, -0.32000000000000006, 0.6399999999999999]], [[0.96, -0.48000000000000004, 0.15999999999999998], [-0.48000000000000004, 0.6399999999999999, -0.48000000000000004], [0.15999999999999998, -0.48000000000000004, 0.96]], [[0.0, 0.0, 0.0], [0.0, 0.96, 0.0], [0.0, 0.0, 0.0]], [[0.0, 0.0, 0.0], [0.0, 0.0, 0.0], [0.0, 0.0, 0.96]], [[0.0, 0.0, 0.0], [0.0, 0.6399999999999999, 0.16000000000000014], [0.0, 0.16000000000000014, 0.6399999999999999]], [[0.6399999999999999, 0.48, 0.16000000000000014], [0.48, 0.96, -0.48], [0.16000000000000014, -0.48, 0.6399999999999999]], [[0.6399999999999999, 0.32000000000000006, 0.16000000000000003], [0.32000000000000006, 0.96, 0.48000000000000004], [0.16000000000000003, 0.48000000000000004, 0.6399999999999999]], [[0.96, 0.32000000000000006, -0.15999999999999998], [0.32000000000000006, 0.6399999999999999, -0.32000000000000006], [-0.15999999999999998, -0.32000000000000006, 0.96]], [[0.96, -0.15999999999999998, -0.15999999999999998], [-0.15999999999999998, 0.96, -0.6400000000000001], [-0.15999999999999998, -0.6400000000000001, 0.96]], [[0.96, 0.15999999999999998, -0.6400000000000001], [0.15999999999999998, 0.96, 0.15999999999999998], [-0.6400000000000001, 0.15999999999999998, 0.96]], [[0.96, 0.6400000000000001, -0.96], [0.6400000000000001, 0.96, -0.6400000000000001], [-0.96, -0.6400000000000001, 0.96]], [[0.0, 0.0, 0.0], [0.0, 0.0, 0.0], [0.0, 0.0, 0.96]], [[0.0, 0.0, 0.0], [0.0, 0.0, 0.0], [0.0, 0.0, 0.6399999999999999]], [[0.0, 0.0, 0.0], [0.0, 0.96, 0.15999999999999998], [0.0, 0.15999999999999998, 0.96]], [[0.6399999999999999, 0.0, 0.32000000000000006], [0.0, 0.0, 0.0], [0.32000000000000006, 0.0, 0.96]], [[0.6399999999999999, 0.16000000000000014, 0.0], [0.16000000000000014, 0.6399999999999999, 0.0], [0.0, 0.0, 0.0]], [[0.6399999999999999, 0.48000000000000004, 0.32000000000000006], [0.48000000000000004, 0.96, -0.15999999999999998], [0.32000000000000006, -0.15999999999999998, 0.96]], [[0.6399999999999999, 0.0, -0.32000000000000006], [0.0, 0.0, 0.0], [-0.32000000000000006, 0.0, 0.96]], [[0.96, 0.0, -0.48], [0.0, 0.0, 0.0], [-0.48, 0.0, 0.6399999999999999]], [[0.6399999999999999, 0.32000000000000006, -0.32000000000000006], [0.32000000000000006, 0.96, 0.6400000000000001], [-0.32000000000000006, 0.6400000000000001, 0.96]], [[0.96, -0.6400000000000001, 0.0], [-0.6400000000000001, 0.96, 0.0], [0.0, 0.0, 0.0]], [[0.6399999999999999, -0.32000000000000006, 0.6399999999999999], [-0.32000000000000006, 0.96, -0.32000000000000006], [0.6399999999999999, -0.32000000000000006, 0.6399999999999999]], [[0.6399999999999999, 0.0, -0.48], [0.0, 0.0, 0.0], [-0.48, 0.0, 0.96]]], [[[0.96, -0.2666666666666667, -0.05333333333333332], [-0.2666666666666667, 0.8888888888888888, 0.17777777777777784], [-0.05333333333333332, 0.17777777777777784, 0.9955555555555555]], [[0.8888888888888888, -0.08888888888888896, 4.163336342344337e-17], [-0.08888888888888896, 0.7822222222222222, -0.64], [4.163336342344337e-17, -0.64, 0.96]], [[0.96, -0.10666666666666666, 0.05333333333333332], [-0.10666666666666666, 0.7822222222222222, -0.3022222222222223], [0.05333333333333332, -0.3022222222222223, 0.9955555555555555]], [[0.8888888888888888, -0.17777777777777776, -0.08888888888888886], [-0.17777777777777776, 0.7822222222222222, 0.4444444444444444], [-0.08888888888888886, 0.4444444444444444, 0.8888888888888888]], [[0.9955555555555555, 0.03555555555555555, -0.7111111111111111], [0.03555555555555555, 0.7822222222222222, -0.17777777777777778], [-0.7111111111111111, -0.17777777777777778, 0.8888888888888888]], [[0.7822222222222222, 0.035555555555555576, 0.03555555555555552], [0.035555555555555576, 0.9955555555555555, -0.0711111111111111], [0.03555555555555552, -0.0711111111111111, 0.9955555555555555]], [[0.9955555555555555, -0.21333333333333332, -0.017777777777777823], [-0.21333333333333332, 0.96, -0.32000000000000006], [-0.017777777777777823, -0.32000000000000006, 0.4622222222222221]], [[0.96, 0.26666666666666666, -0.05333333333333336], [0.26666666666666666, 0.8888888888888888, -0.08888888888888893], [-0.05333333333333336, -0.08888888888888893, 0.9955555555555555]], [[0.96, -0.10666666666666666, -0.05333333333333337], [-0.10666666666666666, 0.96, 0.21333333333333337], [-0.05333333333333337, 0.21333333333333337, 0.9955555555555555]], [[0.9955555555555555, -0.0888888888888889, 0.0711111111111111], [-0.0888888888888889, 0.8888888888888888, 0.0888888888888889], [0.0711111111111111, 0.0888888888888889, 0.9955555555555555]], [[0.7822222222222222, 0.24888888888888888, -0.10666666666666672], [0.24888888888888888, 0.7822222222222223, 0.16000000000000003], [-0.10666666666666672, 0.16000000000000003, 0.96]], [[0.9955555555555555, -0.3022222222222223, -0.1955555555555555], [-0.3022222222222223, 0.7822222222222222, 0.035555555555555465], [-0.1955555555555555, 0.035555555555555465, 0.9955555555555555]], [[0.8888888888888888, 0.08888888888888893, -0.26666666666666666], [0.08888888888888893, 0.4622222222222221, -0.05333333333333323], [-0.26666666666666666, -0.05333333333333323, 0.96]], [[0.9955555555555555, -0.03555555555555555, -0.32000000000000006], [-0.03555555555555555, 0.7822222222222222, -0.16000000000000003], [-0.32000000000000006, -0.16000000000000003, 0.96]], [[0.9955555555555555, -0.4800000000000001, -0.0711111111111111], [-0.4800000000000001, 0.96, 0.32000000000000006], [-0.0711111111111111, 0.32000000000000006, 0.9955555555555555]], [[0.9955555555555555, 0.33777777777777784, 0.4800000000000001], [0.33777777777777784, 0.9955555555555555, 0.05333333333333332], [0.4800000000000001, 0.05333333333333332, 0.96]], [[0.9955555555555555, -0.05333333333333337, 0.19555555555555557], [-0.05333333333333337, 0.96, -0.05333333333333337], [0.19555555555555557, -0.05333333333333337, 0.9955555555555555]], [[0.8888888888888888, 0.08888888888888893, -0.1777777777777778], [0.08888888888888893, 0.9955555555555555, -0.17777777777777778], [-0.1777777777777778, -0.17777777777777778, 0.8888888888888888]], [[0.7822222222222222, 0.017777777777777892, 0.23111111111111116], [0.017777777777777892, 0.7822222222222222, -0.23111111111111116], [0.23111111111111116, -0.23111111111111116, 0.9955555555555555]], [[0.96, -0.15999999999999998, -0.10666666666666669], [-0.15999999999999998, 0.96, 0.37333333333333335], [-0.10666666666666669, 0.37333333333333335, 0.7822222222222222]], [[0.8888888888888888, -0.08888888888888896, 0.0], [-0.08888888888888896, 0.7822222222222222, 0.0], [0.0, 0.0, 0.0]], [[0.6399999999999999, 0.10666666666666674, 0.053333333333333316], [0.10666666666666674, 0.4622222222222221, 0.053333333333333316], [0.053333333333333316, 0.053333333333333316, 0.96]], [[0.9955555555555555, 0.49777777777777776, 0.5866666666666668], [0.49777777777777776, 0.7822222222222222, 0.16000000000000006], [0.5866666666666668, 0.16000000000000006, 0.96]], [[0.9955555555555555, -0.12444444444444444, 0.05333333333333332], [-0.12444444444444444, 0.24888888888888883, -0.10666666666666666], [0.05333333333333332, -0.10666666666666666, 0.96]], [[0.8888888888888888, 0.08888888888888893, -2.7755575615628914e-17], [0.08888888888888893, 0.9955555555555555, -0.05333333333333335], [-2.7755575615628914e-17, -0.05333333333333335, 0.96]], [[0.888888888888889, 0.08888888888888889, 2.7755575615628914e-17], [0.08888888888888889, 0.9955555555555555, 0.10666666666666666], [2.7755575615628914e-17, 0.10666666666666666, 0.6399999999999999]], [[0.96, -0.5333333333333334, -1.3877787807814457e-17], [-0.5333333333333334, 0.8888888888888888, 0.17777777777777778], [-1.3877787807814457e-17, 0.17777777777777778, 0.888888888888889]], [[0.8888888888888888, -0.08888888888888888, -0.08888888888888893], [-0.08888888888888888, 0.9955555555555555, 0.03555555555555555], [-0.08888888888888893, 0.03555555555555555, 0.7822222222222222]], [[0.8888888888888888, 0.0, -0.08888888888888889], [0.0, 0.96, -0.05333333333333337], [-0.08888888888888889, -0.05333333333333337, 0.9955555555555555]], [[0.888888888888889, -0.17777777777777776, 0.17777777777777776], [-0.17777777777777776, 0.9955555555555555, -0.1955555555555555], [0.17777777777777776, -0.1955555555555555, 0.9955555555555555]]], [[[0.5555555555555555, -0.288888888888889, -0.19999999999999996], [-0.288888888888889, 0.9288888888888889, 0.03999999999999998], [-0.19999999999999996, 0.03999999999999998, 0.8400000000000001]], [[0.12888888888888894, -0.0711111111111111, -0.08444444444444446], [-0.0711111111111111, 0.9955555555555555, -0.0177777777777778], [-0.08444444444444446, -0.0177777777777778, 0.9288888888888889]], [[1.0, 0.2, 0.0], [0.2, 0.9822222222222222, -0.12444444444444447], [0.0, -0.12444444444444447, 0.9955555555555555]], [[0.5555555555555555, 0.2444444444444444, -0.17777777777777776], [0.2444444444444444, 0.9288888888888889, -0.38222222222222224], [-0.17777777777777776, -0.38222222222222224, 0.9955555555555555]], [[0.9955555555555555, -0.04444444444444446, 0.017777777777777743], [-0.04444444444444446, 0.8888888888888888, -0.08888888888888885], [0.017777777777777743, -0.08888888888888885, 0.9288888888888889]], [[0.9822222222222222, 0.2, -0.0266666666666666], [0.2, 1.0, 0.13333333333333336], [-0.0266666666666666, 0.13333333333333336, 0.96]], [[0.9822222222222222, 0.24000000000000005, -0.10666666666666673], [0.24000000000000005, 0.96, 0.10666666666666663], [-0.10666666666666673, 0.10666666666666663, 0.96]], [[0.96, 0.08, -4.163336342344337e-17], [0.08, 0.84, -0.1333333333333334], [-4.163336342344337e-17, -0.1333333333333334, 0.8888888888888888]], [[0.9288888888888889, 0.11555555555555556, -0.20000000000000004], [0.11555555555555556, 0.9955555555555555, -0.1333333333333333], [-0.20000000000000004, -0.1333333333333333, 1.0]], [[0.9822222222222222, 0.21777777777777782, 0.0711111111111111], [0.21777777777777782, 0.9822222222222222, 0.06222222222222224], [0.0711111111111111, 0.06222222222222224, 0.7822222222222222]], [[0.9288888888888889, 0.11555555555555558, -0.35555555555555557], [0.11555555555555558, 0.9955555555555555, -0.08888888888888889], [-0.35555555555555557, -0.08888888888888889, 0.888888888888889]], [[0.8888888888888888, 0.13333333333333341, -0.04444444444444447], [0.13333333333333341, 0.96, -0.34666666666666673], [-0.04444444444444447, -0.34666666666666673, 0.9288888888888889]], [[1.0, 0.06666666666666665, 0.0], [0.06666666666666665, 1.0, 0.0], [0.0, 0.0, 0.9955555555555555]], [[0.0, 0.0, 0.0], [0.0, 0.96, 0.15999999999999998], [0.0, 0.15999999999999998, 0.96]], [[0.8888888888888888, 0.04444444444444451, 0.044444444444444495], [0.04444444444444451, 0.5555555555555558, 0.15555555555555567], [0.044444444444444495, 0.15555555555555567, 0.9288888888888889]], [[0.8400000000000001, -0.026666666666666658, 0.21333333333333332], [-0.026666666666666658, 0.9955555555555555, 0.07999999999999997], [0.21333333333333332, 0.07999999999999997, 0.96]], [[0.12888888888888883, -0.04888888888888887, 0.07999999999999999], [-0.04888888888888887, 0.9288888888888889, -0.18666666666666665], [0.07999999999999999, -0.18666666666666665, 0.96]], [[0.9822222222222222, 0.04888888888888894, 0.06666666666666671], [0.04888888888888894, 0.9822222222222222, 0.06666666666666671], [0.06666666666666671, 0.06666666666666671, 1.0]], [[0.9955555555555555, 0.2488888888888889, -0.06222222222222225], [0.2488888888888889, 0.9288888888888889, 0.017777777777777826], [-0.06222222222222225, 0.017777777777777826, 0.9955555555555555]], [[0.888888888888889, -0.04444444444444451, -0.4444444444444445], [-0.04444444444444451, 0.9822222222222222, -0.16444444444444445], [-0.4444444444444445, -0.16444444444444445, 0.9288888888888889]], [[0.96, 0.05333333333333332, -0.1333333333333333], [0.05333333333333332, 0.9955555555555555, -0.26666666666666666], [-0.1333333333333333, -0.26666666666666666, 1.0]], [[0.9955555555555555, 0.1955555555555555, -0.06222222222222221], [0.1955555555555555, 0.9955555555555555, 0.0711111111111111], [-0.06222222222222221, 0.0711111111111111, 0.9955555555555555]], [[0.9288888888888889, -0.03111111111111116, 0.4044444444444445], [-0.03111111111111116, 0.9822222222222222, -0.23555555555555552], [0.4044444444444445, -0.23555555555555552, 0.9288888888888889]], [[0.9822222222222222, 0.008888888888888913, -0.14222222222222222], [0.008888888888888913, 0.9955555555555555, 0.20444444444444443], [-0.14222222222222222, 0.20444444444444443, 0.9955555555555555]], [[0.9955555555555555, 0.0888888888888889, 0.20444444444444446], [0.0888888888888889, 0.8888888888888888, 0.04444444444444443], [0.20444444444444446, 0.04444444444444443, 0.9955555555555555]], [[0.9955555555555555, 0.0, 0.18666666666666665], [0.0, 0.0, 0.0], [0.18666666666666665, 0.0, 0.96]], [[0.9822222222222222, 0.08888888888888889, -0.01333333333333337], [0.08888888888888889, 0.8888888888888888, 0.0], [-0.01333333333333337, 0.0, 0.8400000000000001]], [[0.8888888888888888, -0.17777777777777784, -0.2222222222222222], [-0.17777777777777784, 0.9955555555555555, 0.4177777777777778], [-0.2222222222222222, 0.4177777777777778, 0.9288888888888889]], [[0.9955555555555555, 0.02666666666666669, 0.20444444444444446], [0.02666666666666669, 0.84, 0.1066666666666667], [0.20444444444444446, 0.1066666666666667, 0.9955555555555555]], [[0.0, 0.0, 0.0], [0.0, 0.3599999999999999, 0.06666666666666665], [0.0, 0.066666666