{"shots_list": [5, 15, 30, 50, 100], "char_mat_data": [[[[0.9709505944546686, 0.3219280948873622, 0.0], [0.3219280948873622, 0.9709505944546686, 0.0], [0.0, 0.0, 0.9709505944546686]], [[-0.0, 0.419973094021975, 0.3219280948873624], [0.419973094021975, 0.9709505944546686, 0.17095059445466876], [0.3219280948873624, 0.17095059445466876, 0.7219280948873623]], [[0.9709505944546686, 0.0, 0.7219280948873623], [0.0, 0.9709505944546686, 0.0], [0.7219280948873623, 0.0, 0.7219280948873623]], [[0.9709505944546686, 0.419973094021975, 0.17095059445466876], [0.419973094021975, 0.9709505944546686, 0.3219280948873624], [0.17095059445466876, 0.3219280948873624, 0.7219280948873623]], [[0.9709505944546686, 0.3219280948873622, 0.3219280948873622], [0.3219280948873622, 0.9709505944546686, 0.7219280948873623], [0.3219280948873622, 0.7219280948873623, 0.7219280948873623]], [[0.9709505944546686, 0.3219280948873622, 0.0], [0.3219280948873622, 0.7219280948873623, 0.0], [0.0, 0.0, 0.7219280948873623]], [[0.9709505944546686, 0.419973094021975, 0.0], [0.419973094021975, 0.9709505944546686, 0.0], [0.0, 0.0, 0.9709505944546686]], [[0.9709505944546686, 0.17095059445466876, 0.01997309402197489], [0.17095059445466876, 0.9709505944546686, 0.3219280948873624], [0.01997309402197489, 0.3219280948873624, 0.9709505944546686]], [[0.9709505944546686, 0.17095059445466876, 0.17095059445466876], [0.17095059445466876, 0.9709505944546686, 0.01997309402197489], [0.17095059445466876, 0.01997309402197489, 0.9709505944546686]], [[0.9709505944546686, 0.3219280948873622, 0.3219280948873622], [0.3219280948873622, 0.9709505944546686, 0.7219280948873623], [0.3219280948873622, 0.7219280948873623, 0.9709505944546686]], [[0.9709505944546686, 0.9709505944546686, 0.3219280948873622], [0.9709505944546686, 0.7219280948873623, 0.3219280948873622], [0.3219280948873622, 0.3219280948873622, 0.9709505944546686]], [[0.7219280948873623, 0.419973094021975, 0.9709505944546686], [0.419973094021975, 0.9709505944546686, 0.419973094021975], [0.9709505944546686, 0.419973094021975, 0.7219280948873623]], [[0.9709505944546686, 0.17095059445466876, 0.17095059445466876], [0.17095059445466876, 0.9709505944546686, 0.07290559532005614], [0.17095059445466876, 0.07290559532005614, -0.0]], [[-0.0, 0.17095059445466876, 0.17095059445466876], [0.17095059445466876, 0.7219280948873623, 0.419973094021975], [0.17095059445466876, 0.419973094021975, 0.7219280948873623]], [[0.9709505944546686, 0.419973094021975, 0.419973094021975], [0.419973094021975, 0.7219280948873623, 0.01997309402197489], [0.419973094021975, 0.01997309402197489, 0.9709505944546686]], [[0.9709505944546686, 0.0, 0.0], [0.0, 0.9709505944546686, 0.07290559532005592], [0.0, 0.07290559532005592, 0.9709505944546686]], [[0.7219280948873623, 0.3219280948873624, 0.17095059445466876], [0.3219280948873624, 0.7219280948873623, 0.419973094021975], [0.17095059445466876, 0.419973094021975, 0.9709505944546686]], [[0.7219280948873623, 0.9709505944546686, 0.9709505944546686], [0.9709505944546686, -0.0, 0.9709505944546686], [0.9709505944546686, 0.9709505944546686, 0.9709505944546686]], [[0.9709505944546686, 0.17095059445466876, 0.17095059445466876], [0.17095059445466876, 0.7219280948873623, 0.419973094021975], [0.17095059445466876, 0.419973094021975, 0.9709505944546686]], [[0.9709505944546686, 0.3219280948873622, 0.3219280948873622], [0.3219280948873622, 0.9709505944546686, 0.9709505944546686], [0.3219280948873622, 0.9709505944546686, 0.9709505944546686]], [[0.9709505944546686, 0.3219280948873622, 0.0], [0.3219280948873622, 0.9709505944546686, 0.0], [0.0, 0.0, 0.9709505944546686]], [[0.7219280948873623, 0.0, 0.01997309402197489], [0.0, 0.9709505944546686, 0.0], [0.01997309402197489, 0.0, 0.9709505944546686]], [[0.9709505944546686, 0.3219280948873624, 0.17095059445466876], [0.3219280948873624, 0.7219280948873623, 0.01997309402197489], [0.17095059445466876, 0.01997309402197489, 0.9709505944546686]], [[0.7219280948873623, 0.17095059445466876, 0.17095059445466876], [0.17095059445466876, 0.7219280948873623, 0.9709505944546686], [0.17095059445466876, 0.9709505944546686, 0.7219280948873623]], [[0.9709505944546686, 0.01997309402197489, 0.01997309402197489], [0.01997309402197489, 0.7219280948873623, 0.419973094021975], [0.01997309402197489, 0.419973094021975, -0.0]], [[0.9709505944546686, 0.419973094021975, 0.01997309402197489], [0.419973094021975, 0.9709505944546686, 0.419973094021975], [0.01997309402197489, 0.419973094021975, 0.7219280948873623]], [[0.9709505944546686, 0.9709505944546686, 0.419973094021975], [0.9709505944546686, 0.9709505944546686, 0.419973094021975], [0.419973094021975, 0.419973094021975, 0.7219280948873623]], [[0.7219280948873623, 0.17095059445466876, 0.17095059445466876], [0.17095059445466876, 0.9709505944546686, 0.01997309402197489], [0.17095059445466876, 0.01997309402197489, 0.9709505944546686]], [[-0.0, 0.0, 0.0], [0.0, -0.0, 0.7219280948873623], [0.0, 0.7219280948873623, 0.7219280948873623]], [[0.9709505944546686, 0.01997309402197489, 0.3219280948873624], [0.01997309402197489, 0.9709505944546686, 0.3219280948873624], [0.3219280948873624, 0.3219280948873624, 0.9709505944546686]]], [[[0.9709505944546686, 0.1686216675320542, 0.1686216675320542], [0.1686216675320542, 0.9709505944546686, 0.4307766322700992], [0.1686216675320542, 0.4307766322700992, 0.8366407419411672]], [[0.9967916319816365, 0.5155062353900619, 0.18580516288960136], [0.5155062353900619, 0.7219280948873623, 0.32365019815155627], [0.18580516288960136, 0.32365019815155627, 0.9182958340544896]], [[0.9967916319816366, 0.24902249956730604, 0.419973094021975], [0.24902249956730604, 0.9709505944546686, 0.32365019815155605], [0.419973094021975, 0.32365019815155605, 0.9709505944546686]], [[0.9967916319816366, 0.02584103752696798, 0.20032681473009029], [0.02584103752696798, 0.9967916319816366, 0.08696657541873187], [0.20032681473009029, 0.08696657541873187, 0.8366407419411672]], [[0.9182958340544896, 0.18580516288960114, 0.40898662492993965], [0.18580516288960114, 0.9709505944546686, 0.5382689280764643], [0.40898662492993965, 0.5382689280764643, 0.9709505944546686]], [[0.9709505944546686, 0.0597731301493174, 0.4089866249299392], [0.0597731301493174, 0.9967916319816366, 0.05977313014931762], [0.4089866249299392, 0.05977313014931762, 0.9967916319816366]], [[0.9709505944546686, 0.28799600226501276, 0.4307766322700992], [0.28799600226501276, 0.9967916319816366, 0.28799600226501276], [0.4307766322700992, 0.28799600226501276, 0.9709505944546686]], [[0.7219280948873623, 0.007118369749138376, 0.10884853738273659], [0.007118369749138376, 0.9709505944546686, 0.40926436582784165], [0.10884853738273659, 0.40926436582784165, 0.9967916319816365]], [[0.8366407419411672, 0.5665095065529053, 0.13382784017470128], [0.5665095065529053, 0.9967916319816366, 0.13382784017470128], [0.13382784017470128, 0.13382784017470128, 0.9182958340544896]], [[0.9709505944546686, 0.013132465170738739, 0.17095059445466876], [0.013132465170738739, 0.9709505944546686, 0.5382689280764645], [0.17095059445466876, 0.5382689280764645, 0.9967916319816366]], [[0.9967916319816366, 0.1686216675320542, 0.25162916738782304], [0.1686216675320542, 0.9967916319816366, 0.02584103752696798], [0.25162916738782304, 0.02584103752696798, 0.9967916319816367]], [[0.9709505944546686, 0.4092643658278414, 0.0597731301493174], [0.4092643658278414, 0.9182958340544896, 0.5382689280764645], [0.0597731301493174, 0.5382689280764645, 0.9967916319816366]], [[0.7219280948873623, 0.03482766245690727, 0.3033074086078338], [0.03482766245690727, 0.9182958340544896, 0.4693224083193712], [0.3033074086078338, 0.4693224083193712, 0.9182958340544896]], [[0.7219280948873623, 0.3033074086078338, 0.02798703360567112], [0.3033074086078338, 0.9709505944546687, 0.3033074086078338], [0.02798703360567112, 0.3033074086078338, 0.9967916319816366]], [[0.9709505944546686, 0.11336023931135841, 0.5155062353900617], [0.11336023931135841, 0.9709505944546686, 0.5155062353900617], [0.5155062353900617, 0.5155062353900617, 0.9967916319816366]], [[0.9967916319816366, 0.11629598989239343, 0.00898662492993929], [0.11629598989239343, 0.9709505944546686, 0.11629598989239343], [0.00898662492993929, 0.11629598989239343, 0.9182958340544896]], [[0.7219280948873623, 0.11629598989239365, 0.0636412294922144], [0.11629598989239365, 0.9967916319816367, 0.06364122949221462], [0.0636412294922144, 0.06364122949221462, 0.9967916319816367]], [[0.9709505944546686, 0.06364122949221462, 0.24902249956730604], [0.06364122949221462, 0.7219280948873623, 0.008986624929939513], [0.24902249956730604, 0.008986624929939513, 0.9182958340544896]], [[0.8366407419411672, 0.694836631116249, 0.40898662492993965], [0.694836631116249, 0.9967916319816366, 0.2782599594171229], [0.40898662492993965, 0.2782599594171229, 0.9967916319816366]], [[0.5665095065529053, 0.39827789673580605, 0.2128966266607144], [0.39827789673580605, 0.8366407419411672, 0.10884853738273659], [0.2128966266607144, 0.10884853738273659, 0.9709505944546686]], [[0.9967916319816366, 0.4089866249299394, 0.18580516288960114], [0.4089866249299394, 0.9709505944546686, 0.18580516288960114], [0.18580516288960114, 0.18580516288960114, 0.9182958340544896]], [[0.5665095065529053, 0.08696657541873165, 0.008470777491584647], [0.08696657541873165, 0.9967916319816366, 0.006474767163413775], [0.008470777491584647, 0.006474767163413775, 0.9182958340544896]], [[0.9967916319816366, 0.24902249956730604, 0.03170514719803608], [0.24902249956730604, 0.9182958340544896, 0.010799704414199196], [0.03170514719803608, 0.010799704414199196, 0.9967916319816367]], [[0.9709505944546686, 0.010799704414199196, 0.3033074086078338], [0.010799704414199196, 0.9967916319816366, 0.5382689280764645], [0.3033074086078338, 0.5382689280764645, 0.9182958340544896]], [[0.7219280948873623, 0.40926436582784165, 0.10884853738273659], [0.40926436582784165, 0.9709505944546686, 0.16132036693900464], [0.10884853738273659, 0.16132036693900464, 0.9709505944546686]], [[0.9182958340544896, 0.16132036693900442, 0.10884853738273659], [0.16132036693900442, 0.8366407419411672, 0.02584103752696798], [0.10884853738273659, 0.02584103752696798, 0.9967916319816366]], [[0.9967916319816366, 0.16132036693900442, 0.5382689280764645], [0.16132036693900442, 0.7219280948873623, 0.5382689280764645], [0.5382689280764645, 0.5382689280764645, 0.9182958340544896]], [[0.9967916319816366, 0.07849579792714723, 0.24199510603823393], [0.07849579792714723, 0.9182958340544896, 0.3033074086078338], [0.24199510603823393, 0.3033074086078338, 0.9967916319816366]], [[0.8366407419411672, 0.07849579792714723, 0.32365019815155627], [0.07849579792714723, 0.9709505944546686, 0.10884853738273681], [0.32365019815155627, 0.10884853738273681, 0.9182958340544896]], [[0.9709505944546686, 0.28799600226501276, 0.1686216675320542], [0.28799600226501276, 0.9709505944546686, 0.10884853738273681], [0.1686216675320542, 0.10884853738273681, 0.9709505944546686]]], [[[0.9709505944546686, 0.0023126510871720463, 0.016220401818416885], [0.0023126510871720463, 0.8366407419411672, 0.32161199294486464], [0.016220401818416885, 0.32161199294486464, 0.9967916319816366]], [[0.9871377743721863, 0.08464544008452668, 0.1730292139254328], [0.08464544008452668, 0.9709505944546686, 0.22466926942193077], [0.1730292139254328, 0.22466926942193077, 0.7837769474847012]], [[0.9709505944546686, 0.353984548143494, 0.287996002265013], [0.353984548143494, 1.0, 0.12472319619090788], [0.287996002265013, 0.12472319619090788, 1.0]], [[0.9709505944546686, 0.38121435556157346, 0.21937709317449317], [0.38121435556157346, 0.9871377743721863, 0.4173000605299535], [0.21937709317449317, 0.4173000605299535, 1.0]], [[0.9871377743721863, 0.349520513250851, 0.07765863839781972], [0.349520513250851, 0.9967916319816366, 0.00015526119674369454], [0.07765863839781972, 0.00015526119674369454, 0.9709505944546687]], [[0.9182958340544896, 0.519656033385345, 0.5410993755248006], [0.519656033385345, 0.9709505944546686, 0.4756946671824991], [0.5410993755248006, 0.4756946671824991, 0.9709505944546687]], [[0.9480782435939055, 0.0002466613209630708, 0.4701911862421415], [0.0002466613209630708, 0.9480782435939055, 0.06519692407380062], [0.4701911862421415, 0.06519692407380062, 0.9871377743721863]], [[0.9709505944546686, 0.0017857818694213545, 0.38121435556157346], [0.0017857818694213545, 0.9967916319816365, 0.12829518609111434], [0.38121435556157346, 0.12829518609111434, 0.9709505944546686]], [[0.9871377743721863, 0.21774773053488206, 0.016788618106381437], [0.21774773053488206, 0.9871377743721863, 0.17471581346495046], [0.016788618106381437, 0.17471581346495046, 0.9709505944546687]], [[0.9871377743721863, 0.22854792415097092, 0.0912774462416801], [0.22854792415097092, 0.9709505944546686, 0.3958156020033583], [0.0912774462416801, 0.3958156020033583, 0.9709505944546686]], [[0.5665095065529053, 0.1250797123974785, 0.0], [0.1250797123974785, 0.9871377743721863, 0.36963098470896805], [0.0, 0.36963098470896805, 0.9967916319816366]], [[1.0, 0.22854792415097158, 0.3122506590559502], [0.22854792415097158, 0.9967916319816366, 0.32161199294486464], [0.3122506590559502, 0.32161199294486464, 0.9182958340544896]], [[0.8366407419411672, 0.15276909393303595, 0.15108049793486944], [0.15276909393303595, 0.9871377743721863, 0.0058021490143458365], [0.15108049793486944, 0.0058021490143458365, 0.9709505944546687]], [[0.8366407419411672, 0.25614086931644464, 0.35257283126150263], [0.25614086931644464, 0.9967916319816366, 0.08031596198774493], [0.35257283126150263, 0.08031596198774493, 0.9182958340544896]], [[0.9709505944546686, 0.35257283126150263, 0.6158245689721085], [0.35257283126150263, 0.9709505944546686, 0.7038830210957336], [0.6158245689721085, 0.7038830210957336, 0.9182958340544896]], [[1.0, 0.02915719641734338, 0.07787058480507447], [0.02915719641734338, 0.9709505944546686, 0.265805022934849], [0.07787058480507447, 0.265805022934849, 0.9967916319816366]], [[0.9480782435939055, 0.22854792415097114, 0.270633533818039], [0.22854792415097114, 0.9709505944546686, 0.7038830210957336], [0.270633533818039, 0.7038830210957336, 0.9871377743721863]], [[0.9709505944546686, 0.028921357907318868, 0.20410382068336097], [0.028921357907318868, 0.9182958340544896, 0.11442784962394259], [0.20410382068336097, 0.11442784962394259, 1.0]], [[0.9182958340544896, 0.3219280948873622, 0.11774369689072062], [0.3219280948873622, 0.9967916319816366, 0.0308206926650596], [0.11774369689072062, 0.0308206926650596, 1.0]], [[0.9182958340544896, 0.030685166848143375, 0.1686216675320542], [0.030685166848143375, 1.0, 0.4092643658278414], [0.1686216675320542, 0.4092643658278414, 0.783776947484701]], [[1.0, 0.7571469388499346, 0.21774773053488206], [0.7571469388499346, 0.9480782435939055, 0.26580502293484876], [0.21774773053488206, 0.26580502293484876, 0.9967916319816366]], [[0.9480782435939055, 0.019819440750390438, 0.028921357907318868], [0.019819440750390438, 0.9182958340544896, 0.11442784962394237], [0.028921357907318868, 0.11442784962394237, 0.9967916319816366]], [[0.9182958340544896, 0.18245733773900064, 0.25647059639750247], [0.18245733773900064, 0.9967916319816366, 0.14465792916828724], [0.25647059639750247, 0.14465792916828724, 0.8366407419411672]], [[0.9709505944546687, 0.2862286076020333, 1.652216130354489e-05], [0.2862286076020333, 0.9480782435939055, 0.0017160085253553614], [1.652216130354489e-05, 0.0017160085253553614, 0.9480782435939055]], [[0.9871377743721863, 0.05902185160393114, 0.2812908992306924], [0.05902185160393114, 0.7219280948873623, 0.337115352723832], [0.2812908992306924, 0.337115352723832, 0.9967916319816366]], [[0.9709505944546686, 0.20410382068336075, 0.11629598989239343], [0.20410382068336075, 0.8812908992306927, 0.008690515487248751], [0.11629598989239343, 0.008690515487248751, 0.9182958340544896]], [[0.9182958340544896, 0.26608155392785937, 0.0833421061742683], [0.26608155392785937, 0.9709505944546686, 0.3122506590559502], [0.0833421061742683, 0.3122506590559502, 0.9182958340544896]], [[0.8812908992306926, 0.22854792415097158, 0.0597731301493174], [0.22854792415097158, 0.9182958340544896, 0.2561408693164444], [0.0597731301493174, 0.2561408693164444, 0.9709505944546686]], [[0.9967916319816366, 0.38121435556157346, 0.26580502293484876], [0.38121435556157346, 0.9871377743721863, 0.42746437072547616], [0.26580502293484876, 0.42746437072547616, 0.6500224216483543]], [[0.9967916319816366, 0.3198217846704958, 0.419973094021975], [0.3198217846704958, 0.9182958340544896, 0.27825995941712267], [0.419973094021975, 0.27825995941712267, 0.9871377743721863]]], [[[0.9043814577244939, 0.3098974023409915, 0.013002696824879978], [0.3098974023409915, 0.9895875212220555, 0.19831470472811974], [0.013002696824879978, 0.19831470472811974, 0.9709505944546686]], [[0.9814538950336535, 0.1620504726853238, 0.2591912133743337], [0.1620504726853238, 0.9043814577244939, 0.3153140800617509], [0.2591912133743337, 0.3153140800617509, 0.9580420222262995]], [[0.9709505944546686, 0.42363050619758424, 0.058220501193151364], [0.42363050619758424, 0.9580420222262995, 0.020671894687498416], [0.058220501193151364, 0.020671894687498416, 0.9953784388202257]], [[1.0, 0.17783495958935935, 0.10033098702577647], [0.17783495958935935, 0.9988455359952018, 0.31410529073741444], [0.10033098702577647, 0.31410529073741444, 0.9709505944546686]], [[0.9580420222262995, 0.001191715013378447, 0.1321745031619741], [0.001191715013378447, 0.9814538950336535, 0.051421645640669755], [0.1321745031619741, 0.051421645640669755, 0.9709505944546686]], [[0.9953784388202257, 0.012431338891615296, 0.1975767588308457], [0.012431338891615296, 0.9814538950336537, 0.28400016039522313], [0.1975767588308457, 0.28400016039522313, 0.998845535995202]], [[0.9709505944546686, 0.10230271649153644, 0.021569156313903548], [0.10230271649153644, 0.9426831892554922, 0.20025152861421414], [0.021569156313903548, 0.20025152861421414, 0.9895875212220556]], [[0.9426831892554922, 0.07413038260435934, 0.1251472462108072], [0.07413038260435934, 0.9814538950336535, 0.05426810297375817], [0.1251472462108072, 0.05426810297375817, 1.0]], [[0.8554508105601306, 0.18708172615496776, 0.36222170447654767], [0.18708172615496776, 0.92481870497303, 0.38072978200300844], [0.36222170447654767, 0.38072978200300844, 0.9426831892554922]], [[0.9953784388202257, 0.15053260515484057, 0.027523618562470986], [0.15053260515484057, 1.0, 0.22005371196827794], [0.027523618562470986, 0.22005371196827794, 0.8812908992306927]], [[0.9043814577244939, 0.0511602577081165, 0.13233101529316138], [0.0511602577081165, 0.8267463724926178, 0.1794233903677307], [0.13233101529316138, 0.1794233903677307, 0.9895875212220556]], [[0.9814538950336537, 0.13332026884525128, 0.19998054879198368], [0.13332026884525128, 0.92481870497303, 0.2866589220596112], [0.19998054879198368, 0.2866589220596112, 0.9709505944546686]], [[0.9814538950336535, 0.4053840719308486, 0.27809528024871444], [0.4053840719308486, 0.9043814577244937, 0.24136020856772133], [0.27809528024871444, 0.24136020856772133, 0.9814538950336535]], [[0.9895875212220556, 0.506803759740055, 0.14384408152548622], [0.506803759740055, 0.9043814577244939, 0.18618929817660423], [0.14384408152548622, 0.18618929817660423, 0.9814538950336537]], [[0.9248187049730301, 0.3233536482776742, 0.3017884789153855], [0.3233536482776742, 0.9814538950336535, 0.0002770536303620119], [0.3017884789153855, 0.0002770536303620119, 0.9814538950336535]], [[0.9709505944546686, 0.304761698262916, 0.41901111913834277], [0.304761698262916, 0.9953784388202257, 0.14914825296222634], [0.41901111913834277, 0.14914825296222634, 1.0]], [[0.9895875212220556, 0.17816112016727503, 0.01997309402197489], [0.17816112016727503, 0.9814538950336537, 0.2609128827071161], [0.01997309402197489, 0.2609128827071161, 0.9043814577244939]], [[0.9814538950336535, 0.44189635028769425, 0.13473180794479633], [0.44189635028769425, 0.9709505944546687, 0.23584174178579786], [0.13473180794479633, 0.23584174178579786, 0.998845535995202]], [[0.9953784388202257, 0.26438145772449406, 0.1930520994690459], [0.26438145772449406, 0.9426831892554922, 0.15475036793804753], [0.1930520994690459, 0.15475036793804753, 0.9953784388202257]], [[0.9953784388202257, 0.07279360681509073, 0.06504536090772128], [0.07279360681509073, 0.9709505944546686, 0.3325360403497184], [0.06504536090772128, 0.3325360403497184, 0.6343095546405662]], [[0.9709505944546686, 0.20668898609647934, 0.4275338786772378], [0.20668898609647934, 0.9988455359952018, 0.2591912133743337], [0.4275338786772378, 0.2591912133743337, 0.9709505944546686]], [[0.9248187049730301, 0.0, 5.52924728207671e-05], [0.0, 0.7950402793845222, 0.41776674839550076], [5.52924728207671e-05, 0.41776674839550076, 0.9709505944546686]], [[0.9709505944546686, 0.24638116719227465, 0.3669183818693269], [0.24638116719227465, 1.0, 0.34768401487764544], [0.3669183818693269, 0.34768401487764544, 0.9895875212220555]], [[0.998845535995202, 0.17340936830994624, 0.02984039817380557], [0.17340936830994624, 0.9988455359952018, 0.17359999102287538], [0.02984039817380557, 0.17359999102287538, 0.998845535995202]], [[0.9953784388202257, 0.22194872432429658, 0.012390319024352392], [0.22194872432429658, 0.9895875212220556, 0.0944342225652306], [0.012390319024352392, 0.0944342225652306, 0.9426831892554922]], [[0.9814538950336535, 0.06865729141222965, 0.34625419883725783], [0.06865729141222965, 0.9709505944546686, 0.22500871144159795], [0.34625419883725783, 0.22500871144159795, 0.9580420222262995]], [[0.9814538950336535, 0.3724078184005486, 0.22855222198953018], [0.3724078184005486, 0.9953784388202257, 0.35219953888591826], [0.22855222198953018, 0.35219953888591826, 0.8267463724926178]], [[0.9895875212220556, 0.016358910459514764, 0.08350365036902851], [0.016358910459514764, 0.9895875212220556, 0.13402480476441458], [0.08350365036902851, 0.13402480476441458, 0.9814538950336535]], [[0.9895875212220556, 0.19514700330925128, 0.06954618190327855], [0.19514700330925128, 0.9043814577244939, 0.2305978014447274], [0.06954618190327855, 0.2305978014447274, 0.9895875212220557]], [[0.9895875212220556, 0.09681371765314539, 0.2336352595271216], [0.09681371765314539, 0.998845535995202, 0.5271381453365389], [0.2336352595271216, 0.5271381453365389, 0.9988455359952018]]], [[[0.9506720926870659, 0.37167117103252556, 0.011222705771370745], [0.37167117103252556, 0.9814538950336535, 0.28017153735733946], [0.011222705771370745, 0.28017153735733946, 0.9426831892554922]], [[0.9974015885677396, 0.25120127174948537, 0.2130336587637638], [0.25120127174948537, 0.9974015885677396, 0.2973692800196228], [0.2130336587637638, 0.2973692800196228, 0.9647995485050872]], [[0.9814538950336535, 0.3894315940482087, 0.27811102284819955], [0.3894315940482087, 0.9988455359952018, 0.4302802677175708], [0.27811102284819955, 0.4302802677175708, 0.9580420222262995]], [[0.9043814577244937, 0.3411409624747124, 0.45312794164033776], [0.3411409624747124, 1.0, 0.4297274858932951], [0.45312794164033776, 0.4297274858932951, 0.998845535995202]], [[0.9647995485050872, 0.2481920558499917, 0.06803791351168775], [0.2481920558499917, 0.9927744539878083, 0.30252825918145154], [0.06803791351168775, 0.30252825918145154, 0.9895875212220556]], [[0.9149263727797275, 0.21512446341981173, 0.24659040716137293], [0.21512446341981173, 0.9997114417528099, 0.2754734936803773], [0.24659040716137293, 0.2754734936803773, 0.9765004687578239]], [[0.9997114417528098, 0.3622438413107749, 0.3142907187659667], [0.3622438413107749, 0.9927744539878083, 0.15632117380884214], [0.3142907187659667, 0.15632117380884214, 0.9426831892554923]], [[0.9709505944546686, 0.14440540251790202, 0.3142772666831182], [0.14440540251790202, 0.9895875212220556, 0.05315195299480502], [0.3142772666831182, 0.05315195299480502, 0.9927744539878083]], [[0.9248187049730301, 0.23752085362297182, 0.02036239549595731], [0.23752085362297182, 0.9580420222262995, 0.03581931741507427], [0.02036239549595731, 0.03581931741507427, 0.9580420222262995]], [[0.9580420222262995, 0.39894959742802216, 0.29649315495003026], [0.39894959742802216, 0.9858150371789197, 0.13821872709515048], [0.29649315495003026, 0.13821872709515048, 0.9580420222262995]], [[0.9765004687578239, 0.20929371608141234, 0.30252825918145154], [0.20929371608141234, 0.9895875212220557, 0.34753217297359584], [0.30252825918145154, 0.34753217297359584, 0.9974015885677396]], [[0.9043814577244939, 0.1439773148662311, 0.1253807149512598], [0.1439773148662311, 0.9647995485050872, 0.15032610140322444], [0.1253807149512598, 0.15032610140322444, 0.9895875212220556]], [[0.9814538950336537, 0.1686571371953285, 0.08809686134867234], [0.1686571371953285, 0.9895875212220555, 0.01260694887731062], [0.08809686134867234, 0.01260694887731062, 0.9647995485050873]], [[0.9149263727797275, 0.28075541980410823, 0.0921333965646649], [0.28075541980410823, 0.9858150371789198, 0.26803529901220613], [0.0921333965646649, 0.26803529901220613, 0.9927744539878083]], [[0.9927744539878083, 0.0953321134188927, 0.09309797926288832], [0.0953321134188927, 0.9506720926870659, 0.37335512684626426], [0.09309797926288832, 0.37335512684626426, 0.9895875212220556]], [[0.9580420222262995, 0.16043068612097144, 0.017637690280676077], [0.16043068612097144, 0.9647995485050872, 0.4128299671697937], [0.017637690280676077, 0.4128299671697937, 0.9988455359952018]], [[0.8931734583778568, 0.27884351448546996, 0.10155949136066944], [0.27884351448546996, 0.9927744539878083, 0.39071353028742095], [0.10155949136066944, 0.39071353028742095, 0.9426831892554923]], [[0.9927744539878083, 0.22500871144159773, 0.20888335367698696], [0.22500871144159773, 0.9506720926870659, 0.26603829045696914], [0.20888335367698696, 0.26603829045696914, 0.9814538950336535]], [[0.9426831892554922, 0.2739255776552241, 0.042242138816883656], [0.2739255776552241, 0.9953784388202257, 0.2653510440784572], [0.042242138816883656, 0.2653510440784572, 0.9647995485050871]], [[0.9709505944546686, 0.21146013699902255, 0.01776235075330157], [0.21146013699902255, 0.9895875212220555, 0.2439915389558056], [0.01776235075330157, 0.2439915389558056, 0.9814538950336535]], [[0.9709505944546686, 0.22568294138277323, 0.1624416372487234], [0.22568294138277323, 0.934068055375491, 0.3347589042475809], [0.1624416372487234, 0.3347589042475809, 0.8931734583778567]], [[0.9927744539878083, 0.12878805407467686, 0.3471589404506019], [0.12878805407467686, 0.8931734583778567, 0.0663493356547935], [0.3471589404506019, 0.0663493356547935, 0.8554508105601306]], [[0.9426831892554923, 0.275073036401595, 0.41338122846885916], [0.275073036401595, 0.976500468757824, 0.2846802934907293], [0.41338122846885916, 0.2846802934907293, 0.9988455359952018]], [[0.9506720926870659, 0.35805859572646237, 0.03746720301878281], [0.35805859572646237, 0.9953784388202257, 0.13951613392812567], [0.03746720301878281, 0.13951613392812567, 0.9858150371789198]], [[0.9580420222262995, 0.01006661430150535, 0.16925991982125543], [0.01006661430150535, 0.9974015885677396, 0.3256819913389757], [0.16925991982125543, 0.3256819913389757, 0.9580420222262995]], [[0.9426831892554922, 0.233113903557028, 0.2963204335810521], [0.233113903557028, 0.9895875212220556, 0.008069253278215838], [0.2963204335810521, 0.008069253278215838, 0.934068055375491]], [[0.934068055375491, 0.39874731111030237, 0.41749119971526505], [0.39874731111030237, 0.9426831892554923, 0.33310506357288694], [0.41749119971526505, 0.33310506357288694, 0.9997114417528099]], [[0.9043814577244939, 0.3442170484550384, 0.42429688268200194], [0.3442170484550384, 0.934068055375491, 0.1594015485934781], [0.42429688268200194, 0.1594015485934781, 0.9997114417528099]], [[0.9426831892554922, 0.3510471827719335, 0.04018182448916385], [0.3510471827719335, 0.9997114417528099, 0.2947769347932323], [0.04018182448916385, 0.2947769347932323, 0.976500468757824]], [[0.9927744539878083, 0.0979660973977492, 0.27548223812326844], [0.0979660973977492, 0.976500468757824, 0.2356806331414525], [0.27548223812326844, 0.2356806331414525, 0.8931734583778567]]]], "cov_mat_data": [[[[0.96, -0.6400000000000001, 0.6400000000000001], [-0.6400000000000001, 0.96, -0.96], [0.6400000000000001, -0.96, 0.96]], [[0.96, -0.96, -0.48], [-0.96, 0.96, 0.48], [-0.48, 0.48, 0.6399999999999999]], [[0.96, 0.48, 0.96], [0.48, 0.6399999999999999, 0.48], [0.96, 0.48, 0.96]], [[0.6399999999999999, 0.32000000000000006, 0.48000000000000004], [0.32000000000000006, 0.96, -0.15999999999999998], [0.48000000000000004, -0.15999999999999998, 0.96]], [[0.6399999999999999, 0.48000000000000004, -0.16000000000000003], [0.48000000000000004, 0.96, -0.32000000000000006], [-0.16000000000000003, -0.32000000000000006, 0.6399999999999999]], [[0.96, 0.48000000000000004, 0.6400000000000001], [0.48000000000000004, 0.6399999999999999, 0.32000000000000006], [0.6400000000000001, 0.32000000000000006, 0.96]], [[0.6399999999999999, 0.6399999999999999, 0.6399999999999999], [0.6399999999999999, 0.6399999999999999, 0.6399999999999999], [0.6399999999999999, 0.6399999999999999, 0.6399999999999999]], [[0.6399999999999999, 0.32000000000000006, 0.6399999999999999], [0.32000000000000006, 0.96, 0.32000000000000006], [0.6399999999999999, 0.32000000000000006, 0.6399999999999999]], [[0.6399999999999999, -0.6399999999999999, 0.0], [-0.6399999999999999, 0.6399999999999999, 0.0], [0.0, 0.0, 0.0]], [[0.96, 0.96, 0.96], [0.96, 0.96, 0.96], [0.96, 0.96, 0.96]], [[0.96, -0.96, 0.96], [-0.96, 0.96, -0.96], [0.96, -0.96, 0.96]], [[0.6399999999999999, 0.48, 0.6399999999999999], [0.48, 0.96, 0.48], [0.6399999999999999, 0.48, 0.6399999999999999]], [[0.96, 0.48, 0.96], [0.48, 0.6399999999999999, 0.48], [0.96, 0.48, 0.96]], [[0.96, 0.6400000000000001, -0.96], [0.6400000000000001, 0.96, -0.6400000000000001], [-0.96, -0.6400000000000001, 0.96]], [[0.96, 0.96, -0.96], [0.96, 0.96, -0.96], [-0.96, -0.96, 0.96]], [[0.96, -0.15999999999999998, 0.48000000000000004], [-0.15999999999999998, 0.96, 0.32000000000000006], [0.48000000000000004, 0.32000000000000006, 0.6399999999999999]], [[0.6399999999999999, -0.48, -0.16000000000000014], [-0.48, 0.96, -0.48], [-0.16000000000000014, -0.48, 0.6399999999999999]], [[0.96, 0.96, -0.96], [0.96, 0.96, -0.96], [-0.96, -0.96, 0.96]], [[0.0, 0.0, 0.0], [0.0, 0.96, 0.15999999999999998], [0.0, 0.15999999999999998, 0.96]], [[0.96, -0.48000000000000004, 0.15999999999999998], [-0.48000000000000004, 0.6399999999999999, 0.32000000000000006], [0.15999999999999998, 0.32000000000000006, 0.96]], [[0.6399999999999999, -0.6399999999999999, -0.48], [-0.6399999999999999, 0.6399999999999999, 0.48], [-0.48, 0.48, 0.96]], [[0.96, -0.15999999999999998, -0.15999999999999998], [-0.15999999999999998, 0.96, -0.6400000000000001], [-0.15999999999999998, -0.6400000000000001, 0.96]], [[0.96, 0.48, -0.48], [0.48, 0.6399999999999999, -0.6399999999999999], [-0.48, -0.6399999999999999, 0.6399999999999999]], [[0.6399999999999999, -0.32000000000000006, 0.48000000000000004], [-0.32000000000000006, 0.96, -0.6400000000000001], [0.48000000000000004, -0.6400000000000001, 0.96]], [[0.96, -0.6400000000000001, -0.15999999999999998], [-0.6400000000000001, 0.96, 0.6400000000000001], [-0.15999999999999998, 0.6400000000000001, 0.96]], [[0.6399999999999999, 0.16000000000000014, -0.48], [0.16000000000000014, 0.6399999999999999, 0.48], [-0.48, 0.48, 0.96]], [[0.96, 0.32000000000000006, 0.6400000000000001], [0.32000000000000006, 0.6399999999999999, 0.48000000000000004], [0.6400000000000001, 0.48000000000000004, 0.96]], [[0.6399999999999999, -0.32000000000000006, 0.32000000000000006], [-0.32000000000000006, 0.96, -0.96], [0.32000000000000006, -0.96, 0.96]], [[0.0, 0.0, 0.0], [0.0, 0.96, -0.96], [0.0, -0.96, 0.96]], [[0.96, 0.96, -0.6400000000000001], [0.96, 0.96, -0.6400000000000001], [-0.6400000000000001, -0.6400000000000001, 0.96]]], [[[0.7822222222222223, 0.37333333333333335, -0.7111111111111112], [0.37333333333333335, 0.96, -0.5333333333333334], [-0.7111111111111112, -0.5333333333333334, 0.888888888888889]], [[0.9955555555555555, -0.6044444444444446, 0.35555555555555557], [-0.6044444444444446, 0.9955555555555555, -0.7111111111111111], [0.35555555555555557, -0.7111111111111111, 0.8888888888888888]], [[0.96, 1.3877787807814457e-17, -0.6400000000000001], [1.3877787807814457e-17, 0.8888888888888888, 0.5333333333333334], [-0.6400000000000001, 0.5333333333333334, 0.96]], [[0.9955555555555555, 0.7288888888888889, 0.6044444444444446], [0.7288888888888889, 0.9955555555555555, 0.8711111111111112], [0.6044444444444446, 0.8711111111111112, 0.9955555555555555]], [[0.9955555555555555, 0.6044444444444446, -0.8711111111111112], [0.6044444444444446, 0.9955555555555555, -0.7288888888888889], [-0.8711111111111112, -0.7288888888888889, 0.9955555555555555]], [[0.96, -0.5866666666666667, -0.6399999999999999], [-0.5866666666666667, 0.9955555555555555, 0.4799999999999999], [-0.6399999999999999, 0.4799999999999999, 0.96]], [[0.96, 0.5333333333333334, 0.37333333333333335], [0.5333333333333334, 0.8888888888888888, 0.17777777777777776], [0.37333333333333335, 0.17777777777777776, 0.7822222222222222]], [[0.8888888888888888, 0.5333333333333333, -0.5333333333333333], [0.5333333333333333, 0.96, -0.6933333333333334], [-0.5333333333333333, -0.6933333333333334, 0.96]], [[0.96, -0.8, 0.5866666666666667], [-0.8, 0.8888888888888888, -0.711111111111111], [0.5866666666666667, -0.711111111111111, 0.9955555555555555]], [[0.9955555555555555, -0.46222222222222226, 0.46222222222222226], [-0.46222222222222226, 0.9955555555555555, -0.46222222222222226], [0.46222222222222226, -0.46222222222222226, 0.9955555555555555]], [[0.6400000000000001, 0.5866666666666668, -0.5866666666666668], [0.5866666666666668, 0.7822222222222223, -0.7822222222222223], [-0.5866666666666668, -0.7822222222222223, 0.7822222222222223]], [[0.9955555555555555, 0.4266666666666667, -0.05333333333333332], [0.4266666666666667, 0.6399999999999999, 0.32000000000000006], [-0.05333333333333332, 0.32000000000000006, 0.96]], [[0.9955555555555555, 0.6222222222222222, 0.8533333333333334], [0.6222222222222222, 0.8888888888888888, 0.5333333333333333], [0.8533333333333334, 0.5333333333333333, 0.96]], [[0.96, 0.6400000000000001, -0.42666666666666664], [0.6400000000000001, 0.96, -0.64], [-0.42666666666666664, -0.64, 0.7822222222222222]], [[0.96, 0.37333333333333335, -0.15999999999999998], [0.37333333333333335, 0.96, -0.37333333333333335], [-0.15999999999999998, -0.37333333333333335, 0.7822222222222223]], [[0.96, -0.31999999999999995, 0.6933333333333334], [-0.31999999999999995, 0.9955555555555555, -0.31999999999999995], [0.6933333333333334, -0.31999999999999995, 0.96]], [[0.9955555555555555, -0.8533333333333334, 0.7111111111111111], [-0.8533333333333334, 0.96, -0.8], [0.7111111111111111, -0.8, 0.8888888888888888]], [[0.9955555555555555, 0.3377777777777777, 0.6222222222222222], [0.3377777777777777, 0.9955555555555555, 0.4444444444444445], [0.6222222222222222, 0.4444444444444445, 0.8888888888888888]], [[0.9955555555555555, 0.7111111111111111, -0.6044444444444445], [0.7111111111111111, 0.8888888888888888, -0.6222222222222222], [-0.6044444444444445, -0.6222222222222222, 0.9955555555555555]], [[0.9955555555555555, -0.48, 0.4622222222222222], [-0.48, 0.96, -0.48], [0.4622222222222222, -0.48, 0.9955555555555555]], [[0.6399999999999999, -0.5866666666666667, 0.37333333333333335], [-0.5866666666666667, 0.7822222222222222, -0.49777777777777776], [0.37333333333333335, -0.49777777777777776, 0.9955555555555555]], [[0.96, 0.8, 0.8], [0.8, 0.8888888888888888, 0.6222222222222222], [0.8, 0.6222222222222222, 0.8888888888888888]], [[0.8888888888888888, 0.35555555555555557, -0.35555555555555557], [0.35555555555555557, 0.9955555555555555, 0.49777777777777776], [-0.35555555555555557, 0.49777777777777776, 0.7822222222222222]], [[0.4622222222222221, -0.2133333333333333, -0.24888888888888883], [-0.2133333333333333, 0.96, -0.7466666666666667], [-0.24888888888888883, -0.7466666666666667, 0.9955555555555555]], [[0.96, 0.2666666666666667, -0.7466666666666667], [0.2666666666666667, 0.8888888888888888, -0.35555555555555557], [-0.7466666666666667, -0.35555555555555557, 0.9955555555555555]], [[0.7822222222222223, -0.4444444444444445, 0.64], [-0.4444444444444445, 0.888888888888889, -0.8], [0.64, -0.8, 0.96]], [[0.7822222222222223, 0.4444444444444445, 0.39111111111111113], [0.4444444444444445, 0.888888888888889, 0.3555555555555556], [0.39111111111111113, 0.3555555555555556, 0.4622222222222222]], [[0.8888888888888888, -0.8, 0.8888888888888888], [-0.8, 0.96, -0.8], [0.8888888888888888, -0.8, 0.8888888888888888]], [[0.96, -0.4266666666666667, -0.5866666666666668], [-0.4266666666666667, 0.96, 0.5866666666666668], [-0.5866666666666668, 0.5866666666666668, 0.9955555555555555]], [[0.8888888888888888, -0.7111111111111111, 0.8], [-0.7111111111111111, 0.7822222222222223, -0.6399999999999999], [0.8, -0.6399999999999999, 0.96]]], [[[0.7822222222222222, 0.4266666666666667, 0.3022222222222223], [0.4266666666666667, 0.96, 0.7466666666666667], [0.3022222222222223, 0.7466666666666667, 0.9955555555555555]], [[1.0, 0.8, 0.6666666666666667], [0.8, 0.9955555555555555, 0.7466666666666667], [0.6666666666666667, 0.7466666666666667, 0.96]], [[0.9288888888888889, -0.5155555555555555, 0.5511111111111111], [-0.5155555555555555, 0.9955555555555555, -0.6044444444444446], [0.5511111111111111, -0.6044444444444446, 0.9955555555555555]], [[0.9822222222222222, -0.37333333333333324, 0.5599999999999999], [-0.37333333333333324, 0.96, -0.5066666666666667], [0.5599999999999999, -0.5066666666666667, 0.96]], [[0.9955555555555555, -0.6666666666666665, -0.6755555555555554], [-0.6666666666666665, 1.0, 0.5999999999999999], [-0.6755555555555554, 0.5999999999999999, 0.9822222222222222]], [[0.9822222222222222, 0.6577777777777778, -0.5599999999999999], [0.6577777777777778, 0.9955555555555555, -0.48], [-0.5599999999999999, -0.48, 0.96]], [[0.9288888888888889, 0.5644444444444444, 0.5377777777777777], [0.5644444444444444, 0.9822222222222222, 0.5022222222222222], [0.5377777777777777, 0.5022222222222222, 0.9288888888888889]], [[0.9822222222222222, -0.2933333333333334, 0.21777777777777776], [-0.2933333333333334, 0.96, 0.4266666666666667], [0.21777777777777776, 0.4266666666666667, 0.9822222222222222]], [[0.8400000000000001, 0.5199999999999999, 0.25333333333333335], [0.5199999999999999, 0.9822222222222222, 0.7155555555555556], [0.25333333333333335, 0.7155555555555556, 0.9822222222222222]], [[0.9288888888888889, -0.5511111111111111, -0.6622222222222223], [-0.5511111111111111, 0.9955555555555555, 0.6844444444444445], [-0.6622222222222223, 0.6844444444444445, 0.9288888888888889]], [[0.9955555555555555, 0.5955555555555555, -0.7911111111111111], [0.5955555555555555, 0.9955555555555555, -0.7911111111111112], [-0.7911111111111111, -0.7911111111111112, 0.9822222222222222]], [[0.9288888888888889, -0.31111111111111117, -0.6844444444444445], [-0.31111111111111117, 0.888888888888889, 0.6222222222222223], [-0.6844444444444445, 0.6222222222222223, 0.9955555555555555]], [[0.9288888888888889, -0.4666666666666667, -0.4311111111111111], [-0.4666666666666667, 1.0, 0.4666666666666666], [-0.4311111111111111, 0.4666666666666666, 0.9822222222222222]], [[0.9288888888888889, 0.4311111111111111, 0.5777777777777778], [0.4311111111111111, 0.9822222222222222, 0.6222222222222223], [0.5777777777777778, 0.6222222222222223, 0.8888888888888888]], [[0.8888888888888888, 0.04444444444444444, 0.39999999999999997], [0.04444444444444444, 0.9955555555555555, 0.3466666666666667], [0.39999999999999997, 0.3466666666666667, 0.96]], [[0.96, 0.7200000000000001, -0.8], [0.7200000000000001, 0.8400000000000001, -0.6], [-0.8, -0.6, 1.0]], [[0.9822222222222222, 0.7511111111111112, 0.6977777777777778], [0.7511111111111112, 0.9822222222222222, 0.5022222222222222], [0.6977777777777778, 0.5022222222222222, 0.9288888888888889]], [[0.9955555555555555, -0.5333333333333333, 0.391111111111111], [-0.5333333333333333, 1.0, -0.6], [0.391111111111111, -0.6, 0.9822222222222222]], [[0.8888888888888888, 0.7555555555555555, 0.7111111111111111], [0.7555555555555555, 0.8888888888888888, 0.8444444444444444], [0.7111111111111111, 0.844444444