{
 "cells": [
  {
   "attachments": {},
   "cell_type": "markdown",
   "metadata": {},
   "source": [
    "# High-level Comparison Between the Network Covariance and Characteristic Matrices\n",
    "\n",
    "In this notebook, we provide a rough comparison between covariance-based and entropy-based topology inference methods.\n",
    "The goal is to test each method across a range of entangled states to get an idea of their relative performance.\n",
    "\n",
    "\n",
    "## Key Differences\n",
    "\n",
    "### Covariance Matrix Advantages\n",
    "\n",
    "There is a significant performance advantage over the characteristic matrix:\n",
    "* This can easily be observed by noting the cell execution times, especially when more qubits are considered. \n",
    "* The covariance is evaluated from one circuit evaluation $O(1)$, whereas the charcteristic matrix requires a minimum of $O(n^2)$ circuit evaluations where $n$ is the number of qubits. Given clever parallelization in quantum circuits, the characteristic matrix may be evaluated in $O(n)$.\n",
    "* Optimizing the covariance matrix seems to require significantly fewer steps than needed to successfully infer topology using the characteristic matrix. This means that fewer circuits need to be run.\n",
    "* The optimization appears to be more robust and less susceptible to local minima. We see this in the fact that the characteristic matrix often fails to infer the GHZ states with more than 3 qubits.\n",
    "\n",
    "\n",
    "### Characteristic Matrix Advantages\n",
    "\n",
    "A key difference between the covariance and characteristic matrices is that the covariance matrix seems to always have ones along the diagonal, even if the measured qubit is not correlated with any other qubits. On the contrary, the characteristic matrix measures a zero von neumann entropy if there is no correlation whatsoever.\n",
    "\n",
    "The threshold of deciding if a correlation exists needs to be raised as the number of shots decreases.\n",
    "The rate at which covariance methods need to be raised seems to more than characteristic matrices.\n",
    "This may mean, that the variance of the entropic quantities in the low shot regime are improved over those of the covariance matrix."
   ]
  },
  {
   "cell_type": "code",
   "execution_count": 1,
   "metadata": {},
   "outputs": [
    {
     "name": "stdout",
     "output_type": "stream",
     "text": [
      "0.4.1\n",
      "0.28.0\n"
     ]
    }
   ],
   "source": [
    "import qnetti\n",
    "import pennylane as qml\n",
    "from pennylane import numpy as qnp\n",
    "import qnetvo\n",
    "\n",
    "print(qnetvo.__version__)\n",
    "print(qml.__version__)"
   ]
  },
  {
   "cell_type": "code",
   "execution_count": 2,
   "metadata": {},
   "outputs": [],
   "source": [
    "def decision_matrix(mat, atol=0.1):\n",
    "    return qnp.where(qnp.abs(mat) > atol, 1, 0)\n",
    "\n",
    "\n",
    "def matrix_distance(mat1, mat2):\n",
    "    return qnp.linalg.norm(qnp.array(mat1) - qnp.abs(qnp.array(mat2)))\n",
    "\n",
    "\n",
    "def characteristic_matrix_inference(prep_node, expected_mat, **kwargs):\n",
    "    char_mat, mi_opt_dict, vn_opt_dict = qnetti.optimize_characteristic_matrix(prep_node, **kwargs)\n",
    "    dec_mat = decision_matrix(char_mat)\n",
    "    char_dist = matrix_distance(expected_mat, char_mat)\n",
    "\n",
    "    print(\"characteristic matrix :\\n\", char_mat)\n",
    "    print(\"decision matrix :\\n\", dec_mat)\n",
    "    print(\"expected matrix :\\n\", expected_mat)\n",
    "    print(\"distance to expected : \", char_dist)\n",
    "\n",
    "\n",
    "def covariance_matrix_inference(\n",
    "    prep_node,\n",
    "    expected_mat,\n",
    "    **kwargs,\n",
    "):\n",
    "    # settings = qnp.random.rand(3 * num_qubits, requires_grad=True)\n",
    "    # cov_cost = qnetti.qubit_covariance_cost_fn(\n",
    "    #     prep_node, meas_wires=meas_wires, shots=shots, qnode_kwargs=qnode_kwargs\n",
    "    # )\n",
    "\n",
    "    # settings_list = [settings]\n",
    "    # cost_vals = [cov_cost(settings)]\n",
    "\n",
    "    # opt = qml.GradientDescentOptimizer(stepsize=step_size)\n",
    "    # for i in range(num_steps):\n",
    "    #     settings, cost_val = opt.step_and_cost(cov_cost, settings)\n",
    "\n",
    "    #     cost_vals += [cost_val]\n",
    "    #     settings_list += [settings]\n",
    "\n",
    "    # min_id = qnp.argmin(cost_vals)\n",
    "    # min_cost = cost_vals[min_id]\n",
    "    # opt_settings = settings_list[min_id]\n",
    "\n",
    "    # cov_mat = qnetti.qubit_covariance_matrix_fn(\n",
    "    #     prep_node, meas_wires=meas_wires, shots=shots, qnode_kwargs=qnode_kwargs\n",
    "    # )(opt_settings)\n",
    "    # dec_mat = decision_matrix(cov_mat, atol=atol)\n",
    "    # cov_dist = matrix_distance(expected_mat, cov_mat)\n",
    "\n",
    "    cov_mat, opt_dict = qnetti.optimize_covariance_matrix(prep_node, **kwargs)\n",
    "    dec_mat = decision_matrix(cov_mat)\n",
    "\n",
    "    print(\"covariance matrix :\\n\", cov_mat)\n",
    "    print(\"decision matrix :\\n\", dec_mat)\n",
    "    print(\"expected matrix :\\n\", expected_mat)"
   ]
  },
  {
   "attachments": {},
   "cell_type": "markdown",
   "metadata": {},
   "source": [
    "## Two-Qubit GHZ State"
   ]
  },
  {
   "cell_type": "code",
   "execution_count": 3,
   "metadata": {},
   "outputs": [],
   "source": [
    "ghz2_mat = qnp.ones((2, 2))\n",
    "\n",
    "\n",
    "def rot_bell_state(settings, wires):\n",
    "    qnetvo.ghz_state(settings, wires)\n",
    "    qml.ArbitraryUnitary([qnp.pi / 4, 0.3, -1.5], wires=[wires[0]])\n",
    "    qml.ArbitraryUnitary([-0.7, 2.9, 1.2], wires=[wires[1]])\n",
    "\n",
    "\n",
    "bell_state_prep_node = qnetvo.PrepareNode(wires=[0, 1], ansatz_fn=rot_bell_state)"
   ]
  },
  {
   "cell_type": "code",
   "execution_count": 4,
   "metadata": {},
   "outputs": [
    {
     "name": "stdout",
     "output_type": "stream",
     "text": [
      "characteristic matrix :\n",
      " [[1.         0.99997966]\n",
      " [0.99997966 1.        ]]\n",
      "decision matrix :\n",
      " [[1 1]\n",
      " [1 1]]\n",
      "expected matrix :\n",
      " [[1. 1.]\n",
      " [1. 1.]]\n",
      "distance to expected :  2.8771619012054495e-05\n"
     ]
    }
   ],
   "source": [
    "characteristic_matrix_inference(\n",
    "    bell_state_prep_node, ghz2_mat, mi_opt_kwargs={\"num_steps\": 15, \"step_size\": 0.1}\n",
    ")"
   ]
  },
  {
   "cell_type": "code",
   "execution_count": 5,
   "metadata": {},
   "outputs": [
    {
     "name": "stdout",
     "output_type": "stream",
     "text": [
      "covariance matrix :\n",
      " [[1.         0.99999918]\n",
      " [0.99999918 1.        ]]\n",
      "decision matrix :\n",
      " [[1 1]\n",
      " [1 1]]\n",
      "expected matrix :\n",
      " [[1. 1.]\n",
      " [1. 1.]]\n"
     ]
    }
   ],
   "source": [
    "covariance_matrix_inference(\n",
    "    bell_state_prep_node,\n",
    "    ghz2_mat,\n",
    "    step_size=0.2,\n",
    "    num_steps=6,\n",
    "    verbose=False,\n",
    ")"
   ]
  },
  {
   "attachments": {},
   "cell_type": "markdown",
   "metadata": {},
   "source": [
    "## 3-Qubit GHZ state"
   ]
  },
  {
   "cell_type": "code",
   "execution_count": 6,
   "metadata": {},
   "outputs": [],
   "source": [
    "ghz3_mat = qnp.ones((3, 3))\n",
    "\n",
    "\n",
    "def rot_ghz3_state(settings, wires):\n",
    "    qnetvo.ghz_state(settings, wires)\n",
    "    qml.ArbitraryUnitary([qnp.pi / 4, 0.3, -1.5], wires=[wires[0]])\n",
    "    qml.ArbitraryUnitary([-0.7, 2.9, 1.2], wires=[wires[1]])\n",
    "    qml.ArbitraryUnitary([-0.9, 0.9, 0.12], wires=[wires[2]])\n",
    "\n",
    "\n",
    "ghz3_state_prep_node = qnetvo.PrepareNode(wires=[0, 1, 2], ansatz_fn=rot_ghz3_state)"
   ]
  },
  {
   "cell_type": "code",
   "execution_count": 11,
   "metadata": {},
   "outputs": [
    {
     "name": "stdout",
     "output_type": "stream",
     "text": [
      "characteristic matrix :\n",
      " [[1.         0.98950007 0.99026563]\n",
      " [0.98950007 1.         0.98767853]\n",
      " [0.99026563 0.98767853 1.        ]]\n",
      "decision matrix :\n",
      " [[1 1 1]\n",
      " [1 1 1]\n",
      " [1 1 1]]\n",
      "expected matrix :\n",
      " [[1. 1. 1.]\n",
      " [1. 1. 1.]\n",
      " [1. 1. 1.]]\n",
      "distance to expected :  0.026714230804181914\n"
     ]
    }
   ],
   "source": [
    "characteristic_matrix_inference(\n",
    "    ghz3_state_prep_node,\n",
    "    ghz3_mat,\n",
    "    mi_opt_kwargs={\"num_steps\": 40, \"step_size\": 0.4},\n",
    "    use_measured_mutual_info=False,\n",
    ")"
   ]
  },
  {
   "cell_type": "code",
   "execution_count": 12,
   "metadata": {},
   "outputs": [
    {
     "name": "stdout",
     "output_type": "stream",
     "text": [
      "characteristic matrix :\n",
      " [[1.         0.98903036 0.99691531]\n",
      " [0.98903036 1.         0.98888036]\n",
      " [0.99691531 0.98888036 1.        ]]\n",
      "decision matrix :\n",
      " [[1 1 1]\n",
      " [1 1 1]\n",
      " [1 1 1]]\n",
      "expected matrix :\n",
      " [[1. 1. 1.]\n",
      " [1. 1. 1.]\n",
      " [1. 1. 1.]]\n",
      "distance to expected :  0.022516419587203233\n"
     ]
    }
   ],
   "source": [
    "characteristic_matrix_inference(\n",
    "    ghz3_state_prep_node,\n",
    "    ghz3_mat,\n",
    "    mi_opt_kwargs={\"num_steps\": 40, \"step_size\": 0.4},\n",
    "    use_measured_mutual_info=True,\n",
    ")"
   ]
  },
  {
   "cell_type": "code",
   "execution_count": 13,
   "metadata": {},
   "outputs": [
    {
     "name": "stdout",
     "output_type": "stream",
     "text": [
      "covariance matrix :\n",
      " [[ 1.          0.99999998 -0.99999998]\n",
      " [ 0.99999998  1.         -1.        ]\n",
      " [-0.99999998 -1.          1.        ]]\n",
      "decision matrix :\n",
      " [[1 1 1]\n",
      " [1 1 1]\n",
      " [1 1 1]]\n",
      "expected matrix :\n",
      " [[1. 1. 1.]\n",
      " [1. 1. 1.]\n",
      " [1. 1. 1.]]\n"
     ]
    }
   ],
   "source": [
    "covariance_matrix_inference(\n",
    "    ghz3_state_prep_node,\n",
    "    ghz3_mat,\n",
    "    step_size=0.1,\n",
    "    num_steps=15,\n",
    "    verbose=False,\n",
    ")"
   ]
  },
  {
   "attachments": {},
   "cell_type": "markdown",
   "metadata": {},
   "source": [
    "## 4-Qubit GHZ"
   ]
  },
  {
   "cell_type": "code",
   "execution_count": 14,
   "metadata": {},
   "outputs": [],
   "source": [
    "ghz4_mat = qnp.ones((4, 4))\n",
    "\n",
    "\n",
    "def rot_ghz4_state(settings, wires):\n",
    "    qnetvo.ghz_state(settings, wires)\n",
    "    qml.ArbitraryUnitary([qnp.pi / 4, 0.3, -1.5], wires=[wires[0]])\n",
    "    qml.ArbitraryUnitary([-0.7, 2.9, 1.2], wires=[wires[1]])\n",
    "    qml.ArbitraryUnitary([-0.9, 0.9, 0.12], wires=[wires[2]])\n",
    "    qml.ArbitraryUnitary([2, 2, 2], wires=[wires[3]])\n",
    "\n",
    "\n",
    "ghz4_state_prep_node = qnetvo.PrepareNode(wires=[0, 1, 2, 3], ansatz_fn=rot_ghz4_state)"
   ]
  },
  {
   "cell_type": "code",
   "execution_count": 16,
   "metadata": {},
   "outputs": [
    {
     "name": "stdout",
     "output_type": "stream",
     "text": [
      "characteristic matrix :\n",
      " [[1.         0.99997516 0.9999832  0.96370601]\n",
      " [0.99997516 1.         0.99996854 0.96370011]\n",
      " [0.9999832  0.99996854 1.         0.96370331]\n",
      " [0.96370601 0.96370011 0.96370331 1.        ]]\n",
      "decision matrix :\n",
      " [[1 1 1 1]\n",
      " [1 1 1 1]\n",
      " [1 1 1 1]\n",
      " [1 1 1 1]]\n",
      "expected matrix :\n",
      " [[1. 1. 1. 1.]\n",
      " [1. 1. 1. 1.]\n",
      " [1. 1. 1. 1.]\n",
      " [1. 1. 1. 1.]]\n",
      "distance to expected :  0.08890880260527317\n"
     ]
    }
   ],
   "source": [
    "characteristic_matrix_inference(\n",
    "    ghz4_state_prep_node,\n",
    "    ghz4_mat,\n",
    "    mi_opt_kwargs={\n",
    "        \"num_steps\": 30,\n",
    "        \"step_size\": 0.1,\n",
    "    },\n",
    ")"
   ]
  },
  {
   "cell_type": "code",
   "execution_count": 19,
   "metadata": {},
   "outputs": [
    {
     "name": "stdout",
     "output_type": "stream",
     "text": [
      "characteristic matrix :\n",
      " [[1.00000000e+00 5.96948915e-01 9.99999995e-01 9.40381800e-01]\n",
      " [5.96948915e-01 1.00000000e+00 6.88401835e-01 9.36606189e-01]\n",
      " [9.99999995e-01 6.88401835e-01 1.00000000e+00 6.35817811e-04]\n",
      " [9.40381800e-01 9.36606189e-01 6.35817811e-04 1.00000000e+00]]\n",
      "decision matrix :\n",
      " [[1 1 1 1]\n",
      " [1 1 1 1]\n",
      " [1 1 1 0]\n",
      " [1 1 0 1]]\n",
      "expected matrix :\n",
      " [[1. 1. 1. 1.]\n",
      " [1. 1. 1. 1.]\n",
      " [1. 1. 1. 1.]\n",
      " [1. 1. 1. 1.]]\n",
      "distance to expected :  1.591128823602618\n"
     ]
    }
   ],
   "source": [
    "characteristic_matrix_inference(\n",
    "    ghz4_state_prep_node,\n",
    "    ghz4_mat,\n",
    "    mi_opt_kwargs={\n",
    "        \"num_steps\": 30,\n",
    "        \"step_size\": 0.1,\n",
    "    },\n",
    "    use_measured_mutual_info=True,\n",
    ")"
   ]
  },
  {
   "cell_type": "code",
   "execution_count": 21,
   "metadata": {},
   "outputs": [
    {
     "name": "stdout",
     "output_type": "stream",
     "text": [
      "covariance matrix :\n",
      " [[ 1.          0.92092619 -0.91140803 -0.88328875]\n",
      " [ 0.92092619  1.         -0.97772161 -0.94755639]\n",
      " [-0.91140803 -0.97772161  1.          0.937763  ]\n",
      " [-0.88328875 -0.94755639  0.937763    1.        ]]\n",
      "decision matrix :\n",
      " [[1 1 1 1]\n",
      " [1 1 1 1]\n",
      " [1 1 1 1]\n",
      " [1 1 1 1]]\n",
      "expected matrix :\n",
      " [[1. 1. 1. 1.]\n",
      " [1. 1. 1. 1.]\n",
      " [1. 1. 1. 1.]\n",
      " [1. 1. 1. 1.]]\n"
     ]
    }
   ],
   "source": [
    "covariance_matrix_inference(\n",
    "    ghz4_state_prep_node,\n",
    "    ghz4_mat,\n",
    "    step_size=0.2,\n",
    "    num_steps=6,\n",
    "    verbose=False,\n",
    ")"
   ]
  },
  {
   "attachments": {},
   "cell_type": "markdown",
   "metadata": {},
   "source": [
    "# 5-Qubit GHZ"
   ]
  },
  {
   "cell_type": "code",
   "execution_count": 22,
   "metadata": {},
   "outputs": [],
   "source": [
    "ghz5_mat = qnp.ones((5, 5))\n",
    "\n",
    "\n",
    "def rot_ghz5_state(settings, wires):\n",
    "    qnetvo.ghz_state(settings, wires)\n",
    "    qml.ArbitraryUnitary([qnp.pi / 4, 0.3, -1.5], wires=[wires[0]])\n",
    "    qml.ArbitraryUnitary([-0.7, 2.9, 1.2], wires=[wires[1]])\n",
    "    qml.ArbitraryUnitary([-0.9, 0.9, 0.12], wires=[wires[2]])\n",
    "    qml.ArbitraryUnitary([2, 2, 2], wires=[wires[3]])\n",
    "    qml.ArbitraryUnitary([1, 2.3, 0.4], wires=[wires[4]])\n",
    "\n",
    "\n",
    "ghz5_state_prep_node = qnetvo.PrepareNode(wires=[0, 1, 2, 3, 4], ansatz_fn=rot_ghz5_state)"
   ]
  },
  {
   "cell_type": "code",
   "execution_count": 26,
   "metadata": {},
   "outputs": [
    {
     "name": "stdout",
     "output_type": "stream",
     "text": [
      "characteristic matrix :\n",
      " [[1.         0.99359056 1.         0.97498664 0.9940281 ]\n",
      " [0.99359056 1.         0.99359056 0.9705925  0.98862049]\n",
      " [1.         0.99359056 1.         0.97498664 0.9940281 ]\n",
      " [0.97498664 0.9705925  0.97498664 1.         0.97092549]\n",
      " [0.9940281  0.98862049 0.9940281  0.97092549 1.        ]]\n",
      "decision matrix :\n",
      " [[1 1 1 1 1]\n",
      " [1 1 1 1 1]\n",
      " [1 1 1 1 1]\n",
      " [1 1 1 1 1]\n",
      " [1 1 1 1 1]]\n",
      "expected matrix :\n",
      " [[1. 1. 1. 1. 1.]\n",
      " [1. 1. 1. 1. 1.]\n",
      " [1. 1. 1. 1. 1.]\n",
      " [1. 1. 1. 1. 1.]\n",
      " [1. 1. 1. 1. 1.]]\n",
      "distance to expected :  0.08055367245031207\n"
     ]
    }
   ],
   "source": [
    "characteristic_matrix_inference(\n",
    "    ghz5_state_prep_node,\n",
    "    ghz5_mat,\n",
    "    mi_opt_kwargs={\"num_steps\": 30, \"step_size\": 0.1},\n",
    ")"
   ]
  },
  {
   "cell_type": "code",
   "execution_count": 27,
   "metadata": {},
   "outputs": [
    {
     "name": "stdout",
     "output_type": "stream",
     "text": [
      "characteristic matrix :\n",
      " [[1.         0.15317429 1.         0.71774698 1.        ]\n",
      " [0.15317429 1.         1.         0.1161138  0.97933034]\n",
      " [1.         1.         1.         0.98942237 0.99999999]\n",
      " [0.71774698 0.1161138  0.98942237 1.         0.47251307]\n",
      " [1.         0.97933034 0.99999999 0.47251307 1.        ]]\n",
      "decision matrix :\n",
      " [[1 1 1 1 1]\n",
      " [1 1 1 1 1]\n",
      " [1 1 1 1 1]\n",
      " [1 1 1 1 1]\n",
      " [1 1 1 1 1]]\n",
      "expected matrix :\n",
      " [[1. 1. 1. 1. 1.]\n",
      " [1. 1. 1. 1. 1.]\n",
      " [1. 1. 1. 1. 1.]\n",
      " [1. 1. 1. 1. 1.]\n",
      " [1. 1. 1. 1. 1.]]\n",
      "distance to expected :  1.9270791087042223\n"
     ]
    }
   ],
   "source": [
    "characteristic_matrix_inference(\n",
    "    ghz5_state_prep_node,\n",
    "    ghz5_mat,\n",
    "    mi_opt_kwargs={\"num_steps\": 30, \"step_size\": 0.1},\n",
    "    use_measured_mutual_info=True,\n",
    ")"
   ]
  },
  {
   "cell_type": "code",
   "execution_count": 28,
   "metadata": {},
   "outputs": [
    {
     "name": "stdout",
     "output_type": "stream",
     "text": [
      "covariance matrix :\n",
      " [[ 1.          0.99999991 -0.99999999 -0.98622572  0.99999822]\n",
      " [ 0.99999991  1.         -0.99999992 -0.98622565  0.99999814]\n",
      " [-0.99999999 -0.99999992  1.          0.98622573 -0.99999822]\n",
      " [-0.98622572 -0.98622565  0.98622573  1.         -0.98622398]\n",
      " [ 0.99999822  0.99999814 -0.99999822 -0.98622398  1.        ]]\n",
      "decision matrix :\n",
      " [[1 1 1 1 1]\n",
      " [1 1 1 1 1]\n",
      " [1 1 1 1 1]\n",
      " [1 1 1 1 1]\n",
      " [1 1 1 1 1]]\n",
      "expected matrix :\n",
      " [[1. 1. 1. 1. 1.]\n",
      " [1. 1. 1. 1. 1.]\n",
      " [1. 1. 1. 1. 1.]\n",
      " [1. 1. 1. 1. 1.]\n",
      " [1. 1. 1. 1. 1.]]\n"
     ]
    }
   ],
   "source": [
    "covariance_matrix_inference(\n",
    "    ghz5_state_prep_node, ghz5_mat, step_size=0.1, num_steps=10, verbose=False\n",
    ")"
   ]
  },
  {
   "attachments": {},
   "cell_type": "markdown",
   "metadata": {},
   "source": [
    "# 8-qubit GHZ state"
   ]
  },
  {
   "cell_type": "code",
   "execution_count": 29,
   "metadata": {},
   "outputs": [],
   "source": [
    "ghz8_mat = qnp.ones((8, 8))\n",
    "\n",
    "\n",
    "def rot_ghz8_state(settings, wires):\n",
    "    qnetvo.ghz_state(settings, wires)\n",
    "    qml.ArbitraryUnitary([qnp.pi / 4, 0.3, -1.5], wires=[wires[0]])\n",
    "    qml.ArbitraryUnitary([-0.7, 2.9, 1.2], wires=[wires[1]])\n",
    "    qml.ArbitraryUnitary([-0.9, 0.9, 0.12], wires=[wires[2]])\n",
    "    qml.ArbitraryUnitary([2, 2, 2], wires=[wires[3]])\n",
    "    qml.ArbitraryUnitary([1, 2.3, 0.4], wires=[wires[4]])\n",
    "    qml.ArbitraryUnitary([-0.9, 0.9, 0.12], wires=[wires[5]])\n",
    "    qml.ArbitraryUnitary([2, 2, 2], wires=[wires[6]])\n",
    "    qml.ArbitraryUnitary([1, 2.3, 0.4], wires=[wires[7]])\n",
    "\n",
    "\n",
    "ghz8_state_prep_node = qnetvo.PrepareNode(\n",
    "    wires=[0, 1, 2, 3, 4, 5, 6, 7],\n",
    "    ansatz_fn=rot_ghz8_state,\n",
    ")"
   ]
  },
  {
   "cell_type": "code",
   "execution_count": 30,
   "metadata": {},
   "outputs": [
    {
     "name": "stdout",
     "output_type": "stream",
     "text": [
      "characteristic matrix :\n",
      " [[1.         0.99651186 0.98992905 0.91718827 0.99196228 0.98743777\n",
      "  0.93136837 0.99547558]\n",
      " [0.99651186 1.         0.99137212 0.91809538 0.99346344 0.98882488\n",
      "  0.93232561 0.997134  ]\n",
      " [0.98992905 0.99137212 1.         0.91419829 0.98725091 0.98300417\n",
      "  0.92821704 0.99045558]\n",
      " [0.91718827 0.91809538 0.91419829 1.         0.91545699 0.9126064\n",
      "  0.87021568 0.91752152]\n",
      " [0.99196228 0.99346344 0.98725091 0.91545699 1.         0.9848477\n",
      "  0.92954295 0.99250882]\n",
      " [0.98743777 0.98882488 0.98300417 0.9126064  0.9848477  1.\n",
      "  0.92654158 0.9879447 ]\n",
      " [0.93136837 0.93232561 0.92821704 0.87021568 0.92954295 0.92654158\n",
      "  1.         0.93171996]\n",
      " [0.99547558 0.997134   0.99045558 0.91752152 0.99250882 0.9879447\n",
      "  0.93171996 1.        ]]\n",
      "decision matrix :\n",
      " [[1 1 1 1 1 1 1 1]\n",
      " [1 1 1 1 1 1 1 1]\n",
      " [1 1 1 1 1 1 1 1]\n",
      " [1 1 1 1 1 1 1 1]\n",
      " [1 1 1 1 1 1 1 1]\n",
      " [1 1 1 1 1 1 1 1]\n",
      " [1 1 1 1 1 1 1 1]\n",
      " [1 1 1 1 1 1 1 1]]\n",
      "expected matrix :\n",
      " [[1. 1. 1. 1. 1. 1. 1. 1.]\n",
      " [1. 1. 1. 1. 1. 1. 1. 1.]\n",
      " [1. 1. 1. 1. 1. 1. 1. 1.]\n",
      " [1. 1. 1. 1. 1. 1. 1. 1.]\n",
      " [1. 1. 1. 1. 1. 1. 1. 1.]\n",
      " [1. 1. 1. 1. 1. 1. 1. 1.]\n",
      " [1. 1. 1. 1. 1. 1. 1. 1.]\n",
      " [1. 1. 1. 1. 1. 1. 1. 1.]]\n",
      "distance to expected :  0.4252190138265438\n"
     ]
    }
   ],
   "source": [
    "characteristic_matrix_inference(\n",
    "    ghz8_state_prep_node,\n",
    "    ghz8_mat,\n",
    "    mi_opt_kwargs={\"num_steps\": 30, \"step_size\": 0.1},\n",
    ")"
   ]
  },
  {
   "cell_type": "code",
   "execution_count": 32,
   "metadata": {},
   "outputs": [
    {
     "name": "stdout",
     "output_type": "stream",
     "text": [
      "characteristic matrix :\n",
      " [[1.00000000e+00 5.56807967e-03 7.28292798e-03 9.94677639e-01\n",
      "  9.32645707e-01 1.46698830e-02 4.32586877e-02 9.99821301e-01]\n",
      " [5.56807967e-03 1.00000000e+00 2.69601911e-01 1.46464549e-04\n",
      "  1.86266512e-01 9.99999998e-01 1.12158842e-02 4.09249013e-04]\n",
      " [7.28292798e-03 2.69601911e-01 1.00000000e+00 9.43272014e-01\n",
      "  7.49201963e-01 9.99981254e-01 9.34008060e-01 6.34812047e-02]\n",
      " [9.94677639e-01 1.46464549e-04 9.43272014e-01 1.00000000e+00\n",
      "  6.16061702e-01 9.64783739e-01 9.40512137e-01 9.33245144e-01]\n",
      " [9.32645707e-01 1.86266512e-01 7.49201963e-01 6.16061702e-01\n",
      "  1.00000000e+00 9.99999998e-01 9.33939214e-01 9.99252625e-01]\n",
      " [1.46698830e-02 9.99999998e-01 9.99981254e-01 9.64783739e-01\n",
      "  9.99999998e-01 1.00000000e+00 5.46480445e-01 1.17525280e-01]\n",
      " [4.32586877e-02 1.12158842e-02 9.34008060e-01 9.40512137e-01\n",
      "  9.33939214e-01 5.46480445e-01 1.00000000e+00 9.62028398e-01]\n",
      " [9.99821301e-01 4.09249013e-04 6.34812047e-02 9.33245144e-01\n",
      "  9.99252625e-01 1.17525280e-01 9.62028398e-01 1.00000000e+00]]\n",
      "decision matrix :\n",
      " [[1 0 0 1 1 0 0 1]\n",
      " [0 1 1 0 1 1 0 0]\n",
      " [0 1 1 1 1 1 1 0]\n",
      " [1 0 1 1 1 1 1 1]\n",
      " [1 1 1 1 1 1 1 1]\n",
      " [0 1 1 1 1 1 1 1]\n",
      " [0 0 1 1 1 1 1 1]\n",
      " [1 0 0 1 1 1 1 1]]\n",
      "expected matrix :\n",
      " [[1. 1. 1. 1. 1. 1. 1. 1.]\n",
      " [1. 1. 1. 1. 1. 1. 1. 1.]\n",
      " [1. 1. 1. 1. 1. 1. 1. 1.]\n",
      " [1. 1. 1. 1. 1. 1. 1. 1.]\n",
      " [1. 1. 1. 1. 1. 1. 1. 1.]\n",
      " [1. 1. 1. 1. 1. 1. 1. 1.]\n",
      " [1. 1. 1. 1. 1. 1. 1. 1.]\n",
      " [1. 1. 1. 1. 1. 1. 1. 1.]]\n",
      "distance to expected :  4.501518563599964\n"
     ]
    }
   ],
   "source": [
    "characteristic_matrix_inference(\n",
    "    ghz8_state_prep_node,\n",
    "    ghz8_mat,\n",
    "    mi_opt_kwargs={\"num_steps\": 30, \"step_size\": 0.1},\n",
    "    use_measured_mutual_info=True,\n",
    ")"
   ]
  },
  {
   "cell_type": "code",
   "execution_count": 34,
   "metadata": {},
   "outputs": [
    {
     "name": "stdout",
     "output_type": "stream",
     "text": [
      "covariance matrix :\n",
      " [[ 1.          0.95279916 -0.93596336  0.94349142 -0.8701739   0.91189771\n",
      "  -0.91555223 -0.95457646]\n",
      " [ 0.95279916  1.         -0.97788071  0.98574591 -0.90914485  0.95273727\n",
      "  -0.95655546 -0.9973274 ]\n",
      " [-0.93596336 -0.97788071  1.         -0.96832795  0.89308042 -0.93590257\n",
      "   0.93965329  0.9797048 ]\n",
      " [ 0.94349142  0.98574591 -0.96832795  1.         -0.90026356  0.94343014\n",
      "  -0.94721103 -0.98758467]\n",
      " [-0.8701739  -0.90914485  0.89308042 -0.90026356  1.         -0.87011738\n",
      "   0.87360447  0.91084072]\n",
      " [ 0.91189771  0.95273727 -0.93590257  0.94343014 -0.87011738  1.\n",
      "  -0.91549277 -0.95451446]\n",
      " [-0.91555223 -0.95655546  0.93965329 -0.94721103  0.87360447 -0.91549277\n",
      "   1.          0.95833977]\n",
      " [-0.95457646 -0.9973274   0.9797048  -0.98758467  0.91084072 -0.95451446\n",
      "   0.95833977  1.        ]]\n",
      "decision matrix :\n",
      " [[1 1 1 1 1 1 1 1]\n",
      " [1 1 1 1 1 1 1 1]\n",
      " [1 1 1 1 1 1 1 1]\n",
      " [1 1 1 1 1 1 1 1]\n",
      " [1 1 1 1 1 1 1 1]\n",
      " [1 1 1 1 1 1 1 1]\n",
      " [1 1 1 1 1 1 1 1]\n",
      " [1 1 1 1 1 1 1 1]]\n",
      "expected matrix :\n",
      " [[1. 1. 1. 1. 1. 1. 1. 1.]\n",
      " [1. 1. 1. 1. 1. 1. 1. 1.]\n",
      " [1. 1. 1. 1. 1. 1. 1. 1.]\n",
      " [1. 1. 1. 1. 1. 1. 1. 1.]\n",
      " [1. 1. 1. 1. 1. 1. 1. 1.]\n",
      " [1. 1. 1. 1. 1. 1. 1. 1.]\n",
      " [1. 1. 1. 1. 1. 1. 1. 1.]\n",
      " [1. 1. 1. 1. 1. 1. 1. 1.]]\n"
     ]
    }
   ],
   "source": [
    "covariance_matrix_inference(\n",
    "    ghz8_state_prep_node,\n",
    "    ghz8_mat,\n",
    "    step_size=0.1,\n",
    "    num_steps=10,\n",
    "    verbose=False,\n",
    ")"
   ]
  },
  {
   "attachments": {},
   "cell_type": "markdown",
   "metadata": {},
   "source": [
    "# 8 qubit graph state"
   ]
  },
  {
   "cell_type": "code",
   "execution_count": 35,
   "metadata": {},
   "outputs": [],
   "source": [
    "# This expected matrix is not known with certainty, but agrees with results\n",
    "graph8_mat = qnp.array(\n",
    "    [\n",
    "        [1, 0, 0, 1, 0, 0, 0, 0],\n",
    "        [0, 1, 1, 0, 0, 0, 0, 0],\n",
    "        [0, 1, 1, 0, 0, 0, 0, 0],\n",
    "        [1, 0, 0, 1, 0, 0, 0, 0],\n",
    "        [0, 0, 0, 0, 1, 0, 0, 0],\n",
    "        [0, 0, 0, 0, 0, 1, 0, 0],\n",
    "        [0, 0, 0, 0, 0, 0, 1, 1],\n",
    "        [0, 0, 0, 0, 0, 0, 1, 1],\n",
    "    ]\n",
    ")\n",
    "\n",
    "graph8_state_prep_node = qnetvo.PrepareNode(\n",
    "    wires=[0, 1, 2, 3, 4, 5, 6, 7],\n",
    "    ansatz_fn=qnetvo.graph_state_fn([[0, 1], [1, 2], [0, 3], [6, 7]]),\n",
    ")"
   ]
  },
  {
   "cell_type": "code",
   "execution_count": 36,
   "metadata": {},
   "outputs": [
    {
     "name": "stdout",
     "output_type": "stream",
     "text": [
      "characteristic matrix :\n",
      " [[1.00000000e+00 3.99680289e-15 4.21884749e-15 7.54810721e-01\n",
      "  3.99680289e-15 4.21884749e-15 4.21884749e-15 3.99680289e-15]\n",
      " [3.99680289e-15 1.00000000e+00 1.27712390e-04 4.44089210e-15\n",
      "  4.21884749e-15 3.99680289e-15 4.44089210e-15 3.99680289e-15]\n",
      " [4.21884749e-15 1.27712390e-04 1.00000000e+00 4.44089210e-15\n",
      "  3.99680289e-15 3.99680289e-15 4.21884749e-15 4.44089210e-15]\n",
      " [7.54810721e-01 4.44089210e-15 4.44089210e-15 1.00000000e+00\n",
      "  3.77475828e-15 3.99680289e-15 3.77475828e-15 3.99680289e-15]\n",
      " [3.99680289e-15 4.21884749e-15 3.99680289e-15 3.77475828e-15\n",
      "  2.99945761e-09 3.99680289e-15 4.21884749e-15 4.21884749e-15]\n",
      " [4.21884749e-15 3.99680289e-15 3.99680289e-15 3.99680289e-15\n",
      "  3.99680289e-15 3.05610876e-09 3.99680289e-15 4.21884749e-15]\n",
      " [4.21884749e-15 4.44089210e-15 4.21884749e-15 3.77475828e-15\n",
      "  4.21884749e-15 3.99680289e-15 1.00000000e+00 9.92337293e-01]\n",
      " [3.99680289e-15 3.99680289e-15 4.44089210e-15 3.99680289e-15\n",
      "  4.21884749e-15 4.21884749e-15 9.92337293e-01 1.00000000e+00]]\n",
      "decision matrix :\n",
      " [[1 0 0 1 0 0 0 0]\n",
      " [0 1 0 0 0 0 0 0]\n",
      " [0 0 1 0 0 0 0 0]\n",
      " [1 0 0 1 0 0 0 0]\n",
      " [0 0 0 0 0 0 0 0]\n",
      " [0 0 0 0 0 0 0 0]\n",
      " [0 0 0 0 0 0 1 1]\n",
      " [0 0 0 0 0 0 1 1]]\n",
      "expected matrix :\n",
      " [[1 0 0 1 0 0 0 0]\n",
      " [0 1 1 0 0 0 0 0]\n",
      " [0 1 1 0 0 0 0 0]\n",
      " [1 0 0 1 0 0 0 0]\n",
      " [0 0 0 0 1 0 0 0]\n",
      " [0 0 0 0 0 1 0 0]\n",
      " [0 0 0 0 0 0 1 1]\n",
      " [0 0 0 0 0 0 1 1]]\n",
      "distance to expected :  2.0297394341636186\n"
     ]
    }
   ],
   "source": [
    "characteristic_matrix_inference(\n",
    "    graph8_state_prep_node,\n",
    "    graph8_mat,\n",
    "    mi_opt_kwargs={\n",
    "        \"num_steps\": 60,\n",
    "        \"step_size\": 0.02,\n",
    "    },\n",
    ")"
   ]
  },
  {
   "cell_type": "code",
   "execution_count": 37,
   "metadata": {},
   "outputs": [
    {
     "name": "stdout",
     "output_type": "stream",
     "text": [
      "characteristic matrix :\n",
      " [[1.00000000e+00 3.10862447e-15 3.10862447e-15 2.45715471e-04\n",
      "  3.77475828e-15 2.22044605e-15 2.22044605e-15 3.10862447e-15]\n",
      " [3.10862447e-15 1.00000000e+00 1.61602099e-01 3.10862447e-15\n",
      "  1.99840144e-15 2.22044605e-15 4.21884749e-15 2.88657986e-15]\n",
      " [3.10862447e-15 1.61602099e-01 1.00000000e+00 2.88657986e-15\n",
      "  3.10862447e-15 2.66453526e-15 3.77475828e-15 4.44089210e-15]\n",
      " [2.45715471e-04 3.10862447e-15 2.88657986e-15 1.00000000e+00\n",
      "  2.88657986e-15 3.77475828e-15 4.44089210e-15 3.10862447e-15]\n",
      " [3.77475828e-15 1.99840144e-15 3.10862447e-15 2.88657986e-15\n",
      "  3.13465931e-01 3.77475828e-15 2.66453526e-15 1.11022302e-15]\n",
      " [2.22044605e-15 2.22044605e-15 2.66453526e-15 3.77475828e-15\n",
      "  3.77475828e-15 3.69188385e-02 1.33226763e-15 3.10862447e-15]\n",
      " [2.22044605e-15 4.21884749e-15 3.77475828e-15 4.44089210e-15\n",
      "  2.66453526e-15 1.33226763e-15 1.00000000e+00 6.73929407e-02]\n",
      " [3.10862447e-15 2.88657986e-15 4.44089210e-15 3.10862447e-15\n",
      "  1.11022302e-15 3.10862447e-15 6.73929407e-02 1.00000000e+00]]\n",
      "decision matrix :\n",
      " [[1 0 0 0 0 0 0 0]\n",
      " [0 1 1 0 0 0 0 0]\n",
      " [0 1 1 0 0 0 0 0]\n",
      " [0 0 0 1 0 0 0 0]\n",
      " [0 0 0 0 1 0 0 0]\n",
      " [0 0 0 0 0 0 0 0]\n",
      " [0 0 0 0 0 0 1 0]\n",
      " [0 0 0 0 0 0 0 1]]\n",
      "expected matrix :\n",
      " [[1 0 0 1 0 0 0 0]\n",
      " [0 1 1 0 0 0 0 0]\n",
      " [0 1 1 0 0 0 0 0]\n",
      " [1 0 0 1 0 0 0 0]\n",
      " [0 0 0 0 1 0 0 0]\n",
      " [0 0 0 0 0 1 0 0]\n",
      " [0 0 0 0 0 0 1 1]\n",
      " [0 0 0 0 0 0 1 1]]\n",
      "distance to expected :  2.557969027223226\n"
     ]
    }
   ],
   "source": [
    "characteristic_matrix_inference(\n",
    "    graph8_state_prep_node,\n",
    "    graph8_mat,\n",
    "    mi_opt_kwargs={\n",
    "        \"num_steps\": 60,\n",
    "        \"step_size\": 0.02,\n",
    "    },\n",
    "    use_measured_mutual_info=True,\n",
    ")"
   ]
  },
  {
   "cell_type": "code",
   "execution_count": 40,
   "metadata": {},
   "outputs": [
    {
     "name": "stdout",
     "output_type": "stream",
     "text": [
      "covariance matrix :\n",
      " [[ 1.00000000e+00 -1.94289029e-16 -8.32667268e-17  9.99951678e-01\n",
      "  -2.20738870e-16 -1.11068947e-16 -8.32667268e-17  1.38777878e-16]\n",
      " [-1.94289029e-16  1.00000000e+00  6.66423972e-01 -1.11022302e-16\n",
      "   1.95860170e-18 -1.11092269e-16  2.77555756e-17 -2.77555756e-17]\n",
      " [-8.32667268e-17  6.66423972e-01  1.00000000e+00 -1.66533454e-16\n",
      "  -5.35525495e-17 -6.99665807e-20 -2.77555756e-17  8.32667268e-17]\n",
      " [ 9.99951678e-01 -1.11022302e-16 -1.66533454e-16  1.00000000e+00\n",
      "  -1.11022302e-16 -5.55111512e-17 -8.32667268e-17  8.32667268e-17]\n",
      " [-2.20738870e-16  1.95860170e-18 -5.35525495e-17 -1.11022302e-16\n",
      "   2.33836997e-02 -4.85722573e-17 -1.67186321e-16  1.52022897e-18]\n",
      " [-1.11068947e-16 -1.11092269e-16 -6.99665807e-20 -5.55111512e-17\n",
      "  -4.85722573e-17  9.99999823e-01  5.55344734e-17  2.77322534e-17]\n",
      " [-8.32667268e-17  2.77555756e-17 -2.77555756e-17 -8.32667268e-17\n",
      "  -1.67186321e-16  5.55344734e-17  1.00000000e+00 -9.99999999e-01]\n",
      " [ 1.38777878e-16 -2.77555756e-17  8.32667268e-17  8.32667268e-17\n",
      "   1.52022897e-18  2.77322534e-17 -9.99999999e-01  1.00000000e+00]]\n",
      "decision matrix :\n",
      " [[1 0 0 1 0 0 0 0]\n",
      " [0 1 1 0 0 0 0 0]\n",
      " [0 1 1 0 0 0 0 0]\n",
      " [1 0 0 1 0 0 0 0]\n",
      " [0 0 0 0 0 0 0 0]\n",
      " [0 0 0 0 0 1 0 0]\n",
      " [0 0 0 0 0 0 1 1]\n",
      " [0 0 0 0 0 0 1 1]]\n",
      "expected matrix :\n",
      " [[1 0 0 1 0 0 0 0]\n",
      " [0 1 1 0 0 0 0 0]\n",
      " [0 1 1 0 0 0 0 0]\n",
      " [1 0 0 1 0 0 0 0]\n",
      " [0 0 0 0 1 0 0 0]\n",
      " [0 0 0 0 0 1 0 0]\n",
      " [0 0 0 0 0 0 1 1]\n",
      " [0 0 0 0 0 0 1 1]]\n"
     ]
    }
   ],
   "source": [
    "covariance_matrix_inference(\n",
    "    graph8_state_prep_node,\n",
    "    graph8_mat,\n",
    "    step_size=0.05,\n",
    "    num_steps=30,\n",
    "    verbose=False,\n",
    ")"
   ]
  },
  {
   "attachments": {},
   "cell_type": "markdown",
   "metadata": {},
   "source": [
    "## 8-Qubit Graph State with Frustrated CNOT arrangement"
   ]
  },
  {
   "cell_type": "code",
   "execution_count": 41,
   "metadata": {},
   "outputs": [],
   "source": [
    "graph8_cyclic_mat = qnp.array(\n",
    "    [\n",
    "        [1, 1, 1, 0, 0, 0, 0, 0],\n",
    "        [1, 1, 1, 0, 0, 0, 0, 0],\n",
    "        [1, 1, 1, 0, 0, 0, 0, 0],\n",
    "        [0, 0, 0, 1, 0, 0, 0, 0],\n",
    "        [0, 0, 0, 0, 1, 0, 0, 0],\n",
    "        [0, 0, 0, 0, 0, 1, 0, 0],\n",
    "        [0, 0, 0, 0, 0, 0, 1, 1],\n",
    "        [0, 0, 0, 0, 0, 0, 1, 1],\n",
    "    ]\n",
    ")\n",
    "\n",
    "graph8_cyclic_state_prep_node = qnetvo.PrepareNode(\n",
    "    wires=[0, 1, 2, 3, 4, 5, 6, 7],\n",
    "    ansatz_fn=qnetvo.graph_state_fn([[0, 1], [1, 2], [2, 0], [6, 7]]),\n",
    ")"
   ]
  },
  {
   "cell_type": "code",
   "execution_count": 44,
   "metadata": {},
   "outputs": [
    {
     "name": "stdout",
     "output_type": "stream",
     "text": [
      "characteristic matrix :\n",
      " [[1.00000000e+00 8.07513851e-08 2.88267330e-05 6.88338275e-15\n",
      "  6.88338275e-15 7.10542736e-15 7.32747196e-15 7.10542736e-15]\n",
      " [8.07513851e-08 1.00000000e+00 1.55064740e-04 6.88338275e-15\n",
      "  6.88338275e-15 7.10542736e-15 6.88338275e-15 7.32747196e-15]\n",
      " [2.88267330e-05 1.55064740e-04 1.00000000e+00 6.88338275e-15\n",
      "  6.88338275e-15 6.88338275e-15 7.10542736e-15 7.10542736e-15]\n",
      " [6.88338275e-15 6.88338275e-15 6.88338275e-15 1.05943751e-01\n",
      "  6.77236045e-15 6.88338275e-15 6.88338275e-15 7.10542736e-15]\n",
      " [6.88338275e-15 6.88338275e-15 6.88338275e-15 6.77236045e-15\n",
      "  1.22791150e-09 6.88338275e-15 6.88338275e-15 6.88338275e-15]\n",
      " [7.10542736e-15 7.10542736e-15 6.88338275e-15 6.88338275e-15\n",
      "  6.88338275e-15 5.23989771e-02 7.10542736e-15 7.10542736e-15]\n",
      " [7.32747196e-15 6.88338275e-15 7.10542736e-15 6.88338275e-15\n",
      "  6.88338275e-15 7.10542736e-15 1.00000000e+00 9.99999993e-01]\n",
      " [7.10542736e-15 7.32747196e-15 7.10542736e-15 7.10542736e-15\n",
      "  6.88338275e-15 7.10542736e-15 9.99999993e-01 1.00000000e+00]]\n",
      "decision matrix :\n",
      " [[1 0 0 0 0 0 0 0]\n",
      " [0 1 0 0 0 0 0 0]\n",
      " [0 0 1 0 0 0 0 0]\n",
      " [0 0 0 1 0 0 0 0]\n",
      " [0 0 0 0 0 0 0 0]\n",
      " [0 0 0 0 0 0 0 0]\n",
      " [0 0 0 0 0 0 1 1]\n",
      " [0 0 0 0 0 0 1 1]]\n",
      "expected matrix :\n",
      " [[1 1 1 0 0 0 0 0]\n",
      " [1 1 1 0 0 0 0 0]\n",
      " [1 1 1 0 0 0 0 0]\n",
      " [0 0 0 1 0 0 0 0]\n",
      " [0 0 0 0 1 0 0 0]\n",
      " [0 0 0 0 0 1 0 0]\n",
      " [0 0 0 0 0 0 1 1]\n",
      " [0 0 0 0 0 0 1 1]]\n",
      "distance to expected :  2.9489910873491176\n"
     ]
    }
   ],
   "source": [
    "characteristic_matrix_inference(\n",
    "    graph8_cyclic_state_prep_node,\n",
    "    graph8_cyclic_mat,\n",
    "    mi_opt_kwargs={\"num_steps\": 60, \"step_size\": 0.02},\n",
    ")"
   ]
  },
  {
   "cell_type": "code",
   "execution_count": 45,
   "metadata": {},
   "outputs": [
    {
     "name": "stdout",
     "output_type": "stream",
     "text": [
      "characteristic matrix :\n",
      " [[1.00000000e+00 7.18145230e-05 4.07131922e-03 2.88657986e-15\n",
      "  3.10862447e-15 3.55271368e-15 2.88657986e-15 2.66453526e-15]\n",
      " [7.18145230e-05 1.00000000e+00 1.04000346e-07 3.33066907e-15\n",
      "  3.10862447e-15 3.77475828e-15 3.10862447e-15 2.88657986e-15]\n",
      " [4.07131922e-03 1.04000346e-07 1.00000000e+00 3.55271368e-15\n",
      "  3.33066907e-15 2.44249065e-15 2.88657986e-15 2.66453526e-15]\n",
      " [2.88657986e-15 3.33066907e-15 3.55271368e-15 7.30200885e-04\n",
      "  3.10862447e-15 1.99840144e-15 4.21884749e-15 4.88498131e-15]\n",
      " [3.10862447e-15 3.10862447e-15 3.33066907e-15 3.10862447e-15\n",
      "  4.69566525e-01 3.10862447e-15 1.99840144e-15 2.66453526e-15]\n",
      " [3.55271368e-15 3.77475828e-15 2.44249065e-15 1.99840144e-15\n",
      "  3.10862447e-15 6.67997304e-02 2.66453526e-15 3.77475828e-15]\n",
      " [2.88657986e-15 3.10862447e-15 2.88657986e-15 4.21884749e-15\n",
      "  1.99840144e-15 2.66453526e-15 1.00000000e+00 9.94741824e-01]\n",
      " [2.66453526e-15 2.88657986e-15 2.66453526e-15 4.88498131e-15\n",
      "  2.66453526e-15 3.77475828e-15 9.94741824e-01 1.00000000e+00]]\n",
      "decision matrix :\n",
      " [[1 0 0 0 0 0 0 0]\n",
      " [0 1 0 0 0 0 0 0]\n",
      " [0 0 1 0 0 0 0 0]\n",
      " [0 0 0 0 0 0 0 0]\n",
      " [0 0 0 0 1 0 0 0]\n",
      " [0 0 0 0 0 0 0 0]\n",
      " [0 0 0 0 0 0 1 1]\n",
      " [0 0 0 0 0 0 1 1]]\n",
      "expected matrix :\n",
      " [[1 1 1 0 0 0 0 0]\n",
      " [1 1 1 0 0 0 0 0]\n",
      " [1 1 1 0 0 0 0 0]\n",
      " [0 0 0 1 0 0 0 0]\n",
      " [0 0 0 0 1 0 0 0]\n",
      " [0 0 0 0 0 1 0 0]\n",
      " [0 0 0 0 0 0 1 1]\n",
      " [0 0 0 0 0 0 1 1]]\n",
      "distance to expected :  2.852065576573756\n"
     ]
    }
   ],
   "source": [
    "characteristic_matrix_inference(\n",
    "    graph8_cyclic_state_prep_node,\n",
    "    graph8_cyclic_mat,\n",
    "    mi_opt_kwargs={\"num_steps\": 60, \"step_size\": 0.02},\n",
    "    use_measured_mutual_info=True,\n",
    ")"
   ]
  },
  {
   "cell_type": "code",
   "execution_count": 46,
   "metadata": {},
   "outputs": [
    {
     "name": "stdout",
     "output_type": "stream",
     "text": [
      "covariance matrix :\n",
      " [[ 1.00000000e+00 -2.24856182e-01  5.80274910e-01 -1.11022302e-16\n",
      "   5.55111512e-17  0.00000000e+00 -8.32667268e-17  2.77555756e-17]\n",
      " [-2.24856182e-01  1.00000000e+00 -2.94178694e-01  5.54818204e-17\n",
      "  -1.66625011e-16  2.76851536e-17  3.08148791e-33  8.32667268e-17]\n",
      " [ 5.80274910e-01 -2.94178694e-01  1.00000000e+00  2.93308513e-20\n",
      "  -2.76640184e-17 -2.76851536e-17 -8.32667268e-17  2.77555756e-17]\n",
      " [-1.11022302e-16  5.54818204e-17  2.93308513e-20  1.05647611e-03\n",
      "  -1.19262239e-16  1.67183975e-16 -1.10992972e-16 -5.54209329e-17]\n",
      " [ 5.55111512e-17 -1.66625011e-16 -2.76640184e-17 -1.19262239e-16\n",
      "   9.99997280e-01 -3.64986497e-18  5.56027084e-17 -1.66167225e-16]\n",
      " [ 0.00000000e+00  2.76851536e-17 -2.76851536e-17  1.67183975e-16\n",
