{
 "cells": [
  {
   "cell_type": "markdown",
   "metadata": {},
   "source": [
    "# High-level Comparison Between the Network Covariance and Characteristic Matrices\n",
    "\n",
    "In this notebook, we provide a rough comparison between covariance-based and entropy-based topology inference methods.\n",
    "The goal is to test each method across a range of entangled states to get an idea of their relative performance.\n",
    "\n",
    "\n",
    "## Key Differences\n",
    "\n",
    "### Covariance Matrix Advantages\n",
    "\n",
    "There is a significant performance advantage over the characteristic matrix:\n",
    "* This can easily be observed by noting the cell execution times, especially when more qubits are considered. \n",
    "* The covariance is evaluated from one circuit evaluation $O(1)$, whereas the charcteristic matrix requires a minimum of $O(n^2)$ circuit evaluations where $n$ is the number of qubits. Given clever parallelization in quantum circuits, the characteristic matrix may be evaluated in $O(n)$.\n",
    "* Optimizing the covariance matrix seems to require significantly fewer steps than needed to successfully infer topology using the characteristic matrix. This means that fewer circuits need to be run.\n",
    "* The optimization appears to be more robust and less susceptible to local minima. We see this in the fact that the characteristic matrix often fails to infer the GHZ states with more than 3 qubits.\n",
    "\n",
    "\n",
    "### Characteristic Matrix Advantages\n",
    "\n",
    "A key difference between the covariance and characteristic matrices is that the covariance matrix seems to always have ones along the diagonal, even if the measured qubit is not correlated with any other qubits. On the contrary, the characteristic matrix measures a zero von neumann entropy if there is no correlation whatsoever.\n",
    "\n",
    "The threshold of deciding if a correlation exists needs to be raised as the number of shots decreases.\n",
    "The rate at which covariance methods need to be raised seems to more than characteristic matrices.\n",
    "This may mean, that the variance of the entropic quantities in the low shot regime are improved over those of the covariance matrix."
   ]
  },
  {
   "cell_type": "code",
   "execution_count": 4,
   "metadata": {},
   "outputs": [
    {
     "name": "stdout",
     "output_type": "stream",
     "text": [
      "0.4.1\n",
      "0.28.0\n"
     ]
    }
   ],
   "source": [
    "import qnetti\n",
    "import pennylane as qml\n",
    "from pennylane import numpy as qnp\n",
    "import qnetvo\n",
    "\n",
    "print(qnetvo.__version__)\n",
    "print(qml.__version__)"
   ]
  },
  {
   "cell_type": "code",
   "execution_count": 5,
   "metadata": {},
   "outputs": [],
   "source": [
    "def decision_matrix(mat, atol=0.1):\n",
    "    return qnp.where(qnp.abs(mat) > atol, 1, 0)\n",
    "\n",
    "\n",
    "def matrix_distance(mat1, mat2):\n",
    "    return qnp.linalg.norm(qnp.array(mat1) - qnp.abs(qnp.array(mat2)))\n",
    "\n",
    "\n",
    "def characteristic_matrix_inference(prep_node, expected_mat, **kwargs):\n",
    "    char_mat = qnetti.qubit_characteristic_matrix(prep_node, **kwargs)\n",
    "    dec_mat = decision_matrix(char_mat)\n",
    "    char_dist = matrix_distance(expected_mat, char_mat)\n",
    "\n",
    "    print(\"characteristic matrix :\\n\", char_mat)\n",
    "    print(\"decision matrix :\\n\", dec_mat)\n",
    "    print(\"expected matrix :\\n\", expected_mat)\n",
    "    print(\"distance to expected : \", char_dist)\n",
    "\n",
    "\n",
    "def covariance_matrix_inference(\n",
    "    prep_node,\n",
    "    num_qubits,\n",
    "    expected_mat,\n",
    "    meas_wires=None,\n",
    "    step_size=0.1,\n",
    "    num_steps=10,\n",
    "    verbose=False,\n",
    "    shots=None,\n",
    "    qnode_kwargs={},\n",
    "    atol=0.1,\n",
    "):\n",
    "    settings = qnp.random.rand(3 * num_qubits, requires_grad=True)\n",
    "    cov_cost = qnetti.qubit_covariance_cost_fn(\n",
    "        prep_node, meas_wires=meas_wires, shots=shots, qnode_kwargs=qnode_kwargs\n",
    "    )\n",
    "\n",
    "    settings_list = [settings]\n",
    "    cost_vals = [cov_cost(settings)]\n",
    "\n",
    "    opt = qml.GradientDescentOptimizer(stepsize=step_size)\n",
    "    for i in range(num_steps):\n",
    "        settings, cost_val = opt.step_and_cost(cov_cost, settings)\n",
    "\n",
    "        cost_vals += [cost_val]\n",
    "        settings_list += [settings]\n",
    "\n",
    "    min_id = qnp.argmin(cost_vals)\n",
    "    min_cost = cost_vals[min_id]\n",
    "    opt_settings = settings_list[min_id]\n",
    "\n",
    "    cov_mat = qnetti.qubit_covariance_matrix_fn(\n",
    "        prep_node, meas_wires=meas_wires, shots=shots, qnode_kwargs=qnode_kwargs\n",
    "    )(opt_settings)\n",
    "    dec_mat = decision_matrix(cov_mat, atol=atol)\n",
    "    cov_dist = matrix_distance(expected_mat, cov_mat)\n",
    "\n",
    "    print(\"covariance matrix :\\n\", cov_mat)\n",
    "    print(\"decision matrix :\\n\", dec_mat)\n",
    "    print(\"expected matrix :\\n\", expected_mat)\n",
    "    print(\"distance to expected : \", cov_dist)"
   ]
  },
  {
   "cell_type": "markdown",
   "metadata": {},
   "source": [
    "## Two-Qubit GHZ State"
   ]
  },
  {
   "cell_type": "code",
   "execution_count": 6,
   "metadata": {},
   "outputs": [],
   "source": [
    "ghz2_mat = qnp.ones((2, 2))\n",
    "\n",
    "\n",
    "def rot_bell_state(settings, wires):\n",
    "    qnetvo.ghz_state(settings, wires)\n",
    "    qml.ArbitraryUnitary([qnp.pi / 4, 0.3, -1.5], wires=[wires[0]])\n",
    "    qml.ArbitraryUnitary([-0.7, 2.9, 1.2], wires=[wires[1]])\n",
    "\n",
    "\n",
    "bell_state_prep_node = qnetvo.PrepareNode(wires=[0, 1], ansatz_fn=rot_bell_state)"
   ]
  },
  {
   "cell_type": "code",
   "execution_count": 7,
   "metadata": {},
   "outputs": [
    {
     "name": "stdout",
     "output_type": "stream",
     "text": [
      "characteristic matrix :\n",
      " [[1.         0.99999999]\n",
      " [0.99999999 1.        ]]\n",
      "decision matrix :\n",
      " [[1 1]\n",
      " [1 1]]\n",
      "expected matrix :\n",
      " [[1. 1.]\n",
      " [1. 1.]]\n",
      "distance to expected :  7.7269233365293e-09\n"
     ]
    }
   ],
   "source": [
    "characteristic_matrix_inference(bell_state_prep_node, ghz2_mat, num_steps=10, step_size=0.1)"
   ]
  },
  {
   "cell_type": "code",
   "execution_count": 8,
   "metadata": {},
   "outputs": [
    {
     "name": "stdout",
     "output_type": "stream",
     "text": [
      "covariance matrix :\n",
      " [[ 1.         -0.99443667]\n",
      " [-0.99443667  1.        ]]\n",
      "decision matrix :\n",
      " [[1 1]\n",
      " [1 1]]\n",
      "expected matrix :\n",
      " [[1. 1.]\n",
      " [1. 1.]]\n",
      "distance to expected :  0.007867731578690097\n"
     ]
    }
   ],
   "source": [
    "covariance_matrix_inference(\n",
    "    bell_state_prep_node,\n",
    "    2,\n",
    "    ghz2_mat,\n",
    "    step_size=0.2,\n",
    "    num_steps=6,\n",
    "    verbose=False,\n",
    ")"
   ]
  },
  {
   "cell_type": "markdown",
   "metadata": {},
   "source": [
    "## 3-Qubit GHZ state"
   ]
  },
  {
   "cell_type": "code",
   "execution_count": 6,
   "metadata": {},
   "outputs": [],
   "source": [
    "ghz3_mat = qnp.ones((3, 3))\n",
    "\n",
    "\n",
    "def rot_ghz3_state(settings, wires):\n",
    "    qnetvo.ghz_state(settings, wires)\n",
    "    qml.ArbitraryUnitary([qnp.pi / 4, 0.3, -1.5], wires=[wires[0]])\n",
    "    qml.ArbitraryUnitary([-0.7, 2.9, 1.2], wires=[wires[1]])\n",
    "    qml.ArbitraryUnitary([-0.9, 0.9, 0.12], wires=[wires[2]])\n",
    "\n",
    "\n",
    "ghz3_state_prep_node = qnetvo.PrepareNode(wires=[0, 1, 2], ansatz_fn=rot_ghz3_state)"
   ]
  },
  {
   "cell_type": "code",
   "execution_count": 7,
   "metadata": {},
   "outputs": [
    {
     "name": "stdout",
     "output_type": "stream",
     "text": [
      "characteristic matrix :\n",
      " [[1.         0.26217712 0.32438733]\n",
      " [0.26217712 1.         0.48511411]\n",
      " [0.32438733 0.48511411 1.        ]]\n",
      "decision matrix :\n",
      " [[1 1 1]\n",
      " [1 1 1]\n",
      " [1 1 1]]\n",
      "expected matrix :\n",
      " [[1. 1. 1.]\n",
      " [1. 1. 1.]\n",
      " [1. 1. 1.]]\n",
      "distance to expected :  1.5911898432287723\n"
     ]
    }
   ],
   "source": [
    "characteristic_matrix_inference(ghz3_state_prep_node, ghz3_mat, num_steps=10, step_size=0.1)"
   ]
  },
  {
   "cell_type": "code",
   "execution_count": 8,
   "metadata": {},
   "outputs": [
    {
     "name": "stdout",
     "output_type": "stream",
     "text": [
      "covariance matrix :\n",
      " [[ 1.         -0.93711714  0.9407836 ]\n",
      " [-0.93711714  1.         -0.99456996]\n",
      " [ 0.9407836  -0.99456996  1.        ]]\n",
      "decision matrix :\n",
      " [[1 1 1]\n",
      " [1 1 1]\n",
      " [1 1 1]]\n",
      "expected matrix :\n",
      " [[1. 1. 1.]\n",
      " [1. 1. 1.]\n",
      " [1. 1. 1.]]\n",
      "distance to expected :  0.12239543166992822\n"
     ]
    }
   ],
   "source": [
    "covariance_matrix_inference(\n",
    "    ghz3_state_prep_node,\n",
    "    3,\n",
    "    ghz3_mat,\n",
    "    step_size=0.1,\n",
    "    num_steps=10,\n",
    "    verbose=False,\n",
    ")"
   ]
  },
  {
   "cell_type": "markdown",
   "metadata": {},
   "source": [
    "## 4-Qubit GHZ"
   ]
  },
  {
   "cell_type": "code",
   "execution_count": 6,
   "metadata": {},
   "outputs": [],
   "source": [
    "ghz4_mat = qnp.ones((4, 4))\n",
    "\n",
    "\n",
    "def rot_ghz4_state(settings, wires):\n",
    "    qnetvo.ghz_state(settings, wires)\n",
    "    qml.ArbitraryUnitary([qnp.pi / 4, 0.3, -1.5], wires=[wires[0]])\n",
    "    qml.ArbitraryUnitary([-0.7, 2.9, 1.2], wires=[wires[1]])\n",
    "    qml.ArbitraryUnitary([-0.9, 0.9, 0.12], wires=[wires[2]])\n",
    "    qml.ArbitraryUnitary([2, 2, 2], wires=[wires[3]])\n",
    "\n",
    "\n",
    "ghz4_state_prep_node = qnetvo.PrepareNode(wires=[0, 1, 2, 3], ansatz_fn=rot_ghz4_state)"
   ]
  },
  {
   "cell_type": "code",
   "execution_count": 7,
   "metadata": {},
   "outputs": [
    {
     "name": "stdout",
     "output_type": "stream",
     "text": [
      "iteration :  0 , score :  0.213121392982631\n",
      "elapsed time :  0.0251009464263916\n",
      "iteration :  1 , score :  0.27278998771866547\n",
      "elapsed time :  0.024473905563354492\n",
      "iteration :  2 , score :  0.35455003632244386\n",
      "elapsed time :  0.022964000701904297\n",
      "iteration :  3 , score :  0.46845034912247385\n",
      "elapsed time :  0.020957231521606445\n",
      "iteration :  4 , score :  0.6295243002881568\n",
      "elapsed time :  0.023871183395385742\n",
      "iteration :  5 , score :  0.8598673372771539\n",
      "elapsed time :  0.026052236557006836\n",
      "iteration :  6 , score :  1.1903761770205195\n",
      "elapsed time :  0.02522897720336914\n",
      "iteration :  7 , score :  1.6592382678234787\n",
      "elapsed time :  0.023853063583374023\n",
      "iteration :  8 , score :  2.299511941885486\n",
      "elapsed time :  0.022566795349121094\n",
      "iteration :  9 , score :  3.1040051059350136\n",
      "elapsed time :  0.02387404441833496\n",
      "iteration :  10 , score :  3.9759810124747355\n",
      "elapsed time :  0.02502608299255371\n",
      "iteration :  11 , score :  4.746871940778391\n",
      "elapsed time :  0.027704954147338867\n",
      "iteration :  12 , score :  5.31627607426842\n",
      "elapsed time :  0.025067806243896484\n",
      "iteration :  13 , score :  5.666943122508442\n",
      "elapsed time :  0.023335933685302734\n",
      "iteration :  14 , score :  5.7928054899336185\n",
      "elapsed time :  0.02168416976928711\n",
      "iteration :  15 , score :  5.809128157790361\n",
      "elapsed time :  0.020663022994995117\n",
      "iteration :  16 , score :  5.810400077241413\n",
      "elapsed time :  0.022853851318359375\n",
      "iteration :  17 , score :  5.810971610921495\n",
      "elapsed time :  0.025030851364135742\n",
      "iteration :  18 , score :  5.811571597167871\n",
      "elapsed time :  0.022587060928344727\n",
      "iteration :  19 , score :  5.81220067208557\n",
      "elapsed time :  0.021502017974853516\n",
      "iteration :  20 , score :  5.812857483239007\n",
      "elapsed time :  0.020653963088989258\n",
      "iteration :  21 , score :  5.8135417906452584\n",
      "elapsed time :  0.02087688446044922\n",
      "iteration :  22 , score :  5.814256472526366\n",
      "elapsed time :  0.02338099479675293\n",
      "iteration :  23 , score :  5.8150076789992795\n",
      "elapsed time :  0.02477884292602539\n",
      "iteration :  24 , score :  5.815802962977975\n",
      "elapsed time :  0.02329397201538086\n",
      "iteration :  25 , score :  5.816649417686104\n",
      "elapsed time :  0.022836923599243164\n",
      "iteration :  26 , score :  5.817552554233224\n",
      "elapsed time :  0.02246999740600586\n",
      "iteration :  27 , score :  5.8185161762869635\n",
      "elapsed time :  0.020768165588378906\n",
      "iteration :  28 , score :  5.819542791505264\n",
      "elapsed time :  0.027990102767944336\n",
      "iteration :  29 , score :  5.8206341647028745\n",
      "elapsed time :  0.023654937744140625\n",
      "characteristic matrix :\n",
      " [[1.         0.99982311 1.         0.94073825]\n",
      " [0.99982311 1.         0.99982311 0.94066904]\n",
      " [1.         0.99982311 1.         0.94073825]\n",
      " [0.94073825 0.94066904 0.94073825 1.        ]]\n",
      "decision matrix :\n",
      " [[1 1 1 1]\n",
      " [1 1 1 1]\n",
      " [1 1 1 1]\n",
      " [1 1 1 1]]\n",
      "expected matrix :\n",
      " [[1. 1. 1. 1.]\n",
      " [1. 1. 1. 1.]\n",
      " [1. 1. 1. 1.]\n",
      " [1. 1. 1. 1.]]\n",
      "distance to expected :  0.14521801347588312\n"
     ]
    }
   ],
   "source": [
    "characteristic_matrix_inference(ghz4_state_prep_node, ghz4_mat, num_steps=30, step_size=0.1)"
   ]
  },
  {
   "cell_type": "code",
   "execution_count": 8,
   "metadata": {},
   "outputs": [
    {
     "name": "stdout",
     "output_type": "stream",
     "text": [
      "covariance matrix :\n",
      " [[ 1.          0.55915228  0.99475324 -0.68402132]\n",
      " [ 0.55915228  1.          0.56196958 -0.38642667]\n",
      " [ 0.99475324  0.56196958  1.         -0.68746778]\n",
      " [-0.68402132 -0.38642667 -0.68746778  1.        ]]\n",
      "decision matrix :\n",
      " [[1 1 1 1]\n",
      " [1 1 1 1]\n",
      " [1 1 1 1]\n",
      " [1 1 1 1]]\n",
      "expected matrix :\n",
      " [[1. 1. 1. 1.]\n",
      " [1. 1. 1. 1.]\n",
      " [1. 1. 1. 1.]\n",
      " [1. 1. 1. 1.]]\n",
      "distance to expected :  1.3858109774375191\n"
     ]
    }
   ],
   "source": [
    "covariance_matrix_inference(\n",
    "    ghz4_state_prep_node,\n",
    "    4,\n",
    "    ghz4_mat,\n",
    "    step_size=0.2,\n",
    "    num_steps=6,\n",
    "    verbose=False,\n",
    ")"
   ]
  },
  {
   "cell_type": "markdown",
   "metadata": {},
   "source": [
    "# 5-Qubit GHZ"
   ]
  },
  {
   "cell_type": "code",
   "execution_count": 9,
   "metadata": {},
   "outputs": [],
   "source": [
    "ghz5_mat = qnp.ones((5, 5))\n",
    "\n",
    "\n",
    "def rot_ghz5_state(settings, wires):\n",
    "    qnetvo.ghz_state(settings, wires)\n",
    "    qml.ArbitraryUnitary([qnp.pi / 4, 0.3, -1.5], wires=[wires[0]])\n",
    "    qml.ArbitraryUnitary([-0.7, 2.9, 1.2], wires=[wires[1]])\n",
    "    qml.ArbitraryUnitary([-0.9, 0.9, 0.12], wires=[wires[2]])\n",
    "    qml.ArbitraryUnitary([2, 2, 2], wires=[wires[3]])\n",
    "    qml.ArbitraryUnitary([1, 2.3, 0.4], wires=[wires[4]])\n",
    "\n",
    "\n",
    "ghz5_state_prep_node = qnetvo.PrepareNode(wires=[0, 1, 2, 3, 4], ansatz_fn=rot_ghz5_state)"
   ]
  },
  {
   "cell_type": "code",
   "execution_count": 10,
   "metadata": {},
   "outputs": [
    {
     "name": "stdout",
     "output_type": "stream",
     "text": [
      "iteration :  0 , score :  1.2317907909238186\n",
      "elapsed time :  0.03287005424499512\n",
      "iteration :  1 , score :  1.5735993381145634\n",
      "elapsed time :  0.029414892196655273\n",
      "iteration :  2 , score :  2.054118231307376\n",
      "elapsed time :  0.029582977294921875\n",
      "iteration :  3 , score :  2.72405582340192\n",
      "elapsed time :  0.02910780906677246\n",
      "iteration :  4 , score :  3.5976217588841415\n",
      "elapsed time :  0.041326045989990234\n",
      "iteration :  5 , score :  4.585151994626493\n",
      "elapsed time :  0.0818021297454834\n",
      "iteration :  6 , score :  5.52326705338041\n",
      "elapsed time :  0.030249834060668945\n",
      "iteration :  7 , score :  6.37577235008391\n",
      "elapsed time :  0.03187704086303711\n",
      "iteration :  8 , score :  7.109212192796372\n",
      "elapsed time :  0.033980369567871094\n",
      "iteration :  9 , score :  7.558930917337812\n",
      "elapsed time :  0.030277013778686523\n",
      "iteration :  10 , score :  7.817772470127359\n",
      "elapsed time :  0.0319218635559082\n",
      "iteration :  11 , score :  8.0687332132152\n",
      "elapsed time :  0.03290700912475586\n",
      "iteration :  12 , score :  8.398545673389528\n",
      "elapsed time :  0.03345370292663574\n",
      "iteration :  13 , score :  8.819369228325762\n",
      "elapsed time :  0.03143596649169922\n",
      "iteration :  14 , score :  9.268523125498433\n",
      "elapsed time :  0.03566408157348633\n",
      "iteration :  15 , score :  9.601168242080885\n",
      "elapsed time :  0.036743879318237305\n",
      "iteration :  16 , score :  9.723728616903916\n",
      "elapsed time :  0.03427696228027344\n",
      "iteration :  17 , score :  9.732427830898265\n",
      "elapsed time :  0.033492088317871094\n",
      "iteration :  18 , score :  9.729041287083149\n",
      "elapsed time :  0.03013896942138672\n",
      "iteration :  19 , score :  9.725012135940737\n",
      "elapsed time :  0.0355830192565918\n",
      "iteration :  20 , score :  9.721024430510626\n",
      "elapsed time :  0.03373289108276367\n",
      "iteration :  21 , score :  9.717425486548702\n",
      "elapsed time :  0.03168797492980957\n",
      "iteration :  22 , score :  9.71435480037604\n",
      "elapsed time :  0.08083772659301758\n",
      "iteration :  23 , score :  9.711885457853299\n",
      "elapsed time :  0.033622026443481445\n",
      "iteration :  24 , score :  9.710045186471774\n",
      "elapsed time :  0.0295412540435791\n",
      "iteration :  25 , score :  9.708796494272221\n",
      "elapsed time :  0.029627323150634766\n",
      "iteration :  26 , score :  9.70804694865896\n",
      "elapsed time :  0.036871910095214844\n",
      "iteration :  27 , score :  9.70768292958819\n",
      "elapsed time :  0.03397798538208008\n",
      "iteration :  28 , score :  9.707599227622405\n",
      "elapsed time :  0.03560209274291992\n",
      "iteration :  29 , score :  9.707713183574864\n",
      "elapsed time :  0.037962913513183594\n",
      "characteristic matrix :\n",
      " [[1.         0.99510196 1.         0.93517926 0.99542502]\n",
      " [0.99510196 1.         0.99510196 0.93254676 0.9912666 ]\n",
      " [1.         0.99510196 1.         0.93517926 0.99542502]\n",
      " [0.93517926 0.93254676 0.93517926 1.         0.93274063]\n",
      " [0.99542502 0.9912666  0.99542502 0.93274063 1.        ]]\n",
      "decision matrix :\n",
      " [[1 1 1 1 1]\n",
      " [1 1 1 1 1]\n",
      " [1 1 1 1 1]\n",
      " [1 1 1 1 1]\n",
      " [1 1 1 1 1]]\n",
      "expected matrix :\n",
      " [[1. 1. 1. 1. 1.]\n",
      " [1. 1. 1. 1. 1.]\n",
      " [1. 1. 1. 1. 1.]\n",
      " [1. 1. 1. 1. 1.]\n",
      " [1. 1. 1. 1. 1.]]\n",
      "distance to expected :  0.18784745067602276\n"
     ]
    }
   ],
   "source": [
    "characteristic_matrix_inference(ghz5_state_prep_node, ghz5_mat, num_steps=30, step_size=0.1)"
   ]
  },
  {
   "cell_type": "code",
   "execution_count": 14,
   "metadata": {},
   "outputs": [
    {
     "name": "stdout",
     "output_type": "stream",
     "text": [
      "covariance matrix :\n",
      " [[ 1.          0.53899521  0.9999711  -0.99131748 -0.99996745]\n",
      " [ 0.53899521  1.          0.53901079 -0.53434626 -0.53900882]\n",
      " [ 0.9999711   0.53901079  1.         -0.99134613 -0.99999635]\n",
      " [-0.99131748 -0.53434626 -0.99134613  1.          0.99134252]\n",
      " [-0.99996745 -0.53900882 -0.99999635  0.99134252  1.        ]]\n",
      "decision matrix :\n",
      " [[1 1 1 1 1]\n",
      " [1 1 1 1 1]\n",
      " [1 1 1 1 1]\n",
      " [1 1 1 1 1]\n",
      " [1 1 1 1 1]]\n",
      "expected matrix :\n",
      " [[1. 1. 1. 1. 1.]\n",
      " [1. 1. 1. 1. 1.]\n",
      " [1. 1. 1. 1. 1.]\n",
      " [1. 1. 1. 1. 1.]\n",
      " [1. 1. 1. 1. 1.]]\n",
      "distance to expected :  1.3073698562073244\n"
     ]
    }
   ],
   "source": [
    "covariance_matrix_inference(\n",
    "    ghz5_state_prep_node, 5, ghz5_mat, step_size=0.1, num_steps=10, verbose=False\n",
    ")"
   ]
  },
  {
   "cell_type": "markdown",
   "metadata": {},
   "source": [
    "# 8-qubit GHZ state"
   ]
  },
  {
   "cell_type": "code",
   "execution_count": 11,
   "metadata": {},
   "outputs": [],
   "source": [
    "ghz8_mat = qnp.ones((8, 8))\n",
    "\n",
    "\n",
    "def rot_ghz8_state(settings, wires):\n",
    "    qnetvo.ghz_state(settings, wires)\n",
    "    qml.ArbitraryUnitary([qnp.pi / 4, 0.3, -1.5], wires=[wires[0]])\n",
    "    qml.ArbitraryUnitary([-0.7, 2.9, 1.2], wires=[wires[1]])\n",
    "    qml.ArbitraryUnitary([-0.9, 0.9, 0.12], wires=[wires[2]])\n",
    "    qml.ArbitraryUnitary([2, 2, 2], wires=[wires[3]])\n",
    "    qml.ArbitraryUnitary([1, 2.3, 0.4], wires=[wires[4]])\n",
    "    qml.ArbitraryUnitary([-0.9, 0.9, 0.12], wires=[wires[5]])\n",
    "    qml.ArbitraryUnitary([2, 2, 2], wires=[wires[6]])\n",
    "    qml.ArbitraryUnitary([1, 2.3, 0.4], wires=[wires[7]])\n",
    "\n",
    "\n",
    "ghz8_state_prep_node = qnetvo.PrepareNode(\n",
    "    wires=[0, 1, 2, 3, 4, 5, 6, 7],\n",
    "    ansatz_fn=rot_ghz8_state,\n",
    ")"
   ]
  },
  {
   "cell_type": "code",
   "execution_count": 12,
   "metadata": {},
   "outputs": [
    {
     "name": "stdout",
     "output_type": "stream",
     "text": [
      "iteration :  0 , score :  2.967336791428753\n",
      "elapsed time :  0.0642390251159668\n",
      "iteration :  1 , score :  4.388716738106083\n",
      "elapsed time :  0.062355995178222656\n",
      "iteration :  2 , score :  6.430286103564649\n",
      "elapsed time :  0.08305716514587402\n",
      "iteration :  3 , score :  9.473165995399842\n",
      "elapsed time :  0.12350988388061523\n",
      "iteration :  4 , score :  13.955833132861654\n",
      "elapsed time :  0.0678260326385498\n",
      "iteration :  5 , score :  18.481583544354578\n",
      "elapsed time :  0.07754230499267578\n",
      "iteration :  6 , score :  20.110974683829458\n",
      "elapsed time :  0.06719398498535156\n",
      "iteration :  7 , score :  21.12713012134492\n",
      "elapsed time :  0.07544612884521484\n",
      "iteration :  8 , score :  22.999521168810183\n",
      "elapsed time :  0.0652010440826416\n",
      "iteration :  9 , score :  25.904124167711498\n",
      "elapsed time :  0.12159204483032227\n",
      "iteration :  10 , score :  25.833449032880615\n",
      "elapsed time :  0.06905889511108398\n",
      "iteration :  11 , score :  25.15618975325883\n",
      "elapsed time :  0.07168388366699219\n",
      "iteration :  12 , score :  24.864296892558038\n",
      "elapsed time :  0.07077813148498535\n",
      "iteration :  13 , score :  24.76749291944178\n",
      "elapsed time :  0.07716703414916992\n",
      "iteration :  14 , score :  24.689760471204497\n",
      "elapsed time :  0.12326407432556152\n",
      "iteration :  15 , score :  24.651716144963565\n",
      "elapsed time :  0.08055281639099121\n",
      "iteration :  16 , score :  24.61854042351457\n",
      "elapsed time :  0.06769990921020508\n",
      "iteration :  17 , score :  24.595203450428432\n",
      "elapsed time :  0.07930684089660645\n",
      "iteration :  18 , score :  24.574230436826465\n",
      "elapsed time :  0.06634807586669922\n",
      "iteration :  19 , score :  24.559259148566884\n",
      "elapsed time :  0.07475113868713379\n",
      "iteration :  20 , score :  24.550095744215845\n",
      "elapsed time :  0.13054800033569336\n",
      "iteration :  21 , score :  24.546321183646832\n",
      "elapsed time :  0.06945109367370605\n",
      "iteration :  22 , score :  24.545732348610287\n",
      "elapsed time :  0.08017802238464355\n",
      "iteration :  23 , score :  24.54692649111935\n",
      "elapsed time :  0.06734204292297363\n",
      "iteration :  24 , score :  24.54889647422845\n",
      "elapsed time :  0.0750589370727539\n",
      "iteration :  25 , score :  24.551339544543303\n",
      "elapsed time :  0.07058215141296387\n",
      "iteration :  26 , score :  24.554017080142827\n",
      "elapsed time :  0.12779498100280762\n",
      "iteration :  27 , score :  24.556938554394257\n",
      "elapsed time :  0.07943606376647949\n",
      "iteration :  28 , score :  24.560001429673335\n",
      "elapsed time :  0.08400201797485352\n",
      "iteration :  29 , score :  24.5632512166058\n",
      "elapsed time :  0.08123612403869629\n",
      "characteristic matrix :\n",
      " [[1.         0.87243666 0.87243701 0.89214285 0.87243663 0.87243666\n",
      "  0.87249411 0.87243839]\n",
      " [0.87243666 1.         0.87243685 0.89214268 0.87243647 0.8724365\n",
      "  0.87249395 0.87243823]\n",
      " [0.87243701 0.87243685 1.         0.89214304 0.87243681 0.87243684\n",
      "  0.87249429 0.87243857]\n",
      " [0.89214285 0.89214268 0.89214304 1.         0.89214264 0.89214267\n",
      "  0.89220356 0.89214451]\n",
      " [0.87243663 0.87243647 0.87243681 0.89214264 1.         0.87243646\n",
      "  0.87249391 0.87243819]\n",
      " [0.87243666 0.8724365  0.87243684 0.89214267 0.87243646 1.\n",
      "  0.87249394 0.87243822]\n",
      " [0.87249411 0.87249395 0.87249429 0.89220356 0.87249391 0.87249394\n",
      "  1.         0.87249567]\n",
      " [0.87243839 0.87243823 0.87243857 0.89214451 0.87243819 0.87243822\n",
      "  0.87249567 1.        ]]\n",
      "decision matrix :\n",
      " [[1 1 1 1 1 1 1 1]\n",
      " [1 1 1 1 1 1 1 1]\n",
      " [1 1 1 1 1 1 1 1]\n",
      " [1 1 1 1 1 1 1 1]\n",
      " [1 1 1 1 1 1 1 1]\n",
      " [1 1 1 1 1 1 1 1]\n",
      " [1 1 1 1 1 1 1 1]\n",
      " [1 1 1 1 1 1 1 1]]\n",
      "expected matrix :\n",
      " [[1. 1. 1. 1. 1. 1. 1. 1.]\n",
      " [1. 1. 1. 1. 1. 1. 1. 1.]\n",
      " [1. 1. 1. 1. 1. 1. 1. 1.]\n",
      " [1. 1. 1. 1. 1. 1. 1. 1.]\n",
      " [1. 1. 1. 1. 1. 1. 1. 1.]\n",
      " [1. 1. 1. 1. 1. 1. 1. 1.]\n",
      " [1. 1. 1. 1. 1. 1. 1. 1.]\n",
      " [1. 1. 1. 1. 1. 1. 1. 1.]]\n",
      "distance to expected :  0.9198357205319151\n"
     ]
    }
   ],
   "source": [
    "characteristic_matrix_inference(ghz8_state_prep_node, ghz8_mat, num_steps=30, step_size=0.1)"
   ]
  },
  {
   "cell_type": "code",
   "execution_count": 17,
   "metadata": {},
   "outputs": [
    {
     "name": "stdout",
     "output_type": "stream",
     "text": [
      "covariance matrix :\n",
      " [[ 1.          0.93545218  0.91636829 -0.91293008 -0.897829    0.89101795\n",
      "  -0.79674341 -0.92193694]\n",
      " [ 0.93545218  1.          0.94658663 -0.94303505 -0.92743599  0.92040033\n",
      "  -0.82301699 -0.95233891]\n",
      " [ 0.91636829  0.94658663  1.         -0.92379646 -0.90851563  0.90162351\n",
      "  -0.80622685 -0.93291052]\n",
      " [-0.91293008 -0.94303505 -0.92379646  1.          0.90510689 -0.89824062\n",
      "   0.80320189  0.92941025]\n",
      " [-0.897829   -0.92743599 -0.90851563  0.90510689  1.         -0.88338253\n",
      "   0.78991586  0.91403656]\n",
      " [ 0.89101795  0.92040033  0.90162351 -0.89824062 -0.88338253  1.\n",
      "  -0.78392346 -0.90710256]\n",
      " [-0.79674341 -0.82301699 -0.80622685  0.80320189  0.78991586 -0.78392346\n",
      "   1.          0.81112619]\n",
      " [-0.92193694 -0.95233891 -0.93291052  0.92941025  0.91403656 -0.90710256\n",
      "   0.81112619  1.        ]]\n",
      "decision matrix :\n",
      " [[1 1 1 1 1 1 1 1]\n",
      " [1 1 1 1 1 1 1 1]\n",
      " [1 1 1 1 1 1 1 1]\n",
      " [1 1 1 1 1 1 1 1]\n",
      " [1 1 1 1 1 1 1 1]\n",
      " [1 1 1 1 1 1 1 1]\n",
      " [1 1 1 1 1 1 1 1]\n",
      " [1 1 1 1 1 1 1 1]]\n",
      "expected matrix :\n",
      " [[1. 1. 1. 1. 1. 1. 1. 1.]\n",
      " [1. 1. 1. 1. 1. 1. 1. 1.]\n",
      " [1. 1. 1. 1. 1. 1. 1. 1.]\n",
      " [1. 1. 1. 1. 1. 1. 1. 1.]\n",
      " [1. 1. 1. 1. 1. 1. 1. 1.]\n",
      " [1. 1. 1. 1. 1. 1. 1. 1.]\n",
      " [1. 1. 1. 1. 1. 1. 1. 1.]\n",
      " [1. 1. 1. 1. 1. 1. 1. 1.]]\n",
      "distance to expected :  0.9217934425198816\n"
     ]
    }
   ],
   "source": [
    "covariance_matrix_inference(\n",
    "    ghz8_state_prep_node,\n",
    "    8,\n",
    "    ghz8_mat,\n",
    "    step_size=0.1,\n",
    "    num_steps=10,\n",
    "    verbose=False,\n",
    ")"
   ]
  },
  {
   "cell_type": "markdown",
   "metadata": {},
   "source": [
    "# 8 qubit graph state"
   ]
  },
  {
   "cell_type": "code",
   "execution_count": 13,
   "metadata": {},
   "outputs": [],
   "source": [
    "# This expected matrix is not known with certainty, but agrees with results\n",
    "graph8_mat = qnp.array(\n",
    "    [\n",
    "        [1, 0, 0, 1, 0, 0, 0, 0],\n",
    "        [0, 1, 1, 0, 0, 0, 0, 0],\n",
    "        [0, 1, 1, 0, 0, 0, 0, 0],\n",
    "        [1, 0, 0, 1, 0, 0, 0, 0],\n",
    "        [0, 0, 0, 0, 1, 0, 0, 0],\n",
    "        [0, 0, 0, 0, 0, 1, 0, 0],\n",
    "        [0, 0, 0, 0, 0, 0, 1, 1],\n",
    "        [0, 0, 0, 0, 0, 0, 1, 1],\n",
    "    ]\n",
    ")\n",
    "\n",
    "graph8_state_prep_node = qnetvo.PrepareNode(\n",
    "    wires=[0, 1, 2, 3, 4, 5, 6, 7],\n",
    "    ansatz_fn=qnetvo.graph_state_fn([[0, 1], [1, 2], [0, 3], [6, 7]]),\n",
    ")"
   ]
  },
  {
   "cell_type": "code",
   "execution_count": 14,
   "metadata": {},
   "outputs": [
    {
     "name": "stdout",
     "output_type": "stream",
     "text": [
      "iteration :  0 , score :  0.027825668671072057\n",
      "elapsed time :  0.06241893768310547\n",
      "iteration :  1 , score :  0.028609226815533795\n",
      "elapsed time :  0.0607602596282959\n",
      "iteration :  2 , score :  0.029421008868100396\n",
      "elapsed time :  0.08008313179016113\n",
      "iteration :  3 , score :  0.030262321166808492\n",
      "elapsed time :  0.06405401229858398\n",
      "iteration :  4 , score :  0.031134544835440536\n",
      "elapsed time :  0.12206077575683594\n",
      "iteration :  5 , score :  0.032039140796588095\n",
      "elapsed time :  0.0651390552520752\n",
      "iteration :  6 , score :  0.03297765515935147\n",
      "elapsed time :  0.06704187393188477\n",
      "iteration :  7 , score :  0.03395172501373045\n",
      "elapsed time :  0.06212496757507324\n",
      "iteration :  8 , score :  0.03496308466313747\n",
      "elapsed time :  0.057868003845214844\n",
      "iteration :  9 , score :  0.03601357233148139\n",
      "elapsed time :  0.06325101852416992\n",
      "iteration :  10 , score :  0.037105137382507314\n",
      "elapsed time :  0.1110537052154541\n",
      "iteration :  11 , score :  0.03823984809402292\n",
      "elapsed time :  0.06394791603088379\n",
      "iteration :  12 , score :  0.039419900030525756\n",
      "elapsed time :  0.058474063873291016\n",
      "iteration :  13 , score :  0.04064762506433128\n",
      "elapsed time :  0.06701397895812988\n",
      "iteration :  14 , score :  0.04192550109660176\n",
      "elapsed time :  0.058071136474609375\n",
      "iteration :  15 , score :  0.04325616253571041\n",
      "elapsed time :  0.12453198432922363\n",
      "iteration :  16 , score :  0.044642411592821674\n",
      "elapsed time :  0.06358098983764648\n",
      "iteration :  17 , score :  0.046087230461798745\n",
      "elapsed time :  0.06222796440124512\n",
      "iteration :  18 , score :  0.04759379445257417\n",
      "elapsed time :  0.06373977661132812\n",
      "iteration :  19 , score :  0.049165486154505\n",
      "elapsed time :  0.07163500785827637\n",
      "iteration :  20 , score :  0.050805910710256974\n",
      "elapsed time :  0.06228208541870117\n",
      "iteration :  21 , score :  0.05251891228663741\n",
      "elapsed time :  0.11605024337768555\n",
      "iteration :  22 , score :  0.05430859183446235\n",
      "elapsed time :  0.0662379264831543\n",
      "iteration :  23 , score :  0.05617932623472588\n",
      "elapsed time :  0.07131791114807129\n",
      "iteration :  24 , score :  0.05813578893441074\n",
      "elapsed time :  0.0725257396697998\n",
      "iteration :  25 , score :  0.0601829721799263\n",
      "elapsed time :  0.07563185691833496\n",
      "iteration :  26 , score :  0.062326210961180406\n",
      "elapsed time :  0.1268291473388672\n",
      "iteration :  27 , score :  0.06457120878429912\n",
      "elapsed time :  0.0703287124633789\n",
      "iteration :  28 , score :  0.06692406539222873\n",
      "elapsed time :  0.06008410453796387\n",
      "iteration :  29 , score :  0.06939130655764303\n",
      "elapsed time :  0.07181310653686523\n",
      "iteration :  30 , score :  0.07197991606932441\n",
      "elapsed time :  0.06168222427368164\n",
      "iteration :  31 , score :  0.0746973700341087\n",
      "elapsed time :  0.07387375831604004\n",
      "iteration :  32 , score :  0.07755167360922455\n",
      "elapsed time :  0.11555194854736328\n",
      "iteration :  33 , score :  0.08055140027324592\n",
      "elapsed time :  0.0751810073852539\n",
      "iteration :  34 , score :  0.08370573372762591\n",
      "elapsed time :  0.06058979034423828\n",
      "iteration :  35 , score :  0.08702451250297827\n",
      "elapsed time :  0.06229400634765625\n",
      "iteration :  36 , score :  0.09051827731669015\n",
      "elapsed time :  0.0646657943725586\n",
      "iteration :  37 , score :  0.09419832118916038\n",
      "elapsed time :  0.07122206687927246\n",
      "iteration :  38 , score :  0.0980767422817006\n",
      "elapsed time :  0.1253950595855713\n",
      "iteration :  39 , score :  0.10216649935139066\n",
      "elapsed time :  0.07244110107421875\n",
      "iteration :  40 , score :  0.1064814696435683\n",
      "elapsed time :  0.0612339973449707\n",
      "iteration :  41 , score :  0.11103650893633854\n",
      "elapsed time :  0.0699150562286377\n",
      "iteration :  42 , score :  0.11584751333012377\n",
      "elapsed time :  0.06483101844787598\n",
      "iteration :  43 , score :  0.12093148221772965\n",
      "elapsed time :  0.11600899696350098\n",
      "iteration :  44 , score :  0.12630658167825715\n",
      "elapsed time :  0.06330704689025879\n",
      "iteration :  45 , score :  0.13199220730902406\n",
      "elapsed time :  0.06549620628356934\n",
      "iteration :  46 , score :  0.13800904522527002\n",
      "elapsed time :  0.06606817245483398\n",
      "iteration :  47 , score :  0.14437912962314314\n",
      "elapsed time :  0.07036495208740234\n",
      "iteration :  48 , score :  0.1511258949007288\n",
      "elapsed time :  0.061373233795166016\n",
      "iteration :  49 , score :  0.15827421985850787\n",
      "elapsed time :  0.12121391296386719\n",
      "iteration :  50 , score :  0.1658504609509972\n",
      "elapsed time :  0.06395483016967773\n",
      "iteration :  51 , score :  0.17388247092055886\n",
      "elapsed time :  0.06610107421875\n",
      "iteration :  52 , score :  0.18239959841709052\n",
      "elapsed time :  0.06482410430908203\n",
      "iteration :  53 , score :  0.19143266337987175\n",
      "elapsed time :  0.06081986427307129\n",
      "iteration :  54 , score :  0.20101390204592096\n",
      "elapsed time :  0.12183904647827148\n",
      "iteration :  55 , score :  0.21117687444836397\n",
      "elapsed time :  0.07438182830810547\n",
      "iteration :  56 , score :  0.22195632620873473\n",
      "elapsed time :  0.06847023963928223\n",
      "iteration :  57 , score :  0.23338799533314036\n",
      "elapsed time :  0.06994009017944336\n",
      "iteration :  58 , score :  0.24550835364558865\n",
      "elapsed time :  0.06233096122741699\n",
      "iteration :  59 , score :  0.2583542715003544\n",
      "elapsed time :  0.07110095024108887\n",
      "characteristic matrix :\n",
      " [[1.00000000e+00 5.77315973e-15 5.77315973e-15 2.22672877e-02\n",
      "  5.99520433e-15 5.77315973e-15 5.77315973e-15 5.77315973e-15]\n",
      " [5.77315973e-15 1.00000000e+00 4.09473047e-06 5.55111512e-15\n",
      "  5.99520433e-15 5.77315973e-15 5.99520433e-15 5.77315973e-15]\n",
      " [5.77315973e-15 4.09473047e-06 1.00000000e+00 5.55111512e-15\n",
      "  5.55111512e-15 5.99520433e-15 5.55111512e-15 5.77315973e-15]\n",
      " [2.22672877e-02 5.55111512e-15 5.55111512e-15 1.00000000e+00\n",
      "  5.77315973e-15 5.77315973e-15 5.55111512e-15 5.77315973e-15]\n",
      " [5.99520433e-15 5.99520433e-15 5.55111512e-15 5.77315973e-15\n",
      "  2.33890338e-02 5.99520433e-15 5.77315973e-15 5.77315973e-15]\n",
      " [5.77315973e-15 5.77315973e-15 5.99520433e-15 5.77315973e-15\n",
      "  5.99520433e-15 8.16138782e-01 5.32907052e-15 5.77315973e-15]\n",
      " [5.77315973e-15 5.99520433e-15 5.55111512e-15 5.55111512e-15\n",
      "  5.77315973e-15 5.32907052e-15 1.00000000e+00 2.49691211e-01]\n",
      " [5.77315973e-15 5.77315973e-15 5.77315973e-15 5.77315973e-15\n",
      "  5.77315973e-15 5.77315973e-15 2.49691211e-01 1.00000000e+00]]\n",
      "decision matrix :\n",
      " [[1 0 0 0 0 0 0 0]\n",
      " [0 1 0 0 0 0 0 0]\n",
      " [0 0 1 0 0 0 0 0]\n",
      " [0 0 0 1 0 0 0 0]\n",
      " [0 0 0 0 0 0 0 0]\n",
      " [0 0 0 0 0 1 0 0]\n",
      " [0 0 0 0 0 0 1 1]\n",
      " [0 0 0 0 0 0 1 1]]\n",
      "expected matrix :\n",
      " [[1 0 0 1 0 0 0 0]\n",
      " [0 1 1 0 0 0 0 0]\n",
      " [0 1 1 0 0 0 0 0]\n",
      " [1 0 0 1 0 0 0 0]\n",
      " [0 0 0 0 1 0 0 0]\n",
      " [0 0 0 0 0 1 0 0]\n",
      " [0 0 0 0 0 0 1 1]\n",
      " [0 0 0 0 0 0 1 1]]\n",
      "distance to expected :  2.4546703686052274\n"
     ]
    }
   ],
   "source": [
    "characteristic_matrix_inference(graph8_state_prep_node, graph8_mat, num_steps=60, step_size=0.02)"
   ]
  },
  {
   "cell_type": "code",
   "execution_count": 20,
   "metadata": {},
   "outputs": [
    {
     "name": "stdout",
     "output_type": "stream",
     "text": [
      "covariance matrix :\n",
      " [[ 1.00000000e+00 -8.32667268e-17 -2.46519033e-32 -9.63371307e-01\n",
      "  -2.67599372e-17  8.33048101e-17 -2.77555756e-17 -5.55111512e-17]\n",
      " [-8.32667268e-17  1.00000000e+00 -9.99997414e-01  2.77555756e-17\n",
      "  -1.40271336e-16 -5.55682762e-17  1.84889275e-32 -8.32667268e-17]\n",
      " [-2.46519033e-32 -9.99997414e-01  1.00000000e+00 -5.55111512e-17\n",
      "   2.97468524e-17  5.55873178e-17 -2.46519033e-32  2.77555756e-17]\n",
      " [-9.63371307e-01  2.77555756e-17 -5.55111512e-17  1.00000000e+00\n",
      "  -2.92490332e-17 -5.55682762e-17  5.55111512e-17 -2.77555756e-17]\n",
      " [-2.67599372e-17 -1.40271336e-16  2.97468524e-17 -2.92490332e-17\n",
      "   9.99919577e-01  1.48176556e-16 -2.67599372e-17 -1.49345759e-18]\n",
      " [ 8.33048101e-17 -5.55682762e-17  5.55873178e-17 -5.55682762e-17\n",
      "   1.48176556e-16  9.99999882e-01  5.55492345e-17 -5.55682762e-17]\n",
      " [-2.77555756e-17  1.84889275e-32 -2.46519033e-32  5.55111512e-17\n",
