{
  "settings_list": [
    [
      1.362905417286725,
      1.7548619837830994,
      5.682044506467122,
      3.2344097728889096,
      2.2496715365163737,
      5.974197115459028,
      5.953345562681065,
      1.8647906853247829,
      2.9959423609983498,
      1.7992078377372147,
      5.358211111587719,
      4.822205867235995,
      4.8499267077732355,
      6.234403436905467,
      1.7095151889931786
    ],
    [
      1.366009810375557,
      1.7507700180632721,
      5.680520600698754,
      3.245815239337969,
      2.132655816772518,
      5.972607654933617,
      5.9434373829195035,
      1.7758378842040021,
      2.9973004643317895,
      1.7688778206474451,
      5.350274327529754,
      4.821890178439983,
      4.793634885538327,
      6.233357646239339,
      1.7099062349619465
    ],
    [
      1.3679965369238631,
      1.7469476887768705,
      5.679983189527163,
      3.2525978118355416,
      2.004902313428039,
      5.972005399980712,
      5.939802646999272,
      1.7068964184649045,
      2.997409441698629,
      1.7399804803121954,
      5.343387366877413,
      4.822154601158839,
      4.761691590310047,
      6.2339245990688,
      1.7116400942418981
    ],
    [
      1.367936883195794,
      1.7448200610939595,
      5.680447369280411,
      3.257796712550492,
      1.8785682409694826,
      5.9705620078608,
      5.93589581357243,
      1.6599388923295484,
      2.9957157972339497,
      1.7164350216135464,
      5.337284610861674,
      4.821563959658347,
      4.7395454874117515,
      6.234887011267109,
      1.7106916690929745
    ],
    [
      1.370864143402079,
      1.7415470515974412,
      5.680811296504315,
      3.2617834348679,
      1.7737911398203754,
      5.969300905568429,
      5.934880479803528,
      1.6287342521311803,
      2.995980921464548,
      1.6926170363620967,
      5.331502437145955,
      4.821048113475608,
      4.725915484914708,
      6.235215206468869,
      1.7109588906311377
    ],
    [
      1.3725086914591342,
      1.738175292815561,
      5.680044959132892,
      3.263941852916685,
      1.695492438943467,
      5.9702650529179975,
      5.935004979432504,
      1.6057695452276257,
      2.995070186715182,
      1.6748676798946633,
      5.328155134308716,
      4.8213941232871145,
      4.720287752314117,
      6.2357438536279,
      1.709818577948657
    ],
    [
      1.3741823975354432,
      1.7353988073940256,
      5.6799266494773715,
      3.264819888963747,
      1.650555666293371,
      5.969882928144459,
      5.934404004234531,
      1.5899517039503426,
      2.9952424372747046,
      1.6599705206516753,
      5.325063275687322,
      4.821194521458356,
      4.719046536288979,
      6.2356972996324895,
      1.7096260014354987
    ],
    [
      1.3755108390255837,
      1.7342085677278618,
      5.680094720698025,
      3.264493446752204,
      1.6210698134263062,
      5.969860707638763,
      5.934151373683124,
      1.5844013377657582,
      2.99588697389582,
      1.6447038576890645,
      5.323033939931064,
      4.821634682871306,
      4.7124771023953285,
      6.235684818875365,
      1.7098028309469724
    ],
    [
      1.3763537229735716,
      1.7322461807759277,
      5.680719906515754,
      3.264504119928546,
      1.5923481212334678,
      5.970056930702575,
      5.934274281378749,
      1.579513030331122,
      2.9954372701141905,
      1.633628897515967,
      5.321774767000438,
      4.822166863150936,
      4.708838123839259,
      6.235676580003285,
      1.7097222364285647
    ],
    [
      1.3783170599986776,
      1.7293056003759073,
      5.680793181499126,
      3.264499616373423,
      1.5845958929698185,
      5.970230381528364,
      5.934054382374804,
      1.578117071275035,
      2.995609019347194,
      1.62821356154447,
      5.321277128556462,
      4.822180380206936,
      4.714083398907342,
      6.235586894802737,
      1.7098361462447669
    ],
    [
      1.3801567236218815,
      1.7270092826303354,
      5.681061142811572,
      3.26447775542588,
      1.5702494360577774,
      5.970136656051341,
      5.9337774802381364,
      1.5813205066952052,
      2.995358666541869,
      1.620203181110888,
      5.3208273976450355,
      4.822124369710418,
      4.709725390176242,
      6.235471461497055,
      1.7096425707721268
    ],
    [
      1.3820442310470336,
      1.724291829882457,
      5.681315655089563,
      3.2648050267731823,
      1.573099537046552,
      5.9702557544484485,
      5.933667921041797,
      1.5743242298776179,
      2.9954830590053314,
      1.6122300000079888,
      5.320450679507896,
      4.821976929099628,
      4.707255182811788,
      6.235328347916101,
      1.7094287223246645
    ],
    [
      1.3838496755024134,
      1.7220948944079595,
      5.681055519416718,
      3.264684224480963,
      1.571217969658515,
      5.970153890597535,
      5.933624227850086,
      1.5762525993721734,
      2.99549863177895,
      1.6085121252696994,
      5.320093437220091,
      4.8219373801820185,
      4.7070833315398195,
      6.235219095754705,
      1.7093428792497976
    ],
    [
      1.385088248162546,
      1.7206678745416901,
      5.681026808430768,
      3.264732283972532,
      1.5662808440970895,
      5.9701488266137375,
      5.933595512686269,
      1.5748836288064403,
      2.9953977101338256,
      1.6039400704647895,
      5.320170513278874,
      4.821962796716555,
      4.709185508330784,
      6.235363865655402,
      1.7092576206415886
    ],
    [
      1.386788471285582,
      1.7188171428086239,
      5.681090905462311,
      3.264690123591257,
      1.5576155180405915,
      5.970065589701406,
      5.933627517053113,
      1.5711345206659193,
      2.9952962109366994,
      1.6038463987744342,
      5.3202066294996815,
      4.822005988845195,
      4.7132269421361785,
      6.2354259364833595,
      1.709317014085412
    ],
    [
      1.388246529281129,
      1.7169592194167627,
      5.681153271751771,
      3.2645802929538092,
      1.5547950014163374,
      5.970091964923254,
      5.933676315352439,
      1.5746015992462201,
      2.9955120677985283,
      1.6004049156508247,
      5.320277986380072,
      4.8220318363787715,
      4.7107642072478555,
      6.235364450428557,
      1.7091690497885006
    ],
    [
      1.389767970813931,
      1.715342798108431,
      5.681282097327205,
      3.2645674333802606,
      1.5557661214946727,
      5.970160883965788,
      5.933633848483364,
      1.5719775823015252,
      2.995595751945767,
      1.5969559807391172,
      5.319835222005758,
      4.822030018820621,
      4.707983163906518,
      6.235371451091463,
      1.7092324852852692
    ],
    [
      1.3914835170620923,
      1.7136464161090634,
      5.681117574275348,
      3.264782708488006,
      1.5637024850618075,
      5.969932044064957,
      5.933814038456136,
      1.5729277066157985,
      2.9956442210594596,
      1.5936235793059703,
      5.319919150620578,
      4.822034631555508,
      4.707990936780072,
      6.235317651562659,
      1.7091756192934893
    ],
    [
      1.3946112797573178,
      1.709794729998494,
      5.681056525430173,
      3.2648680985196057,
      1.565113911952758,
      5.970006954308551,
      5.933691488169441,
      1.57246369212624,
      2.99566225029097,
      1.5953013972635768,
      5.319814473997138,
      4.8219483227412905,
      4.707872571384299,
      6.235353038549808,
      1.7094431196768525
    ],
    [
      1.395675800087758,
      1.7082281361530884,
      5.681115548669034,
      3.2647321146094432,
      1.5664940713946576,
      5.969985538696699,
      5.933650242312301,
      1.574412947035385,
      2.9956276745243415,
      1.5920512217698801,
      5.319496352325231,
      4.821981914669953,
      4.701446132246912,
      6.23560009914654,
      1.7095848968373792
    ],
    [
      1.3977037802457901,
      1.7059703171232163,
      5.681049741078682,
      3.2653404626215874,
      1.5701005610329135,
      5.969934611387867,
      5.933438015291981,
      1.574105046085641,
      2.9954792366904215,
      1.584999969867592,
      5.319410090951343,
      4.821928379621057,
      4.709919924646751,
      6.235494521990268,
      1.7096185568590592
    ]
  ],
  "cost_vals": [],
  "step_size": 0.1,
  "opt_step_times": [
    0.17431211471557617,
    0.17691302299499512,
    0.17876505851745605,
    0.1652529239654541,
    0.15917515754699707,
    0.19723773002624512,
    0.17288923263549805,
    0.16409802436828613,
    0.17014503479003906,
    0.1776430606842041,
    0.18008089065551758,
    0.17266011238098145,
    0.23307585716247559,
    0.17109394073486328,
    0.1794440746307373,
    0.17120790481567383,
    0.17456412315368652,
    0.1767580509185791,
    0.1740720272064209,
    0.18169188499450684
  ],
  "opt_settings": [
    1.3977037802457901,
    1.7059703171232163,
    5.681049741078682,
    3.2653404626215874,
    1.5701005610329135,
    5.969934611387867,
    5.933438015291981,
    1.574105046085641,
    2.9954792366904215,
    1.584999969867592,
    5.319410090951343,
    4.821928379621057,
    4.709919924646751,
    6.235494521990268,
    1.7096185568590592
  ],
  "min_cost": null,
  "datetime": "2023-05-30T16-41-16Z",
  "step_only": true,
  "ibm_device": "default.qubit",
  "shots": 10000,
  "prep_node_name": "5-qubit_zero_state",
  "num_qubits": 5,
  "error": false,
  "cov_mats": [
    [
      [
        0.99876096,
        0.009770240000000006,
        0.003503039999999992,
        0.01333120000000007,
        -0.004039359999999891
      ],
      [
        0.009770240000000006,
        0.58886256,
        0.011195760000000027,
        -0.0004671999999999593,
        -0.006389840000000049
      ],
      [
        0.003503039999999992,
        0.011195760000000027,
        0.9272079599999999,
        0.0033488000000000476,
        0.001890360000000084
      ],
      [
        0.01333120000000007,
        -0.0004671999999999593,
        0.0033488000000000476,
        0.979264,
        0.009620800000000086
      ],
      [
        -0.004039359999999891,
        -0.006389840000000049,
        0.001890360000000084,
        0.009620800000000086,
        0.98602876
      ]
    ],
    [
      [
        0.998151,
        0.002930000000000002,
        0.01462579999999999,
        0.006302199999999971,
        -0.018951400000000007
      ],
      [
        0.002930000000000002,
        0.7399,
        0.0058939999999999965,
        0.009546000000000034,
        -0.005502000000000007
      ],
      [
        0.01462579999999999,
        0.0058939999999999965,
        0.96023964,
        -0.0032572400000000015,
        -0.024008120000000112
      ],
      [
        0.006302199999999971,
        0.009546000000000034,
        -0.0032572400000000015,
        0.98905884,
        0.0039889200000000295
      ],
      [
        -0.018951400000000007,
        -0.005502000000000007,
        -0.024008120000000112,
        0.0039889200000000295,
        0.99356796
      ]
    ],
    [
      [
        0.99844764,
        0.008032800000000034,
        0.0035508000000000076,
        0.005929800000000063,
        -0.007905800000000024
      ],
      [
        0.008032800000000034,
        0.830256,
        -0.00018399999999998973,
        -0.002003999999999978,
        -0.0055160000000000035
      ],
      [
        0.0035508000000000076,
        -0.00018399999999998973,
        0.986076,
        -0.004794000000000003,
        -0.018726000000000045
      ],
      [
        0.005929800000000063,
        -0.002003999999999978,
        -0.004794000000000003,
        0.993111,
        -0.00923100000000003
      ],
      [
        -0.007905800000000024,
        -0.0055160000000000035,
        -0.018726000000000045,
        -0.00923100000000003,
        0.998151
      ]
    ],
    [
      [
        0.998064,
        -0.003962399999999939,
        0.001526399999999963,
        0.009475999999999995,
        -0.0016232000000000724
      ],
      [
        -0.003962399999999939,
        0.9067308399999999,
        0.006521759999999991,
        0.0008833999999999752,
        -0.006379879999999961
      ],
      [
        0.001526399999999963,
        0.006521759999999991,
        0.99446464,
        -0.00668240000000001,
        -0.008148319999999975
      ],
      [
        0.009475999999999995,
        0.0008833999999999752,
        -0.00668240000000001,
        0.994959,
        0.011976200000000046
      ],
      [
        -0.0016232000000000724,
        -0.006379879999999961,
        -0.008148319999999975,
        0.011976200000000046,
        0.99950716
      ]
    ],
    [
      [
        0.997084,
        0.0008268000000000806,
        -0.0048875999999999885,
        -0.0008883999999999867,
        0.008577200000000017
      ],
      [
        0.0008268000000000806,
        0.95830236,
        -0.007786520000000009,
        -0.007608680000000027,
        -0.00045155999999988393
      ],
      [
        -0.0048875999999999885,
        -0.007786520000000009,
        0.99369564,
        -0.0007292399999999557,
        -0.007069080000000033
      ],
      [
        -0.0008883999999999867,
        -0.007608680000000027,
        -0.0007292399999999557,
        0.99582684,
        0.013008279999999971
      ],
      [
        0.008577200000000017,
        -0.00045155999999988393,
        -0.007069080000000033,
        0.013008279999999971,
        0.99952476
      ]
    ],
    [
      [
        0.99786556,
        0.0025934800000000473,
        -0.005346359999999995,
        0.005144840000000005,
        -0.006518919999999999
      ],
      [
        0.0025934800000000473,
        0.98427484,
        -0.006059879999999943,
        -0.0046502799999999945,
        0.010265640000000027
      ],
      [
        -0.005346359999999995,
        -0.006059879999999943,
        0.99857116,
        0.009663959999999923,
        -0.012715480000000003
      ],
      [
        0.005144840000000005,
        -0.0046502799999999945,
        0.009663959999999923,
        0.99618076,
        -0.015753880000000026
      ],
      [
        -0.006518919999999999,
        0.010265640000000027,
        -0.012715480000000003,
        -0.015753880000000026,
        0.99945244
      ]
    ],
    [
      [
        0.99975664,
        -0.0008428000000000029,
        0.0036284000000000255,
        0.012194720000000032,
        -0.0017067199999999724
      ],
      [
        -0.0008428000000000029,
        0.992431,
        -0.0022430000000000128,
        -0.004424399999999979,
        -0.0058355999999999564
      ],
      [
        0.0036284000000000255,
        -0.0022430000000000128,
        0.999879,
        0.006973199999999992,
        -0.009593200000000031
      ],
      [
        0.012194720000000032,
        -0.004424399999999979,
        0.006973199999999992,
        0.99849456,
        -0.01487056000000003
      ],
      [
        -0.0017067199999999724,
        -0.0058355999999999564,
        -0.009593200000000031,
        -0.01487056000000003,
        0.99964656
      ]
    ],
    [
      [
        0.99876096,
        0.00031232000000000547,
        0.009816959999999982,
        0.005397759999999952,
        0.003543679999999935
      ],
      [
        0.00031232000000000547,
        0.99900144,
        -0.0010356799999999518,
        -0.0023820799999999492,
        0.019250559999999996
      ],
      [
        0.009816959999999982,
        -0.0010356799999999518,
        0.99997296,
        0.014933760000000075,
        0.000391680000000039
      ],
      [
        0.005397759999999952,
        -0.0023820799999999492,
        0.014933760000000075,
        0.9973785599999999,
        -0.005281920000000041
      ],
      [
        0.003543679999999935,
        0.019250559999999996,
        0.000391680000000039,
        -0.005281920000000041,
        0.99999744
      ]
    ],
    [
      [
        0.99880284,
        0.011387519999999983,
        -0.0034691999999999627,
        -0.0038047600000000155,
        -0.0058968799999999455
      ],
      [
        0.011387519999999983,
        0.99987456,
        0.0064223999999999904,
        -0.003745280000000038,
        0.0020313600000000298
      ],
      [
        -0.0034691999999999627,
        0.0064223999999999904,
        0.999996,
        0.018118800000000018,
        -0.005205599999999955
      ],
      [
        -0.0038047600000000155,
        -0.003745280000000038,
        0.018118800000000018,
        0.99835164,
        -0.0007136800000000458
      ],
      [
        -0.0058968799999999455,
        0.0020313600000000298,
        -0.005205599999999955,
        -0.0007136800000000458,
        0.9999921599999999
      ]
    ],
    [
      [
        0.9986012400000001,
        0.010037400000000007,
        0.000762600000000025,
        -0.011800720000000094,
        0.009553520000000013
      ],
      [
        0.010037400000000007,
        0.999999,
        -0.014398999999999969,
        0.005442799999999958,
        0.024585199999999956
      ],
      [
        0.000762600000000025,
        -0.014398999999999969,
        0.999999,
        0.016557200000000005,
        -0.007785199999999946
      ],
      [
        -0.011800720000000094,
        0.005442799999999958,
        0.016557200000000005,
        0.99816816,
        0.0030334399999999363
      ],
      [
        0.009553520000000013,
        0.024585199999999956,
        -0.007785199999999946,
        0.0030334399999999363,
        0.9997809599999999
      ]
    ],
    [
      [
        0.99930304,
        -0.0023425600000000356,
        0.003910880000000025,
        -0.00937024000000003,
        0.006694399999999942
      ],
      [
        -0.0023425600000000356,
        0.99997084,
        0.0004226800000000392,
        0.020083360000000022,
        0.006978400000000005
      ],
      [
        0.003910880000000025,
        0.0004226800000000392,
        0.99998236,
        -0.0029092800000000032,
        0.0010167999999998903
      ],
      [
        -0.00937024000000003,
        0.020083360000000022,
        -0.0029092800000000032,
        0.99953344,
        -0.003686399999999967
      ],
      [
        0.006694399999999942,
        0.006978400000000005,
        0.0010167999999998903,
        -0.003686399999999967,
        0.999984
      ]
    ],
    [
      [
        0.99881664,
        0.00037200000000000774,
        0.01263487999999998,
        -0.0017072000000000103,
        -0.0036417600000000203
      ],
      [
        0.00037200000000000774,
        0.999975,
        -0.0025759999999999637,
        0.00919000000000001,
        -0.016423
      ],
      [
        0.01263487999999998,
        -0.0025759999999999637,
        0.99997696,
        -0.004982399999999968,
        -0.008177919999999929
      ],
      [
        -0.0017072000000000103,
        0.00919000000000001,
        -0.004982399999999968,
        0.998556,
        0.005174800000000038
      ],
      [
        -0.0036417600000000203,
        -0.016423,
        -0.008177919999999929,
        0.005174800000000038,
        0.99997884
      ]
    ],
    [
      [
        0.9984,
        -0.0013759999999999432,
        0.0036799999999999945,
        0.01068799999999997,
        0.0006719999999999949
      ],
      [
        -0.0013759999999999432,
        0.99975664,
        -0.00403120000000006,
        0.0005656800000000174,
        0.021839919999999922
      ],
      [
        0.0036799999999999945,
        -0.00403120000000006,
        0.999996,
        0.0033955999999999865,
        0.019056399999999963
      ],
      [
        0.01068799999999997,
        0.0005656800000000174,
        0.0033955999999999865,
        0.99999516,
        -0.00793795999999998
      ],
      [
        0.0006719999999999949,
        0.021839919999999922,
        0.019056399999999963,
        -0.00793795999999998,
        0.99920476
      ]
    ],
    [
      [
        0.99989596,
        -0.0018367199999999688,
        0.0057388000000000005,
        -0.012230520000000038,
        -0.002502080000000019
      ],
      [
        -0.0018367199999999688,
        0.99998704,
        -0.002421599999999958,
        -0.022281360000000028,
        -0.011165440000000014
      ],
      [
        0.0057388000000000005,
        -0.002421599999999958,
        0.999964,
        -0.005935599999999998,
        -0.0011423999999999517
      ],
      [
        -0.012230520000000038,
        -0.022281360000000028,
        -0.005935599999999998,
        0.99948924,
        0.01161696000000005
      ],
      [
        -0.002502080000000019,
        -0.011165440000000014,
        -0.0011423999999999517,
        0.01161696000000005,
        0.99990784
      ]
    ],
    [
      [
        0.9998150399999999,
        0.022367360000000114,
        -0.006081600000000005,
        -0.009319679999999959,
        -0.01002175999999998
      ],
      [
        0.022367360000000114,
        0.99999424,
        -0.005614399999999939,
        -0.002421120000000014,
        0.018396160000000026
      ],
      [
        -0.006081600000000005,
        -0.005614399999999939,
        0.999964,
        -0.0028527999999999696,
        -0.003209599999999925
      ],
      [
        -0.009319679999999959,
        -0.002421120000000014,
        -0.0028527999999999696,
        0.99992256,
        -0.007214080000000039
      ],
      [
        -0.01002175999999998,
        0.018396160000000026,
        -0.003209599999999925,
        -0.007214080000000039,
        0.99999744
      ]
    ],
    [
      [
        0.99949824,
        -0.007027199999999961,
        0.0053728000000000335,
        -0.00456287999999998,
        -0.014925440000000066
      ],
      [
        -0.007027199999999961,
        0.999216,
        0.0036160000000000137,
        -0.003053599999999962,
        0.017043199999999963
      ],
      [
        0.0053728000000000335,
        0.0036160000000000137,
        0.999216,
        0.023346400000000045,
        -0.011356799999999964
      ],
      [
        -0.00456287999999998,
        -0.003053599999999962,
        0.023346400000000045,
        0.99973756,
        0.00850927999999994
      ],
      [
        -0.014925440000000066,
        0.017043199999999963,
        -0.011356799999999964,
        0.00850927999999994,
        0.99996864
      ]
    ],
    [
      [
        0.99928176,
        0.00441744000000001,
        -0.01611456000000003,
        0.011816079999999975,
        -0.0051001599999999404
      ],
      [
        0.00441744000000001,
        0.99914736,
        -0.007760639999999927,
        -0.005382480000000018,
        -0.004727039999999927
      ],
      [
        -0.01611456000000003,
        -0.007760639999999927,
        0.99963136,
        -0.000988480000000002,
        0.012184960000000024
      ],
      [
        0.011816079999999975,
        -0.005382480000000018,
        -0.000988480000000002,
        0.99999964,
        0.011806720000000005
      ],
      [
        -0.0051001599999999404,
        -0.004727039999999927,
        0.012184960000000024,
        0.011806720000000005,
        0.99987456
      ]
    ],
    [
      [
        0.99818524,
        -0.005515239999999983,
        0.0015152400000000095,
        -0.009804919999999901,
        -0.004169959999999985
      ],
      [
        -0.005515239999999983,
        0.99994524,
        0.0024547600000000137,
        -0.0033050799999999807,
        0.00883996000000003
      ],
      [
        0.0015152400000000095,
        0.0024547600000000137,
        0.99994524,
        -0.018694919999999983,
        0.004360039999999986
      ],
      [
        -0.009804919999999901,
        -0.0033050799999999807,
        -0.018694919999999983,
        0.99979836,
        -0.021123320000000022
      ],
      [
        -0.004169959999999985,
        0.00883996000000003,
        0.004360039999999986,
        -0.021123320000000022,
        0.99997084
      ]
    ],
    [
      [
        0.99999216,
        -0.00943640000000002,
        -0.001191040000000034,
        -0.011007280000000093,
        0.0023955200000000134
      ],
      [
        -0.00943640000000002,
        0.999831,
        -0.0029584000000000025,
        -0.020833800000000097,
        0.008979199999999955
      ],
      [
        -0.001191040000000034,
        -0.0029584000000000025,
        0.99998976,
        -0.013391680000000022,
        0.006405120000000071
      ],
      [
        -0.011007280000000093,
        -0.020833800000000097,
        -0.013391680000000022,
        0.99999324,
        -0.01140416000000002
      ],
      [
        0.0023955200000000134,
        0.008979199999999955,
        0.006405120000000071,
        -0.01140416000000002,
        0.99999744
      ]
    ],
    [
      [
        0.99902656,
        0.0020315200000000345,
        0.013762880000000121,
        -0.015799040000000077,
        -0.004218079999999997
      ],
      [
        0.0020315200000000345,
        0.99997084,
        -0.00824104000000007,
        -0.013103680000000012,
        -0.014472360000000024
      ],
      [
        0.013762880000000121,
        -0.00824104000000007,
        0.99994224,
        -0.011745920000000055,
        -0.0003018399999999784
      ],
      [
        -0.015799040000000077,
        -0.013103680000000012,
        -0.011745920000000055,
        0.99963136,
        -0.002457280000000007
      ],
      [
        -0.004218079999999997,
        -0.014472360000000024,
        -0.0003018399999999784,
        -0.002457280000000007,
        0.99982044
      ]
    ],
    [
      [
        0.99790236,
        0.006630560000000042,
        0.01431147999999999,
        0.015143520000000077,
        0.0027205999999999836
      ],
      [
        0.006630560000000042,
        0.9997177599999999,
        -0.01132592000000001,
        0.007105919999999928,
        0.0011175999999999725
      ],
      [
        0.01431147999999999,
        -0.01132592000000001,
        0.99962364,
        -0.004708640000000077,
        0.011735799999999914
      ],
      [
        0.015143520000000077,
        0.007105919999999928,
        -0.004708640000000077,
        0.99996864,
        0.0030392000000000305
      ],
      [
        0.0027205999999999836,
        0.0011175999999999725,
        0.011735799999999914,
        0.0030392000000000305,
        0.999951
      ]
    ]
  ]
}