{
  "settings_list": [
    [
      3.1444903874603236,
      4.075241263654118,
      4.637224472062191,
      3.329728731087292,
      1.7777562892489134,
      5.9150727580921405,
      0.809633769549532,
      3.2970131877549713,
      2.388116598747273,
      4.477199641113318,
      3.7649654553495386,
      3.159716137207989,
      1.4664700865071076,
      4.941241464866477,
      1.3810456655446686
    ],
    [
      3.145073145718039,
      4.200671191526591,
      4.634326292054274,
      3.3310108240596183,
      1.709535711801236,
      5.913342006103591,
      0.9113885093772697,
      3.311485684651126,
      2.388528970359541,
      4.538191480689675,
      3.775164515215116,
      3.160300152010615,
      1.4668705236633899,
      4.941457642162497,
      1.3801266010484736
    ],
    [
      3.146822822555839,
      4.330555621715803,
      4.636114833379298,
      3.331961000702225,
      1.6630951716829747,
      5.916206267198899,
      1.0299349452845958,
      3.3269656726625345,
      2.387137196468314,
      4.5828619812296765,
      3.781521287054362,
      3.1606024648115048,
      1.4669844263466552,
      4.942995715057563,
      1.3814755243261927
    ],
    [
      3.145646872734256,
      4.45405984787829,
      4.639097738085411,
      3.3323946489968215,
      1.6308279296404504,
      5.917156109491546,
      1.158327547675104,
      3.342380154494581,
      2.3865696505871448,
      4.6127402847668275,
      3.782609407776558,
      3.1631431785070663,
      1.4716339403200158,
      4.9440723575311525,
      1.3826829691812474
    ],
    [
      3.1466382196814675,
      4.54299549491991,
      4.638902037428034,
      3.3327137129733,
      1.6096805935727256,
      5.918835110205986,
      1.2776376781904064,
      3.3535705791161634,
      2.3867267302836104,
      4.633638701224813,
      3.784138437305958,
      3.1631153653031494,
      1.4751193407678813,
      4.943045791675418,
      1.3837145857190907
    ],
    [
      3.1467681313229767,
      4.607967259927999,
      4.639724160393622,
      3.331834415547067,
      1.599415982236583,
      5.91903372107177,
      1.3767474207266746,
      3.3602389757232034,
      2.3861185871358876,
      4.653551158912965,
      3.7862313250555926,
      3.163881218232463,
      1.4787318023631573,
      4.9432130685248525,
      1.3833837477146442
    ],
    [
      3.1468149580521443,
      4.6532848253783925,
      4.6402617995068045,
      3.3318069210684116,
      1.588870188499569,
      5.918306240145009,
      1.4467919269544334,
      3.3632045041843104,
      2.386493250899045,
      4.668388896238931,
      3.7864615356935722,
      3.1641059740795883,
      1.4809605111720463,
      4.942242050700205,
      1.3833625497190782
    ],
    [
      3.146511481949975,
      4.679124595091117,
      4.640058648539268,
      3.3316942318805944,
      1.5908183348577696,
      5.918413230042491,
      1.491635043211209,
      3.3643052801389115,
      2.3867341079959434,
      4.680060583692174,
      3.787118192031303,
      3.1641163151392697,
      1.4805328720886286,
      4.942083859926094,
      1.3836071976435123
    ],
    [
      3.147033296085426,
      4.699644807169033,
      4.640044943659656,
      3.3323145084838277,
      1.5773652920655474,
      5.918240340643573,
      1.5243394454363348,
      3.3643218775242794,
      2.387338397702668,
      4.688196908259794,
      3.787729242851701,
      3.163901969037589,
      1.4830585190997243,
      4.941311559146432,
      1.3836343332083532
    ],
    [
      3.146724383726933,
      4.707322273019795,
      4.63999624127511,
      3.3323397808532413,
      1.576494217637733,
      5.918258231781513,
      1.5442816768747452,
      3.3649163737657144,
      2.3873086767768203,
      4.693825962373848,
      3.787896880439639,
      3.163861646801978,
      1.4844175126939534,
      4.940898303595342,
      1.3839694467404626
    ],
    [
      3.1467883154713734,
      4.715504693659371,
      4.639737580146918,
      3.3324082742152092,
      1.575003627874037,
      5.917998834785417,
      1.5573515017914172,
      3.3650005247627064,
      2.3872244014008523,
      4.694776614491952,
      3.787941363141647,
      3.163725886550314,
      1.4860172178918014,
      4.9403259179386385,
      1.3840310518414787
    ],
    [
      3.146784424040775,
      4.713969728627185,
      4.639701867376464,
      3.332430142116779,
      1.5687435961990337,
      5.917896798227431,
      1.5598567932446012,
      3.365043084890156,
      2.3873801782232955,
      4.705030775981966,
      3.7881854205523813,
      3.1638115113592917,
      1.4872577563139486,
      4.940085780190063,
      1.3839344659065282
    ],
    [
      3.146938903700701,
      4.7144423263949236,
      4.639476216273608,
      3.332555511720321,
      1.5764121801134603,
      5.9178954147647005,
      1.56271382826635,
      3.364939367082867,
      2.387729577595878,
      4.706784516459245,
      3.7881120044022905,
      3.1637913071677883,
      1.4880891875360087,
      4.939869332076827,
      1.3838303410802826
    ],
    [
      3.147084281970671,
      4.718040340168869,
      4.63951965359156,
      3.3326923572901896,
      1.5739185463198642,
      5.917966192576775,
      1.5689625418392383,
      3.3649496519547313,
      2.3877442178039407,
      4.703185780847431,
      3.7881835947301985,
      3.1639706284373474,
      1.4888781028744458,
      4.9396883533388625,
      1.3836519051028464
    ],
    [
      3.1471360915385,
      4.715737749871228,
      4.639503846473052,
      3.332776684335229,
      1.5676733968887944,
      5.917948275637534,
      1.5674521019711993,
      3.36500923268541,
      2.3876293876368497,
      4.703425017782247,
      3.788240285170813,
      3.163972327996285,
      1.4908030788460087,
      4.938732298837997,
      1.3838534435732135
    ],
    [
      3.147166435356639,
      4.711858000759785,
      4.6394067012292135,
      3.3330006791350937,
      1.565202171587956,
      5.917655650662305,
      1.571847957738931,
      3.365089857626104,
      2.387749214595466,
      4.706370642307338,
      3.788345949029095,
      3.1640631838128788,
      1.490792064307027,
      4.938775853633874,
      1.3838378120854382
    ],
    [
      3.147094371200977,
      4.718361328272383,
      4.639168737120434,
      3.333148783529983,
      1.573935850072123,
      5.9175220364366865,
      1.569930936146533,
      3.365076130705501,
      2.3876115925624424,
      4.709061515199067,
      3.7885860297649048,
      3.164024514060173,
      1.4921184877255338,
      4.938167832103347,
      1.3839007832948058
    ],
    [
      3.146995760411929,
      4.718439904847686,
      4.639437279028787,
      3.3330888776094225,
      1.5729219951396929,
      5.917575146758759,
      1.5743406113239526,
      3.3652128712046854,
      2.3875068434210918,
      4.706522596390731,
      3.7885908830967066,
      3.1642774299818432,
      1.4938338043846378,
      4.937674299072654,
      1.3835408582458855
    ],
    [
      3.1469969113763563,
      4.72024168563352,
      4.639411658948284,
      3.3331421990394943,
      1.5664784522095265,
      5.917411761518708,
      1.5712987072954074,
      3.3653617999191447,
      2.3873906359216774,
      4.704666036495255,
      3.788635650537472,
      3.164338690439075,
      1.4944052704830564,
      4.937719261694331,
      1.3834085815143546
    ],
    [
      3.147014720869435,
      4.714738931251931,
      4.639492169264839,
      3.333373996230768,
      1.562006786279997,
      5.917219937110796,
      1.5647591996274377,
      3.365282238708572,
      2.3875301026951528,
      4.70608996148363,
      3.7887018427585106,
      3.1642847405936494,
      1.4964491046735908,
      4.937237060838428,
      1.3835175274354043
    ],
    [
      3.1470334412258647,
      4.712373125661401,
      4.639585913122785,
      3.3332603269573577,
      1.5713536864583935,
      5.917170749073985,
      1.5624396283676063,
      3.3651202618827196,
      2.387495265549892,
      4.711832263602418,
      3.7884926027700327,
      3.1643045636635057,
      1.499266720100383,
      4.936563406070095,
      1.3834325739225544
    ]
  ],
  "cost_vals": [],
  "step_size": 0.1,
  "opt_step_times": [
    0.17200803756713867,
    0.18731021881103516,
    0.17256712913513184,
    0.18053507804870605,
    0.15779590606689453,
    0.1567821502685547,
    0.14989495277404785,
    0.15192413330078125,
    0.1536557674407959,
    0.14892315864562988,
    0.15006494522094727,
    0.15524005889892578,
    0.22439789772033691,
    0.1606311798095703,
    0.1601252555847168,
    0.15957117080688477,
    0.1503138542175293,
    0.14879488945007324,
    0.14908909797668457,
    0.1515669822692871
  ],
  "opt_settings": [
    3.1470334412258647,
    4.712373125661401,
    4.639585913122785,
    3.3332603269573577,
    1.5713536864583935,
    5.917170749073985,
    1.5624396283676063,
    3.3651202618827196,
    2.387495265549892,
    4.711832263602418,
    3.7884926027700327,
    3.1643045636635057,
    1.499266720100383,
    4.936563406070095,
    1.3834325739225544
  ],
  "min_cost": null,
  "datetime": "2023-05-30T16-36-15Z",
  "step_only": true,
  "ibm_device": "default.qubit",
  "shots": 10000,
  "prep_node_name": "5-qubit_zero_state",
  "num_qubits": 5,
  "error": false,
  "cov_mats": [
    [
      [
        0.648351,
        0.013190400000000005,
        0.010423799999999872,
        -0.008792999999999968,
        0.012579799999999985
      ],
      [
        0.013190400000000005,
        0.96495616,
        -0.008340479999999983,
        -0.005027199999999933,
        0.00872191999999997
      ],
      [
        0.010423799999999872,
        -0.008340479999999983,
        0.5422124400000001,
        -0.011203400000000113,
        -0.00875476000000006
      ],
      [
        -0.008792999999999968,
        -0.005027199999999933,
        -0.011203400000000113,
        0.959599,
        0.01168860000000001
      ],
      [
        0.012579799999999985,
        0.00872191999999997,
        -0.00875476000000006,
        0.01168860000000001,
        0.99901404
      ]
    ],
    [
      [
        0.7477951599999999,
        -0.010810199999999992,
        -0.005681759999999925,
        0.0005157600000000317,
        -0.0003646800000000807
      ],
      [
        -0.010810199999999992,
        0.980119,
        -0.006912799999999927,
        0.005582800000000009,
        -0.009345400000000052
      ],
      [
        -0.005681759999999925,
        -0.006912799999999927,
        0.6409593600000001,
        0.01221664,
        0.01261648000000001
      ],
      [
        0.0005157600000000317,
        0.005582800000000009,
        0.01221664,
        0.98330736,
        0.008001519999999936
      ],
      [
        -0.0003646800000000807,
        -0.009345400000000052,
        0.01261648000000001,
        0.008001519999999936,
        0.99913564
      ]
    ],
    [
      [
        0.85146684,
        -0.02097156000000002,
        0.015522759999999969,
        0.01921244000000001,
        -0.0056390799999999994
      ],
      [
        -0.02097156000000002,
        0.99337404,
        0.0046651600000000015,
        -0.0022819599999999475,
        0.0019417199999999307
      ],
      [
        0.015522759999999969,
        0.0046651600000000015,
        0.7405116400000001,
        -0.012958840000000006,
        0.018183879999999937
      ],
      [
        0.01921244000000001,
        -0.0022819599999999475,
        -0.012958840000000006,
        0.9852620400000001,
        0.003933720000000024
      ],
      [
        -0.0056390799999999994,
        0.0019417199999999307,
        0.018183879999999937,
        0.003933720000000024,
        0.99908796
      ]
    ],
    [
      [
        0.934975,
        0.0018730000000000014,
        -0.009355000000000113,
        0.00772300000000006,
        -0.0006719999999999743
      ],
      [
        0.0018730000000000014,
        0.99693084,
        -0.005403399999999902,
        -0.0028231600000000034,
        0.007002240000000061
      ],
      [
        -0.009355000000000113,
        -0.005403399999999902,
        0.856359,
        0.003186599999999984,
        -0.019542400000000085
      ],
      [
        0.00772300000000006,
        -0.0028231600000000034,
        0.003186599999999984,
        0.99572284,
        0.008858240000000038
      ],
      [
        -0.0006719999999999743,
        0.007002240000000061,
        -0.019542400000000085,
        0.008858240000000038,
        0.99979264
      ]
    ],
    [
      [
        0.97388544,
        0.015501439999999908,
        -0.009176320000000023,
        0.0014374399999999513,
        0.002190080000000025
      ],
      [
        0.015501439999999908,
        0.99929244,
        0.009775680000000071,
        -0.012571560000000093,
        0.001502079999999989
      ],
      [
        -0.009176320000000023,
        0.009775680000000071,
        0.91888896,
        0.01276768000000001,
        -0.014810239999999957
      ],
      [
        0.0014374399999999513,
        -0.012571560000000093,
        0.01276768000000001,
        0.99556444,
        -0.011745920000000023
      ],
      [
        0.002190080000000025,
        0.001502079999999989,
        -0.014810239999999957,
        -0.011745920000000023,
        0.99987456
      ]
    ],
    [
      [
        0.99218544,
        0.013193280000000012,
        -0.005998480000000004,
        -0.00896472000000004,
        0.0012795199999999513
      ],
      [
        0.013193280000000012,
        0.99833536,
        -0.006937759999999958,
        -0.001660639999999886,
        -0.0047017599999999975
      ],
      [
        -0.005998480000000004,
        -0.006937759999999958,
        0.96473116,
        0.008323239999999957,
        -0.010169839999999963
      ],
      [
        -0.00896472000000004,
        -0.001660639999999886,
        0.008323239999999957,
        0.99871836,
        -0.011215759999999991
      ],
      [
        0.0012795199999999513,
        -0.0047017599999999975,
        -0.010169839999999963,
        -0.011215759999999991,
        0.99970416
      ]
    ],
    [
      [
        0.99820224,
        0.0010452800000000223,
        0.004375679999999972,
        -0.014826080000000035,
        0.007115999999999917
      ],
      [
        0.0010452800000000223,
        0.99968316,
        0.0012369600000000148,
        -3.075999999990617e-05,
        0.004176999999999998
      ],
      [
        0.004375679999999972,
        0.0012369600000000148,
        0.98934976,
        0.005497440000000003,
        0.011012000000000065
      ],
      [
        -0.014826080000000035,
        -3.075999999990617e-05,
        0.005497440000000003,
        0.99941436,
        0.001952999999999999
      ],
      [
        0.007115999999999917,
        0.004176999999999998,
        0.011012000000000065,
        0.001952999999999999,
        0.998775
      ]
    ],
    [
      [
        0.999216,
        0.011623200000000018,
        0.010912799999999992,
        0.0035479999999999978,
        0.013327999999999958
      ],
      [
        0.011623200000000018,
        0.99957564,
        -0.010298440000000044,
        0.00021460000000001172,
        -0.004694399999999924
      ],
      [
        0.010912799999999992,
        -0.010298440000000044,
        0.99317724,
        0.004743400000000059,
        -0.012617599999999979
      ],
      [
        0.0035479999999999978,
        0.00021460000000001172,
        0.004743400000000059,
        0.9999189999999999,
        -0.0016159999999999844
      ],
      [
        0.013327999999999958,
        -0.004694399999999924,
        -0.012617599999999979,
        -0.0016159999999999844,
        0.999424
      ]
    ],
    [
      [
        0.99983616,
        0.002102400000000001,
        0.008942720000000072,
        -0.010068800000000029,
        -0.016276479999999958
      ],
      [
        0.002102400000000001,
        0.999936,
        -0.0075391999999999265,
        0.007168000000000004,
        0.010572799999999936
      ],
      [
        0.008942720000000072,
        -0.0075391999999999265,
        0.99820224,
        0.02229039999999997,
        0.00451584000000002
      ],
      [
        -0.010068800000000029,
        0.007168000000000004,
        0.02229039999999997,
        0.999559,
        -0.003453599999999945
      ],
      [
        -0.016276479999999958,
        0.010572799999999936,
        0.00451584000000002,
        -0.003453599999999945,
        0.99953344
      ]
    ],
    [
      [
        0.99996864,
        -0.0017299199999999905,
        -0.005096479999999988,
        0.00893392000000012,
        -0.008342239999999985
      ],
      [
        -0.0017299199999999905,
        0.99946176,
        0.0026574399999999866,
        -0.01567375999999997,
        0.014010720000000086
      ],
      [
        -0.005096479999999988,
        0.0026574399999999866,
        0.99706236,
        0.01703955999999997,
        -0.003423320000000059
      ],
      [
        0.00893392000000012,
        -0.01567375999999997,
        0.01703955999999997,
        0.99986076,
        -0.0038997200000000475
      ],
      [
        -0.008342239999999985,
        0.014010720000000086,
        -0.003423320000000059,
        -0.0038997200000000475,
        0.99935484
      ]
    ],
    [
      [
        0.99999516,
        0.01816568000000002,
        0.001473919999999956,
        -0.0022580799999999796,
        -0.002053240000000057
      ],
      [
        0.01816568000000002,
        0.99975664,
        0.006524160000000006,
        -0.005611839999999986,
        -0.0029775199999999935
      ],
      [
        0.001473919999999956,
        0.006524160000000006,
        0.9988710399999999,
        0.008887039999999928,
        -0.005386879999999927
      ],
      [
        -0.0022580799999999796,
        -0.005611839999999986,
        0.008887039999999928,
        0.99930304,
        0.015161120000000031
      ],
      [
        -0.002053240000000057,
        -0.0029775199999999935,
        -0.005386879999999927,
        0.015161120000000031,
        0.9994143600000002
      ]
    ],
    [
      [
        0.99985116,
        0.00311459999999998,
        -0.000822120000000012,
        0.0067438800000000285,
        -0.013060920000000016
      ],
      [
        0.00311459999999998,
        0.999951,
        0.012557799999999975,
        0.0015678000000000456,
        -0.007920200000000006
      ],
      [
        -0.000822120000000012,
        0.012557799999999975,
        0.99880284,
        -0.004959159999999999,
        0.011594440000000046
      ],
      [
        0.0067438800000000285,
        0.0015678000000000456,
        -0.004959159999999999,
        0.99997884,
        0.004452439999999932
      ],
      [
        -0.013060920000000016,
        -0.007920200000000006,
        0.011594440000000046,
        0.004452439999999932,
        0.99987004
      ]
    ],
    [
      [
        0.99998064,
        0.004116399999999982,
        -0.009379759999999992,
        0.008447520000000017,
        -0.016267759999999992
      ],
      [
        0.004116399999999982,
        0.9996389999999999,
        0.013687399999999975,
        -0.0007947999999998895,
        -0.01389260000000003
      ],
      [
        -0.009379759999999992,
        0.013687399999999975,
        0.9999788399999999,
        -0.003049680000000003,
        0.012470839999999995
      ],
      [
        0.008447520000000017,
        -0.0007947999999998895,
        -0.003049680000000003,
        0.99988336,
        -0.007233680000000046
      ],
      [
        -0.016267759999999992,
        -0.01389260000000003,
        0.012470839999999995,
        -0.007233680000000046,
        0.99976284
      ]
    ],
    [
      [
        0.99995376,
        -0.0007646399999999951,
        0.00404359999999998,
        0.004674799999999994,
        -0.0015946400000000792
      ],
      [
        -0.0007646399999999951,
        0.9999729599999999,
        0.016319599999999993,
        -0.005457200000000043,
        0.006442960000000051
      ],
      [
        0.00404359999999998,
        0.016319599999999993,
        0.999471,
        -0.0005470000000000212,
        0.008294600000000053
      ],
      [
        0.004674799999999994,
        -0.005457200000000043,
        -0.0005470000000000212,
        0.9998789999999999,
        -0.013532199999999989
      ],
      [
        -0.0015946400000000792,
        0.006442960000000051,
        0.008294600000000053,
        -0.013532199999999989,
        0.9990879599999999
      ]
    ],
    [
      [
        0.99959196,
        0.0042727199999999825,
        0.01483032000000007,
        0.013721240000000011,
        -0.004668639999999929
      ],
      [
        0.0042727199999999825,
        0.99998704,
        0.012430239999999995,
        -0.010550319999999969,
        -0.029116480000000004
      ],
      [
        0.01483032000000007,
        0.012430239999999995,
        0.99992944,
        -0.010715919999999943,
        0.00020511999999998318
      ],
      [
        0.013721240000000011,
        -0.010550319999999969,
        -0.010715919999999943,
        0.99980956,
        -0.029720159999999957
      ],
      [
        -0.004668639999999929,
        -0.029116480000000004,
        0.00020511999999998318,
        -0.029720159999999957,
        0.99946176
      ]
    ],
    [
      [
        0.99993916,
        0.008001560000000007,
        0.011731360000000005,
        -0.01159844,
        -0.002675520000000032
      ],
      [
        0.008001560000000007,
        0.99999996,
        -0.0009982400000000011,
        0.011999960000000011,
        -0.0030083199999999186
      ],
      [
        0.011731360000000005,
        -0.0009982400000000011,
        0.99992256,
        -0.00739823999999999,
        -0.011633920000000006
      ],
      [
        -0.01159844,
        0.011999960000000011,
        -0.00739823999999999,
        0.99999996,
        -0.009008320000000007
      ],
      [
        -0.002675520000000032,
        -0.0030083199999999186,
        -0.011633920000000006,
        -0.009008320000000007,
        0.9982694399999998
      ]
    ],
    [
      [
        0.9999,
        -0.01805999999999999,
        -0.005539999999999967,
        0.015382000000000052,
        0.004064000000000031
      ],
      [
        -0.01805999999999999,
        0.999964,
        0.01243600000000005,
        0.0005891999999999333,
        0.008438400000000018
      ],
      [
        -0.005539999999999967,
        0.01243600000000005,
        0.9999639999999999,
        0.0030107999999999476,
        0.016361600000000056
      ],
      [
        0.015382000000000052,
        0.0005891999999999333,
        0.0030107999999999476,
        0.99999676,
        0.006611520000000023
      ],
      [
        0.004064000000000031,
        0.008438400000000018,
        0.016361600000000056,
        0.006611520000000023,
        0.99995904
      ]
    ],
    [
      [
        0.999991,
        0.004818600000000027,
        0.0029940000000000027,
        -0.006436599999999962,
        -0.011006000000000038
      ],
      [
        0.004818600000000027,
        0.99996156,
        -0.0017876000000000237,
        0.006875640000000001,
        -0.0033876000000000695
      ],
      [
        0.0029940000000000027,
        -0.0017876000000000237,
        0.999996,
        -0.0046244000000000484,
        -0.0036039999999999367
      ],
      [
        -0.006436599999999962,
        0.006875640000000001,
        -0.0046244000000000484,
        0.99985116,
        -0.010224399999999988
      ],
      [
        -0.011006000000000038,
        -0.0033876000000000695,
        -0.0036039999999999367,
        -0.010224399999999988,
        0.999996
      ]
    ],
    [
      [
        0.999775,
        -0.008613000000000048,
        -0.00256399999999999,
        -0.003650999999999965,
        0.008004999999999974
      ],
      [
        -0.008613000000000048,
        0.99979836,
        -0.012165920000000016,
        -0.0036482799999999925,
        -0.005216599999999909
      ],
      [
        -0.00256399999999999,
        -0.012165920000000016,
        0.99999424,
        0.021408160000000002,
        0.00213519999999995
      ],
      [
        -0.003650999999999965,
        -0.0036482799999999925,
        0.021408160000000002,
        0.99998844,
        0.007691799999999941
      ],
      [
        0.008004999999999974,
        -0.005216599999999909,
        0.00213519999999995,
        0.007691799999999941,
        0.999271
      ]
    ],
    [
      [
        0.99985116,
        0.0004194400000000169,
        0.007439039999999991,
        0.012419600000000043,
        0.005495239999999957
      ],
      [
        0.0004194400000000169,
        0.99978096,
        -0.009552640000000051,
        -0.013733600000000012,
        0.01335815999999996
      ],
      [
        0.007439039999999991,
        -0.009552640000000051,
        0.99998976,
        -0.014457599999999998,
        -0.02187743999999996
      ],
      [
        0.012419600000000043,
        -0.013733600000000012,
        -0.014457599999999998,
        0.999676,
        0.0037644000000000085
      ],
      [
        0.005495239999999957,
        0.01335815999999996,
        -0.02187743999999996,
        0.0037644000000000085,
        0.9994143599999997
      ]
    ],
    [
      [
        0.9999769599999999,
        -0.0022124800000000353,
        -0.006359679999999989,
        0.014656640000000002,
        0.01826943999999997
      ],
      [
        -0.0022124800000000353,
        0.99999324,
        0.0018218400000000236,
        0.004430679999999932,
        0.014529280000000002
      ],
      [
        -0.006359679999999989,
        0.0018218400000000236,
        0.99992944,
        0.007300880000000074,
        0.0006284799999999554
      ],
      [
        0.014656640000000002,
        0.004430679999999932,
        0.007300880000000074,
        0.99986076,
        -0.005879040000000038
      ],
      [
        0.01826943999999997,
        0.014529280000000002,
        0.0006284799999999554,
        -0.005879040000000038,
        0.99926016
      ]
    ]
  ]
}