{
  "settings_list": [
    [
      4.157605534031589,
      2.2525379534229653,
      1.8585814018279305,
      1.4162611061853985,
      1.8130498964012272,
      0.1550805166729595,
      2.069968522608269,
      1.6821271290512074,
      1.4489058158103905,
      5.134744571306836,
      2.963974409094971,
      2.5312957226804347,
      5.29222749093151,
      5.951651957617772,
      2.936345102325052
    ],
    [
      4.2215977601180645,
      2.2037149941601544,
      1.859558551938532,
      1.419003308235561,
      1.8130884995401237,
      0.15432530865466637,
      2.069446463574571,
      1.6731866202697918,
      1.4512962844287585,
      5.01536994731038,
      2.9556266293438456,
      2.5311731750411663,
      5.171131044962308,
      5.9269036911488735,
      2.9363247637702163
    ],
    [
      4.2763745652216985,
      2.1632767190618387,
      1.8611231772383734,
      1.4231417289743213,
      1.8106747034517283,
      0.15533396554394477,
      2.069105104155713,
      1.6632419075038365,
      1.4527515302194531,
      4.915869249179339,
      2.9512731934492904,
      2.5287162336021844,
      5.0569030276887235,
      5.906089213279779,
      2.935899021876695
    ],
    [
      4.321044506651863,
      2.131204524756117,
      1.8622464651400115,
      1.4295029159286874,
      1.8091590384663798,
      0.15509220830236523,
      2.066166930274178,
      1.657621435375732,
      1.4531074871616005,
      4.841174594153381,
      2.9497442682367563,
      2.5296547665498017,
      4.956806820189807,
      5.890182135115521,
      2.937437690932182
    ],
    [
      4.3604866236437285,
      2.107513657888021,
      1.8611407794510963,
      1.4324542366707513,
      1.8071144930894294,
      0.1550586672232132,
      2.0639095224105173,
      1.6474802915964264,
      1.4531541589407588,
      4.789595339311896,
      2.9489047093033673,
      2.5297136250639873,
      4.881893297141973,
      5.8830792546881545,
      2.9379176143670844
    ],
    [
      4.396445790378384,
      2.0855992763621543,
      1.859942555744001,
      1.4347113335570736,
      1.804852631189126,
      0.15526172151316167,
      2.06360939204653,
      1.6389993329964299,
      1.452629245381605,
      4.761247893064375,
      2.94858086783554,
      2.5299981518959886,
      4.8338714012613115,
      5.879905378452025,
      2.938700278527121
    ],
    [
      4.4230942316859965,
      2.0700340908630337,
      1.859884964703013,
      1.437504123586401,
      1.802846447472774,
      0.1547756580639866,
      2.063052757651307,
      1.6362307272463574,
      1.4529489520810277,
      4.74176638411609,
      2.9491159754140512,
      2.5292917753529562,
      4.794810448670893,
      5.876946333223461,
      2.9382974527934684
    ],
    [
      4.448602713295087,
      2.056207022714176,
      1.8605140316021886,
      1.4404053900631932,
      1.8012706248583317,
      0.1551849473964154,
      2.063842797328802,
      1.6318602452131452,
      1.4539727027513445,
      4.726169769740798,
      2.948678249872665,
      2.5289535025905487,
      4.769850843822686,
      5.87576942848493,
      2.938881346426989
    ],
    [
      4.47090234424501,
      2.0451427675508,
      1.8605232348028575,
      1.442746728501206,
      1.8004214762611062,
      0.1552545282651354,
      2.063438114498306,
      1.6269346313658075,
      1.4539089770516709,
      4.7151961038131915,
      2.948316148419849,
      2.5282354861064174,
      4.760355546753541,
      5.875709610390114,
      2.9388427896993283
    ],
    [
      4.488844034225489,
      2.0365887795704634,
      1.860142944306027,
      1.4440110449789347,
      1.7995401744138377,
      0.15511918189828033,
      2.0632546982584494,
      1.6246246038059586,
      1.4545271800414732,
      4.720716751463225,
      2.9480559198166523,
      2.5282545068885613,
      4.750242337672122,
      5.875408028526945,
      2.9389344405408746
    ],
    [
      4.5075244762870605,
      2.027743048006682,
      1.8600945214044662,
      1.445010803611457,
      1.7988591973265615,
      0.15549872718577315,
      2.062999265239006,
      1.6209899819824862,
      1.45475038742745,
      4.718235531261711,
      2.948546551528545,
      2.5287569535310537,
      4.73588365235383,
      5.874840764351331,
      2.9390969930644713
    ],
    [
      4.524550449453403,
      2.0213543916278462,
      1.8603730990856453,
      1.448566008417332,
      1.7972671425377231,
      0.15585980563656995,
      2.062878148460268,
      1.6176556124519963,
      1.454545564660308,
      4.725579230843765,
      2.947631471090149,
      2.5284829772171395,
      4.727612318991098,
      5.8748087121367,
      2.9391048783318716
    ],
    [
      4.539835641448141,
      2.0149098977421587,
      1.8605161464636821,
      1.4491977578247133,
      1.7971781178862456,
      0.15562699900119684,
      2.0625856906693154,
      1.6158320316165355,
      1.4544538573429115,
      4.7259032534146,
      2.9479951639838804,
      2.528486043296057,
      4.724751636873808,
      5.874569564722229,
      2.939139532415533
    ],
    [
      4.55102132464602,
      2.0110970710176015,
      1.8609006768684573,
      1.4526015093335043,
      1.7951690037349828,
      0.1554847382372154,
      2.0622884634181675,
      1.6106164284178273,
      1.454306177073714,
      4.727623968216424,
      2.9479163890870166,
      2.528326398628707,
      4.717530398753242,
      5.874702554047269,
      2.939379080802551
    ],
    [
      4.562854473943231,
      2.0075531520679664,
      1.8607111898892637,
      1.453985262544771,
      1.7943973387809782,
      0.1554157479951981,
      2.061894582218092,
      1.603334247514839,
      1.4536361232149204,
      4.726978834139919,
      2.947974346194218,
      2.5286351556526325,
      4.717355396009716,
      5.874469113073458,
      2.9392670510025525
    ],
    [
      4.5752137072768395,
      2.0032670217138775,
      1.8608161522844624,
      1.4555613620010388,
      1.7939291587506447,
      0.1557744267140554,
      2.0618030720454077,
      1.6019959439903741,
      1.4538924578930925,
      4.723009440535977,
      2.9481115138732226,
      2.528198405930949,
      4.7106791650564315,
      5.874707450068137,
      2.939272393878194
    ],
    [
      4.582356881546429,
      2.0011868298304076,
      1.8608745400800977,
      1.4583643890726343,
      1.7926377829490165,
      0.15571626997848706,
      2.0618265197731875,
      1.601378317105095,
      1.4539876636741706,
      4.72097135568725,
      2.948102757292626,
      2.5280651721889744,
      4.71341051954274,
      5.874631674978012,
      2.9393831537895703
    ],
    [
      4.592133488579487,
      1.9985084653933147,
      1.8608931430431535,
      1.4612170832885607,
      1.79143697620266,
      0.15576653393650017,
      2.061827915764993,
      1.599330302349703,
      1.4539577568672641,
      4.719061013650451,
      2.947955757553905,
      2.5281393950958275,
      4.716778569029324,
      5.87450552547496,
      2.939364144510454
    ],
    [
      4.598239962345397,
      1.9967294563572344,
      1.86062480296104,
      1.4639852158405773,
      1.7899936506387848,
      0.15609871522196928,
      2.061734352904234,
      1.5967825801660422,
      1.4539344112400951,
      4.713439755178693,
      2.9478758208893745,
      2.527993558274742,
      4.719502557421049,
      5.874776129437435,
      2.9390498600022177
    ],
    [
      4.609719884469672,
      1.9937436104550232,
      1.8601498120889568,
      1.4674700049723692,
      1.7881567802844984,
      0.15583557533779166,
      2.0614135536423843,
      1.593985777131583,
      1.4540211790817752,
      4.7136281714280095,
      2.9478819467529793,
      2.527791150233142,
      4.714721839193422,
      5.874385935663315,
      2.9391746068408735
    ],
    [
      4.616068224242571,
      1.9925605215178652,
      1.8599941329537895,
      1.4681388655779763,
      1.7876973935269032,
      0.15591416825639964,
      2.061492303981775,
      1.5905277136995686,
      1.4541739565936216,
      4.709373972383037,
      2.9479139944053343,
      2.527613928563124,
      4.708779323672578,
      5.874299146291745,
      2.939534618793235
    ]
  ],
  "cost_vals": [],
  "step_size": 0.1,
  "opt_step_times": [
    0.14400815963745117,
    0.17017507553100586,
    0.16094088554382324,
    0.1608281135559082,
    0.1768321990966797,
    0.19665813446044922,
    0.14850306510925293,
    0.14794278144836426,
    0.14762401580810547,
    0.1657721996307373,
    0.16680598258972168,
    0.1594388484954834,
    0.1571037769317627,
    0.18488097190856934,
    0.17891287803649902,
    0.16540813446044922,
    0.2059469223022461,
    0.1789860725402832,
    0.25878190994262695,
    0.1925339698791504
  ],
  "opt_settings": [
    4.616068224242571,
    1.9925605215178652,
    1.8599941329537895,
    1.4681388655779763,
    1.7876973935269032,
    0.15591416825639964,
    2.061492303981775,
    1.5905277136995686,
    1.4541739565936216,
    4.709373972383037,
    2.9479139944053343,
    2.527613928563124,
    4.708779323672578,
    5.874299146291745,
    2.939534618793235
  ],
  "min_cost": null,
  "datetime": "2023-04-19T20-39-36Z",
  "step_only": true,
  "ibm_device": "default.qubit",
  "shots": 10000,
  "prep_node_name": "5-qubit_zero_state",
  "num_qubits": 5,
  "cov_mats": [
    [
      [
        0.92903104,
        -0.016608799999999972,
        0.0006151999999999564,
        0.007518400000000064,
        0.005174400000000065
      ],
      [
        -0.016608799999999972,
        0.998911,
        -0.0009190000000000231,
        -0.00629800000000001,
        -0.009267999999999998
      ],
      [
        0.0006151999999999564,
        -0.0009190000000000231,
        0.996751,
        -0.0023579999999999574,
        0.013172000000000041
      ],
      [
        0.007518400000000064,
        -0.00629800000000001,
        -0.0023579999999999574,
        0.906364,
        0.004423999999999956
      ],
      [
        0.005174400000000065,
        -0.009267999999999998,
        0.013172000000000041,
        0.004423999999999956,
        0.836784
      ]
    ],
    [
      [
        0.940951,
        0.006527400000000031,
        -0.013877000000000021,
        0.002940199999999983,
        -0.015311399999999947
      ],
      [
        0.006527400000000031,
        0.99898876,
        0.0008401999999999917,
        -0.00520452000000006,
        0.004569640000000047
      ],
      [
        -0.013877000000000021,
        0.0008401999999999917,
        0.998479,
        0.0030546000000000375,
        -0.0020722000000000153
      ],
      [
        0.002940199999999983,
        -0.00520452000000006,
        0.0030546000000000375,
        0.95943804,
        -0.014792279999999977
      ],
      [
        -0.015311399999999947,
        0.004569640000000047,
        -0.0020722000000000153,
        -0.014792279999999977,
        0.8977279600000001
      ]
    ],
    [
      [
        0.96321276,
        0.0006333599999999691,
        0.00918275999999995,
        0.0014684000000000086,
        -0.0026946799999999355
      ],
      [
        0.0006333599999999691,
        0.99936496,
        0.004853359999999965,
        -0.00307759999999995,
        -0.015390479999999932
      ],
      [
        0.00918275999999995,
        0.004853359999999965,
        0.9982527599999999,
        0.0003684000000000118,
        -0.004504680000000018
      ],
      [
        0.0014684000000000086,
        -0.00307759999999995,
        0.0003684000000000118,
        0.9809559999999999,
        0.004118800000000086
      ],
      [
        -0.0026946799999999355,
        -0.015390479999999932,
        -0.004504680000000018,
        0.004118800000000086,
        0.9504492399999999
      ]
    ],
    [
      [
        0.96860016,
        0.014348960000000043,
        0.01232216,
        0.007446880000000006,
        0.012336480000000018
      ],
      [
        0.014348960000000043,
        0.99928176,
        -0.01146903999999995,
        -0.009354719999999924,
        -0.004737120000000041
      ],
      [
        0.01232216,
        -0.01146903999999995,
        0.9982191599999999,
        0.0031928800000000155,
        0.015002480000000047
      ],
      [
        0.007446880000000006,
        -0.009354719999999924,
        0.0031928800000000155,
        0.99353584,
        0.0017886399999999802
      ],
      [
        0.012336480000000018,
        -0.004737120000000041,
        0.015002480000000047,
        0.0017886399999999802,
        0.97701744
      ]
    ],
    [
      [
        0.975351,
        -0.013185599999999983,
        0.009887199999999981,
        0.007164600000000024,
        -0.0044351999999999656
      ],
      [
        -0.013185599999999983,
        0.99963136,
        0.008567680000000025,
        0.0016662400000000063,
        -0.022618880000000008
      ],
      [
        0.009887199999999981,
        0.008567680000000025,
        0.99745984,
        0.0044011199999999745,
        0.005474560000000011
      ],
      [
        0.007164600000000024,
        0.0016662400000000063,
        0.0044011199999999745,
        0.99922716,
        0.0029580799999999125
      ],
      [
        -0.0044351999999999656,
        -0.022618880000000008,
        0.005474560000000011,
        0.0029580799999999125,
        0.98709504
      ]
    ],
    [
      [
        0.98134044,
        -0.002093240000000031,
        -0.004695919999999983,
        -0.004331399999999982,
        0.009910160000000005
      ],
      [
        -0.002093240000000031,
        0.99918204,
        0.013606320000000043,
        -0.005800599999999983,
        -0.008529360000000001
      ],
      [
        -0.004695919999999983,
        0.013606320000000043,
        0.99955056,
        0.011845200000000024,
        0.008065120000000021
      ],
      [
        -0.004331399999999982,
        -0.005800599999999983,
        0.011845200000000024,
        0.999559,
        0.00012040000000001377
      ],
      [
        0.009910160000000005,
        -0.008529360000000001,
        0.008065120000000021,
        0.00012040000000001377,
        0.99475824
      ]
    ],
    [
      [
        0.98846524,
        0.007772360000000034,
        -0.015619639999999994,
        0.015055399999999957,
        0.005984160000000076
      ],
      [
        0.007772360000000034,
        0.99901404,
        0.01632603999999998,
        -0.015059400000000025,
        -0.005465759999999991
      ],
      [
        -0.015619639999999994,
        0.01632603999999998,
        0.99763804,
        -0.0029793999999999437,
        0.020406240000000027
      ],
      [
        0.015055399999999957,
        -0.015059400000000025,
        -0.0029793999999999437,
        0.999559,
        0.004293600000000093
      ],
      [
        0.005984160000000076,
        -0.005465759999999991,
        0.020406240000000027,
        0.004293600000000093,
        0.99620544
      ]
    ],
    [
      [
        0.98663664,
        0.002422880000000011,
        -0.017542079999999988,
        -0.016394159999999977,
        0.0008732000000000973
      ],
      [
        0.002422880000000011,
        0.99878896,
        -0.002615360000000033,
        0.0032992799999999765,
        0.012044400000000075
      ],
      [
        -0.017542079999999988,
        -0.002615360000000033,
        0.99971776,
        -0.002344480000000009,
        0.0017095999999999837
      ],
      [
        -0.016394159999999977,
        0.0032992799999999765,
        -0.002344480000000009,
        0.99992604,
        0.0011441999999999863
      ],
      [
        0.0008732000000000973,
        0.012044400000000075,
        0.0017095999999999837,
        0.0011441999999999863,
        0.9971909999999999
      ]
    ],
    [
      [
        0.990975,
        -0.01598700000000001,
        -0.0037539999999999943,
        0.01268999999999999,
        0.002471000000000034
      ],
      [
        -0.01598700000000001,
        0.99935484,
        0.0006432800000000192,
        0.00044120000000000617,
        -0.005721719999999991
      ],
      [
        -0.0037539999999999943,
        0.0006432800000000192,
        0.99889776,
        0.0027303999999999445,
        0.002267759999999977
      ],
      [
        0.01268999999999999,
        0.00044120000000000617,
        0.0027303999999999445,
        0.9995159999999998,
        -0.012919599999999995
      ],
      [
        0.002471000000000034,
        -0.005721719999999991,
        0.002267759999999977,
        -0.012919599999999995,
        0.99661276
      ]
    ],
    [
      [
        0.992079,
        0.003368399999999979,
        0.012340400000000033,
        0.002943400000000057,
        -0.012201999999999987
      ],
      [
        0.003368399999999979,
        0.99873264,
        0.00858384000000001,
        0.011022639999999938,
        -0.006559199999999977
      ],
      [
        0.012340400000000033,
        0.00858384000000001,
        0.99973104,
        0.010373839999999987,
        -0.01749519999999994
      ],
      [
        0.002943400000000057,
        0.011022639999999938,
        0.010373839999999987,
        0.99988764,
        0.001590800000000042
      ],
      [
        -0.012201999999999987,
        -0.006559199999999977,
        -0.01749519999999994,
        0.001590800000000042,
        0.999676
      ]
    ],
    [
      [
        0.99193596,
        -0.00604236000000003,
        -0.013545439999999995,
        -0.00026940000000000037,
        -0.009181360000000008
      ],
      [
        -0.00604236000000003,
        0.99952476,
        0.01131503999999997,
        -0.015134599999999991,
        -0.0038762400000000204
      ],
      [
        -0.013545439999999995,
        0.01131503999999997,
        0.99892416,
        0.013701599999999979,
        -0.0006889599999999572
      ],
      [
        -0.00026940000000000037,
        -0.015134599999999991,
        0.013701599999999979,
        0.999991,
        -0.012699599999999972
      ],
      [
        -0.009181360000000008,
        -0.0038762400000000204,
        -0.0006889599999999572,
        -0.012699599999999972,
        0.99889776
      ]
    ],
    [
      [
        0.99572284,
        -0.014746440000000012,
        -0.004558200000000014,
        0.007097040000000026,
        0.006872560000000004
      ],
      [
        -0.014746440000000012,
        0.9990140399999999,
        0.004636199999999992,
        -0.010438640000000044,
        0.0008850399999999546
      ],
      [
        -0.004558200000000014,
        0.004636199999999992,
        0.998911,
        0.01565079999999997,
        -0.012858799999999908
      ],
      [
        0.007097040000000026,
        -0.010438640000000044,
        0.01565079999999997,
        0.99994224,
        0.005475360000000076
      ],
      [
        0.006872560000000004,
        0.0008850399999999546,
        -0.012858799999999908,
        0.005475360000000076,
        0.9997310399999999
      ]
    ],
    [
      [
        0.99637596,
        0.001760520000000016,
        -0.005249479999999968,
        0.013625400000000034,
        0.006740479999999979
      ],
      [
        0.001760520000000016,
        0.99948924,
        -0.008180759999999973,
        0.0009897999999999628,
        -0.0006022399999999744
      ],
      [
        -0.005249479999999968,
        -0.008180759999999973,
        0.99924924,
        0.006739800000000004,
        -0.0038822399999999284
      ],
      [
        0.013625400000000034,
        0.0009897999999999628,
        0.006739800000000004,
        0.999271,
        0.0030751999999999867
      ],
      [
        0.006740479999999979,
        -0.0006022399999999744,
        -0.0038822399999999284,
        0.0030751999999999867,
        0.99969024
      ]
    ],
    [
      [
        0.997599,
        -0.013739799999999965,
        -0.004046799999999984,
        -0.00455719999999999,
        -0.0022820000000000084
      ],
      [
        -0.013739799999999965,
        0.9991119599999999,
        -0.018606640000000018,
        -0.0067125600000000635,
        -0.015263600000000013
      ],
      [
        -0.004046799999999984,
        -0.018606640000000018,
        0.99982576,
        -0.006572960000000003,
        0.0009624000000000091
      ],
      [
        -0.00455719999999999,
        -0.0067125600000000635,
        -0.006572960000000003,
        0.99970416,
        -0.004890399999999985
      ],
      [
        -0.0022820000000000084,
        -0.015263600000000013,
        0.0009624000000000091,
        -0.004890399999999985,
        0.999676
      ]
    ],
    [
      [
        0.99543024,
        -0.0013967199999999906,
        -0.015724960000000027,
        -0.0009510399999999579,
        0.0034946400000000467
      ],
      [
        -0.0013967199999999906,
        0.99968316,
        0.010548879999999986,
        -0.015970880000000038,
        -0.019624920000000063
      ],
      [
        -0.015724960000000027,
        0.010548879999999986,
        0.99961584,
        0.003388160000000037,
        -0.004172560000000036
      ],
      [
        -0.0009510399999999579,
        -0.015970880000000038,
        0.003388160000000037,
        0.99990784,
        0.014986560000000013
      ],
      [
        0.0034946400000000467,
        -0.019624920000000063,
        -0.004172560000000036,
        0.014986560000000013,
        0.99999804
      ]
    ],
    [
      [
        0.99940464,
        -0.008985199999999966,
        -0.0019807199999998743,
        0.018995360000000003,
        0.0077755999999999745
      ],
      [
        -0.008985199999999966,
        0.999711,
        -0.002395400000000025,
        -0.007014800000000051,
        -0.012382999999999995
      ],
      [
        -0.0019807199999998743,
        -0.002395400000000025,
        0.9994335599999999,
        -0.002019280000000071,
        0.001576199999999936
      ],
      [
        0.018995360000000003,
        -0.007014800000000051,
        -0.002019280000000071,
        0.9994046399999998,
        0.01062439999999997
      ],
      [
        0.0077755999999999745,
        -0.012382999999999995,
        0.001576199999999936,
        0.01062439999999997,
        0.999999
      ]
    ],
    [
      [
        0.99761856,
        0.013063999999999944,
        -0.008156800000000014,
        0.003917279999999963,
        0.009424640000000026
      ],
      [
        0.013063999999999944,
        0.9991,
        0.01388000000000009,
        -0.002117999999999972,
        -0.011984000000000052
      ],
      [
        -0.008156800000000014,
        0.01388000000000009,
        0.998704,
        0.005381599999999953,
        0.0008607999999999806
      ],
      [
        0.003917279999999963,
        -0.002117999999999972,
        0.005381599999999953,
        0.99988764,
        -0.002735680000000047
      ],
      [
        0.009424640000000026,
        -0.011984000000000052,
        0.0008607999999999806,
        -0.002735680000000047,
        0.99983616
      ]
    ],
    [
      [
        0.99693084,
        -0.014592840000000015,
        0.010047120000000005,
        -0.010078680000000048,
        -0.0029406799999999594
      ],
      [
        -0.014592840000000015,
        0.99935484,
        0.004636879999999981,
        0.007052679999999986,
        -0.00778531999999994
      ],
      [
        0.010047120000000005,
        0.004636879999999981,
        0.99970416,
        0.0014997599999999843,
        -0.009416240000000008
      ],
      [
        -0.010078680000000048,
        0.007052679999999986,
        0.0014997599999999843,
        0.99996636,
        -0.009059639999999904
      ],
      [
        -0.0029406799999999594,
        -0.00778531999999994,
        -0.009416240000000008,
        -0.009059639999999904,
        0.9994143600000001
      ]
    ],
    [
      [
        0.99818524,
        0.0038309199999999747,
        -0.002234080000000064,
        -0.010808520000000032,
        -0.003826000000000016
      ],
      [
        0.0038309199999999747,
        0.99941436,
        -0.0053806400000000155,
        0.006404840000000044,
        0.010441999999999988
      ],
      [
        -0.002234080000000064,
        -0.0053806400000000155,
        0.9999993599999999,
        -0.0018001600000000515,
        -0.0008080000000000231
      ],
      [
        -0.010808520000000032,
        0.006404840000000044,
        -0.0018001600000000515,
        0.99999996,
        0.004998000000000033
      ],
      [
        -0.003826000000000016,
        0.010441999999999988,
        -0.0008080000000000231,
        0.004998000000000033,
        0.9999
      ]
    ],
    [
      [
        0.99836784,
        0.005521199999999963,
        -0.0075070399999999865,
        -0.0024161599999999606,
        0.004222239999999961
      ],
      [
        0.005521199999999963,
        0.999991,
        0.004622799999999994,
        -0.007798799999999918,
        -0.005786799999999999
      ],
      [
        -0.0075070399999999865,
        0.004622799999999994,
        0.99994224,
        0.006396960000000017,
        -0.028033440000000024
      ],
      [
        -0.0024161599999999606,
        -0.007798799999999918,
        0.006396960000000017,
        0.99999984,
        0.006798240000000028
      ],
      [
        0.004222239999999961,
        -0.005786799999999999,
        -0.028033440000000024,
        0.006798240000000028,
        0.99998064
      ]
    ]
  ]
}