{
  "settings_list": [
    [
      3.7014997758983417,
      1.4193433267267432,
      2.9330049690038598,
      4.188091946696858,
      2.931409189595046,
      6.01940661643221,
      4.622937382421682,
      3.1093880122616233,
      1.681323857426236,
      2.3775894554372434,
      3.666762891848962,
      0.6566914690300449,
      2.289606682759361,
      3.7066614918086938,
      5.445825629156757
    ],
    [
      3.708233717901721,
      1.465141196607857,
      2.932233497269076,
      4.314255714850586,
      2.9134710799966843,
      6.020608286429983,
      4.65265560581143,
      3.111977898830199,
      1.680004189626735,
      2.2872425661526865,
      3.720344196795522,
      0.6576527668706081,
      2.1928813430798986,
      3.760271075359593,
      5.446016010052194
    ],
    [
      3.7080200666083996,
      1.5010190192663209,
      2.9315666542555077,
      4.430785286988784,
      2.900802515180406,
      6.020701590156617,
      4.677586306475603,
      3.110879424126948,
      1.684478234873391,
      2.195202501410309,
      3.772796092270885,
      0.6587580667189954,
      2.0982567928623626,
      3.8092269345713436,
      5.445411096029746
    ],
    [
      3.707755630968691,
      1.5203064266149853,
      2.9329432185410487,
      4.52555401763787,
      2.891396178091293,
      6.0213769694796975,
      4.689536180965149,
      3.1111227978576457,
      1.6853416843037208,
      2.096984102881053,
      3.8237743654083234,
      0.6587542898137058,
      2.0087590634079087,
      3.8515187980549106,
      5.446312135663885
    ],
    [
      3.7067949649850616,
      1.5338656556297698,
      2.9325512126243396,
      4.590986738509398,
      2.889847548600095,
      6.023530670745953,
      4.703330756743456,
      3.1110567486615905,
      1.6878584198787179,
      2.010628023769065,
      3.864124151841494,
      0.6594689826846408,
      1.929996550725817,
      3.882475162075664,
      5.448793376943811
    ],
    [
      3.7069481234228134,
      1.5452501016248015,
      2.932823242294269,
      4.634619757153047,
      2.8888601343531644,
      6.02263085172271,
      4.710740031441971,
      3.110255652737797,
      1.6869615732464636,
      1.9330854689410077,
      3.895969857079952,
      0.6608307243320296,
      1.863351272351784,
      3.9059792308692587,
      5.448777028305213
    ],
    [
      3.7075279858424177,
      1.5450682999346588,
      2.9334295982090106,
      4.660524802761275,
      2.8887324298197523,
      6.02253205363165,
      4.716325693968814,
      3.110971204706176,
      1.6871950719060067,
      1.8662028898283856,
      3.91820948306344,
      0.6616093425287144,
      1.8089916256547012,
      3.9209626951804677,
      5.449740789943946
    ],
    [
      3.708717909434497,
      1.5521625279274704,
      2.9346074328567573,
      4.680843221729365,
      2.8873385927454995,
      6.023373233590972,
      4.718767134888351,
      3.110425478205732,
      1.6877202306553085,
      1.8082283580267087,
      3.935768831417114,
      0.662032129085412,
      1.7619818639704106,
      3.932325796101822,
      5.448207196523535
    ],
    [
      3.708633250120146,
      1.5582078156542805,
      2.9337385489985457,
      4.698467029159608,
      2.888202846289737,
      6.023382292621312,
      4.719876843761863,
      3.11036380643425,
      1.6865333869568342,
      1.766135934871213,
      3.946128066426628,
      0.6609777357561367,
      1.7246905732361062,
      3.9399015951730076,
      5.449368711875016
    ],
    [
      3.708559894829958,
      1.569124307466925,
      2.9326399551862594,
      4.706953205276647,
      2.8877292945752364,
      6.023762983148797,
      4.72330439036367,
      3.111252056108376,
      1.6857712304071848,
      1.7298991602797262,
      3.9529319393596256,
      0.6608086884422167,
      1.6966052614636338,
      3.9451099718238534,
      5.449588169312436
    ],
    [
      3.7091755613281236,
      1.5679402310409263,
      2.9324009819726666,
      4.711823351080186,
      2.887356302681655,
      6.023729350777677,
      4.718509208844782,
      3.1118155719479343,
      1.6859119648330363,
      1.7000622148894369,
      3.957869228877239,
      0.6607232546938135,
      1.6695468453499793,
      3.9492256540546413,
      5.449655478592549
    ],
    [
      3.709367623388769,
      1.5688912439412834,
      2.9326294494071896,
      4.715147416509446,
      2.8869108434762905,
      6.023901477439324,
      4.716919032109965,
      3.1114542789855806,
      1.6860729123781397,
      1.6744043090300718,
      3.9615944811668697,
      0.6605847571148056,
      1.6526641585961386,
      3.9507909874062777,
      5.449871361390128
    ],
    [
      3.709555332465389,
      1.5719331562567738,
      2.9327868606647063,
      4.708874881832296,
      2.886822227440067,
      6.024249379444311,
      4.722262958679684,
      3.1117493148184057,
      1.6860416378184715,
      1.6569895893860702,
      3.963699254578035,
      0.6607718469824734,
      1.635483798683186,
      3.952151601646217,
      5.449367559963598
    ],
    [
      3.7098136270465116,
      1.5677051101742525,
      2.93237063739169,
      4.7127983933075175,
      2.8868877698642383,
      6.024114130744871,
      4.71656448527853,
      3.1121615218957897,
      1.6861787658828802,
      1.6429623643138551,
      3.965187645830106,
      0.6608401523250862,
      1.6210254609481243,
      3.9531153570516873,
      5.448999154648126
    ],
    [
      3.7094838618924397,
      1.5692531069992446,
      2.9323160431613378,
      4.713639013467597,
      2.8866807399035905,
      6.023907250561455,
      4.719071018856402,
      3.1124071338310375,
      1.6862460415693281,
      1.6333301229209511,
      3.965925314841562,
      0.6610156147653102,
      1.6138875206451961,
      3.9537340386824633,
      5.449031304950878
    ],
    [
      3.709725621175595,
      1.5659048590105966,
      2.93235989123836,
      4.712754822695152,
      2.8865653460677825,
      6.023825650239489,
      4.726269297135148,
      3.112228672831732,
      1.686114470574397,
      1.6231725801616232,
      3.9664718083221397,
      0.6610438015237646,
      1.6061472199105418,
      3.953825159703145,
      5.4491186495378585
    ],
    [
      3.709578496142287,
      1.568582439862706,
      2.9324787122527476,
      4.709348647843889,
      2.8863236232436877,
      6.023969519623065,
      4.718978237774389,
      3.1122895097647576,
      1.6861506450312285,
      1.6132736366573976,
      3.966898401491493,
      0.6611486295726962,
      1.6015596339743903,
      3.9539957807248647,
      5.4492230652127995
    ],
    [
      3.7098013923789974,
      1.563638633124782,
      2.932573943617056,
      4.707649958148051,
      2.8864870974167522,
      6.024255360850448,
      4.719016527636088,
      3.112271349833495,
      1.6863949622363394,
      1.6101318187532243,
      3.967032163609752,
      0.6611664848394251,
      1.5929588795627825,
      3.954200903593912,
      5.449342910244788
    ],
    [
      3.709922645828574,
      1.5677046299353978,
      2.932242346075388,
      4.699278119487579,
      2.886422769811941,
      6.024562023887379,
      4.712592664210312,
      3.1122612613265135,
      1.686724683517852,
      1.5967335883106266,
      3.967444889270947,
      0.66114217420301,
      1.5872593603137501,
      3.9546804744867643,
      5.449327077225657
    ],
    [
      3.7099772430367417,
      1.5653480184825963,
      2.9321367967297784,
      4.710810567900403,
      2.886494138211232,
      6.0244356173910525,
      4.715604283919285,
      3.112452433673003,
      1.6868476783248247,
      1.5903200290431514,
      3.9676811869355904,
      0.6609271330276548,
      1.5879074094149501,
      3.9545753262145324,
      5.449331284694766
    ],
    [
      3.7098938524302545,
      1.5735460070419052,
      2.9321121877556804,
      4.7099955966345,
      2.8864119097643277,
      6.024419489540577,
      4.709053644937917,
      3.1124965997961542,
      1.686900505893905,
      1.5902362106107264,
      3.9678647971205887,
      0.6609629156859383,
      1.588799293550661,
      3.9548568559475243,
      5.449221681535133
    ]
  ],
  "cost_vals": [],
  "step_size": 0.1,
  "opt_step_times": [
    0.18151211738586426,
    0.1750178337097168,
    0.17540979385375977,
    0.16585612297058105,
    0.18818020820617676,
    0.19060516357421875,
    0.20387816429138184,
    0.22053909301757812,
    0.19639015197753906,
    0.19666671752929688,
    0.18176698684692383,
    0.17220401763916016,
    0.24268603324890137,
    0.19577288627624512,
    0.18262505531311035,
    0.17513203620910645,
    0.18995094299316406,
    0.21884894371032715,
    0.20239996910095215,
    0.18540525436401367
  ],
  "opt_settings": [
    3.7098938524302545,
    1.5735460070419052,
    2.9321121877556804,
    4.7099955966345,
    2.8864119097643277,
    6.024419489540577,
    4.709053644937917,
    3.1124965997961542,
    1.686900505893905,
    1.5902362106107264,
    3.9678647971205887,
    0.6609629156859383,
    1.588799293550661,
    3.9548568559475243,
    5.449221681535133
  ],
  "min_cost": null,
  "datetime": "2023-05-30T16-42-22Z",
  "step_only": true,
  "ibm_device": "default.qubit",
  "shots": 10000,
  "prep_node_name": "5-qubit_zero_state",
  "num_qubits": 5,
  "error": false,
  "cov_mats": [
    [
      [
        0.98062336,
        -0.0019385600000000475,
        -0.018676479999999968,
        -0.0027699199999999813,
        0.0015718400000000604
      ],
      [
        -0.0019385600000000475,
        0.7665177599999999,
        0.005470079999999954,
        0.000824319999999934,
        0.0038793599999999984
      ],
      [
        -0.018676479999999968,
        0.005470079999999954,
        0.9942846399999999,
        0.00019056000000005485,
        0.009892879999999951
      ],
      [
        -0.0027699199999999813,
        0.000824319999999934,
        0.00019056000000005485,
        0.60007024,
        0.00760551999999981
      ],
      [
        0.0015718400000000604,
        0.0038793599999999984,
        0.009892879999999951,
        0.00760551999999981,
        0.67487196
      ]
    ],
    [
      [
        0.99425436,
        0.011397039999999949,
        0.0035626000000000047,
        0.007205439999999987,
        -0.007028800000000064
      ],
      [
        0.011397039999999949,
        0.87126256,
        0.004536399999999958,
        -0.013379839999999948,
        -0.0016832000000000513
      ],
      [
        0.0035626000000000047,
        0.004536399999999958,
        0.997791,
        0.008030400000000042,
        0.00119199999999995
      ],
      [
        0.007205439999999987,
        -0.013379839999999948,
        0.008030400000000042,
        0.68997376,
        0.011644800000000177
      ],
      [
        -0.007028800000000064,
        -0.0016832000000000513,
        0.00119199999999995,
        0.011644800000000177,
        0.7847039999999998
      ]
    ],
    [
      [
        0.99572284,
        0.010983319999999946,
        0.02019911999999994,
        0.005135880000000002,
        -0.011015520000000011
      ],
      [
        0.010983319999999946,
        0.9293503599999999,
        -0.00037623999999995134,
        0.008631239999999929,
        -0.004580959999999967
      ],
      [
        0.02019911999999994,
        -0.00037623999999995134,
        0.99816816,
        -0.0008381599999999663,
        -0.011143359999999988
      ],
      [
        0.005135880000000002,
        0.008631239999999929,
        -0.0008381599999999663,
        0.7674831599999999,
        0.011963360000000062
      ],
      [
        -0.011015520000000011,
        -0.004580959999999967,
        -0.011143359999999988,
        0.011963360000000062,
        0.84696256
      ]
    ],
    [
      [
        0.99818524,
        -0.010936039999999956,
        -0.004887920000000038,
        0.008783959999999879,
        -0.013495360000000012
      ],
      [
        -0.010936039999999956,
        0.96592284,
        0.010114319999999968,
        -0.0033971600000000657,
        0.0027465599999998633
      ],
      [
        -0.004887920000000038,
        0.010114319999999968,
        0.9990513599999999,
        0.005154319999999971,
        0.029546880000000088
      ],
      [
        0.008783959999999879,
        -0.0033971600000000657,
        0.005154319999999971,
        0.8520828399999999,
        0.01826655999999996
      ],
      [
        -0.013495360000000012,
        0.0027465599999998633,
        0.029546880000000088,
        0.01826655999999996,
        0.8934630399999999
      ]
    ],
    [
      [
        0.998844,
        -0.012393200000000004,
        -0.012495200000000022,
        0.003633600000000072,
        -0.011119200000000008
      ],
      [
        -0.012393200000000004,
        0.98995996,
        0.0020805600000000264,
        0.007093920000000038,
        -0.013172240000000009
      ],
      [
        -0.012495200000000022,
        0.0020805600000000264,
        0.99999216,
        0.0033251200000000494,
        0.029131359999999988
      ],
      [
        0.003633600000000072,
        0.007093920000000038,
        0.0033251200000000494,
        0.8908358399999999,
        0.008099519999999971
      ],
      [
        -0.011119200000000008,
        -0.013172240000000009,
        0.029131359999999988,
        0.008099519999999971,
        0.93177456
      ]
    ],
    [
      [
        0.9994335599999999,
        -0.0069196399999998486,
        0.008690520000000028,
        0.01826424,
        0.00649320000000005
      ],
      [
        -0.0069196399999998486,
        0.99613116,
        -0.0033138800000001,
        -0.0056485599999999934,
        -0.001910799999999959
      ],
      [
        0.008690520000000028,
        -0.0033138800000001,
        0.99997884,
        -0.007827919999999995,
        0.01118440000000008
      ],
      [
        0.01826424,
        -0.0056485599999999934,
        -0.007827919999999995,
        0.93507696,
        0.008672800000000064
      ],
      [
        0.00649320000000005,
        -0.001910799999999959,
        0.01118440000000008,
        0.008672800000000064,
        0.9542039999999999
      ]
    ],
    [
      [
        0.99841596,
        0.006009879999999921,
        0.00010248000000002408,
        -0.012020119999999981,
        0.010068480000000029
      ],
      [
        0.006009879999999921,
        0.9950156399999999,
        0.0056634399999999805,
        0.0012256400000000018,
        -0.00873855999999998
      ],
      [
        0.00010248000000002408,
        0.0056634399999999805,
        0.99994224,
        -0.0014765599999999783,
        0.00785024000000006
      ],
      [
        -0.012020119999999981,
        0.0012256400000000018,
        -0.0014765599999999783,
        0.9513356399999999,
        0.009421439999999996
      ],
      [
        0.010068480000000029,
        -0.00873855999999998,
        0.00785024000000006,
        0.009421439999999996,
        0.96845824
      ]
    ],
    [
      [
        0.99987004,
        -0.006300679999999998,
        0.01940456,
        -0.002189039999999967,
        0.012443880000000015
      ],
      [
        -0.006300679999999998,
        0.9980815599999999,
        -0.01181751999999995,
        0.0004736800000001021,
        -0.009915960000000012
      ],
      [
        0.01940456,
        -0.01181751999999995,
        0.99999984,
        -0.011670560000000002,
        -0.02105768000000002
      ],
      [
        -0.002189039999999967,
        0.0004736800000001021,
        -0.011670560000000002,
        0.96888304,
        0.0015631199999999595
      ],
      [
        0.012443880000000015,
        -0.009915960000000012,
        -0.02105768000000002,
        0.0015631199999999595,
        0.97920636
      ]
    ],
    [
      [
        0.999744,
        0.006857600000000084,
        0.023591999999999988,
        0.009806399999999948,
        -0.018476800000000047
      ],
      [
        0.006857600000000084,
        0.99998704,
        -0.016153199999999993,
        0.002548559999999997,
        -0.009942719999999947
      ],
      [
        0.023591999999999988,
        -0.016153199999999993,
        0.9998309999999999,
        -0.010369799999999953,
        0.004237600000000003
      ],
      [
        0.009806399999999948,
        0.002548559999999997,
        -0.010369799999999953,
        0.98427484,
        0.01826192000000005
      ],
      [
        -0.018476800000000047,
        -0.009942719999999947,
        0.004237600000000003,
        0.01826192000000005,
        0.99093696
      ]
    ],
    [
      [
        0.99984624,
        0.01594047999999993,
        -0.0036396799999999655,
        -0.006751599999999984,
        0.02077487999999994
      ],
      [
        0.01594047999999993,
        0.99997696,
        0.011184640000000015,
        -0.001923200000000009,
        0.0031257599999999952
      ],
      [
        -0.0036396799999999655,
        0.011184640000000015,
        0.99998976,
        0.007851199999999975,
        -0.018716159999999926
      ],
      [
        -0.006751599999999984,
        -0.001923200000000009,
        0.007851199999999975,
        0.988119,
        0.006630799999999951
      ],
      [
        0.02077487999999994,
        0.0031257599999999952,
        -0.018716159999999926,
        0.006630799999999951,
        0.99023856
      ]
    ],
    [
      [
        0.99994524,
        0.014641440000000002,
        0.006300639999999985,
        -0.0070970799999999406,
        -0.007014399999999999
      ],
      [
        0.014641440000000002,
        0.9999686399999999,
        0.009523839999999971,
        0.001527519999999912,
        0.011113599999999973
      ],
      [
        0.006300639999999985,
        0.009523839999999971,
        0.99981504,
        0.01748112,
        -0.026438399999999942
      ],
      [
        -0.0070970799999999406,
        0.001527519999999912,
        0.01748112,
        0.99112636,
        -0.0074751999999999276
      ],
      [
        -0.007014399999999999,
        0.011113599999999973,
        -0.026438399999999942,
        -0.0074751999999999276,
        0.996864
      ]
    ],
    [
      [
        0.99978096,
        -0.00671543999999994,
        0.008782239999999974,
        0.03178439999999997,
        -0.0007847199999999974
      ],
      [
        -0.00671543999999994,
        0.99993916,
        -0.00020936000000003335,
        0.008413400000000008,
        -0.005864920000000098
      ],
      [
        0.008782239999999974,
        -0.00020936000000003335,
        0.9999985599999999,
        -0.0105364,
        0.002282320000000006
      ],
      [
        0.03178439999999997,
        0.008413400000000008,
        -0.0105364,
        0.9971909999999999,
        0.005964199999999966
      ],
      [
        -0.0007847199999999974,
        -0.005864920000000098,
        0.002282320000000006,
        0.005964199999999966,
        0.99529404
      ]
    ],
    [
      [
        0.99994816,
        0.008391359999999964,
        0.0050271999999999826,
        0.0148952,
        -0.0016688000000000017
      ],
      [
        0.008391359999999964,
        0.99999856,
        -0.020428800000000056,
        -0.002550799999999939,
        -0.0023448000000000167
      ],
      [
        0.0050271999999999826,
        -0.020428800000000056,
        0.999424,
        -1.6000000000029662e-05,
        0.0011039999999999754
      ],
      [
        0.0148952,
        -0.002550799999999939,
        -1.6000000000029662e-05,
        0.998319,
        0.007514000000000019
      ],
      [
        -0.0016688000000000017,
        -0.0023448000000000167,
        0.0011039999999999754,
        0.007514000000000019,
        0.997884
      ]
    ],
    [
      [
        0.99999676,
        0.006013320000000006,
        0.002383080000000096,
        -0.01733231999999997,
        0.004677040000000022
      ],
      [
        0.006013320000000006,
        0.99994524,
        0.015669559999999947,
        0.003921759999999923,
        0.0026832799999999997
      ],
      [
        0.002383080000000096,
        0.015669559999999947,
        0.99991164,
        0.009353440000000067,
        0.015402320000000044
      ],
      [
        -0.01733231999999997,
        0.003921759999999923,
        0.009353440000000067,
        0.99858624,
        -0.014409280000000035
      ],
      [
        0.004677040000000022,
        0.0026832799999999997,
        0.015402320000000044,
        -0.014409280000000035,
        0.99816816
      ]
    ],
    [
      [
        0.99965404,
        0.00370788000000002,
        0.00709388,
        -0.001488199999999966,
        0.0067544799999999785
      ],
      [
        0.00370788000000002,
        0.99996636,
        0.0011083600000000614,
        0.0014146000000000356,
        -0.003323440000000041
      ],
      [
        0.00709388,
        0.0011083600000000614,
        0.99975036,
        0.006984600000000019,
        -0.01599144000000002
      ],
      [
        -0.001488199999999966,
        0.0014146000000000356,
        0.006984600000000019,
        0.998631,
        0.00531159999999997
      ],
      [
        0.0067544799999999785,
        -0.003323440000000041,
        -0.01599144000000002,
        0.00531159999999997,
        0.99982576
      ]
    ],
    [
      [
        0.999996,
        0.011421200000000022,
        -0.008250799999999985,
        -0.0001499999999999779,
        0.022266000000000025
      ],
      [
        0.011421200000000022,
        0.99988764,
        0.01186924,
        0.0033349999999999907,
        0.012050199999999938
      ],
      [
        -0.008250799999999985,
        0.01186924,
        0.99935484,
        -0.006164999999999973,
        0.002838199999999945
      ],
      [
        -0.0001499999999999779,
        0.0033349999999999907,
        -0.006164999999999973,
        0.999375,
        -0.004025000000000036
      ],
      [
        0.022266000000000025,
        0.012050199999999938,
        0.002838199999999945,
        -0.004025000000000036,
        0.9989110000000002
      ]
    ],
    [
      [
        0.9999769599999999,
        0.002771199999999941,
        0.005992320000000034,
        0.0030886399999999247,
        -0.0048211200000000546
      ],
      [
        0.002771199999999941,
        0.999964,
        0.011590400000000054,
        0.00946079999999997,
        -0.01642639999999997
      ],
      [
        0.005992320000000034,
        0.011590400000000054,
        0.9999974399999999,
        -3.712000000005391e-05,
        0.006792960000000056
      ],
      [
        0.0030886399999999247,
        0.00946079999999997,
        -3.712000000005391e-05,
        0.99946176,
        -0.0009020799999999662
      ],
      [
        -0.0048211200000000546,
        -0.01642639999999997,
        0.006792960000000056,
        -0.0009020799999999662,
        0.99998064
      ]
    ],
    [
      [
        0.999856,
        -0.005239199999999988,
        0.012231199999999933,
        0.0032472000000000017,
        -0.0058368000000000595
      ],
      [
        -0.005239199999999988,
        0.9998204399999999,
        0.009565159999999968,
        0.0061239600000000186,
        0.001217759999999928
      ],
      [
        0.012231199999999933,
        0.009565159999999968,
        0.99999324,
        -0.005253560000000067,
        -0.012635360000000002
      ],
      [
        0.0032472000000000017,
        0.0061239600000000186,
        -0.005253560000000067,
        0.99957564,
        -0.014480160000000103
      ],
      [
        -0.0058368000000000595,
        0.001217759999999928,
        -0.012635360000000002,
        -0.014480160000000103,
        0.99981504
      ]
    ],
    [
      [
        0.9999729599999999,
        0.022938639999999937,
        0.0009823199999999463,
        -0.004406960000000008,
        0.007189600000000011
      ],
      [
        0.022938639999999937,
        0.99986076,
        0.00035988000000006866,
        -0.010869639999999967,
        0.006576400000000022
      ],
      [
        0.0009823199999999463,
        0.00035988000000006866,
        0.99998844,
        -0.0037353200000000138,
        0.0029932000000000027
      ],
      [
        -0.004406960000000008,
        -0.010869639999999967,
        -0.0037353200000000138,
        0.99841596,
        0.0061204000000000085
      ],
      [
        0.007189600000000011,
        0.006576400000000022,
        0.0029932000000000027,
        0.0061204000000000085,
        0.999996
      ]
    ],
    [
      [
        0.99995904,
        -0.005526720000000043,
        -0.011419200000000075,
        -0.015129279999999957,
        0.0027283199999999144
      ],
      [
        -0.005526720000000043,
        0.99960796,
        0.011540599999999972,
        -0.01679995999999997,
        0.009978239999999987
      ],
      [
        -0.011419200000000075,
        0.011540599999999972,
        0.999991,
        0.007539400000000052,
        0.02496640000000008
      ],
      [
        -0.015129279999999957,
        -0.01679995999999997,
        0.007539400000000052,
        0.99959196,
        0.006773760000000035
      ],
      [
        0.0027283199999999144,
        0.009978239999999987,
        0.02496640000000008,
        0.006773760000000035,
        0.99987456
      ]
    ],
    [
      [
        0.9996389999999999,
        -0.003430400000000013,
        -0.006727800000000028,
        0.003354400000000014,
        -0.026896400000000042
      ],
      [
        -0.003430400000000013,
        0.9999974399999999,
        0.0014060800000000122,
        -0.009203840000000041,
        0.0007750399999999405
      ],
      [
        -0.006727800000000028,
        0.0014060800000000122,
        0.99998556,
        -0.014990880000000014,
        0.013059280000000012
      ],
      [
        0.003354400000000014,
        -0.009203840000000041,
        -0.014990880000000014,
        0.99999424,
        0.0035625600000000193
      ],
      [
        -0.026896400000000042,
        0.0007750399999999405,
        0.013059280000000012,
        0.0035625600000000193,
        0.99975664
      ]
    ]
  ]
}