{
  "settings_list": [
    [
      2.592880272972864,
      4.485599358881041,
      1.6159309346924864,
      0.4902907248746147,
      4.6653709525062474,
      1.5865525665994284,
      0.8568308723077513,
      3.4800674802969684,
      2.7549245995410776,
      5.513438693497115,
      1.4210567765601372,
      5.690308876637432,
      4.084408958314919,
      0.6200126511291926,
      4.395282482112305
    ],
    [
      2.5840254651625854,
      4.544893590633438,
      1.6202582597752588,
      0.49184988105346145,
      4.680479700185751,
      1.5850339130835962,
      0.9679088621625738,
      3.513303448941341,
      2.7536236599850787,
      5.510152537254161,
      1.4517188482153718,
      5.69110904268214,
      4.181361481864333,
      0.6705797065166819,
      4.395256102081841
    ],
    [
      2.5806145285412403,
      4.5934198112243445,
      1.6194090008035142,
      0.4929244180747107,
      4.688355230817961,
      1.5865663465516628,
      1.0856023630051275,
      3.544957049250364,
      2.752957853129678,
      5.506243697623803,
      1.4815909099276974,
      5.693410831048952,
      4.267324921309335,
      0.7113686359984028,
      4.39241329518887
    ],
    [
      2.577710810963241,
      4.629856411276988,
      1.6181901303647228,
      0.4917381417297843,
      4.696034560207524,
      1.584271547750417,
      1.1982375129320175,
      3.571216734358158,
      2.7540330592225435,
      5.504792306120017,
      1.498807966705623,
      5.693155898142596,
      4.352347611703455,
      0.7474092049545404,
      4.391965502417217
    ],
    [
      2.5770719426105986,
      4.64472436251923,
      1.618502299167726,
      0.4918976033301245,
      4.704323917795297,
      1.583696123470539,
      1.2980799651756085,
      3.5895787327108484,
      2.7543238220375663,
      5.503274803041393,
      1.5096948761117304,
      5.694549749768385,
      4.419461830062979,
      0.770846429565871,
      4.39191226533433
    ],
    [
      2.577048958936482,
      4.658595978801073,
      1.619277306112918,
      0.4908948475070397,
      4.703026025740406,
      1.5834761517569789,
      1.3751712074202678,
      3.5984804126726613,
      2.754266032143275,
      5.503232488530124,
      1.5193159881490488,
      5.692891853396256,
      4.473575135141085,
      0.7878024653790374,
      4.391586241423742
    ],
    [
      2.5764853202735147,
      4.676314864993078,
      1.620057548749988,
      0.4909182944199293,
      4.7017896803029,
      1.5826074661534428,
      1.4364363791318364,
      3.603819012917112,
      2.754431796728951,
      5.502990482190613,
      1.5277694350897648,
      5.693762828098311,
      4.51463409074647,
      0.7976342133846995,
      4.392083061212899
    ],
    [
      2.5759267502789367,
      4.684249956421501,
      1.6195714727116648,
      0.4902598592109872,
      4.703407657781566,
      1.5838002071640156,
      1.478194989245293,
      3.606283250133125,
      2.754991100720503,
      5.503518582754404,
      1.5362033756760585,
      5.693703123022272,
      4.554205719975511,
      0.8055774224429728,
      4.392510494717125
    ],
    [
      2.5763786284107897,
      4.690078611802183,
      1.6199691420484357,
      0.49033446395926494,
      4.706529022462388,
      1.583937933670787,
      1.508207787381925,
      3.6080186678518484,
      2.754498176916123,
      5.502723945114365,
      1.5365542348245589,
      5.693592967317009,
      4.58621544262632,
      0.8100054981133821,
      4.392492963546403
    ],
    [
      2.5764208320540165,
      4.700656361863285,
      1.619868810811421,
      0.4908327028559696,
      4.71109604873931,
      1.5834081023161246,
      1.5333116911155555,
      3.608755081192199,
      2.7547071978232496,
      5.502574808234743,
      1.5412856495357448,
      5.694181320162999,
      4.6087595880539975,
      0.812235322765622,
      4.392477526576987
    ],
    [
      2.576188794458124,
      4.707038373310724,
      1.6195318960928626,
      0.49071092577456316,
      4.706938566809956,
      1.5835940855805022,
      1.5394887452520691,
      3.608888949810348,
      2.7548048453066736,
      5.502515939689866,
      1.541296999172143,
      5.694374825140907,
      4.631626965779839,
      0.8148494621087309,
      4.392220970995014
    ],
    [
      2.5760210291810557,
      4.707290155927246,
      1.6194504676174173,
      0.49070212705193467,
      4.707528172605791,
      1.5832863456689246,
      1.5472022150816465,
      3.608947900061025,
      2.754394007601955,
      5.502460261023425,
      1.5482865758145572,
      5.694105103562225,
      4.649107802689019,
      0.816548612733489,
      4.392070416951023
    ],
    [
      2.5761878146449204,
      4.709348778518122,
      1.619288168501004,
      0.4905911487449158,
      4.711271359221442,
      1.5835128070329805,
      1.5573039829021458,
      3.6088507749804424,
      2.7544822190576177,
      5.502561118942467,
      1.5519892970540279,
      5.694363471131781,
      4.661920503887922,
      0.8174626587703143,
      4.391824947412263
    ],
    [
      2.5761126003797,
      4.709108476410057,
      1.6192600259609913,
      0.4904600113716556,
      4.71203094239555,
      1.5832426919032978,
      1.5599059588376134,
      3.608753080553628,
      2.7545499792297075,
      5.502577981069125,
      1.5578981307476965,
      5.694318337975088,
      4.67233892497181,
      0.8179321485840423,
      4.391662127547268
    ],
    [
      2.57615156998338,
      4.712875406853737,
      1.6191983773252874,
      0.4903752195621596,
      4.7138912092049825,
      1.5832533284806738,
      1.5678207465617333,
      3.6085110081384437,
      2.7544159675546593,
      5.502882972883565,
      1.5594320878614885,
      5.69446904004868,
      4.682344591639538,
      0.8183562753187222,
      4.391631047461772
    ],
    [
      2.576125922779425,
      4.715147473903631,
      1.619485529648768,
      0.4902185203210009,
      4.715470898046955,
      1.5832828408612145,
      1.5710567978362089,
      3.6085840108549787,
      2.7544205233631907,
      5.50291809632502,
      1.5561867388685282,
      5.694365378788002,
      4.687842314582619,
      0.8184919815921722,
      4.391626519152633
    ],
    [
      2.5763183125557725,
      4.713573293327977,
      1.6196276491328854,
      0.49018135638307836,
      4.716709069712264,
      1.5832889809435648,
      1.5687256169208827,
      3.6084212602596546,
      2.754351174039989,
      5.502878399398929,
      1.561418500370725,
      5.694361356111844,
      4.693111605492142,
      0.8185769120196692,
      4.391727019928343
    ],
    [
      2.576090632529409,
      4.708471778863248,
      1.619394076479569,
      0.49018343258245245,
      4.712822114927213,
      1.5833748185990484,
      1.5737701182300623,
      3.6084628761286446,
      2.7543451181094354,
      5.502866134566422,
      1.5621148609233324,
      5.694414794105817,
      4.6969729864476895,
      0.8186440905135112,
      4.3917988480646875
    ],
    [
      2.576207043114121,
      4.709770728684024,
      1.619337565136537,
      0.4902485592493245,
      4.7108880816714365,
      1.5833983499213284,
      1.5732097713338304,
      3.6084900236423727,
      2.7542832281823872,
      5.502862882362422,
      1.5634140304956203,
      5.694410745979873,
      4.695728164155609,
      0.8185734454957512,
      4.391826151134183
    ],
    [
      2.576230916706342,
      4.708969196135962,
      1.6193699309054992,
      0.49018383212100897,
      4.713880757519387,
      1.5832642839963147,
      1.5737429535679441,
      3.608649211343219,
      2.7542930238200283,
      5.502989589255196,
      1.5620864805128292,
      5.69442184826889,
      4.699177499194763,
      0.818611288748197,
      4.391868332047045
    ],
    [
      2.5762248012287206,
      4.70981077175994,
      1.619222106015121,
      0.4899870951110224,
      4.710560669868507,
      1.5831662519146583,
      1.5706703013843153,
      3.608688383010977,
      2.7543515989877467,
      5.502863234626237,
      1.5630137736372376,
      5.6946342590802566,
      4.701937271498865,
      0.8186282320725055,
      4.392038058547243
    ]
  ],
  "cost_vals": [],
  "step_size": 0.1,
  "opt_step_times": [
    0.1657111644744873,
    0.17180180549621582,
    0.17003226280212402,
    0.16779589653015137,
    0.16108179092407227,
    0.18223285675048828,
    0.1821298599243164,
    0.20586585998535156,
    0.18466711044311523,
    0.16619110107421875,
    0.16680002212524414,
    0.17593097686767578,
    0.2274460792541504,
    0.17365407943725586,
    0.17149615287780762,
    0.16538000106811523,
    0.16502594947814941,
    0.16389918327331543,
    0.18303322792053223,
    0.16825485229492188
  ],
  "opt_settings": [
    2.5762248012287206,
    4.70981077175994,
    1.619222106015121,
    0.4899870951110224,
    4.710560669868507,
    1.5831662519146583,
    1.5706703013843153,
    3.608688383010977,
    2.7543515989877467,
    5.502863234626237,
    1.5630137736372376,
    5.6946342590802566,
    4.701937271498865,
    0.8186282320725055,
    4.392038058547243
  ],
  "min_cost": null,
  "datetime": "2023-05-30T16-35-20Z",
  "step_only": true,
  "ibm_device": "default.qubit",
  "shots": 10000,
  "prep_node_name": "5-qubit_zero_state",
  "num_qubits": 5,
  "error": false,
  "cov_mats": [
    [
      [
        0.961191,
        0.008222600000000043,
        -0.004632599999999973,
        0.0012909999999999727,
        -0.010679399999999978
      ],
      [
        0.008222600000000043,
        0.99790236,
        0.0030116400000000307,
        0.005242600000000011,
        0.00202516000000013
      ],
      [
        -0.004632599999999973,
        0.0030116400000000307,
        0.6103743600000002,
        0.025747399999999976,
        0.009308840000000151
      ],
      [
        0.0012909999999999727,
        0.005242600000000011,
        0.025747399999999976,
        0.990591,
        -0.0010594000000000783
      ],
      [
        -0.010679399999999978,
        0.00202516000000013,
        0.009308840000000151,
        -0.0010594000000000783,
        0.76979196
      ]
    ],
    [
      [
        0.9819903600000001,
        -0.007394800000000013,
        0.00630955999999995,
        -0.012904839999999992,
        -0.0020957600000000368
      ],
      [
        -0.007394800000000013,
        0.999964,
        0.002949200000000091,
        -0.00445880000000006,
        0.004416800000000081
      ],
      [
        0.00630955999999995,
        0.002949200000000091,
        0.7064527599999999,
        -0.007529639999999942,
        0.002197039999999928
      ],
      [
        -0.012904839999999992,
        -0.00445880000000006,
        -0.007529639999999942,
        0.99186396,
        -0.007572559999999964
      ],
      [
        -0.0020957600000000368,
        0.004416800000000081,
        0.002197039999999928,
        -0.007572559999999964,
        0.8422321599999999
      ]
    ],
    [
      [
        0.98905884,
        -0.007055319999999969,
        0.00801316000000004,
        0.0034403200000000097,
        0.008861920000000065
      ],
      [
        -0.007055319999999969,
        0.99871836,
        0.010399319999999991,
        -0.010823359999999945,
        0.0041998400000000016
      ],
      [
        0.00801316000000004,
        0.010399319999999991,
        0.8197148400000001,
        -0.0055843199999999656,
        -0.004925919999999917
      ],
      [
        0.0034403200000000097,
        -0.010823359999999945,
        -0.0055843199999999656,
        0.99630336,
        0.003980160000000094
      ],
      [
        0.008861920000000065,
        0.0041998400000000016,
        -0.004925919999999917,
        0.003980160000000094,
        0.88764096
      ]
    ],
    [
      [
        0.99665916,
        0.015577999999999986,
        0.015154920000000072,
        0.004381719999999989,
        0.006447640000000079
      ],
      [
        0.015577999999999986,
        0.9999,
        8.599999999995634e-05,
        0.0016259999999999174,
        0.011162000000000033
      ],
      [
        0.015154920000000072,
        8.599999999995634e-05,
        0.89017404,
        -0.0004543599999999974,
        0.010576680000000019
      ],
      [
        0.004381719999999989,
        0.0016259999999999174,
        -0.0004543599999999974,
        0.99608124,
        -0.012286120000000043
      ],
      [
        0.006447640000000079,
        0.011162000000000033,
        0.010576680000000019,
        -0.012286120000000043,
        0.9304095600000001
      ]
    ],
    [
      [
        0.99706236,
        -0.00015447999999999818,
        -0.017353519999999942,
        0.0006563999999999997,
        -0.025361639999999998
      ],
      [
        -0.00015447999999999818,
        0.99975664,
        0.0053873600000000285,
        0.008104799999999988,
        -0.011722480000000054
      ],
      [
        -0.017353519999999942,
        0.0053873600000000285,
        0.94026864,
        -0.0030247999999999976,
        0.011414479999999963
      ],
      [
        0.0006563999999999997,
        0.008104799999999988,
        -0.0030247999999999976,
        0.996636,
        0.008096399999999943
      ],
      [
        -0.025361639999999998,
        -0.011722480000000054,
        0.011414479999999963,
        0.008096399999999943,
        0.9490143600000002
      ]
    ],
    [
      [
        0.99887104,
        0.012588159999999968,
        -0.005724799999999995,
        0.01606591999999996,
        0.0026566400000000174
      ],
      [
        0.012588159999999968,
        0.99996864,
        -0.008679200000000008,
        -0.004044319999999924,
        -0.00010944000000006867
      ],
      [
        -0.005724799999999995,
        -0.008679200000000008,
        0.975351,
        -0.0036354000000000265,
        0.00270320000000002
      ],
      [
        0.01606591999999996,
        -0.004044319999999924,
        -0.0036354000000000265,
        0.99922716,
        -0.001285279999999991
      ],
      [
        0.0026566400000000174,
        -0.00010944000000006867,
        0.00270320000000002,
        -0.001285279999999991,
        0.97362624
      ]
    ],
    [
      [
        0.99846336,
        0.004725280000000039,
        -0.009143199999999949,
        0.012302239999999989,
        0.0011587200000000384
      ],
      [
        0.004725280000000039,
        0.99982044,
        0.014671399999999848,
        0.013438519999999935,
        -0.00636343999999992
      ],
      [
        -0.009143199999999949,
        0.014671399999999848,
        0.983359,
        -0.004503799999999982,
        -0.005976399999999989
      ],
      [
        0.012302239999999989,
        0.013438519999999935,
        -0.004503799999999982,
        0.9996831599999999,
        -0.002257519999999975
      ],
      [
        0.0011587200000000384,
        -0.00636343999999992,
        -0.005976399999999989,
        -0.002257519999999975,
        0.98268144
      ]
    ],
    [
      [
        0.9999189999999999,
        -0.02675519999999997,
        -0.00956300000000002,
        -0.01368080000000005,
        -0.013339800000000023
      ],
      [
        -0.02675519999999997,
        0.9992601599999998,
        -0.03312960000000007,
        -0.011951360000000036,
        -0.003004159999999967
      ],
      [
        -0.00956300000000002,
        -0.03312960000000007,
        0.991351,
        0.00510160000000008,
        0.0058446000000000106
      ],
      [
        -0.01368080000000005,
        -0.011951360000000036,
        0.00510160000000008,
        0.99902656,
        0.0034753599999999825
      ],
      [
        -0.013339800000000023,
        -0.003004159999999967,
        0.0058446000000000106,
        0.0034753599999999825,
        0.9861231599999999
      ]
    ],
    [
      [
        0.99918204,
        0.012291520000000018,
        0.002818759999999976,
        -0.003937680000000015,
        0.00017951999999990748
      ],
      [
        0.012291520000000018,
        0.99998976,
        0.00201887999999995,
        -0.006339839999999988,
        0.0013337600000000983
      ],
      [
        0.002818759999999976,
        0.00201887999999995,
        0.99679644,
        -0.01353592,
        -0.004109119999999929
      ],
      [
        -0.003937680000000015,
        -0.006339839999999988,
        -0.01353592,
        0.99964656,
        -0.0060358399999999365
      ],
      [
        0.00017951999999990748,
        0.0013337600000000983,
        -0.004109119999999929,
        -0.0060358399999999365,
        0.9930777599999999
      ]
    ],
    [
      [
        0.999804,
        -0.00754959999999994,
        0.003028400000000024,
        0.03314399999999998,
        -0.006800399999999966
      ],
      [
        -0.00754959999999994,
        0.99998704,
        -0.011110159999999982,
        0.005214399999999982,
        0.011142959999999967
      ],
      [
        0.003028400000000024,
        -0.011110159999999982,
        0.99906364,
        0.0059224000000000524,
        0.0014151600000000177
      ],
      [
        0.03314399999999998,
        0.005214399999999982,
        0.0059224000000000524,
        0.999984,
        -0.005914400000000019
      ],
      [
        -0.006800399999999966,
        0.011142959999999967,
        0.0014151600000000177,
        -0.005914400000000019,
        0.99490204
      ]
    ],
    [
      [
        0.999984,
        0.0017912000000000238,
        -0.006688000000000111,
        -0.018655199999999976,
        -0.013212000000000078
      ],
      [
        0.0017912000000000238,
        0.99999516,
        -0.001338399999999985,
        -0.013630360000000029,
        -0.006296600000000073
      ],
      [
        -0.006688000000000111,
        -0.001338399999999985,
        0.999216,
        0.01298639999999997,
        0.011284
      ],
      [
        -0.018655199999999976,
        -0.013630360000000029,
        0.01298639999999997,
        0.99980956,
        0.005848600000000031
      ],
      [
        -0.013212000000000078,
        -0.006296600000000073,
        0.011284,
        0.005848600000000031,
        0.997791
      ]
    ],
    [
      [
        0.999936,
        0.0052224000000000385,
        -0.007625600000000028,
        -0.0070303999999999514,
        0.01421759999999998
      ],
      [
        0.0052224000000000385,
        0.99999216,
        -0.002661040000000047,
        -0.012589360000000055,
        0.0032538400000000404
      ],
      [
        -0.007625600000000028,
        -0.002661040000000047,
        0.99952476,
        -0.002317160000000039,
        -0.006737959999999969
      ],
      [
        -0.0070303999999999514,
        -0.012589360000000055,
        -0.002317160000000039,
        0.99998556,
        -0.017001640000000016
      ],
      [
        0.01421759999999998,
        0.0032538400000000404,
        -0.006737959999999969,
        -0.017001640000000016,
        0.99727516
      ]
    ],
    [
      [
        0.9999481599999999,
        0.008172639999999985,
        -0.012186879999999968,
        -0.0014071999999999841,
        0.0005614400000000606
      ],
      [
        0.008172639999999985,
        0.99998556,
        -0.01248751999999997,
        -0.010403799999999965,
        -0.002609239999999968
      ],
      [
        -0.012186879999999968,
        -0.01248751999999997,
        0.99912384,
        -0.0009704000000000857,
        -0.01208592
      ],
      [
        -0.0014071999999999841,
        -0.010403799999999965,
        -0.0009704000000000857,
        0.999999,
        0.0008502000000000202
      ],
      [
        0.0005614400000000606,
        -0.002609239999999968,
        -0.01208592,
        0.0008502000000000202,
        0.9974799599999999
      ]
    ],
    [
      [
        0.99993276,
        -0.0011885199999999514,
        0.01440819999999994,
        0.011157280000000023,
        0.000772280000000039
      ],
      [
        -0.0011885199999999514,
        0.9999980399999999,
        -0.014001399999999957,
        0.00944143999999999,
        -0.00566356000000002
      ],
      [
        0.01440819999999994,
        -0.014001399999999957,
        0.999999,
        0.003429599999999985,
        -0.003245400000000089
      ],
      [
        0.011157280000000023,
        0.00944143999999999,
        0.003429599999999985,
        0.9991238399999999,
        -0.0032561599999999377
      ],
      [
        0.000772280000000039,
        -0.00566356000000002,
        -0.003245400000000089,
        -0.0032561599999999377,
        0.99793884
      ]
    ],
    [
      [
        0.99989184,
        0.016322719999999936,
        -0.005056159999999893,
        -0.005310560000000016,
        -0.0049081599999999705
      ],
      [
        0.016322719999999936,
        0.99986076,
        0.01206372000000001,
        -0.010101479999999954,
        0.001122720000000057
      ],
      [
        -0.005056159999999893,
        0.01206372000000001,
        0.9999708399999999,
        -0.006353559999999989,
        0.011343840000000077
      ],
      [
        -0.005310560000000016,
        -0.010101479999999954,
        -0.006353559999999989,
        0.99992604,
        -0.02691055999999997
      ],
      [
        -0.0049081599999999705,
        0.001122720000000057,
        0.011343840000000077,
        -0.02691055999999997,
        0.99989184
      ]
    ],
    [
      [
        0.99994224,
        0.009899680000000008,
        -0.005410640000000016,
        0.017966560000000017,
        0.003893599999999947
      ],
      [
        0.009899680000000008,
        0.99982576,
        0.0021815199999999525,
        0.0007419200000000237,
        -0.009784799999999996
      ],
      [
        -0.005410640000000016,
        0.0021815199999999525,
        0.9999980399999999,
        -0.0014061600000000122,
        -0.005819599999999972
      ],
      [
        0.017966560000000017,
        0.0007419200000000237,
        -0.0014061600000000122,
        0.99998064,
        0.00193840000000003
      ],
      [
        0.003893599999999947,
        -0.009784799999999996,
        -0.005819599999999972,
        0.00193840000000003,
        0.999804
      ]
    ],
    [
      [
        0.999936,
        0.008054400000000036,
        -0.01478399999999998,
        0.005459199999999988,
        -0.011276800000000049
      ],
      [
        0.008054400000000036,
        0.99995376,
        0.015586399999999974,
        -0.004650319999999939,
        0.0028952799999999723
      ],
      [
        -0.01478399999999998,
        0.015586399999999974,
        0.999996,
        0.0001852000000000612,
        0.006969200000000006
      ],
      [
        0.005459199999999988,
        -0.004650319999999939,
        0.0001852000000000612,
        0.9999452399999997,
        -0.008513959999999992
      ],
      [
        -0.011276800000000049,
        0.0028952799999999723,
        0.006969200000000006,
        -0.008513959999999992,
        0.99976284
      ]
    ],
    [
      [
        0.99995376,
        -0.0003619200000000117,
        -0.019869359999999985,
        0.009395919999999964,
        -0.01085720000000001
      ],
      [
        -0.0003619200000000117,
        0.9999686399999999,
        0.0050571199999998925,
        -0.006996640000000006,
        0.021682400000000015
      ],
      [
        -0.019869359999999985,
        0.0050571199999998925,
        0.99989596,
        -0.008806119999999975,
        0.012614200000000077
      ],
      [
        0.009395919999999964,
        -0.006996640000000006,
        -0.008806119999999975,
        0.99999964,
        -0.01238740000000002
      ],
      [
        -0.01085720000000001,
        0.021682400000000015,
        0.012614200000000077,
        -0.01238740000000002,
        0.999559
      ]
    ],
    [
      [
        0.99998556,
        -0.0013984799999999847,
        0.006043320000000006,
        -0.004806839999999971,
        0.00022279999999997793
      ],
      [
        -0.0013984799999999847,
        0.99999984,
        -0.006204559999999983,
        -0.011799280000000006,
        -0.011602399999999916
      ],
      [
        0.006043320000000006,
        -0.006204559999999983,
        0.9998700399999999,
        0.001220519999999979,
        0.004131600000000066
      ],
      [
        -0.004806839999999971,
        -0.011799280000000006,
        0.001220519999999979,
        0.99999676,
        -0.002189200000000035
      ],
      [
        0.00022279999999997793,
        -0.011602399999999916,
        0.004131600000000066,
        -0.002189200000000035,
        0.999964
      ]
    ],
    [
      [
        0.99966144,
        0.005597599999999998,
        0.00557792000000002,
        -0.002353280000000031,
        0.0014748799999999614
      ],
      [
        0.005597599999999998,
        0.999879,
        -0.0006131999999999905,
        -0.0020112000000000805,
        0.0021252000000000068
      ],
      [
        0.00557792000000002,
        -0.0006131999999999905,
        0.99999856,
        -0.004023040000000033,
        -0.004808160000000055
      ],
      [
        -0.002353280000000031,
        -0.0020112000000000805,
        -0.004023040000000033,
        0.99963136,
        -0.005730559999999995
      ],
      [
        0.0014748799999999614,
        0.0021252000000000068,
        -0.004808160000000055,
        -0.005730559999999995,
        0.9999537599999999
      ]
    ],
    [
      [
        0.99992604,
        -0.001765599999999969,
        0.005748399999999944,
        -0.002653799999999998,
        0.002593120000000018
      ],
      [
        -0.001765599999999969,
        0.999984,
        -0.011976000000000011,
        0.000931999999999974,
        0.0012032000000000347
      ],
      [
        0.005748399999999944,
        -0.011976000000000011,
        0.999964,
        -0.005697999999999999,
        -0.0028047999999999697
      ],
      [
        -0.002653799999999998,
        0.000931999999999974,
        -0.005697999999999999,
        0.999711,
        0.01501359999999993
      ],
      [
        0.002593120000000018,
        0.0012032000000000347,
        -0.0028047999999999697,
        0.01501359999999993,
        0.99999936
      ]
    ]
  ]
}