{
  "settings_list": [
    [
      2.35851846764011,
      5.514092150991788,
      3.9535939242598026,
      2.7716458324772586,
      1.8506453838802965,
      1.2196913545681705,
      4.9649988501578965,
      0.411289265709919,
      0.4103403531950576,
      5.568288586143435,
      5.228646128757064,
      0.7394337084382334,
      2.0425567484702634,
      0.4765518913221897,
      5.190535335988378
    ],
    [
      2.287752475478015,
      5.4402436997632115,
      3.955676947706643,
      2.760969485985746,
      1.7610956052278985,
      1.217921392360321,
      4.888259731799602,
      0.4209865727134173,
      0.41003969415532193,
      5.52676913117987,
      5.14215977128806,
      0.739703104066298,
      1.9350808159787036,
      0.5041419223081194,
      5.191366535136124
    ],
    [
      2.2184131454399294,
      5.371282373431151,
      3.954327972374337,
      2.7553681796433684,
      1.7005320229785896,
      1.2175039509782921,
      4.8280634646795075,
      0.4256428717540778,
      0.41095961565766753,
      5.497575942900071,
      5.073748534769046,
      0.7365699035214628,
      1.8415972524554325,
      0.5230828496258845,
      5.192226269019899
    ],
    [
      2.154211249679169,
      5.3066551605909025,
      3.954591694388202,
      2.751650498654769,
      1.6475792316929119,
      1.219256466677896,
      4.795030557834012,
      0.4269033691064467,
      0.40961847671718915,
      5.476712510657686,
      5.012506095996938,
      0.7376430304931121,
      1.7661796914296728,
      0.5369050535802272,
      5.193473316414687
    ],
    [
      2.102327672360006,
      5.254646028864228,
      3.954042915259369,
      2.7521385846883177,
      1.6278580353485672,
      1.2185587450791042,
      4.766639482480754,
      0.42673176377746047,
      0.41111333299125413,
      5.461709790071176,
      4.961905280077224,
      0.7378286870643316,
      1.7136434241039642,
      0.5427042342753245,
      5.192633635296154
    ],
    [
      2.061127119826525,
      5.213710935435033,
      3.9544757691499584,
      2.7508781988465603,
      1.6076760134486006,
      1.2195961688212777,
      4.73865100503764,
      0.4273777089750515,
      0.4111420024018487,
      5.450724154762226,
      4.917330660844739,
      0.7367113911447284,
      1.6656104298554342,
      0.5468189129227587,
      5.192407309385427
    ],
    [
      2.0246691979491866,
      5.176846133502269,
      3.954791658635196,
      2.750559277897556,
      1.5974268120474004,
      1.2201043333713915,
      4.726950231868362,
      0.4274852771016608,
      0.4104121463295169,
      5.444114042064657,
      4.88630832870006,
      0.7362100840191217,
      1.6436828813285878,
      0.5482248831221709,
      5.193347863438941
    ],
    [
      1.9952466539664897,
      5.147623977388471,
      3.955019293397227,
      2.750093615343424,
      1.5923258506859193,
      1.2191217739080964,
      4.725398958587571,
      0.4278814244125891,
      0.41022071831548906,
      5.439034980932919,
      4.861366705583156,
      0.7365548200575959,
      1.619166899294815,
      0.5499625471966476,
      5.193403806041446
    ],
    [
      1.9684873328668666,
      5.120594885445403,
      3.955503913045203,
      2.749520115153053,
      1.5927783875039234,
      1.2195270706918528,
      4.722189370500331,
      0.42854118215331133,
      0.4113346830397902,
      5.4345725761648715,
      4.835365113736671,
      0.7362527817529543,
      1.6056962375910249,
      0.5503950004588037,
      5.193487848378789
    ],
    [
      1.9449324779614618,
      5.098729993148667,
      3.955845270104128,
      2.749139440849568,
      1.583309807629533,
      1.2208545071224544,
      4.724980065790264,
      0.42867674048419774,
      0.4110244868208014,
      5.431518519243758,
      4.812109637686655,
      0.7369374994885831,
      1.5974880729139145,
      0.5511912300717605,
      5.193238312246171
    ],
    [
      1.928958202406489,
      5.082433023071351,
      3.956147945811127,
      2.748827445698471,
      1.57613112222783,
      1.2206055839093177,
      4.71940449850025,
      0.4295037281130048,
      0.41061864844802953,
      5.430040491079082,
      4.798008718067386,
      0.7367721130127943,
      1.5973489212287664,
      0.5505195994015897,
      5.1933547009847745
    ],
    [
      1.9129185126920478,
      5.067212150155685,
      3.956404786298665,
      2.749316164281664,
      1.5771466053242582,
      1.2206869789139823,
      4.7137190659584505,
      0.4299093890568064,
      0.41099181185238215,
      5.428839388327466,
      4.775656743537402,
      0.736942625645282,
      1.5906168577134,
      0.5501588211937881,
      5.193715526716591
    ],
    [
      1.89842703434161,
      5.053140173976694,
      3.9559100215649217,
      2.7492502913230172,
      1.5794785276242118,
      1.2207613713030958,
      4.719128300080774,
      0.4301900379986448,
      0.4109596864228362,
      5.428198391489572,
      4.768139838376161,
      0.7377870097676413,
      1.5802735110517134,
      0.5496255597581933,
      5.193066932026775
    ],
    [
      1.883583600684666,
      5.03908926862823,
      3.9554818037634067,
      2.7485925552170274,
      1.5728505812395883,
      1.2208380992965742,
      4.712304461498228,
      0.43008901995286813,
      0.41130254162438695,
      5.427568048656624,
      4.760788392303829,
      0.7376010542640529,
      1.5790061374722484,
      0.5494574275059801,
      5.1930481112346465
    ],
    [
      1.8733302198226993,
      5.028946466984298,
      3.9555996706904897,
      2.748472561046349,
      1.573928480241239,
      1.22095690503168,
      4.7094946298229825,
      0.4298745217182307,
      0.41148416080651173,
      5.42747631200545,
      4.7534374825824,
      0.73774754308161,
      1.5780254940825735,
      0.5493946566489485,
      5.1933071569129075
    ],
    [
      1.86061879690689,
      5.016884679327287,
      3.955773955189649,
      2.7485562842657028,
      1.5715753797437388,
      1.2208292542923058,
      4.709712601953952,
      0.42999198437261277,
      0.4109210112730103,
      5.427173358476219,
      4.745604599332746,
      0.7374682765263306,
      1.5780698800085537,
      0.5493852053152039,
      5.193159366386003
    ],
    [
      1.8496338015390985,
      5.005786423092344,
      3.955752914821198,
      2.748546288100098,
      1.5726634272370275,
      1.220561674450799,
      4.710939295589139,
      0.4299784975614557,
      0.4109076401301018,
      5.427080163176411,
      4.74155051258,
      0.7365862575073332,
      1.5701180925158456,
      0.5493093641835296,
      5.193208859609696
    ],
    [
      1.8406397215283044,
      4.997630622053951,
      3.956256797818638,
      2.748568298426745,
      1.5712804704341023,
      1.2206156525884317,
      4.706246899733756,
      0.4299860871300774,
      0.41086044746007233,
      5.427020175230046,
      4.737730504309071,
      0.7365225562481725,
      1.5669096036799361,
      0.5496029411804592,
      5.193350025280673
    ],
    [
      1.8348359975942148,
      4.992103096793025,
      3.9557387997062667,
      2.7486269731717723,
      1.5692737380994144,
      1.2201937190598173,
      4.703772634071199,
      0.4300995236429606,
      0.4110114635932403,
      5.426821384496814,
      4.7332408757257145,
      0.7367772728061309,
      1.5627519106972512,
      0.5494928012192783,
      5.193190270530065
    ],
    [
      1.828706679286467,
      4.986081327640908,
      3.9561173639713956,
      2.7484508185775245,
      1.5734716804891693,
      1.219953042098737,
      4.7000690125004345,
      0.4300300413589952,
      0.41083789916360064,
      5.426796989673958,
      4.732873556040339,
      0.7366264614216266,
      1.5690864082539462,
      0.5500223054146319,
      5.193630067371184
    ],
    [
      1.8233925129624657,
      4.980717105298103,
      3.956377130534435,
      2.7486374013723975,
      1.5748228363938759,
      1.2198846926603057,
      4.706411505844247,
      0.4297655608447603,
      0.4106161111386541,
      5.426914659975377,
      4.723630894470331,
      0.7367913452767101,
      1.5683303714931225,
      0.5495400073002665,
      5.193659746488817
    ]
  ],
  "cost_vals": [],
  "step_size": 0.1,
  "opt_step_times": [
    0.16837763786315918,
    0.1685020923614502,
    0.19307899475097656,
    0.1763899326324463,
    0.17541790008544922,
    0.17694902420043945,
    0.17730307579040527,
    0.17799901962280273,
    0.17642927169799805,
    0.18128371238708496,
    0.18279504776000977,
    0.17648792266845703,
    0.24360013008117676,
    0.19013190269470215,
    0.16957497596740723,
    0.1708230972290039,
    0.17728805541992188,
    0.1775801181793213,
    0.18396806716918945,
    0.17534685134887695
  ],
  "opt_settings": [
    1.8233925129624657,
    4.980717105298103,
    3.956377130534435,
    2.7486374013723975,
    1.5748228363938759,
    1.2198846926603057,
    4.706411505844247,
    0.4297655608447603,
    0.4106161111386541,
    5.426914659975377,
    4.723630894470331,
    0.7367913452767101,
    1.5683303714931225,
    0.5495400073002665,
    5.193659746488817
  ],
  "min_cost": null,
  "datetime": "2023-05-30T16-40-11Z",
  "step_only": true,
  "ibm_device": "default.qubit",
  "shots": 10000,
  "prep_node_name": "5-qubit_zero_state",
  "num_qubits": 5,
  "error": false,
  "cov_mats": [
    [
      [
        0.7485980399999999,
        -0.00723879999999999,
        0.010958400000000007,
        -0.01198619999999992,
        -0.010077639999999999
      ],
      [
        -0.00723879999999999,
        0.933436,
        0.00595199999999993,
        -0.0016860000000000486,
        -0.0025491999999999737
      ],
      [
        0.010958400000000007,
        0.00595199999999993,
        0.934464,
        0.014247999999999983,
        0.004625600000000049
      ],
      [
        -0.01198619999999992,
        -0.0016860000000000486,
        0.014247999999999983,
        0.8653110000000002,
        0.0006242000000000192
      ],
      [
        -0.010077639999999999,
        -0.0025491999999999737,
        0.004625600000000049,
        0.0006242000000000192,
        0.8297612400000001
      ]
    ],
    [
      [
        0.8005484399999999,
        -0.007802279999999995,
        -0.0006042399999999781,
        -0.009922919999999918,
        -0.005665400000000043
      ],
      [
        -0.007802279999999995,
        0.9696543599999998,
        -0.00778312000000006,
        -0.00012195999999997653,
        0.002769799999999996
      ],
      [
        -0.0006042399999999781,
        -0.00778312000000006,
        0.96629104,
        -0.007977680000000029,
        -0.000431600000000025
      ],
      [
        -0.009922919999999918,
        -0.00012195999999997653,
        -0.007977680000000029,
        0.9077055599999999,
        0.0005121999999999488
      ],
      [
        -0.005665400000000043,
        0.002769799999999996,
        -0.000431600000000025,
        0.0005121999999999488,
        0.8982390000000002
      ]
    ],
    [
      [
        0.8491454399999999,
        -0.002942079999999965,
        -0.0003930400000000181,
        0.012657840000000059,
        0.010003679999999945
      ],
      [
        -0.002942079999999965,
        0.98816256,
        -0.0022147199999999756,
        0.004381120000000023,
        0.0011462400000000483
      ],
      [
        -0.0003930400000000181,
        -0.0022147199999999756,
        0.99011964,
        0.014273560000000057,
        0.0055391200000000085
      ],
      [
        0.012657840000000059,
        0.004381120000000023,
        0.014273560000000057,
        0.9504492400000001,
        0.004066480000000032
      ],
      [
        0.010003679999999945,
        0.0011462400000000483,
        0.0055391200000000085,
        0.004066480000000032,
        0.94486896
      ]
    ],
    [
      [
        0.91035964,
        0.010916079999999998,
        -0.00824320000000002,
        0.011767400000000025,
        0.009161879999999942
      ],
      [
        0.010916079999999998,
        0.99464176,
        -0.008870399999999987,
        -0.012777200000000006,
        -0.01457063999999998
      ],
      [
        -0.00824320000000002,
        -0.008870399999999987,
        0.994816,
        0.014287999999999967,
        -0.0019743999999999613
      ],
      [
        0.011767400000000025,
        -0.012777200000000006,
        0.014287999999999967,
        0.951159,
        -0.012474199999999915
      ],
      [
        0.009161879999999942,
        -0.01457063999999998,
        -0.0019743999999999613,
        -0.012474199999999915,
        0.97116796
      ]
    ],
    [
      [
        0.93125116,
        4.780000000001797e-05,
        -0.0007436000000000838,
        0.024182440000000006,
        0.006038559999999971
      ],
      [
        4.780000000001797e-05,
        0.997599,
        -0.006837999999999973,
        -0.003759800000000006,
        -0.003935199999999964
      ],
      [
        -0.0007436000000000838,
        -0.006837999999999973,
        0.996156,
        0.005687599999999977,
        -0.014497600000000017
      ],
      [
        0.024182440000000006,
        -0.003759800000000006,
        0.005687599999999977,
        0.97743996,
        0.0012990400000000343
      ],
      [
        0.006038559999999971,
        -0.003935199999999964,
        -0.014497600000000017,
        0.0012990400000000343,
        0.99093696
      ]
    ],
    [
      [
        0.95522544,
        -0.0014827199999999643,
        0.008496239999999948,
        -0.0017963999999999515,
        0.0033061600000001135
      ],
      [
        -0.0014827199999999643,
        0.99905136,
        -0.008243119999999928,
        0.017273200000000054,
        0.0004919200000000124
      ],
      [
        0.008496239999999948,
        -0.008243119999999928,
        0.9999980399999999,
        -0.002569399999999925,
        0.006122360000000001
      ],
      [
        -0.0017963999999999515,
        0.017273200000000054,
        -0.002569399999999925,
        0.985359,
        -0.012624600000000008
      ],
      [
        0.0033061600000001135,
        0.0004919200000000124,
        0.006122360000000001,
        -0.012624600000000008,
        0.99236124
      ]
    ],
    [
      [
        0.9605580399999999,
        -0.010069119999999994,
        -0.010639200000000026,
        0.00035255999999998094,
        -0.002525799999999981
      ],
      [
        -0.010069119999999994,
        0.99956736,
        -0.017782399999999993,
        0.002312319999999974,
        0.023302399999999994
      ],
      [
        -0.010639200000000026,
        -0.017782399999999993,
        0.999216,
        0.01545119999999999,
        -0.020716000000000057
      ],
      [
        0.00035255999999998094,
        0.002312319999999974,
        0.01545119999999999,
        0.98569584,
        -0.014261199999999991
      ],
      [
        -0.002525799999999981,
        0.023302399999999994,
        -0.020716000000000057,
        -0.014261199999999991,
        0.997191
      ]
    ],
    [
      [
        0.96321276,
        0.009699240000000029,
        -0.009356079999999994,
        -0.007729800000000033,
        0.012108680000000026
      ],
      [
        0.009699240000000029,
        0.99898876,
        -0.013939920000000005,
        0.013969799999999975,
        -0.008892679999999934
      ],
      [
        -0.009356079999999994,
        -0.013939920000000005,
        0.99998064,
        -0.013791599999999965,
        0.004408560000000063
      ],
      [
        -0.007729800000000033,
        0.013969799999999975,
        -0.013791599999999965,
        0.9920789999999999,
        0.004618599999999904
      ],
      [
        0.012108680000000026,
        -0.008892679999999934,
        0.004408560000000063,
        0.004618599999999904,
        0.9977532399999999
      ]
    ],
    [
      [
        0.9760988399999999,
        0.008161679999999977,
        -0.005630919999999963,
        -0.0027924799999999948,
        -0.005159719999999977
      ],
      [
        0.008161679999999977,
        0.99905136,
        0.022606160000000007,
        0.01020703999999994,
        -0.002531440000000047
      ],
      [
        -0.005630919999999963,
        0.022606160000000007,
        0.99999996,
        0.005814240000000026,
        0.008794359999999975
      ],
      [
        -0.0027924799999999948,
        0.01020703999999994,
        0.005814240000000026,
        0.99493056,
        0.007007839999999972
      ],
      [
        -0.005159719999999977,
        -0.002531440000000047,
        0.008794359999999975,
        0.007007839999999972,
        0.9992047599999999
      ]
    ],
    [
      [
        0.981775,
        -0.01654900000000001,
        0.008780999999999999,
        -0.008988000000000006,
        -0.007549000000000054
      ],
      [
        -0.01654900000000001,
        0.9994892400000001,
        -0.022865559999999972,
        -0.0018091199999999744,
        0.011193240000000057
      ],
      [
        0.008780999999999999,
        -0.022865559999999972,
        0.99957564,
        -0.00806671999999999,
        -0.005241559999999941
      ],
      [
        -0.008988000000000006,
        -0.0018091199999999744,
        -0.00806671999999999,
        0.99493056,
        -0.003761120000000011
      ],
      [
        -0.007549000000000054,
        0.011193240000000057,
        -0.005241559999999941,
        -0.003761120000000011,
        0.99969724
      ]
    ],
    [
      [
        0.98709504,
        0.00478143999999996,
        0.013840639999999958,
        0.0032755199999999936,
        0.0008921600000001244
      ],
      [
        0.00478143999999996,
        0.99989184,
        0.000923040000000001,
        -0.015501279999999984,
        -0.0012422399999999928
      ],
      [
        0.013840639999999958,
        0.000923040000000001,
        0.99994524,
        -0.00035667999999994547,
        0.01925455999999999
      ],
      [
        0.0032755199999999936,
        -0.015501279999999984,
        -0.00035667999999994547,
        0.99767676,
        -0.012141919999999985
      ],
      [
        0.0008921600000001244,
        -0.0012422399999999928,
        0.01925455999999999,
        -0.012141919999999985,
        0.9988166399999999
      ]
    ],
    [
      [
        0.98926704,
        -0.009241439999999981,
        0.007685520000000083,
        -0.006641599999999955,
        -0.010886399999999954
      ],
      [
        -0.009241439999999981,
        0.99999984,
        -0.004992720000000005,
        -0.015982400000000042,
        -0.007609600000000022
      ],
      [
        0.007685520000000083,
        -0.004992720000000005,
        0.99966876,
        -0.009000800000000041,
        -0.011363200000000035
      ],
      [
        -0.006641599999999955,
        -0.015982400000000042,
        -0.009000800000000041,
        0.998064,
        0.004256000000000033
      ],
      [
        -0.010886399999999954,
        -0.007609600000000022,
        -0.011363200000000035,
        0.004256000000000033,
        0.999424
      ]
    ],
    [
      [
        0.98859376,
        0.010217520000000011,
        0.004314639999999986,
        -0.00013184000000002888,
        -0.009215519999999937
      ],
      [
        0.010217520000000011,
        0.99987004,
        -0.01782572000000009,
        0.007616319999999954,
        0.0017589600000000232
      ],
      [
        0.004314639999999986,
        -0.01782572000000009,
        0.99960796,
        0.007186239999999953,
        -0.000671280000000046
      ],
      [
        -0.00013184000000002888,
        0.007616319999999954,
        0.007186239999999953,
        0.99737856,
        0.00021567999999992527
      ],
      [
        -0.009215519999999937,
        0.0017589600000000232,
        -0.000671280000000046,
        0.00021567999999992527,
        0.99998704
      ]
    ],
    [
      [
        0.98704956,
        0.019895879999999998,
        -0.0006416000000000486,
        -0.003816479999999981,
        0.0021709600000000173
      ],
      [
        0.019895879999999998,
        0.99999324,
        -0.009716800000000005,
        -0.008227040000000012,
        -0.003371919999999987
      ],
      [
        -0.0006416000000000486,
        -0.009716800000000005,
        0.998976,
        0.014732799999999996,
        0.012454400000000062
      ],
      [
        -0.003816479999999981,
        -0.008227040000000012,
        0.014732799999999996,
        0.99989184,
        -0.002687680000000025
      ],
      [
        0.0021709600000000173,
        -0.003371919999999987,
        0.012454400000000062,
        -0.002687680000000025,
        0.9998833600000002
      ]
    ],
    [
      [
        0.9910508399999999,
        0.0037621600000000022,
        0.022743240000000015,
        0.0021541999999999603,
        0.006789039999999937
      ],
      [
        0.0037621600000000022,
        0.99999984,
        0.0057997599999999715,
        0.013410799999999966,
        0.004388959999999989
      ],
      [
        0.022743240000000015,
        0.0057997599999999715,
        0.99999964,
        -0.0027837999999999973,
        0.0033834400000000145
      ],
      [
        0.0021541999999999603,
        0.013410799999999966,
        -0.0027837999999999973,
        0.999271,
        0.002945199999999953
      ],
      [
        0.006789039999999937,
        0.004388959999999989,
        0.0033834400000000145,
        0.002945199999999953,
        0.9992382399999999
      ]
    ],
    [
      [
        0.995376,
        -0.011948800000000039,
        0.0165392,
        0.0054223999999999896,
        0.004434400000000043
      ],
      [
        -0.011948800000000039,
        0.99966144,
        -0.010512959999999974,
        0.0007068799999999778,
        -0.00593872000000001
      ],
      [
        0.0165392,
        -0.010512959999999974,
        0.99975664,
        0.012418080000000012,
        -0.008021519999999975
      ],
      [
        0.0054223999999999896,
        0.0007068799999999778,
        0.012418080000000012,
        0.99928176,
        0.004180559999999969
      ],
      [
        0.004434400000000043,
        -0.00593872000000001,
        -0.008021519999999975,
        0.004180559999999969,
        0.99979836
      ]
    ],
    [
      [
        0.99464176,
        0.002956079999999952,
        0.004214880000000044,
        0.007405920000000002,
        -0.007131519999999987
      ],
      [
        0.002956079999999952,
        0.99999964,
        0.004605039999999965,
        0.01702135999999993,
        0.009803840000000003
      ],
      [
        0.004214880000000044,
        0.004605039999999965,
        0.99992944,
        0.007700959999999952,
        -0.006453760000000018
      ],
      [
        0.007405920000000002,
        0.01702135999999993,
        0.007700959999999952,
        0.99873264,
        0.003772160000000054
      ],
      [
        -0.007131519999999987,
        0.009803840000000003,
        -0.006453760000000018,
        0.003772160000000054,
        0.99995904
      ]
    ],
    [
      [
        0.99490204,
        -0.015700119999999988,
        -0.009886159999999979,
        0.007542160000000033,
        0.006771039999999971
      ],
      [
        -0.015700119999999988,
        0.99998236,
        0.016534480000000032,
        -0.009902479999999948,
        -0.006657119999999995
      ],
      [
        -0.009886159999999979,
        0.016534480000000032,
        0.99975664,
        -0.007580639999999987,
        -0.01541215999999991
      ],
      [
        0.007542160000000033,
        -0.009902479999999948,
        -0.007580639999999987,
        0.99940464,
        -0.009131840000000004
      ],
      [
        0.006771039999999971,
        -0.006657119999999995,
        -0.01541215999999991,
        -0.009131840000000004,
        0.9998150399999998
      ]
    ],
    [
      [
        0.99484476,
        -0.017956920000000043,
        0.012228720000000052,
        -0.021734240000000054,
        0.02338460000000002
      ],
      [
        -0.017956920000000043,
        0.99999964,
        -0.008200239999999958,
        0.0005860800000000173,
        -0.00199820000000003
      ],
      [
        0.012228720000000052,
        -0.008200239999999958,
        0.99999984,
        -0.00840928000000002,
        -0.011398800000000077
      ],
      [
        -0.021734240000000054,
        0.0005860800000000173,
        -0.00840928000000002,
        0.99946176,
        0.014269599999999988
      ],
      [
        0.02338460000000002,
        -0.00199820000000003,
        -0.011398800000000077,
        0.014269599999999988,
        0.999991
      ]
    ],
    [
      [
        0.99556444,
        -0.007240360000000046,
        -0.011959639999999997,
        -0.008573759999999899,
        -0.0018009999999999721
      ],
      [
        -0.007240360000000046,
        0.99997084,
        -0.01037084000000002,
        0.016165439999999993,
        -0.014081000000000014
      ],
      [
        -0.011959639999999997,
        -0.01037084000000002,
        0.9999708399999999,
        -0.001765439999999941,
        -0.004318999999999932
      ],
      [
        -0.008573759999999899,
        0.016165439999999993,
        -0.001765439999999941,
        0.99995904,
        0.005303999999999989
      ],
      [
        -0.0018009999999999721,
        -0.014081000000000014,
        -0.004318999999999932,
        0.005303999999999989,
        0.999775
      ]
    ],
    [
      [
        0.997399,
        0.01350200000000007,
        -0.005069199999999936,
        0.00663900000000007,
        -0.006498000000000017
      ],
      [
        0.01350200000000007,
        0.999996,
        -0.013181599999999991,
        0.0010220000000000545,
        -0.0004039999999999836
      ],
      [
        -0.005069199999999936,
        -0.013181599999999991,
        0.9999153599999999,
        -0.004301200000000036,
        -0.00238160000000004
      ],
      [
        0.00663900000000007,
        0.0010220000000000545,
        -0.004301200000000036,
        0.999879,
        0.0002220000000000624
      ],
      [
        -0.006498000000000017,
        -0.0004039999999999836,
        -0.00238160000000004,
        0.0002220000000000624,
        0.999996
      ]
    ]
  ]
}