{
  "settings_list": [
    [
      4.277933181809698,
      5.058510602679358,
      5.441079409017455,
      2.9563136424633822,
      0.09486192075993527,
      4.457017669336353,
      5.073283537278524,
      0.04420310560468639,
      3.1703395449795075,
      3.1335853907733204,
      1.7812148507941268,
      1.8068450734973212,
      3.1898898788072247,
      5.9604221826209445,
      6.115112236065403
    ],
    [
      4.293744938560218,
      5.036467376684758,
      5.441981635066607,
      2.95198628719503,
      0.09536431669110326,
      4.456564026381065,
      4.959130035832604,
      0.04559008005743038,
      3.1695388694279716,
      3.133370457498456,
      1.7004814689892547,
      1.8074286650574332,
      3.1933688549148966,
      5.946830519789304,
      6.113895582603266
    ],
    [
      4.308390250699477,
      5.0177263709514,
      5.442271300741046,
      2.948550264696921,
      0.0972787448819231,
      4.456065224838775,
      4.869634138358592,
      0.04556191385997246,
      3.16905673370737,
      3.1340814071892695,
      1.646343440980927,
      1.8072062105629385,
      3.195169763006949,
      5.93125450504948,
      6.114114412674608
    ],
    [
      4.320698858082239,
      5.000227758241657,
      5.442125612721194,
      2.9448195131625936,
      0.0992024295768303,
      4.456158890464957,
      4.807867261954209,
      0.046205753205966066,
      3.1698073982459882,
      3.1337047454922202,
      1.613668479417022,
      1.807474334548584,
      3.1980795998763507,
      5.915556679693658,
      6.114515221508046
    ],
    [
      4.331249639272692,
      4.984274105558995,
      5.441888104245708,
      2.9404678102045625,
      0.10113106153341878,
      4.455645407052178,
      4.767347333079867,
      0.046661525762327016,
      3.1699041143193796,
      3.133351900822046,
      1.5984766701759268,
      1.8077278318392742,
      3.2004032331338816,
      5.899280114258318,
      6.113979847025106
    ],
    [
      4.340884230835526,
      4.970270893022007,
      5.441399286722304,
      2.937393364635599,
      0.1030116598258034,
      4.456037581247593,
      4.741623133484824,
      0.046208539625655964,
      3.1702567017903784,
      3.1339904465480823,
      1.5830639570955034,
      1.8083114436295518,
      3.2045805530605365,
      5.879520926798203,
      6.114643092589136
    ],
    [
      4.34987722251033,
      4.956556843008726,
      5.440973473683672,
      2.93298928770265,
      0.10561953565574837,
      4.455563812750067,
      4.729975363446369,
      0.04621377798929053,
      3.170168723441085,
      3.134007452637023,
      1.5738656445288968,
      1.808379150235903,
      3.207382371684941,
      5.8580976165463285,
      6.114361438789074
    ],
    [
      4.35708303849229,
      4.945510241072731,
      5.44089158394267,
      2.927678094383586,
      0.10863037749954133,
      4.45529953442693,
      4.727125592716323,
      0.04612818854626717,
      3.170104598254799,
      3.1339420063434433,
      1.578656088424739,
      1.808820682712858,
      3.2119665059211444,
      5.8324833416875865,
      6.114202215483696
    ],
    [
      4.363946845519852,
      4.934489260855052,
      5.441018212292113,
      2.9231765007183284,
      0.11104452551535796,
      4.454735626612887,
      4.720219603071011,
      0.0463192124711683,
      3.1703370775185724,
      3.1341860692189196,
      1.5740883758206539,
      1.8088150402219325,
      3.2165761775674095,
      5.802205733031647,
      6.114085754236711
    ],
    [
      4.369983247571806,
      4.924697531307022,
      5.441225193578946,
      2.9173130796486855,
      0.11340316349528436,
      4.454519455727219,
      4.715101204763386,
      0.04674901744801949,
      3.1700411698524653,
      3.1341639223939537,
      1.575126492122293,
      1.808795215175753,
      3.222142842520374,
      5.764876536674368,
      6.11349376459267
    ],
    [
      4.3751784954787265,
      4.915353524934799,
      5.441661645456753,
      2.911789809139084,
      0.11490880825617555,
      4.454544648584643,
      4.716446267538917,
      0.046312476119577894,
      3.1702429263684557,
      3.1337546027003826,
      1.578095500918082,
      1.8088820986159002,
      3.2280717081925916,
      5.7202736608485205,
      6.1127707903714255
    ],
    [
      4.3804248784257105,
      4.90608132656165,
      5.441802127012455,
      2.906117719507021,
      0.11693828500342547,
      4.4545475752502535,
      4.7077155920527085,
      0.04606756076037854,
      3.170516781825854,
      3.1341432958636006,
      1.575274934805922,
      1.8089272718966989,
      3.2353207420231307,
      5.667731740529377,
      6.112253820340102
    ],
    [
      4.384950313950667,
      4.898254308199833,
      5.441357073532459,
      2.8991449877131137,
      0.1208855067534325,
      4.454120115473605,
      4.704235959936948,
      0.045779488492103025,
      3.1699053861840762,
      3.1337280221501618,
      1.5711581049401468,
      1.808305610962866,
      3.2433897132344742,
      5.601722098008461,
      6.111603734901274
    ],
    [
      4.3895768552878955,
      4.88963021210722,
      5.4402795035887825,
      2.890738267961992,
      0.12464352345800658,
      4.455113596371485,
      4.713530759195316,
      0.04533378768980992,
      3.1701329599076096,
      3.133957938689717,
      1.571270253014081,
      1.8081301175407098,
      3.2542933898133333,
      5.526046940452549,
      6.110587014215544
    ],
    [
      4.393597617714847,
      4.8834511732434915,
      5.44028047659147,
      2.8837505027169072,
      0.12679809011229362,
      4.4549522030913575,
      4.713798789451589,
      0.04575294408499744,
      3.1691602352602235,
      3.1339545960369266,
      1.570623859086019,
      1.8083571075625466,
      3.264400466676492,
      5.429442702139314,
      6.11046210740129
    ],
    [
      4.397982225851276,
      4.876717944924847,
      5.440407939609556,
      2.876100818187837,
      0.13001640220486002,
      4.454601913326335,
      4.71177050947589,
      0.04614649518193569,
      3.1686695437251706,
      3.134497905546755,
      1.569727274790981,
      1.8075541271117728,
      3.276737836733798,
      5.316136199096257,
      6.110442246517621
    ],
    [
      4.400743697377443,
      4.8722776648150985,
      5.440361275184026,
      2.8678745604333096,
      0.1327426385500088,
      4.453478750237326,
      4.711873723969812,
      0.04579429919836449,
      3.1669134556212515,
      3.1340569039792427,
      1.5742779189412195,
      1.8057485335297812,
      3.2885311362009766,
      5.190751788240908,
      6.109478817642338
    ],
    [
      4.405336979138152,
      4.866871550219224,
      5.4404167067401525,
      2.857323394222455,
      0.13749311672057873,
      4.4523739519198715,
      4.708005639130357,
      0.0458897034250432,
      3.164933646100085,
      3.134814152326311,
      1.5766986695654974,
      1.806535702059167,
      3.297708104341074,
      5.064174461173404,
      6.10991186512937
    ],
    [
      4.407896599076182,
      4.861893455919024,
      5.440478082848167,
      2.849367372713588,
      0.14132515963592338,
      4.451869362816324,
      4.703299679988476,
      0.04469124331662333,
      3.164207537834445,
      3.1358221994768143,
      1.572091137933768,
      1.807515185390445,
      3.303631842922108,
      4.949936155718261,
      6.109080178128288
    ],
    [
      4.409015989592351,
      4.857396609965196,
      5.440671653222734,
      2.8394370473755846,
      0.14606135945683538,
      4.452274059984817,
      4.711485591894345,
      0.04376425643397372,
      3.163740241004573,
      3.135688823020299,
      1.5693384165741264,
      1.807683689238445,
      3.3073590754918905,
      4.866879082056331,
      6.1097934251552575
    ],
    [
      4.411240816359401,
      4.851973232635402,
      5.440423825432453,
      2.826816433204925,
      0.1522432450110056,
      4.451973206219629,
      4.709831819897845,
      0.044147595527088926,
      3.1634788061095054,
      3.135766512889328,
      1.5668608369330346,
      1.8080791402433056,
      3.307991225666478,
      4.816151110801699,
      6.109521551227679
    ]
  ],
  "cost_vals": [],
  "step_size": 0.1,
  "opt_step_times": [
    0.16884994506835938,
    0.1633608341217041,
    0.16430020332336426,
    0.1637709140777588,
    0.15953302383422852,
    0.17122364044189453,
    0.1591169834136963,
    0.15515398979187012,
    0.1574850082397461,
    0.1574108600616455,
    0.1574549674987793,
    0.1677839756011963,
    0.22568798065185547,
    0.15629005432128906,
    0.15665102005004883,
    0.15937185287475586,
    0.15585923194885254,
    0.15850305557250977,
    0.1709601879119873,
    0.16035199165344238
  ],
  "opt_settings": [
    4.411240816359401,
    4.851973232635402,
    5.440423825432453,
    2.826816433204925,
    0.1522432450110056,
    4.451973206219629,
    4.709831819897845,
    0.044147595527088926,
    3.1634788061095054,
    3.135766512889328,
    1.5668608369330346,
    1.8080791402433056,
    3.307991225666478,
    4.816151110801699,
    6.109521551227679
  ],
  "min_cost": null,
  "datetime": "2023-05-30T16-37-14Z",
  "step_only": true,
  "ibm_device": "default.qubit",
  "shots": 10000,
  "prep_node_name": "5-qubit_zero_state",
  "num_qubits": 5,
  "error": false,
  "cov_mats": [
    [
      [
        0.97833216,
        0.0001561600000001273,
        -0.01448,
        0.018455039999999957,
        -0.004863360000000094
      ],
      [
        0.0001561600000001273,
        0.045080159999999814,
        0.0024199999999999777,
        0.002911039999999976,
        3.263999999980616e-05
      ],
      [
        -0.01448,
        0.0024199999999999777,
        0.8775,
        0.009880000000000083,
        0.003679999999999961
      ],
      [
        0.018455039999999957,
        0.002911039999999976,
        0.009880000000000083,
        0.95018176,
        0.002172160000000034
      ],
      [
        -0.004863360000000094,
        3.263999999980616e-05,
        0.003679999999999961,
        0.002172160000000034,
        0.09977855999999985
      ]
    ],
    [
      [
        0.98315196,
        -0.0002588400000000102,
        0.005511440000000013,
        -0.012012640000000022,
        0.0012900000000000411
      ],
      [
        -0.0002588400000000102,
        0.047814360000000056,
        -0.0013597599999999321,
        0.0027345599999999692,
        0.0003900000000003345
      ],
      [
        0.005511440000000013,
        -0.0013597599999999321,
        0.9309361599999999,
        0.007567040000000018,
        0.0008600000000000829
      ],
      [
        -0.012012640000000022,
        0.0027345599999999692,
        0.007567040000000018,
        0.97949376,
        0.0024400000000000255
      ],
      [
        0.0012900000000000411,
        0.0003900000000003345,
        0.0008600000000000829,
        0.0024400000000000255,
        0.09750000000000014
      ]
    ],
    [
      [
        0.98763456,
        -0.0031980800000000476,
        0.005169599999999913,
        0.01485055999999995,
        -0.000749760000000016
      ],
      [
        -0.0031980800000000476,
        0.04273344000000012,
        0.0017871999999999055,
        0.0021139199999999636,
        0.0005916799999999833
      ],
      [
        0.005169599999999913,
        0.0017871999999999055,
        0.975036,
        0.017129599999999946,
        -0.0003015999999999852
      ],
      [
        0.01485055999999995,
        0.0021139199999999636,
        0.017129599999999946,
        0.99526656,
        0.002314240000000037
      ],
      [
        -0.000749760000000016,
        0.0005916799999999833,
        -0.0003015999999999852,
        0.002314240000000037,
        0.12614895999999987
      ]
    ],
    [
      [
        0.99062976,
        -0.0041283200000000325,
        -0.011158400000000044,
        -0.0062183999999999556,
        0.005330880000000052
      ],
      [
        -0.0041283200000000325,
        0.05443823999999997,
        -0.0006911999999999613,
        -0.006221200000000038,
        2.3839999999886174e-05
      ],
      [
        -0.011158400000000044,
        -0.0006911999999999613,
        0.987456,
        0.014455999999999957,
        0.004780800000000043
      ],
      [
        -0.0062183999999999556,
        -0.006221200000000038,
        0.014455999999999957,
        0.998631,
        -0.003049200000000113
      ],
      [
        0.005330880000000052,
        2.3839999999886174e-05,
        0.004780800000000043,
        -0.003049200000000113,
        0.13807343999999977
      ]
    ],
    [
      [
        0.992256,
        0.0021535999999999916,
        -0.009952000000000056,
        0.003971200000000001,
        0.003964800000000004
      ],
      [
        0.0021535999999999916,
        0.043907160000000056,
        0.0023788000000000836,
        0.00010271999999991038,
        0.0003438799999999631
      ],
      [
        -0.009952000000000056,
        0.0023788000000000836,
        0.997884,
        -0.007830400000000112,
        -0.00043159999999994175
      ],
      [
        0.003971200000000001,
        0.00010271999999991038,
        -0.007830400000000112,
        0.99949824,
        -0.0014710400000000727
      ],
      [
        0.003964800000000004,
        0.0003438799999999631,
        -0.00043159999999994175,
        -0.0014710400000000727,
        0.14363483999999982
      ]
    ],
    [
      [
        0.9903567600000001,
        -0.0017057199999998829,
        -0.014361040000000002,
        0.014858919999999973,
        0.0012131200000001091
      ],
      [
        -0.0017057199999998829,
        0.05015483999999992,
        0.0016208800000001022,
        -0.0006152400000000215,
        0.00032735999999999876
      ],
      [
        -0.014361040000000002,
        0.0016208800000001022,
        0.99948016,
        -0.005813680000000026,
        -0.0006604800000000223
      ],
      [
        0.014858919999999973,
        -0.0006152400000000215,
        -0.005813680000000026,
        0.99999964,
        0.0027510399999999746
      ],
      [
        0.0012131200000001091,
        0.00032735999999999876,
        -0.0006604800000000223,
        0.0027510399999999746,
        0.1565414399999998
      ]
    ],
    [
      [
        0.9914991599999999,
        -0.0013815200000001082,
        -0.0012637999999999777,
        -0.012148960000000021,
        -0.006391360000000082
      ],
      [
        -0.0013815200000001082,
        0.05599344000000006,
        -0.0005964000000000039,
        -0.0019228799999999775,
        0.0010099200000001085
      ],
      [
        -0.0012637999999999777,
        -0.0005964000000000039,
        0.9995589999999999,
        0.0005527999999999768,
        -0.003115199999999981
      ],
      [
        -0.012148960000000021,
        -0.0019228799999999775,
        0.0005527999999999768,
        0.99971776,
        0.0003321600000001264
      ],
      [
        -0.006391360000000082,
        0.0010099200000001085,
        -0.003115199999999981,
        0.0003321600000001264,
        0.17408256
      ]
    ],
    [
      [
        0.9942846399999999,
        0.0005167999999999007,
        -0.005193839999999992,
        -0.01362064000000003,
        0.005993679999999946
      ],
      [
        0.0005167999999999007,
        0.05521600000000004,
        -0.002920799999999925,
        -0.0016367999999999366,
        -0.0007383999999999169
      ],
      [
        -0.005193839999999992,
        -0.002920799999999925,
        0.99965404,
        0.023909839999999998,
        -0.006019080000000152
      ],
      [
        -0.01362064000000003,
        -0.0016367999999999366,
        0.023909839999999998,
        0.99975664,
        -0.005725680000000044
      ],
      [
        0.005993679999999946,
        -0.0007383999999999169,
        -0.006019080000000152,
        -0.005725680000000044,
        0.1860351600000002
      ]
    ],
    [
      [
        0.99472924,
        -0.00254612000000011,
        0.00014848000000001988,
        -0.0001934400000001645,
        0.003085759999999993
      ],
      [
        -0.00254612000000011,
        0.06645756000000014,
        -0.0035622400000000325,
        -0.001989280000000119,
        0.00030111999999993255
      ],
      [
        0.00014848000000001988,
        -0.0035622400000000325,
        0.99997696,
        -0.012026879999999983,
        -0.004868480000000012
      ],
      [
        -0.0001934400000001645,
        -0.001989280000000119,
        -0.012026879999999983,
        0.99996864,
        0.004653439999999938
      ],
      [
        0.003085759999999993,
        0.00030111999999993255,
        -0.004868480000000012,
        0.004653439999999938,
        0.18567423999999988
      ]
    ],
    [
      [
        0.99572284,
        -0.00065108000000004,
        -0.011385239999999986,
        -0.0006261599999999865,
        -0.0024887199999999443
      ],
      [
        -0.00065108000000004,
        0.05871196000000012,
        -0.0004801199999999884,
        -0.0009880800000000014,
        -0.0011693600000000082
      ],
      [
        -0.011385239999999986,
        -0.0004801199999999884,
        0.9999116399999999,
        0.011403759999999994,
        -0.004052079999999963
      ],
      [
        -0.0006261599999999865,
        -0.0009880800000000014,
        0.011403759999999994,
        0.99999984,
        0.005253280000000143
      ],
      [
        -0.0024887199999999443,
        -0.0011693600000000082,
        -0.004052079999999963,
        0.005253280000000143,
        0.24865775999999973
      ]
    ],
    [
      [
        0.99515584,
        0.0019766400000000017,
        0.01260367999999999,
        -0.0006051200000000011,
        -0.0018310400000000199
      ],
      [
        0.0019766400000000017,
        0.05599343999999995,
        0.0022352799999999775,
        -0.0024795200000000323,
        0.00032415999999990674
      ],
      [
        0.01260367999999999,
        0.0022352799999999775,
        0.99996636,
        -0.01021623999999993,
        0.0066859200000000465
      ],
      [
        -0.0006051200000000011,
        -0.0024795200000000323,
        -0.01021623999999993,
        0.99999216,
        0.0011587199999999482
      ],
      [
        -0.0018310400000000199,
        0.00032415999999990674,
        0.0066859200000000465,
        0.0011587199999999482,
        0.29036224
      ]
    ],
    [
      [
        0.99658944,
        -0.0025311999999999557,
        0.00860591999999992,
        -0.00720432000000003,
        -0.007115680000000041
      ],
      [
        -0.0025311999999999557,
        0.06297600000000003,
        0.00035840000000001045,
        7.35999999999775e-05,
        -0.0016735999999999418
      ],
      [
        0.00860591999999992,
        0.00035840000000001045,
        0.99980956,
        -0.027340760000000002,
        0.005180760000000022
      ],
      [
        -0.00720432000000003,
        7.35999999999775e-05,
        -0.027340760000000002,
        0.99989596,
        0.00586404000000003
      ],
      [
        -0.007115680000000041,
        -0.0016735999999999418,
        0.005180760000000022,
        0.00586404000000003,
        0.34357596
      ]
    ],
    [
      [
        0.99620544,
        -0.0021236799999998293,
        0.0015564799999999998,
        0.0007942400000000155,
        -0.003792159999999989
      ],
      [
        -0.0021236799999998293,
        0.07878395999999999,
        -0.00351056000000001,
        -0.0020572799999999053,
        0.0016585199999999967
      ],
      [
        0.0015564799999999998,
        -0.00351056000000001,
        0.99994816,
        0.002046079999999947,
        0.007437279999999982
      ],
      [
        0.0007942400000000155,
        -0.0020572799999999053,
        0.002046079999999947,
        0.99995904,
        -0.0004553599999998501
      ],
      [
        -0.003792159999999989,
        0.0016585199999999967,
        0.007437279999999982,
        -0.0004553599999998501,
        0.4030892400000001
      ]
    ],
    [
      [
        0.99672816,
        0.0025507200000000688,
        0.020508879999999938,
        0.005330959999999973,
        -0.00988696
      ],
      [
        0.0025507200000000688,
        0.07378624000000011,
        0.0029969599999999904,
        0.0007083199999999221,
        -0.0024603199999998493
      ],
      [
        0.020508879999999938,
        0.0029969599999999904,
        0.9999708399999999,
        0.002444280000000068,
        0.008697719999999997
      ],
      [
        0.005330959999999973,
        0.0007083199999999221,
        0.002444280000000068,
        0.99993276,
        -0.006718760000000123
      ],
      [
        -0.00988696,
        -0.0024603199999998493,
        0.008697719999999997,
        -0.006718760000000123,
        0.47900476000000003
      ]
    ],
    [
      [
        0.99725424,
        0.0008959999999999732,
        0.007557200000000017,
        0.004985119999999947,
        0.009180160000000055
      ],
      [
        0.0008959999999999732,
        0.07840000000000014,
        0.0002800000000000315,
        0.0024479999999999884,
        6.4000000000064e-05
      ],
      [
        0.007557200000000017,
        0.0002800000000000315,
        0.999991,
        -0.0030564000000000303,
        0.015324800000000026
      ],
      [
        0.004985119999999947,
        0.0024479999999999884,
        -0.0030564000000000303,
        0.99964656,
        0.004862079999999951
      ],
      [
        0.009180160000000055,
        6.4000000000064e-05,
        0.015324800000000026,
        0.004862079999999951,
        0.58834944
      ]
    ],
    [
      [
        0.99828604,
        0.00635664000000008,
        0.007319760000000001,
        -0.00540700000000001,
        0.0011083599999999888
      ],
      [
        0.00635664000000008,
        0.07378624000000011,
        -0.003963839999999977,
        0.0049880000000000705,
        -0.00044623999999993114
      ],
      [
        0.007319760000000001,
        -0.003963839999999977,
        0.99986544,
        -0.01105800000000001,
        0.007273840000000004
      ],
      [
        -0.00540700000000001,
        0.0049880000000000705,
        -0.01105800000000001,
        0.999975,
        0.003187000000000114
      ],
      [
        0.0011083599999999888,
        -0.00044623999999993114,
        0.007273840000000004,
        0.003187000000000114,
        0.68348124
      ]
    ],
    [
      [
        0.99727516,
        0.0006116399999999758,
        -0.0170094,
        -0.009358239999999907,
        -0.006930120000000033
      ],
      [
        0.0006116399999999758,
        0.09026556000000008,
        0.005047399999999955,
        -0.0010369599999999464,
        -0.0007974800000001281
      ],
      [
        -0.0170094,
        0.005047399999999955,
        0.999271,
        -0.0009784000000000559,
        -0.020274199999999992
      ],
      [
        -0.009358239999999907,
        -0.0010369599999999464,
        -0.0009784000000000559,
        0.9999993599999999,
        0.004163680000000036
      ],
      [
        -0.006930120000000033,
        -0.0007974800000001281,
        -0.020274199999999992,
        0.004163680000000036,
        0.7933388399999999
      ]
    ],
    [
      [
        0.99828604,
        -0.00012872000000010986,
        -0.00407451999999995,
        0.011014000000000112,
        -0.0028912800000000394
      ],
      [
        -0.00012872000000010986,
        0.08835695999999982,
        0.003681360000000024,
        -0.0020519999999999688,
        0.0016030400000000555
      ],
      [
        -0.00407451999999995,
        0.003681360000000024,
        0.99999676,
        -0.006182000000000038,
        0.006778639999999982
      ],
      [
        0.011014000000000112,
        -0.0020519999999999688,
        -0.006182000000000038,
        0.9999000000000002,
        -0.010147999999999952
      ],
      [
        -0.0028912800000000394,
        0.0016030400000000555,
        0.006778639999999982,
        -0.010147999999999952,
        0.88083696
      ]
    ],
    [
      [
        0.99727516,
        -0.0012872400000000783,
        -0.011210440000000047,
        0.002749440000000032,
        -0.00043239999999998904
      ],
      [
        -0.0012872400000000783,
        0.10848636000000023,
        0.00021115999999993961,
        -0.003932160000000048,
        0.00010359999999998148
      ],
      [
        -0.011210440000000047,
        0.00021115999999993961,
        0.9999999599999999,
        0.006199040000000011,
        0.0037516000000000042
      ],
      [
        0.002749440000000032,
        -0.003932160000000048,
        0.006199040000000011,
        0.99997696,
        0.030038400000000014
      ],
      [
        -0.00043239999999998904,
        0.00010359999999998148,
        0.0037516000000000042,
        0.030038400000000014,
        0.941436
      ]
    ],
    [
      [
        0.99712704,
        -0.0023662400000001235,
        -0.012550080000000054,
        -0.012196640000000031,
        0.004506399999999994
      ],
      [
        -0.0023662400000001235,
        0.10999643999999997,
        -0.0020415200000000393,
        0.0026188399999999843,
        0.003946599999999911
      ],
      [
        -0.012550080000000054,
        -0.0020415200000000393,
        0.99999216,
        -0.008620719999999997,
        0.006577200000000022
      ],
      [
        -0.012196640000000031,
        0.0026188399999999843,
        -0.008620719999999997,
        0.99994524,
        0.0028825999999999258
      ],
      [
        0.004506399999999994,
        0.003946599999999911,
        0.006577200000000022,
        0.0028825999999999258,
        0.977199
      ]
    ],
    [
      [
        0.99799296,
        0.0059417599999999765,
        -0.013737599999999963,
        -0.012161280000000038,
        0.006033599999999958
      ],
      [
        0.0059417599999999765,
        0.11865455999999985,
        0.003934399999999991,
        -0.008179680000000036,
        0.0020915999999999713
      ],
      [
        -0.013737599999999963,
        0.003934399999999991,
        0.999856,
        0.00355680000000002,
        -0.011316000000000043
      ],
      [
        -0.012161280000000038,
        -0.008179680000000036,
        0.00355680000000002,
        0.99998704,
        -0.0013347999999999724
      ],
      [
        0.006033599999999958,
        0.0020915999999999713,
        -0.011316000000000043,
        -0.0013347999999999724,
        0.991351
      ]
    ]
  ]
}