{
  "settings_list": [
    [
      0.13709557633192115,
      3.0250215741332154,
      5.2979748086156295,
      4.796859048901109,
      0.7904800494759044,
      5.4661501579501355,
      1.1538879504434911,
      3.806053582611699,
      4.045389878108113,
      1.468510582778699,
      3.9192567185303653,
      4.486998531097418,
      2.1924346246696635,
      3.8915254403901782,
      5.152560646335501
    ],
    [
      0.13944088969592755,
      3.0234888382984635,
      5.301194583508327,
      4.779505071463362,
      0.7914156474815108,
      5.4664245967831855,
      1.2361590983783264,
      3.834772548590515,
      4.043602319176964,
      1.4922790387150575,
      3.9202583271050084,
      4.487265593512151,
      2.1100408180288186,
      3.946075593605538,
      5.152922039272295
    ],
    [
      0.14136345132520756,
      3.0210610129168236,
      5.303890582549687,
      4.762753459941682,
      0.7920240199293909,
      5.466591943856305,
      1.2979253434621663,
      3.853460226980115,
      4.045332341225404,
      1.5069809747859375,
      3.9226894686416482,
      4.487282260744431,
      2.0338972316776185,
      3.991739765357018,
      5.154412217479295
    ],
    [
      0.14320829412238706,
      3.019514704304994,
      5.302571775800646,
      4.752404240731104,
      0.7929238705347829,
      5.46558824832341,
      1.3539201499970974,
      3.8664042037168436,
      4.046189353663133,
      1.520011656899231,
      3.9237646536284823,
      4.486525796292551,
      1.9673763589556057,
      4.029841437184453,
      5.155119220937932
    ],
    [
      0.14571584888809458,
      3.0169914330477328,
      5.301638844885213,
      4.745179225655138,
      0.7929904038800817,
      5.466783742785918,
      1.4028405819854015,
      3.8753938746926346,
      4.045368702440799,
      1.5332578513694026,
      3.9243782232023756,
      4.48607630309671,
      1.9126377508481638,
      4.057458806347468,
      5.155452850483926
    ],
    [
      0.14861678306514803,
      3.015664935202436,
      5.3016939788316035,
      4.736281795756636,
      0.7922119491144602,
      5.467929859882629,
      1.4364495060410334,
      3.8818418178140606,
      4.044917408411928,
      1.5439288757749476,
      3.924203712192926,
      4.486162696620368,
      1.8673138680806078,
      4.079127225872253,
      5.156196833413896
    ],
    [
      0.14944274275555539,
      3.0133913539410475,
      5.301541513720833,
      4.729897336092013,
      0.7923812388709703,
      5.467357284854809,
      1.4701891647049485,
      3.8861450073186847,
      4.0448932668792255,
      1.5474027991883934,
      3.924791046597533,
      4.486241943962013,
      1.8294073661034946,
      4.093802416071363,
      5.156413383035446
    ],
    [
      0.15076023089117266,
      3.0123730142604535,
      5.301695741784294,
      4.727293348212215,
      0.7925718997675988,
      5.467512681471213,
      1.4885661455695265,
      3.887749295948494,
      4.04545989571368,
      1.5529193245996409,
      3.92548517726557,
      4.486899610711907,
      1.7958399852672169,
      4.10725692449635,
      5.156895288627608
    ],
    [
      0.15293208527537266,
      3.0110643263760326,
      5.301350917316412,
      4.719038413273612,
      0.7930248523654307,
      5.466956673819602,
      1.5061587753036545,
      3.889522936052593,
      4.045130369222539,
      1.5572999513900585,
      3.924960395431421,
      4.486980715094172,
      1.7669804848725577,
      4.1161716942859385,
      5.156986552925571
    ],
    [
      0.15529217738625714,
      3.0097506118836876,
      5.301205419315122,
      4.720212784242865,
      0.7937659898952157,
      5.46708900349022,
      1.521334494247659,
      3.8901625185068873,
      4.045762706841316,
      1.5617717425830704,
      3.925674557386874,
      4.487045799629993,
      1.7387306715460744,
      4.123884862053681,
      5.156452327432027
    ],
    [
      0.15789505456818256,
      3.007702985499828,
      5.301355164689307,
      4.714164397387554,
      0.7935103779186116,
      5.467329416689765,
      1.534650962125588,
      3.890417442740116,
      4.045907234345625,
      1.564303721745903,
      3.925722176624975,
      4.487441739631822,
      1.716095492216204,
      4.1296805557581076,
      5.156054460900598
    ],
    [
      0.1605432286112866,
      3.0058740006025393,
      5.30130651221637,
      4.71634796070933,
      0.7933947664340574,
      5.467078569012306,
      1.5400098953716437,
      3.8904185707955397,
      4.045779870407932,
      1.5683441371501503,
      3.9256295704936908,
      4.4875446351901624,
      1.70020292738747,
      4.133314979138219,
      5.1557241609088225
    ],
    [
      0.16367287647861586,
      3.003178983943183,
      5.3012153766897425,
      4.714229117704529,
      0.7932067257255048,
      5.467150244711646,
      1.547010268823686,
      3.8903727194019964,
      4.045564688538609,
      1.5637141297749353,
      3.925894129235741,
      4.487746862998359,
      1.6830834098111989,
      4.136997400724664,
      5.1555681343091955
    ],
    [
      0.16641758449727986,
      3.0007998234742153,
      5.301224773114063,
      4.710582660525866,
      0.7931891062732328,
      5.46721780834199,
      1.548517984315982,
      3.8905198678307964,
      4.045651921578281,
      1.5625224855260953,
      3.9258530429796292,
      4.487736232563487,
      1.670217571016031,
      4.139257735667264,
      5.1554399559049155
    ],
    [
      0.1694689603058149,
      2.9980910608879574,
      5.30105798142245,
      4.714162176257629,
      0.7930963914632927,
      5.466929673325892,
      1.5517204938465357,
      3.8906488998208992,
      4.045559976004181,
      1.5657554241611513,
      3.9258722186225103,
      4.48776497845325,
      1.6602636598097196,
      4.14095189735606,
      5.155506301931674
    ],
    [
      0.1733374261010149,
      2.9948440544611574,
      5.30089735933285,
      4.715066372841229,
      0.7929294055536927,
      5.466988496780292,
      1.5556992731309356,
      3.8908371891552993,
      4.045589507731381,
      1.5704827409979514,
      3.9257883423129103,
      4.48743461401805,
      1.6520520489313195,
      4.14214119577686,
      5.155508649935674
    ],
    [
      0.17639530319060404,
      2.9925927109484074,
      5.30091236537553,
      4.713190283745562,
      0.792851959399407,
      5.466922696565043,
      1.5635799708071778,
      3.8907959947732946,
      4.045481915115643,
      1.5714388020681722,
      3.9255733110808015,
      4.487292443122534,
      1.6449391911799185,
      4.143149471765625,
      5.1552861741231295
    ],
    [
      0.17967811270828468,
      2.989735921257837,
      5.301175865815789,
      4.716628849675452,
      0.7927364642429654,
      5.466899903849751,
      1.5662430600936008,
      3.8908399350834513,
      4.045586077572987,
      1.5690553634976787,
      3.9256487848064516,
      4.487247209074964,
      1.6380810283735954,
      4.14398709461746,
      5.155028504538374
    ],
    [
      0.18358130662875222,
      2.9865335204808225,
      5.301169872077067,
      4.714686637485003,
      0.792965313683031,
      5.466850416061813,
      1.5646411646827487,
      3.8907942822294506,
      4.045551442650085,
      1.5660120806755575,
      3.9255983577148,
      4.487263055593881,
      1.6341467354701318,
      4.144316075369942,
      5.155125944171257
    ],
    [
      0.18685343263715415,
      2.983485218319269,
      5.301134628389663,
      4.71555423029097,
      0.7931139970433382,
      5.466741066053866,
      1.5681086045591666,
      3.8908567220026185,
      4.045406949642226,
      1.56514441362641,
      3.9256212714952903,
      4.487252201222083,
      1.6285078018326784,
      4.1449633764236635,
      5.155221918618345
    ],
    [
      0.19100529842236502,
      2.9799963224445065,
      5.301251781911325,
      4.711042238700255,
      0.7933769114103014,
      5.46672753063258,
      1.5697006754354468,
      3.890813596393477,
      4.045482025052615,
      1.5643566863991896,
      3.925595388182443,
      4.487224179034581,
      1.6202817799166285,
      4.145595909563496,
      5.155433973208586
    ]
  ],
  "cost_vals": [],
  "step_size": 0.1,
  "opt_step_times": [
    0.17557406425476074,
    0.17497920989990234,
    0.17432212829589844,
    0.1790771484375,
    0.1742401123046875,
    0.17336297035217285,
    0.17644715309143066,
    0.17647314071655273,
    0.17711687088012695,
    0.170576810836792,
    0.17785382270812988,
    0.19746899604797363,
    0.2770698070526123,
    0.1712968349456787,
    0.1720740795135498,
    0.18126893043518066,
    0.17266488075256348,
    0.1767728328704834,
    0.17462682723999023,
    0.17476487159729004
  ],
  "opt_settings": [
    0.19100529842236502,
    2.9799963224445065,
    5.301251781911325,
    4.711042238700255,
    0.7933769114103014,
    5.46672753063258,
    1.5697006754354468,
    3.890813596393477,
    4.045482025052615,
    1.5643566863991896,
    3.925595388182443,
    4.487224179034581,
    1.6202817799166285,
    4.145595909563496,
    5.155433973208586
  ],
  "min_cost": null,
  "datetime": "2023-05-30T16-39-10Z",
  "step_only": true,
  "ibm_device": "default.qubit",
  "shots": 10000,
  "prep_node_name": "5-qubit_zero_state",
  "num_qubits": 5,
  "error": false,
  "cov_mats": [
    [
      [
        0.03095664000000009,
        0.0008199999999999666,
        -0.001301920000000012,
        -0.0005672799999999062,
        0.00047952000000001105
      ],
      [
        0.0008199999999999666,
        0.9974999999999998,
        -6.0000000000001025e-05,
        0.0051099999999999635,
        -0.006340000000000033
      ],
      [
        -0.001301920000000012,
        -6.0000000000001025e-05,
        0.89320176,
        0.008965840000000013,
        -1.4560000000080064e-05
      ],
      [
        -0.0005672799999999062,
        0.0051099999999999635,
        0.008965840000000013,
        0.9956175599999999,
        -8.103999999999056e-05
      ],
      [
        0.00047952000000001105,
        -0.006340000000000033,
        -1.4560000000080064e-05,
        -8.103999999999056e-05,
        0.81441136
      ]
    ],
    [
      [
        0.028198359999999978,
        -0.0012929600000000235,
        -0.0017080000000000428,
        0.0026207600000000136,
        -0.0009716400000000514
      ],
      [
        -0.0012929600000000235,
        0.99761856,
        -0.007711999999999943,
        -0.0021793599999999727,
        0.008427039999999972
      ],
      [
        -0.0017080000000000428,
        -0.007711999999999943,
        0.9324,
        -0.009228000000000102,
        0.020091999999999957
      ],
      [
        0.0026207600000000136,
        -0.0021793599999999727,
        -0.009228000000000102,
        0.99665916,
        0.00905076000000004
      ],
      [
        -0.0009716400000000514,
        0.008427039999999972,
        0.020091999999999957,
        0.00905076000000004,
        0.8673583600000001
      ]
    ],
    [
      [
        0.03567600000000004,
        0.002263599999999956,
        0.004158399999999979,
        -0.0012872000000000022,
        0.0019407999999999648
      ],
      [
        0.002263599999999956,
        0.99911196,
        -0.000777760000000011,
        -0.016619920000000066,
        0.015230880000000068
      ],
      [
        0.004158399999999979,
        -0.000777760000000011,
        0.95640256,
        -0.011068479999999997,
        -0.0007532799999999673
      ],
      [
        -0.0012872000000000022,
        -0.016619920000000066,
        -0.011068479999999997,
        0.99843184,
        0.010050239999999967
      ],
      [
        0.0019407999999999648,
        0.015230880000000068,
        -0.0007532799999999673,
        0.010050239999999967,
        0.90115264
      ]
    ],
    [
      [
        0.032924439999999944,
        0.00017171999999997245,
        -0.0009232800000000541,
        0.0007245599999999922,
        -0.0028213199999999328
      ],
      [
        0.00017171999999997245,
        0.99933436,
        -0.0007506400000000389,
        -0.0005847200000000699,
        0.000860839999999999
      ],
      [
        -0.0009232800000000541,
        -0.0007506400000000389,
        0.97773936,
        0.02088528,
        0.009745840000000026
      ],
      [
        0.0007245599999999922,
        -0.0005847200000000699,
        0.02088528,
        0.99900144,
        -0.009325679999999958
      ],
      [
        -0.0028213199999999328,
        0.000860839999999999,
        0.009745840000000026,
        -0.009325679999999958,
        0.94700796
      ]
    ],
    [
      [
        0.03489024000000007,
        0.00013951999999992082,
        0.0013718399999999437,
        0.0037702400000000982,
        0.002483519999999989
      ],
      [
        0.00013951999999992082,
        0.99978096,
        -0.009973679999999981,
        -0.013120479999999974,
        0.0016429599999999971
      ],
      [
        0.0013718399999999437,
        -0.009973679999999981,
        0.98477244,
        0.002601839999999943,
        0.019055319999999938
      ],
      [
        0.0037702400000000982,
        -0.013120479999999974,
        0.002601839999999943,
        0.99895024,
        -0.008926479999999973
      ],
      [
        0.002483519999999989,
        0.0016429599999999971,
        0.019055319999999938,
        -0.008926479999999973,
        0.9600799600000001
      ]
    ],
    [
      [
        0.04351599999999978,
        0.0027559999999999594,
        -0.0011540000000000022,
        -0.0007907999999999353,
        -0.00035999999999997145
      ],
      [
        0.0027559999999999594,
        0.999996,
        0.015586000000000048,
        0.007437200000000044,
        0.012439999999999932
      ],
      [
        -0.0011540000000000022,
        0.015586000000000048,
        0.991351,
        0.008270200000000014,
        -0.005459999999999982
      ],
      [
        -0.0007907999999999353,
        0.007437200000000044,
        0.008270200000000014,
        0.99965404,
        -5.200000000002425e-05
      ],
      [
        -0.00035999999999997145,
        0.012439999999999932,
        -0.005459999999999982,
        -5.200000000002425e-05,
        0.9676
      ]
    ],
    [
      [
        0.03999195999999983,
        0.00028891999999997205,
        -0.0021354800000000437,
        0.002143400000000118,
        -0.002494679999999888
      ],
      [
        0.00028891999999997205,
        0.99976284,
        0.004164039999999971,
        0.00946180000000001,
        0.002345640000000033
      ],
      [
        -0.0021354800000000437,
        0.004164039999999971,
        0.99608124,
        -0.028664199999999952,
        -0.005649160000000009
      ],
      [
        0.002143400000000118,
        0.00946180000000001,
        -0.028664199999999952,
        0.999711,
        0.002667799999999917
      ],
      [
        -0.002494679999999888,
        0.002345640000000033,
        -0.005649160000000009,
        0.002667799999999917,
        0.98220444
      ]
    ],
    [
      [
        0.03685403999999992,
        -0.000719040000000077,
        -0.0009575199999998923,
        -0.00040284000000007786,
        0.003160559999999979
      ],
      [
        -0.000719040000000077,
        0.99995904,
        0.016827519999999995,
        0.0018678399999999408,
        0.0008294400000000227
      ],
      [
        -0.0009575199999998923,
        0.016827519999999995,
        0.9955377599999999,
        0.005891920000000044,
        -0.010357280000000016
      ],
      [
        -0.00040284000000007786,
        0.0018678399999999408,
        0.005891920000000044,
        0.99988764,
        -0.009723759999999968
      ],
      [
        0.003160559999999979,
        0.0008294400000000227,
        -0.010357280000000016,
        -0.009723759999999968,
        0.98550384
      ]
    ],
    [
      [
        0.04429823999999993,
        0.0023641599999999797,
        -0.0008755200000000046,
        5.3759999999838156e-05,
        0.0014374399999999982
      ],
      [
        0.0023641599999999797,
        0.99999744,
        -0.02131967999999995,
        -0.006796160000000083,
        -0.005783039999999993
      ],
      [
        -0.0008755200000000046,
        -0.02131967999999995,
        0.9974799599999999,
        0.015279520000000015,
        0.007142880000000018
      ],
      [
        5.3759999999838156e-05,
        -0.006796160000000083,
        0.015279520000000015,
        0.99999424,
        -0.013725439999999964
      ],
      [
        0.0014374399999999982,
        -0.005783039999999993,
        0.007142880000000018,
        -0.013725439999999964,
        0.98691264
      ]
    ],
    [
      [
        0.04038383999999995,
        0.0018162399999999638,
        0.002934319999999893,
        0.0010039999999999563,
        0.000955680000000042
      ],
      [
        0.0018162399999999638,
        0.99988764,
        0.017914520000000003,
        0.004493999999999994,
        0.021750479999999933
      ],
      [
        0.002934319999999893,
        0.017914520000000003,
        0.99790236,
        0.012141999999999943,
        -0.009757359999999951
      ],
      [
        0.0010039999999999563,
        0.004493999999999994,
        0.012141999999999943,
        0.9999,
        -0.004492000000000037
      ],
      [
        0.000955680000000042,
        0.021750479999999933,
        -0.009757359999999951,
        -0.004492000000000037,
        0.99498736
      ]
    ],
    [
      [
        0.050154840000000145,
        -0.0015422399999999795,
        0.0025061199999999624,
        -0.0018901200000000454,
        0.0012410000000000337
      ],
      [
        -0.0015422399999999795,
        0.99996864,
        -0.00844432000000008,
        -0.0025316799999999637,
        -0.007476000000000006
      ],
      [
        0.0025061199999999624,
        -0.00844432000000008,
        0.99922716,
        0.0016608400000000015,
        -0.02443700000000007
      ],
      [
        -0.0018901200000000454,
        -0.0025316799999999637,
        0.0016608400000000015,
        0.99985116,
        -0.0077630000000000025
      ],
      [
        0.0012410000000000337,
        -0.007476000000000006,
        -0.02443700000000007,
        -0.0077630000000000025,
        0.992775
      ]
    ],
    [
      [
        0.0423420400000003,
        -0.003107000000000004,
        7.760000000089223e-06,
        -0.006460719999999996,
        -0.0019310800000000294
      ],
      [
        -0.003107000000000004,
        0.9999749999999998,
        -0.004457999999999993,
        -0.0012740000000000119,
        -0.0019109999999999902
      ],
      [
        7.760000000089223e-06,
        -0.004457999999999993,
        0.99919344,
        -0.01391567999999999,
        0.005566480000000019
      ],
      [
        -0.006460719999999996,
        -0.0012740000000000119,
        -0.01391567999999999,
        0.99936496,
        0.002167439999999963
      ],
      [
        -0.0019310800000000294,
        -0.0019109999999999902,
        0.005566480000000019,
        0.002167439999999963,
        0.9961311599999999
      ]
    ],
    [
      [
        0.04703356000000003,
        0.00012876000000002288,
        0.0024903599999999346,
        0.0010047600000000008,
        0.003029199999999968
      ],
      [
        0.00012876000000002288,
        0.99960796,
        0.01504155999999998,
        0.012003960000000067,
        0.01169320000000001
      ],
      [
        0.0024903599999999346,
        0.01504155999999998,
        0.99985116,
        0.010397560000000047,
        0.006205199999999987
      ],
      [
        0.0010047600000000008,
        0.012003960000000067,
        0.010397560000000047,
        0.99999996,
        0.014613200000000031
      ],
      [
        0.003029199999999968,
        0.01169320000000001,
        0.006205199999999987,
        0.014613200000000031,
        0.995644
      ]
    ],
    [
      [
        0.04547099999999982,
        0.002213599999999972,
        0.0017128000000000317,
        0.00047599999999993134,
        -0.002154599999999937
      ],
      [
        0.002213599999999972,
        0.99971776,
        -0.00977152000000001,
        0.0030016000000000517,
        -0.001843360000000054
      ],
      [
        0.0017128000000000317,
        -0.00977152000000001,
        0.99981504,
        0.010636800000000004,
        0.00888271999999999
      ],
      [
        0.00047599999999993134,
        0.0030016000000000517,
        0.010636800000000004,
        0.999856,
        -0.006397599999999977
      ],
      [
        -0.002154599999999937,
        -0.001843360000000054,
        0.00888271999999999,
        -0.006397599999999977,
        0.9974799600000002
      ]
    ],
    [
      [
        0.044298240000000044,
        -0.0032057599999999672,
        0.0010879999999999336,
        0.0004345600000001115,
        -0.0005574399999999438
      ],
      [
        -0.0032057599999999672,
        0.99969024,
        -0.0009120000000000569,
        0.008258559999999972,
        -0.005133439999999962
      ],
      [
        0.0010879999999999336,
        -0.0009120000000000569,
        0.9999749999999998,
        0.004097000000000003,
        -0.008303000000000034
      ],
      [
        0.0004345600000001115,
        0.008258559999999972,
        0.004097000000000003,
        0.99962364,
        -0.003624360000000004
      ],
      [
        -0.0005574399999999438,
        -0.005133439999999962,
        -0.008303000000000034,
        -0.003624360000000004,
        0.99632764
      ]
    ],
    [
      [
        0.049374999999999836,
        0.0009550000000000322,
        0.003394999999999979,
        0.0003550000000000983,
        0.0013499999999999346
      ],
      [
        0.0009550000000000322,
        0.99968316,
        -0.008403559999999963,
        -0.002289639999999903,
        0.002394799999999973
      ],
      [
        0.003394999999999979,
        -0.008403559999999963,
        0.99999996,
        -0.009598760000000026,
        -0.0010068000000000557
      ],
      [
        0.0003550000000000983,
        -0.002289639999999903,
        -0.009598760000000026,
        0.99996156,
        -0.007989200000000043
      ],
      [
        0.0013499999999999346,
        0.002394799999999973,
        -0.0010068000000000557,
        -0.007989200000000043,
        0.998844
      ]
    ],
    [
      [
        0.05560476000000003,
        -0.0033995600000000115,
        0.001011280000000002,
        -0.0019635599999999016,
        0.00020431999999992456
      ],
      [
        -0.0033995600000000115,
        0.99979836,
        0.0005943200000000162,
        -0.006717639999999973,
        -0.01039792000000001
      ],
      [
        0.001011280000000002,
        0.0005943200000000162,
        0.9999998399999999,
        0.004602319999999965,
        -0.001983039999999971
      ],
      [
        -0.0019635599999999016,
        -0.006717639999999973,
        0.004602319999999965,
        0.99996636,
        -0.010845920000000083
      ],
      [
        0.00020431999999992456,
        -0.01039792000000001,
        -0.001983039999999971,
        -0.010845920000000083,
        0.99820224
      ]
    ],
    [
      [
        0.06065135999999993,
        0.0013166400000000217,
        0.0001913600000000744,
        0.0028492799999999567,
        1.6880000000031592e-05
      ],
      [
        0.0013166400000000217,
        0.99991536,
        0.013776640000000001,
        0.0032147200000000368,
        -0.02507287999999999
      ],
      [
        0.0001913600000000744,
        0.013776640000000001,
        0.99963136,
        0.001969280000000029,
        -0.019213120000000028
      ],
      [
        0.0028492799999999567,
        0.0032147200000000368,
        0.001969280000000029,
        0.99999744,
        -0.00491776000000003
      ],
      [
        1.6880000000031592e-05,
        -0.02507287999999999,
        -0.019213120000000028,
        -0.00491776000000003,
        0.9973580400000001
      ]
    ],
    [
      [
        0.05793564000000018,
        -0.0012472800000000103,
        -0.0007118800000000015,
        0.001987999999999924,
        -0.001082160000000082
      ],
      [
        -0.0012472800000000103,
        0.99964656,
        0.016815760000000016,
        -0.003975999999999993,
        0.007508319999999929
      ],
      [
        -0.0007118800000000015,
        0.016815760000000016,
        0.99990396,
        0.016403999999999922,
        -0.00043927999999993463
      ],
      [
        0.001987999999999924,
        -0.003975999999999993,
        0.016403999999999922,
        0.9996,
        -0.0020719999999999857
      ],
      [
        -0.001082160000000082,
        0.007508319999999929,
        -0.00043927999999993463,
        -0.0020719999999999857,
        0.99973104
      ]
    ],
    [
      [
        0.057547359999999825,
        0.0002481599999999799,
        0.002578080000000014,
        0.0014978400000000437,
        0.0009984000000000381
      ],
      [
        0.0002481599999999799,
        0.9999729599999999,
        0.006360479999999934,
        0.01785304000000001,
        -0.0034496000000000075
      ],
      [
        0.002578080000000014,
        0.006360479999999934,
        0.99994224,
        0.004277519999999926,
        -0.00196479999999999
      ],
      [
        0.0014978400000000437,
        0.01785304000000001,
        0.004277519999999926,
        0.99989596,
        0.007489600000000033
      ],
      [
        0.0009984000000000381,
        -0.0034496000000000075,
        -0.00196479999999999,
        0.007489600000000033,
        0.997696
      ]
    ],
    [
      [
        0.05443824000000008,
        -0.0003834399999999787,
        -0.0014704800000000448,
        -0.0008412000000000436,
        -8.576000000002498e-05
      ],
      [
        -0.0003834399999999787,
        0.99999964,
        -0.008794119999999975,
        -0.0024077999999999856,
        -0.003389439999999959
      ],
      [
        -0.0014704800000000448,
        -0.008794119999999975,
        0.99990396,
        0.011727399999999999,
        -0.013572479999999968
      ],
      [
        -0.0008412000000000436,
        -0.0024077999999999856,
        0.011727399999999999,
        0.999831,
        -0.013171200000000022
      ],
      [
        -8.576000000002498e-05,
        -0.003389439999999959,
        -0.013572479999999968,
        -0.013171200000000022,
        0.99969024
      ]
    ]
  ]
}