{
  "settings_list": [
    [
      1.556289802602148,
      3.87724031008985,
      0.6782181747883714,
      5.5753397232596855,
      2.0507126699430556,
      1.2185266377441284,
      0.8295705343559729,
      2.090224311984513,
      6.136824060207328,
      0.24894007514480895,
      4.488852410587944,
      0.5133244919949927,
      6.2635917380132495,
      5.941065475859992,
      0.506517995592415
    ],
    [
      1.558093400867602,
      3.8768905663759248,
      0.6790733071042783,
      5.537458087111022,
      1.9706127801061892,
      1.2199149693861793,
      0.8729877101958395,
      2.0232078522967063,
      6.137046582121534,
      0.2525244796239885,
      4.569378990587328,
      0.511130395874739,
      6.263437589748365,
      5.928718949042136,
      0.5060478859793723
    ],
    [
      1.5599473043009555,
      3.8777841287810473,
      0.6773331379818229,
      5.5102673651013765,
      1.8977212841255877,
      1.2200174032791022,
      0.9072849105133788,
      1.9657784880810987,
      6.136285040304016,
      0.25369408091976386,
      4.616984746475332,
      0.509222868244514,
      6.263230376793585,
      5.912326930318621,
      0.504352387115989
    ],
    [
      1.5651407460994131,
      3.8773984086610667,
      0.6782489568878517,
      5.488638394290292,
      1.8370994637255555,
      1.2189635494437872,
      0.935312530005206,
      1.914094621035249,
      6.136851776154653,
      0.2538868767969671,
      4.6551054218675105,
      0.5079262864040596,
      6.261902669506135,
      5.894002402428586,
      0.5046406986560273
    ],
    [
      1.5642467752373908,
      3.8780295848674444,
      0.6776551096054069,
      5.474749335822474,
      1.7878284672154516,
      1.218645086193923,
      0.9545384811936092,
      1.8776116940113514,
      6.135884391835789,
      0.25319168169672546,
      4.674049764191402,
      0.5078750683674884,
      6.261069964117537,
      5.8718848032147575,
      0.5036571880157713
    ],
    [
      1.5646979970875998,
      3.8787466854825143,
      0.6780338350040724,
      5.464868046751923,
      1.7452774925071357,
      1.2189688662783111,
      0.9709649709395842,
      1.8408337704426503,
      6.136227130832158,
      0.25378125119666783,
      4.690445220149921,
      0.5068934298342954,
      6.258830596065793,
      5.847627407965861,
      0.5033456839845576
    ],
    [
      1.5637479814465503,
      3.8790923776957724,
      0.6778128642996827,
      5.458455596170675,
      1.712196732334396,
      1.2183920860090218,
      0.9829808012078755,
      1.8093795853364336,
      6.1358998555785815,
      0.2539401555520153,
      4.692392560946508,
      0.5072914519790193,
      6.258159768708875,
      5.81996685200994,
      0.5031016018765556
    ],
    [
      1.5602954261511877,
      3.8786790797068824,
      0.6776648500061934,
      5.453816529204092,
      1.6811790993637468,
      1.2176414012676544,
      0.9919182649637558,
      1.7846720788733859,
      6.135928850552693,
      0.2539043794536614,
      4.70188363317356,
      0.5081317778556682,
      6.256199227590546,
      5.787462115990223,
      0.5032412177188442
    ],
    [
      1.5601014465330405,
      3.8783076368586746,
      0.677751953897331,
      5.45222347136945,
      1.6601557139683676,
      1.2179017337805151,
      0.9993282978066982,
      1.7614076082339412,
      6.136172287389333,
      0.2538181503480022,
      4.7055429880009525,
      0.507704391328929,
      6.253254899093138,
      5.746353257717446,
      0.5037189819357802
    ],
    [
      1.557021788057776,
      3.8791751770796723,
      0.6774446318802647,
      5.450307867902197,
      1.6476771309392744,
      1.2173886857347935,
      1.0060619075165178,
      1.7367595410560972,
      6.136292394572218,
      0.25299941500463646,
      4.704703034495253,
      0.5081205086515984,
      6.251097741983797,
      5.699298812718286,
      0.5029424069701783
    ],
    [
      1.5609963977760626,
      3.8800937491488456,
      0.6775276066888074,
      5.448579750222011,
      1.6295721611879899,
      1.2170828922231687,
      1.0110316432953408,
      1.7199483755152563,
      6.136270002325745,
      0.2521596376488035,
      4.705532746433768,
      0.5084650709881418,
      6.248589411739064,
      5.643599373153851,
      0.5027125053717847
    ],
    [
      1.56417947897963,
      3.879648973978776,
      0.6765553895990414,
      5.448255325675197,
      1.6200713159709994,
      1.2160083027226531,
      1.0147807064580083,
      1.703948663190363,
      6.136280035737651,
      0.25161317961252094,
      4.714668012531048,
      0.5088681747053453,
      6.245134905288004,
      5.573536089700209,
      0.5026404195467684
    ],
    [
      1.561043775730726,
      3.8784816637279844,
      0.6761987322913109,
      5.447587821087613,
      1.6134880390613215,
      1.2169447937142925,
      1.0191932979384766,
      1.6885615224650543,
      6.136555574467633,
      0.25178101903230593,
      4.717778064356713,
      0.5098092033918339,
      6.240810317007182,
      5.490074856404528,
      0.5023597693561297
    ],
    [
      1.565373098145366,
      3.8791981584961444,
      0.6773096462801109,
      5.446446777945534,
      1.6043092510486816,
      1.2172364747259725,
      1.0214787767851965,
      1.6780795475716943,
      6.136552490551633,
      0.2506294137521459,
      4.719646896436953,
      0.509353318835914,
      6.236178679035822,
      5.3898889201603675,
      0.5023304067206897
    ],
    [
      1.5662496372288444,
      3.878825431148813,
      0.6776377090135541,
      5.4469037809031775,
      1.5995987199555235,
      1.2151018846522463,
      1.0252652548816048,
      1.6650021428395545,
      6.137889653701348,
      0.2502747826027546,
      4.714896417106451,
      0.509133632441433,
      6.231127376715793,
      5.272819758732142,
      0.5007208260452602
    ],
    [
      1.56359048094726,
      3.8778186003833204,
      0.6786069925365141,
      5.445870034069225,
      1.590703614716733,
      1.2153972462652693,
      1.026835601549561,
      1.6516798680964555,
      6.137065248794995,
      0.250771331754057,
      4.7125858984144156,
      0.5076725378007814,
      6.227182498668856,
      5.145089563584732,
      0.5002590563103028
    ],
    [
      1.5632317923795913,
      3.876968122411297,
      0.6785042252771039,
      5.446182263175694,
      1.5896427514462586,
      1.2156925824628408,
      1.0287792885186593,
      1.6418763271024106,
      6.136157048691485,
      0.25025660047188547,
      4.711827455957389,
      0.5070865056098085,
      6.224992972773088,
      5.019792263273369,
      0.5013074156356627
    ],
    [
      1.571385687177375,
      3.876543113084656,
      0.6788864491861263,
      5.44591684430894,
      1.5828521121750407,
      1.2165428773590807,
      1.0290248513520766,
      1.6318995744723424,
      6.1361778196664645,
      0.25084025450590114,
      4.711520441379961,
      0.5065562394437039,
      6.2231624478359135,
      4.916717563461613,
      0.5003084266372902
    ],
    [
      1.5720702436959844,
      3.8772965407265167,
      0.6784233570703007,
      5.4460240065509815,
      1.5851542795746725,
      1.2162040465166648,
      1.0305658841620933,
      1.6239210320829471,
      6.136269231863415,
      0.2508837285467584,
      4.716252127536886,
      0.5075711717388862,
      6.221310188010351,
      4.842028506930349,
      0.4996653717097814
    ],
    [
      1.5728407611011233,
      3.877256908937464,
      0.6778602039838009,
      5.446113984394113,
      1.577634142410826,
      1.2165859252781948,
      1.0307245314325084,
      1.6175735406778928,
      6.135931051868882,
      0.2508849689767107,
      4.714496591404356,
      0.5076064526661371,
      6.220941424493832,
      4.794161559006664,
      0.4993406704748592
    ],
    [
      1.570520145630335,
      3.8774978735077883,
      0.6774989472343782,
      5.4458645365055,
      1.5794889339197458,
      1.2163681728555784,
      1.0309414602339353,
      1.6121195627391658,
      6.136146893720235,
      0.25090956192174396,
      4.710609573967329,
      0.507429008058252,
      6.220145451377518,
      4.763325690400566,
      0.49960375565312637
    ]
  ],
  "cost_vals": [],
  "step_size": 0.1,
  "opt_step_times": [
    0.18016815185546875,
    0.17853021621704102,
    0.17260289192199707,
    0.172774076461792,
    0.1698451042175293,
    0.17788386344909668,
    0.18384099006652832,
    0.20044302940368652,
    0.17582106590270996,
    0.16509485244750977,
    0.1627180576324463,
    0.17362284660339355,
    0.23003530502319336,
    0.16180825233459473,
    0.16257619857788086,
    0.16964101791381836,
    0.16954398155212402,
    0.16845417022705078,
    0.17053794860839844,
    0.16762399673461914
  ],
  "opt_settings": [
    1.570520145630335,
    3.8774978735077883,
    0.6774989472343782,
    5.4458645365055,
    1.5794889339197458,
    1.2163681728555784,
    1.0309414602339353,
    1.6121195627391658,
    6.136146893720235,
    0.25090956192174396,
    4.710609573967329,
    0.507429008058252,
    6.220145451377518,
    4.763325690400566,
    0.49960375565312637
  ],
  "min_cost": null,
  "datetime": "2023-05-30T16-43-19Z",
  "step_only": true,
  "ibm_device": "default.qubit",
  "shots": 10000,
  "prep_node_name": "5-qubit_zero_state",
  "num_qubits": 5,
  "error": false,
  "cov_mats": [
    [
      [
        0.99928176,
        0.00019855999999999173,
        0.008736239999999947,
        -0.0065261600000000135,
        0.00594911999999994
      ],
      [
        0.00019855999999999173,
        0.87693936,
        0.00235944000000006,
        0.007465040000000006,
        -0.006009280000000061
      ],
      [
        0.008736239999999947,
        0.00235944000000006,
        0.88562076,
        -0.0013368400000000336,
        0.0007668799999998588
      ],
      [
        -0.0065261600000000135,
        0.007465040000000006,
        -0.0013368400000000336,
        0.9574815600000001,
        0.004098080000000004
      ],
      [
        0.00594911999999994,
        -0.006009280000000061,
        0.0007668799999998588,
        0.004098080000000004,
        0.1194054400000003
      ]
    ],
    [
      [
        0.9994335599999999,
        -0.012359280000000066,
        0.025655079999999972,
        0.016725200000000016,
        -0.0040041999999999925
      ],
      [
        -0.012359280000000066,
        0.92404464,
        -0.014705039999999933,
        -0.007037600000000005,
        0.0015395999999999188
      ],
      [
        0.025655079999999972,
        -0.014705039999999933,
        0.91968444,
        -0.012376399999999982,
        0.0062793999999998795
      ],
      [
        0.016725200000000016,
        -0.007037600000000005,
        -0.012376399999999982,
        0.978684,
        0.004785999999999985
      ],
      [
        -0.0040041999999999925,
        0.0015395999999999188,
        0.0062793999999998795,
        0.004785999999999985,
        0.11451899999999993
      ]
    ],
    [
      [
        0.9998150399999999,
        -0.010032799999999993,
        0.01597552000000004,
        -0.005613120000000011,
        0.002675200000000051
      ],
      [
        -0.010032799999999993,
        0.9502710000000001,
        0.01064859999999998,
        0.00030840000000003157,
        0.0032359999999999056
      ],
      [
        0.01597552000000004,
        0.01064859999999998,
        0.9365967599999999,
        0.007339439999999916,
        -0.005522400000000066
      ],
      [
        -0.005613120000000011,
        0.00030840000000003157,
        0.007339439999999916,
        0.9920433599999999,
        0.0023344000000001114
      ],
      [
        0.002675200000000051,
        0.0032359999999999056,
        -0.005522400000000066,
        0.0023344000000001114,
        0.13137600000000016
      ]
    ],
    [
      [
        0.99997296,
        -0.0027224799999999274,
        0.012321519999999982,
        0.002525440000000001,
        0.0010162399999999617
      ],
      [
        -0.0027224799999999274,
        0.96852924,
        -0.01959275999999996,
        0.008033280000000005,
        0.004707880000000081
      ],
      [
        0.012321519999999982,
        -0.01959275999999996,
        0.95698524,
        0.003249279999999969,
        0.0008938799999999025
      ],
      [
        0.002525440000000001,
        0.008033280000000005,
        0.003249279999999969,
        0.99721216,
        0.0039033599999999183
      ],
      [
        0.0010162399999999617,
        0.004707880000000081,
        0.0008938799999999025,
        0.0039033599999999183,
        0.14215356000000012
      ]
    ],
    [
      [
        0.99978096,
        0.01432824000000002,
        0.003113039999999913,
        0.006509120000000006,
        -0.0011686400000000107
      ],
      [
        0.01432824000000002,
        0.97932156,
        0.0003827599999999924,
        0.016853279999999964,
        -0.00036416000000003
      ],
      [
        0.003113039999999913,
        0.0003827599999999924,
        0.9711679599999999,
        0.005958880000000005,
        -0.0045273599999999525
      ],
      [
        0.006509120000000006,
        0.016853279999999964,
        0.005958880000000005,
        0.99881664,
        -0.005262079999999898
      ],
      [
        -0.0011686400000000107,
        -0.00036416000000003,
        -0.0045273599999999525,
        -0.005262079999999898,
        0.1594777599999999
      ]
    ],
    [
      [
        0.99950716,
        -0.011415159999999976,
        -0.006738679999999983,
        0.011178200000000001,
        -0.005313439999999923
      ],
      [
        -0.011415159999999976,
        0.98612316,
        -0.006777320000000014,
        -0.004238199999999992,
        0.003985440000000007
      ],
      [
        -0.006738679999999983,
        -0.006777320000000014,
        0.97459164,
        -0.009028599999999965,
        0.006025120000000134
      ],
      [
        0.011178200000000001,
        -0.004238199999999992,
        -0.009028599999999965,
        0.999639,
        -0.0030088000000000788
      ],
      [
        -0.005313439999999923,
        0.003985440000000007,
        0.006025120000000134,
        -0.0030088000000000788,
        0.18133695999999988
      ]
    ],
    [
      [
        0.999744,
        -0.0023423999999999416,
        0.001795200000000019,
        -0.007017599999999972,
        -0.007003199999999963
      ],
      [
        -0.0023423999999999416,
        0.99070704,
        -0.01087392,
        0.01468895999999999,
        0.0065407199999999305
      ],
      [
        0.001795200000000019,
        -0.01087392,
        0.98727616,
        0.009265920000000039,
        0.0052974400000000005
      ],
      [
        -0.007017599999999972,
        0.01468895999999999,
        0.009265920000000039,
        0.9998150399999999,
        -0.004362719999999999
      ],
      [
        -0.007003199999999963,
        0.0065407199999999305,
        0.0052974400000000005,
        -0.004362719999999999,
        0.1903599600000001
      ]
    ],
    [
      [
        0.9997809599999999,
        8.399999999942091e-06,
        -0.00639080000000008,
        -0.002542079999999958,
        -0.00568719999999995
      ],
      [
        8.399999999942091e-06,
        0.995511,
        0.003893000000000032,
        -0.003643200000000031,
        0.001162000000000031
      ],
      [
        -0.00639080000000008,
        0.003893000000000032,
        0.985359,
        -0.010161600000000034,
        0.0002060000000000256
      ],
      [
        -0.002542079999999958,
        -0.003643200000000031,
        -0.010161600000000034,
        0.99990784,
        -0.00029439999999997593
      ],
      [
        -0.00568719999999995,
        0.001162000000000031,
        0.0002060000000000256,
        -0.00029439999999997593,
        0.21500399999999975
      ]
    ],
    [
      [
        0.99968316,
        0.012824560000000004,
        0.018452679999999944,
        0.001143679999999956,
        -0.0010385999999999972
      ],
      [
        0.012824560000000004,
        0.99699696,
        0.001804880000000052,
        0.013610880000000049,
        -0.0033075999999999314
      ],
      [
        0.018452679999999944,
        0.001804880000000052,
        0.98803164,
        0.011024640000000082,
        -0.0031877999999999906
      ],
      [
        0.001143679999999956,
        0.013610880000000049,
        0.011024640000000082,
        0.99979264,
        0.006627199999999878
      ],
      [
        -0.0010385999999999972,
        -0.0033075999999999314,
        -0.0031877999999999906,
        0.006627199999999878,
        0.2552310000000002
      ]
    ],
    [
      [
        0.99998704,
        -0.0006286399999999651,
        -0.006692559999999946,
        -0.0047899200000000265,
        -0.002003120000000039
      ],
      [
        -0.0006286399999999651,
        0.99773424,
        0.01533495999999997,
        0.002266719999999959,
        0.007107920000000066
      ],
      [
        -0.006692559999999946,
        0.01533495999999997,
        0.99270684,
        -0.008839119999999966,
        0.0004406799999999572
      ],
      [
        -0.0047899200000000265,
        0.002266719999999959,
        -0.008839119999999966,
        0.99999216,
        0.004135759999999999
      ],
      [
        -0.002003120000000039,
        0.007107920000000066,
        0.0004406799999999572,
        0.004135759999999999,
        0.3041103599999999
      ]
    ],
    [
      [
        0.99995376,
        -0.007755200000000006,
        0.009041920000000021,
        -0.005153759999999954,
        0.005493359999999931
      ],
      [
        -0.007755200000000006,
        0.998704,
        0.005801599999999959,
        -0.0006448000000000103,
        0.00015280000000006747
      ],
      [
        0.009041920000000021,
        0.005801599999999959,
        0.99108864,
        -0.011041920000000018,
        0.009845120000000096
      ],
      [
        -0.005153759999999954,
        -0.0006448000000000103,
        -0.011041920000000018,
        0.99995376,
        0.00010663999999996256
      ],
      [
        0.005493359999999931,
        0.00015280000000006747,
        0.009845120000000096,
        0.00010663999999996256,
        0.3442239599999999
      ]
    ],
    [
      [
        0.99969724,
        -0.007131840000000089,
        0.004324039999999998,
        0.01837563999999997,
        -0.003641399999999949
      ],
      [
        -0.007131840000000089,
        0.99852544,
        0.00811935999999997,
        0.0018537599999999988,
        -0.00857759999999997
      ],
      [
        0.004324039999999998,
        0.00811935999999997,
        0.99582684,
        0.02569043999999996,
        0.0003605999999998777
      ],
      [
        0.01837563999999997,
        0.0018537599999999988,
        0.02569043999999996,
        0.99999804,
        -0.0030654000000001087
      ],
      [
        -0.003641399999999949,
        -0.00857759999999997,
        0.0003605999999998777,
        -0.0030654000000001087,
        0.4208789999999999
      ]
    ],
    [
      [
        0.99968316,
        -0.013941119999999996,
        -0.012356999999999906,
        0.001021360000000056,
        -0.013022519999999932
      ],
      [
        -0.013941119999999996,
        0.99907584,
        -0.009375999999999904,
        -0.007563520000000052,
        0.005280639999999993
      ],
      [
        -0.012356999999999906,
        -0.009375999999999904,
        0.995775,
        -0.004121999999999928,
        0.006728999999999943
      ],
      [
        0.001021360000000056,
        -0.007563520000000052,
        -0.004121999999999928,
        0.9999985599999999,
        0.00735208
      ],
      [
        -0.013022519999999932,
        0.005280639999999993,
        0.006728999999999943,
        0.00735208,
        0.5007164400000002
      ]
    ],
    [
      [
        0.99985116,
        0.002348920000000084,
        -0.008989920000000004,
        -0.016141439999999993,
        -0.003529920000000012
      ],
      [
        0.002348920000000084,
        0.99918204,
        0.00870096,
        -0.0007372799999999869,
        0.0003209600000000472
      ],
      [
        -0.008989920000000004,
        0.00870096,
        0.99559104,
        0.01528127999999998,
        0.01247103999999994
      ],
      [
        -0.016141439999999993,
        -0.0007372799999999869,
        0.01528127999999998,
        0.99997696,
        0.003841279999999914
      ],
      [
        -0.003529920000000012,
        0.0003209600000000472,
        0.01247103999999994,
        0.003841279999999914,
        0.5985510399999999
      ]
    ],
    [
      [
        0.99990396,
        -0.013374439999999961,
        -0.00023511999999999562,
        0.025756880000000072,
        0.005231240000000017
      ],
      [
        -0.013374439999999961,
        0.9996831599999999,
        -0.0025903199999999927,
        -0.00907831999999998,
        0.016301639999999992
      ],
      [
        -0.00023511999999999562,
        -0.0025903199999999927,
        0.99802864,
        -0.02099536000000001,
        0.0015007200000000005
      ],
      [
        0.025756880000000072,
        -0.00907831999999998,
        -0.02099536000000001,
        0.99998064,
        -0.0058512800000000064
      ],
      [
        0.005231240000000017,
        0.016301639999999992,
        0.0015007200000000005,
        -0.0058512800000000064,
        0.71505756
      ]
    ],
    [
      [
        0.9995334399999999,
        0.006177919999999974,
        0.02440512000000003,
        -0.0050764799999999406,
        -0.0004014400000000116
      ],
      [
        0.006177919999999974,
        0.99917056,
        0.004540160000000048,
        -0.001968639999999988,
        -0.004201920000000022
      ],
      [
        0.02440512000000003,
        0.004540160000000048,
        0.9986457599999999,
        -0.007271040000000054,
        -0.0024691199999999306
      ],
      [
        -0.0050764799999999406,
        -0.001968639999999988,
        -0.007271040000000054,
        0.99983616,
        0.005932479999999958
      ],
      [
        -0.0004014400000000116,
        -0.004201920000000022,
        -0.0024691199999999306,
        0.005932479999999958,
        0.82644444
      ]
    ],
    [
      [
        0.99995376,
        -0.0016326400000000736,
        -0.0004570399999999783,
        0.008617679999999997,
        -0.0050021600000000254
      ],
      [
        -0.0016326400000000736,
        0.99997696,
        -0.0011814399999999993,
        -0.004987520000000005,
        0.01241023999999989
      ],
      [
        -0.0004570399999999783,
        -0.0011814399999999993,
        0.99857116,
        0.010498280000000075,
        0.009905639999999933
      ],
      [
        0.008617679999999997,
        -0.004987520000000005,
        0.010498280000000075,
        0.99999324,
        0.014036120000000037
      ],
      [
        -0.0050021600000000254,
        0.01241023999999989,
        0.009905639999999933,
        0.014036120000000037,
        0.91368156
      ]
    ],
    [
      [
        0.99998556,
        0.008196960000000041,
        0.006644200000000027,
        -0.003354399999999986,
        0.0004139600000000222
      ],
      [
        0.008196960000000041,
        0.99999936,
        0.005767200000000029,
        9.600000000055128e-06,
        0.01397136
      ],
      [
        0.006644200000000027,
        0.005767200000000029,
        0.998319,
        0.024692000000000026,
        0.007582199999999938
      ],
      [
        -0.003354399999999986,
        9.600000000055128e-06,
        0.024692000000000026,
        0.999856,
        0.0008296000000000384
      ],
      [
        0.0004139600000000222,
        0.01397136,
        0.007582199999999938,
        0.0008296000000000384,
        0.9541183599999999
      ]
    ],
    [
      [
        0.9999974399999999,
        -0.011598080000000028,
        -0.007631360000000022,
        0.0010080000000000284,
        0.010002559999999995
      ],
      [
        -0.011598080000000028,
        0.99999856,
        0.007623520000000021,
        0.009793999999999976,
        -0.004751920000000032
      ],
      [
        -0.007631360000000022,
        0.007623520000000021,
        0.99961584,
        0.014298000000000047,
        -0.02211863999999992
      ],
      [
        0.0010080000000000284,
        0.009793999999999976,
        0.014298000000000047,
        0.999975,
        0.003767000000000035
      ],
      [
        0.010002559999999995,
        -0.004751920000000032,
        -0.02211863999999992,
        0.003767000000000035,
        0.98397244
      ]
    ],
    [
      [
        0.999775,
        0.0015369999999999347,
        0.00479899999999999,
        0.004760000000000005,
        -0.008945999999999978
      ],
      [
        0.0015369999999999347,
        0.99998236,
        0.02411172000000002,
        -0.009467199999999992,
        -0.006920879999999993
      ],
      [
        0.00479899999999999,
        0.02411172000000002,
        0.99929244,
        0.011425599999999925,
        -0.0021677600000000606
      ],
      [
        0.004760000000000005,
        -0.009467199999999992,
        0.011425599999999925,
        0.9997439999999999,
        0.0011775999999999657
      ],
      [
        -0.008945999999999978,
        -0.006920879999999993,
        -0.0021677600000000606,
        0.0011775999999999657,
        0.99416304
      ]
    ],
    [
      [
        0.999964,
        0.018266000000000022,
        0.0011572000000000288,
        -0.0010464000000000064,
        -0.0009084000000000171
      ],
      [
        0.018266000000000022,
        0.999879,
        -0.003488199999999984,
        -0.0036816000000000175,
        -0.02183459999999997
      ],
      [
        0.0011572000000000288,
        -0.003488199999999984,
        0.99931356,
        -0.006070720000000044,
        0.008546680000000039
      ],
      [
        -0.0010464000000000064,
        -0.0036816000000000175,
        -0.006070720000000044,
        0.9993446399999998,
        0.005915839999999964
      ],
      [
        -0.0009084000000000171,
        -0.02183459999999997,
        0.008546680000000039,
        0.005915839999999964,
        0.9973580400000001
      ]
    ]
  ]
}