{
  "settings_list": [
    [
      5.237409068813685,
      5.637850012325602,
      3.7814260424649473,
      2.7067688281228364,
      4.629358746028126,
      0.4237634724906801,
      1.5152535587442066,
      4.048573350345786,
      3.397598560278493,
      2.464672490826214,
      4.185386947647643,
      6.15651365781194,
      5.820795687410436,
      2.943531887944345,
      4.658223999177136
    ],
    [
      5.14504795225494,
      5.600192288682403,
      3.781725232574247,
      2.7056255555282362,
      4.651840600358053,
      0.42550787285748487,
      1.5270507053868927,
      4.049507110421623,
      3.399201181656471,
      2.4220405689020468,
      4.275574843623864,
      6.155618986759599,
      5.789283426340275,
      2.930636073243748,
      4.661077083790516
    ],
    [
      5.064290929070065,
      5.569047204063596,
      3.780264735885425,
      2.704855196965886,
      4.672980424516678,
      0.4270173657684148,
      1.5318824606871795,
      4.050368142259404,
      3.4000590058145916,
      2.3898708572486758,
      4.353424725912134,
      6.156206230825216,
      5.747998009235284,
      2.913047966360544,
      4.662374696760797
    ],
    [
      4.999445239039677,
      5.548008739417299,
      3.779202865120862,
      2.7041732286989855,
      4.685066852146148,
      0.4265942530946468,
      1.5343939454312323,
      4.049955620738263,
      3.4030567919050285,
      2.369672902149141,
      4.414891240064403,
      6.155554837670169,
      5.6967869749552085,
      2.891749693709997,
      4.661622044693618
    ],
    [
      4.9409005543495566,
      5.532352565060737,
      3.7801420603086555,
      2.704280930185076,
      4.697418773456924,
      0.42710510069334634,
      1.5398612383056054,
      4.0496930252912895,
      3.4026627835246126,
      2.353316401070265,
      4.470165327180563,
      6.154922511381386,
      5.633920021974856,
      2.8698207517473677,
      4.662094213801673
    ],
    [
      4.895827337342295,
      5.521555317769539,
      3.780556405095726,
      2.7041207061176156,
      4.702389266702969,
      0.4274305017904759,
      1.5420340625940758,
      4.050680891454603,
      3.4022942743201186,
      2.3401927892654606,
      4.51629796899334,
      6.155542765579458,
      5.562346118131169,
      2.843555780322712,
      4.661674022548174
    ],
    [
      4.8575431806312475,
      5.515674953407836,
      3.781402672122912,
      2.7054678474368865,
      4.707270659856017,
      0.4272632358270801,
      1.54167932347338,
      4.05268589866565,
      3.4020593604126677,
      2.3320441770217597,
      4.555510137622843,
      6.15610354163204,
      5.475392833433889,
      2.8131703507237455,
      4.660619789231953
    ],
    [
      4.831419708022363,
      5.510639846655296,
      3.7815230111917786,
      2.7059062332859884,
      4.712486207559085,
      0.4284580904949857,
      1.547630505006504,
      4.0526167123151895,
      3.401862392528524,
      2.327612750244836,
      4.585026327477568,
      6.15458348428977,
      5.372242907149445,
      2.778459822760256,
      4.657023051605823
    ],
    [
      4.806711303830213,
      5.506410961964955,
      3.7807398156680065,
      2.7061571292709004,
      4.725168495848586,
      0.42678077884938503,
      1.547747568911101,
      4.051391540979138,
      3.4009482375003817,
      2.321948616199292,
      4.6119029260234665,
      6.153902496610135,
      5.257548823715106,
      2.745469935699268,
      4.657250352217949
    ],
    [
      4.787734863049289,
      5.504948065820456,
      3.7794946297825316,
      2.7071334188898386,
      4.72699103177112,
      0.42674558877672264,
      1.5539661104641562,
      4.05104924198723,
      3.4019015891442135,
      2.320859482527056,
      4.630430775476226,
      6.154010997095808,
      5.141099740824721,
      2.7160269116374516,
      4.657721336993124
    ],
    [
      4.777671072333472,
      5.505014943706838,
      3.7803364000880753,
      2.7075988160821125,
      4.719292112768895,
      0.4273851699106541,
      1.556052642298893,
      4.050904520087705,
      3.4010403789774193,
      2.3195336273265337,
      4.643392989608875,
      6.154825616049848,
      5.033141107102046,
      2.6932667643073858,
      4.658992431905884
    ],
    [
      4.766123739213299,
      5.504140045261492,
      3.7813970410620095,
      2.7071937237807084,
      4.71904528554344,
      0.42760010192684517,
      1.5547079549407505,
      4.050061710772696,
      3.400905744006161,
      2.318342698694973,
      4.65402178753272,
      6.154947464496518,
      4.9417958253989775,
      2.678791835668574,
      4.659561682393151
    ],
    [
      4.7534274593805845,
      5.5042388692593995,
      3.7805018065745255,
      2.7071707136423275,
      4.712087075174654,
      0.42701037734717795,
      1.5588895184822826,
      4.050545156932751,
      3.40155857904022,
      2.316083108979531,
      4.668511784279873,
      6.155295350255464,
      4.868595750698187,
      2.670938327847671,
      4.660974335496723
    ],
    [
      4.7454989259162135,
      5.503680696147233,
      3.781006733916177,
      2.7081668842619657,
      4.7164058605598385,
      0.42716007071538276,
      1.5631554800238794,
      4.050252809487785,
      3.4021597306345175,
      2.3150987398200464,
      4.6778566467736615,
      6.155268142391381,
      4.821279135590117,
      2.667076797621274,
      4.661357237716803
    ],
    [
      4.738750018092363,
      5.503240628453494,
      3.78133853470517,
      2.708083540166128,
      4.71339395320137,
      0.4272769730058704,
      1.5623062874025646,
      4.049975435851886,
      3.401792629886707,
      2.3148607845758664,
      4.6814983386643405,
      6.1552299490866424,
      4.786208612351143,
      2.6655402379464146,
      4.6611268671726656
    ],
    [
      4.733063527756808,
      5.50340969942614,
      3.781516431817397,
      2.708058039483325,
      4.709265619711297,
      0.42706913338324964,
      1.5606384545358063,
      4.050110066517588,
      3.401777836387846,
      2.314471011297076,
      4.691455342184859,
      6.155350259388777,
      4.768487741093681,
      2.6650517622895697,
      4.661069091449094
    ],
    [
      4.72504562701774,
      5.503352669504972,
      3.78163798836361,
      2.707992399304943,
      4.71563086308886,
      0.4271913831894896,
      1.559579358735366,
      4.0497133636863865,
      3.401674648249463,
      2.3146220773266184,
      4.697222307368556,
      6.155583817347315,
      4.751488318007734,
      2.6644774641587206,
      4.660847021395226
    ],
    [
      4.730461313434602,
      5.503391067294314,
      3.781742531272609,
      2.7078501214254422,
      4.712535892448963,
      0.42709137246092194,
      1.5597139381626837,
      4.049676890998455,
      3.4016458528573215,
      2.314613134277837,
      4.698708259566703,
      6.155519323267809,
      4.7405883663621555,
      2.664404423547477,
      4.6607611233003965
    ],
    [
      4.727228361701512,
      5.503272647037601,
      3.7816315773080955,
      2.708024868424728,
      4.717458696194401,
      0.4269201402514499,
      1.5593092276199458,
      4.049671612937375,
      3.4018080130770003,
      2.314607707238527,
      4.701398464037204,
      6.155455519791024,
      4.729391818481261,
      2.664291677014334,
      4.660752421490681
    ],
    [
      4.7265491411385305,
      5.503322790705862,
      3.7816364546756756,
      2.708114072155449,
      4.717793082481082,
      0.4268069867861187,
      1.558231781369057,
      4.049588713353902,
      3.4018367008456454,
      2.31447343599831,
      4.707602553712635,
      6.1554909243535585,
      4.719228128785171,
      2.6640570536099992,
      4.660701438917073
    ],
    [
      4.720652757061345,
      5.503245143880704,
      3.7817594099653826,
      2.707980699356468,
      4.713162618520311,
      0.4266614677314515,
      1.5593911549443482,
      4.049480442104243,
      3.4017822290929556,
      2.3145006943882986,
      4.7110716561314145,
      6.155272892475515,
      4.715594613969282,
      2.663969303304321,
      4.660758262407653
    ]
  ],
  "cost_vals": [],
  "step_size": 0.1,
  "opt_step_times": [
    79.0728189945221,
    93.35201597213745,
    96.88194799423218,
    83.06593108177185,
    77.66974401473999,
    87.5922920703888,
    89.07399106025696,
    104.59479212760925,
    86.05661582946777,
    111.52529001235962,
    86.63903284072876,
    109.92367887496948,
    133.15545296669006,
    110.53809309005737,
    97.7628071308136,
    120.01833081245422,
    620.8689229488373,
    119.08937406539917,
    99.03439927101135,
    97.86573696136475
  ],
  "opt_settings": [
    4.720652757061345,
    5.503245143880704,
    3.7817594099653826,
    2.707980699356468,
    4.713162618520311,
    0.4266614677314515,
    1.5593911549443482,
    4.049480442104243,
    3.4017822290929556,
    2.3145006943882986,
    4.7110716561314145,
    6.155272892475515,
    4.715594613969282,
    2.663969303304321,
    4.660758262407653
  ],
  "min_cost": null,
  "datetime": "2023-04-19T23-09-50Z",
  "step_only": true,
  "ibm_device": "ibmq_qasm_simulator",
  "shots": 10000,
  "prep_node_name": "5-qubit_zero_state",
  "num_qubits": 5,
  "cov_mats": [
    [
      [
        0.89554176,
        -0.006277120000000001,
        0.005023679999999973,
        -0.017232319999999926,
        0.001723840000000143
      ],
      [
        -0.006277120000000001,
        0.99733744,
        0.007497839999999993,
        6.984000000000504e-05,
        0.001579919999999957
      ],
      [
        0.005023679999999973,
        0.007497839999999993,
        0.99969724,
        -0.008560760000000025,
        -0.004097879999999944
      ],
      [
        -0.017232319999999926,
        6.984000000000504e-05,
        -0.008560760000000025,
        0.90228124,
        4.811999999992933e-05
      ],
      [
        0.001723840000000143,
        0.001579919999999957,
        -0.004097879999999944,
        4.811999999992933e-05,
        0.2669215599999999
      ]
    ],
    [
      [
        0.93125116,
        -0.0010684799999999897,
        -0.0038559200000000404,
        0.01506952000000003,
        0.005080919999999961
      ],
      [
        -0.0010684799999999897,
        0.99852544,
        0.007797759999999963,
        0.0028614400000000224,
        0.0072022400000001305
      ],
      [
        -0.0038559200000000404,
        0.007797759999999963,
        0.9986750400000002,
        0.007041759999999928,
        0.00727495999999991
      ],
      [
        0.01506952000000003,
        0.0028614400000000224,
        0.007041759999999928,
        0.9382974399999999,
        0.0013082399999999605
      ],
      [
        0.005080919999999961,
        0.0072022400000001305,
        0.00727495999999991,
        0.0013082399999999605,
        0.29675004000000005
      ]
    ],
    [
      [
        0.9535166399999999,
        0.0029283200000000172,
        -0.00825959999999998,
        0.005798319999999954,
        -0.015065839999999914
      ],
      [
        0.0029283200000000172,
        0.99892416,
        -0.011504799999999982,
        -0.0074158399999999765,
        0.005522079999999933
      ],
      [
        -0.00825959999999998,
        -0.011504799999999982,
        0.999919,
        0.0006701999999999995,
        0.013522600000000124
      ],
      [
        0.005798319999999954,
        -0.0074158399999999765,
        0.0006701999999999995,
        0.95681916,
        -0.007572920000000094
      ],
      [
        -0.015065839999999914,
        0.005522079999999933,
        0.013522600000000124,
        -0.007572920000000094,
        0.34616604000000006
      ]
    ],
    [
      [
        0.970071,
        -0.0034946,
        0.020905599999999993,
        -0.004033600000000009,
        -0.006223800000000057
      ],
      [
        -0.0034946,
        0.99959196,
        -0.0032505599999999423,
        -0.008696640000000016,
        -0.004660120000000075
      ],
      [
        0.020905599999999993,
        -0.0032505599999999423,
        0.9992601599999998,
        0.003639039999999978,
        0.003944319999999897
      ],
      [
        -0.004033600000000009,
        -0.008696640000000016,
        0.003639039999999978,
        0.97336576,
        -0.0038659199999999533
      ],
      [
        -0.006223800000000057,
        -0.004660120000000075,
        0.003944319999999897,
        -0.0038659199999999533,
        0.4233116399999999
      ]
    ],
    [
      [
        0.98617024,
        0.00476431999999994,
        -0.0077651200000000125,
        0.003641440000000027,
        0.006790399999999919
      ],
      [
        0.00476431999999994,
        0.99993276,
        0.007327840000000019,
        0.004670919999999962,
        0.0076272000000000345
      ],
      [
        -0.0077651200000000125,
        0.007327840000000019,
        0.99992256,
        0.00014927999999996065,
        0.006604800000000092
      ],
      [
        0.003641440000000027,
        0.004670919999999962,
        0.00014927999999996065,
        0.98294364,
        -0.005457600000000007
      ],
      [
        0.006790399999999919,
        0.0076272000000000345,
        0.006604800000000092,
        -0.005457600000000007,
        0.5043840000000002
      ]
    ],
    [
      [
        0.99131376,
        -0.004623679999999961,
        -0.010144080000000048,
        -0.013292799999999974,
        0.00204600000000002
      ],
      [
        -0.004623679999999961,
        0.9999942400000003,
        -0.0033985600000000144,
        0.008550400000000001,
        0.014972000000000032
      ],
      [
        -0.010144080000000048,
        -0.0033985600000000144,
        0.99999964,
        0.001862399999999989,
        0.004807000000000026
      ],
      [
        -0.013292799999999974,
        0.008550400000000001,
        0.001862399999999989,
        0.9891840000000001,
        -0.00608000000000003
      ],
      [
        0.00204600000000002,
        0.014972000000000032,
        0.004807000000000026,
        -0.00608000000000003,
        0.570975
      ]
    ],
    [
      [
        0.989596,
        0.0038696000000000117,
        0.007917600000000063,
        -0.014493599999999985,
        0.01437639999999988
      ],
      [
        0.0038696000000000117,
        0.99997296,
        9.775999999997317e-05,
        -0.002955360000000045,
        -0.00559336000000003
      ],
      [
        0.007917600000000063,
        9.775999999997317e-05,
        0.9996465599999999,
        0.00760783999999997,
        0.016929839999999967
      ],
      [
        -0.014493599999999985,
        -0.002955360000000045,
        0.00760783999999997,
        0.98859376,
        0.005951760000000049
      ],
      [
        0.01437639999999988,
        -0.00559336000000003,
        0.016929839999999967,
        0.005951760000000049,
        0.66568476
      ]
    ],
    [
      [
        0.99518364,
        0.011724919999999996,
        0.00874699999999997,
        0.006796880000000051,
        0.00080348000000003
      ],
      [
        0.011724919999999996,
        0.99999676,
        -0.009208999999999903,
        0.008698639999999968,
        -0.01207155999999989
      ],
      [
        0.00874699999999997,
        -0.009208999999999903,
        0.999975,
        0.011674000000000056,
        -0.00602100000000013
      ],
      [
        0.006796880000000051,
        0.008698639999999968,
        0.011674000000000056,
        0.99699696,
        0.013934160000000025
      ],
      [
        0.00080348000000003,
        -0.01207155999999989,
        -0.00602100000000013,
        0.013934160000000025,
        0.76555036
      ]
    ],
    [
      [
        0.9975199599999999,
        0.00021991999999995077,
        -0.007012359999999967,
        0.008180520000000035,
        0.022865040000000073
      ],
      [
        0.00021991999999995077,
        0.99999984,
        0.0065952800000000505,
        0.007421040000000102,
        -0.008549919999999912
      ],
      [
        -0.007012359999999967,
        0.0065952800000000505,
        0.99986076,
        0.00022067999999999003,
        -0.003022639999999999
      ],
      [
        0.008180520000000035,
        0.007421040000000102,
        0.00022067999999999003,
        0.99723324,
        -0.02368552000000009
      ],
      [
        0.022865040000000073,
        -0.008549919999999912,
        -0.003022639999999999,
        -0.02368552000000009,
        0.85952496
      ]
    ],
    [
      [
        0.99820224,
        0.014889759999999905,
        0.003844480000000061,
        -0.009872639999999941,
        0.02239279999999992
      ],
      [
        0.014889759999999905,
        0.99999324,
        0.02023952000000002,
        -0.0019393599999999371,
        0.00197219999999996
      ],
      [
        0.003844480000000061,
        0.02023952000000002,
        0.99976896,
        -0.024385280000000002,
        -0.007114399999999974
      ],
      [
        -0.009872639999999941,
        -0.0019393599999999371,
        -0.024385280000000002,
        0.99712704,
        -0.00988080000000003
      ],
      [
        0.02239279999999992,
        0.00197219999999996,
        -0.007114399999999974,
        -0.00988080000000003,
        0.9117909999999999
      ]
    ],
    [
      [
        0.99802864,
        0.004292639999999964,
        0.012670639999999964,
        -0.01266400000000001,
        0.0011328799999999386
      ],
      [
        0.004292639999999964,
        0.99975664,
        0.006034639999999955,
        0.016936000000000014,
        0.008520879999999946
      ],
      [
        0.012670639999999964,
        0.006034639999999955,
        0.99988764,
        -0.017963999999999973,
        -0.0030281199999999805
      ],
      [
        -0.01266400000000001,
        0.016936000000000014,
        -0.017963999999999973,
        0.9964,
        0.01081199999999997
      ],
      [
        0.0011328799999999386,
        0.008520879999999946,
        -0.0030281199999999805,
        0.01081199999999997,
        0.9558159600000001
      ]
    ],
    [
      [
        0.99906364,
        2.8640000000035586e-05,
        0.00041003999999994636,
        0.006388000000000008,
        -0.0053260399999999946
      ],
      [
        2.8640000000035586e-05,
        0.9999686399999999,
        0.018675040000000004,
        0.00828800000000002,
        0.010908960000000006
      ],
      [
        0.00041003999999994636,
        0.018675040000000004,
        0.99982044,
        -0.0075320000000000005,
        0.005903559999999987
      ],
      [
        0.006388000000000008,
        0.00828800000000002,
        -0.0075320000000000005,
        0.9996,
        -0.00926800000000004
      ],
      [
        -0.0053260399999999946,
        0.010908960000000006,
        0.005903559999999987,
        -0.00926800000000004,
        0.9839724400000001
      ]
    ],
    [
      [
        0.99939484,
        -0.010090040000000047,
        0.00455767999999997,
        -0.006705279999999969,
        0.0029025600000000132
      ],
      [
        -0.010090040000000047,
        0.9998412399999999,
        -0.01578807999999997,
        0.009463679999999954,
        -0.005379359999999987
      ],
      [
        0.00455767999999997,
        -0.01578807999999997,
        0.9990513599999999,
        -0.016466559999999977,
        0.013517119999999994
      ],
      [
        -0.006705279999999969,
        0.009463679999999954,
        -0.016466559999999977,
        0.99864576,
        -0.014955520000000059
      ],
      [
        0.0029025600000000132,
        -0.005379359999999987,
        0.013517119999999994,
        -0.014955520000000059,
        0.9912390399999998
      ]
    ],
    [
      [
        0.99926016,
        0.000929279999999947,
        0.004833920000000047,
        0.0027417599999999573,
        -0.003803520000000024
      ],
      [
        0.000929279999999947,
        0.99999324,
        0.01842235999999997,
        0.0035370799999999937,
        0.0013908400000000017
      ],
      [
        0.004833920000000047,
        0.01842235999999997,
        0.99992604,
        0.00020812000000002633,
        -0.023031239999999942
      ],
      [
        0.0027417599999999573,
        0.0035370799999999937,
        0.00020812000000002633,
        0.99941436,
        -0.0018237200000000486
      ],
      [
        -0.003803520000000024,
        0.0013908400000000017,
        -0.023031239999999942,
        -0.0018237200000000486,
        0.99461244
      ]
    ],
    [
      [
        0.99980956,
        0.012375160000000022,
        -0.0060579600000000055,
        0.0009668800000000838,
        0.007273439999999996
      ],
      [
        0.012375160000000022,
        0.99999676,
        -7.5600000000000665e-06,
        -0.010604319999999999,
        -0.0033121599999999577
      ],
      [
        -0.0060579600000000055,
        -7.5600000000000665e-06,
        0.99998236,
        -0.007010079999999923,
        -0.007595040000000086
      ],
      [
        0.0009668800000000838,
        -0.010604319999999999,
        -0.007010079999999923,
        0.99999424,
        0.0009171200000000512
      ],
      [
        0.007273439999999996,
        -0.0033121599999999577,
        -0.007595040000000086,
        0.0009171200000000512,
        0.99761856
      ]
    ],
    [
      [
        0.999999,
        -0.016987599999999988,
        -0.010793799999999977,
        0.0033895999999999315,
        0.0028386000000000505
      ],
      [
        -0.016987599999999988,
        0.99984624,
        0.00012311999999997908,
        -0.009871039999999925,
        -0.011478640000000009
      ],
      [
        -0.010793799999999977,
        0.00012311999999997908,
        0.99996156,
        0.015064480000000097,
        -0.00823931999999995
      ],
      [
        0.0033895999999999315,
        -0.009871039999999925,
        0.015064480000000097,
        0.99989184,
        0.009401440000000011
      ],
      [
        0.0028386000000000505,
        -0.011478640000000009,
        -0.00823931999999995,
        0.009401440000000011,
        0.99851004
      ]
    ],
    [
      [
        0.99999516,
        0.0031863600000000087,
        -0.005403519999999905,
        -0.0004057199999999839,
        0.009424639999999963
      ],
      [
        0.0031863600000000087,
        0.9999615599999999,
        0.0029900800000000577,
        0.00038388000000001113,
        -0.0033305600000000986
      ],
      [
        -0.005403519999999905,
        0.0029900800000000577,
        0.99999744,
        0.007795840000000029,
        -0.012782079999999977
      ],
      [
        -0.0004057199999999839,
        0.00038388000000001113,
        0.007795840000000029,
        0.99999324,
        0.010629119999999888
      ],
      [
        0.009424639999999963,
        -0.0033305600000000986,
        -0.012782079999999977,
        0.010629119999999888,
        0.99987456
      ]
    ],
    [
      [
        0.999879,
        -0.0018482000000000275,
        -0.0164418,
        0.01536479999999994,
        0.0007364000000001016
      ],
      [
        -0.0018482000000000275,
        0.99980956,
        -0.002747559999999941,
        -0.01375584000000006,
        -0.009171119999999953
      ],
      [
        -0.0164418,
        -0.002747559999999941,
        0.99998556,
        0.003387839999999986,
        -0.016152879999999963
      ],
      [
        0.01536479999999994,
        -0.01375584000000006,
        0.003387839999999986,
        0.99998976,
        0.0016396799999999628
      ],
      [
        0.0007364000000001016,
        -0.009171119999999953,
        -0.016152879999999963,
        0.0016396799999999628,
        0.99984624
      ]
    ],
    [
      [
        0.99970416,
        0.012738080000000034,
        0.007509600000000038,
        0.012772480000000062,
        0.008144479999999895
      ],
      [
        0.012738080000000034,
        0.99998704,
        0.005664800000000023,
        0.006794240000000001,
        -0.0007697599999999947
      ],
      [
        0.007509600000000038,
        0.005664800000000023,
        0.999676,
        -0.004371199999999987,
        0.004248800000000015
      ],
      [
        0.012772480000000062,
        0.006794240000000001,
        -0.004371199999999987,
        0.99999744,
        -0.0011865599999999511
      ],
      [
        0.008144479999999895,
        -0.0007697599999999947,
        0.004248800000000015,
        -0.0011865599999999511,
        0.99992944
      ]
    ],
    [
      [
        0.99998704,
        -0.0073618399999999615,
        0.006054719999999978,
        0.01242016000000005,
        0.0008388799999999958
      ],
      [
        -0.0073618399999999615,
        0.99988764,
        -0.008361119999999984,
        0.0013406399999999288,
        0.01288552000000004
      ],
      [
        0.006054719999999978,
        -0.008361119999999984,
        0.9997689599999999,
        0.016314879999999997,
        -0.0025641600000000414
      ],
      [
        0.01242016000000005,
        0.0013406399999999288,
        0.016314879999999997,
        0.99996864,
        -0.010060480000000009
      ],
      [
        0.0008388799999999958,
        0.01288552000000004,
        -0.0025641600000000414,
        -0.010060480000000009,
        0.99988336
      ]
    ]
  ]
}