{
  "settings_list": [
    [
      1.6381113610703963,
      4.54913117877745,
      2.8633894099500234,
      2.1007341548933405,
      0.32047336120345743,
      3.139756839568444,
      2.888329400052309,
      0.2593729400074392,
      5.812319649505526,
      3.421473111539516,
      1.7522878871570982,
      2.1533670144111827,
      1.5183028532390193,
      0.581391892641017,
      2.186546879364096
    ],
    [
      1.6207584247928937,
      4.556457414185035,
      2.866163639504038,
      1.9949899291124433,
      0.3393798680906587,
      3.138586934467521,
      2.8578979029560467,
      0.29265894935993075,
      5.81268782514996,
      3.4248235416766923,
      1.6780736361268236,
      2.1581118497716396,
      1.5460030022457405,
      0.5818414366158932,
      2.18659610057887
    ],
    [
      1.605659678951967,
      4.562927449898571,
      2.866195337129674,
      1.9034275908653266,
      0.35443810410360715,
      3.1382327365507208,
      2.8225579140939616,
      0.325698835902876,
      5.815784223328177,
      3.4264685090448435,
      1.623012186509303,
      2.1592583192329133,
      1.5690156486480138,
      0.5816753753787527,
      2.187511713691328
    ],
    [
      1.589693622466887,
      4.565659327583146,
      2.8674841609959665,
      1.826297090033925,
      0.3607574549824872,
      3.1393674761428776,
      2.783842342139283,
      0.3649427814207592,
      5.817307801925164,
      3.4270220304210146,
      1.583152839513132,
      2.1652846023807486,
      1.5766078699824186,
      0.5799827430681431,
      2.1896635324934817
    ],
    [
      1.5749979638045803,
      4.566780517740255,
      2.868302353442889,
      1.763145386432388,
      0.3678875235505563,
      3.135437462730556,
      2.742394684600055,
      0.40698211310121934,
      5.819465664294791,
      3.4250960458813946,
      1.5496127626546539,
      2.166201776866536,
      1.5861432444128336,
      0.5811143397390602,
      2.1907999829028224
    ],
    [
      1.556395238324939,
      4.566303028260589,
      2.867285189495182,
      1.7183349292192096,
      0.370627342185901,
      3.134196397711643,
      2.7000395423436365,
      0.4494230245675512,
      5.8193289343492545,
      3.42609654685674,
      1.52351378006665,
      2.1664716518795406,
      1.5921624237898464,
      0.581332652956123,
      2.1905385201740724
    ],
    [
      1.5376893492130466,
      4.564134006218839,
      2.8659843873815194,
      1.6861102726965413,
      0.37320676070936404,
      3.134808295488822,
      2.656708232844927,
      0.49240888341013106,
      5.818755456581232,
      3.42559599059506,
      1.5102345508920427,
      2.167662587277451,
      1.598267359291721,
      0.5789554539080551,
      2.1920064004371915
    ],
    [
      1.5225013027202696,
      4.559914236981611,
      2.8655705901714863,
      1.6596059707458204,
      0.3728370884373596,
      3.133869681767409,
      2.60998539026763,
      0.5358785618839803,
      5.820310901330261,
      3.425814389062483,
      1.4970585485581513,
      2.1671753936712106,
      1.6102771192252217,
      0.5781453200784685,
      2.192496955054117
    ],
    [
      1.5034954382666772,
      4.555308601050843,
      2.8656178302693154,
      1.6461078338994806,
      0.37199175748618135,
      3.1357332744009194,
      2.569501301768863,
      0.5751084304521621,
      5.821457964960081,
      3.4262712943867313,
      1.490023295580143,
      2.1672868510127223,
      1.6123318824933741,
      0.5789996729843514,
      2.1931516063848946
    ],
    [
      1.4841381816991195,
      4.545375675907342,
      2.865408269661707,
      1.6231696654444765,
      0.37197870520373594,
      3.1377740700245855,
      2.5295778407873866,
      0.612734606934237,
      5.822953092111398,
      3.4262046757152196,
      1.4917222474291745,
      2.1681487268604256,
      1.6185528989648543,
      0.5800445953454676,
      2.192535717760588
    ],
    [
      1.464903747999049,
      4.534086840444123,
      2.8661028025756017,
      1.6223088586808476,
      0.3740631495205679,
      3.139221590918512,
      2.497599021766273,
      0.643768679932301,
      5.82349118664943,
      3.4267452678194914,
      1.4887636827170112,
      2.1697959790192254,
      1.6177295712497055,
      0.5793256080395348,
      2.193915904204054
    ],
    [
      1.445651261927904,
      4.520545454093368,
      2.8647311813432825,
      1.6176717399635105,
      0.37285760884566105,
      3.1402358087538027,
      2.472781472034648,
      0.667721263000574,
      5.822996476782885,
      3.4274347671356624,
      1.4973627912266736,
      2.169893348185727,
      1.6146833380961392,
      0.5797033644447956,
      2.193876200095857
    ],
    [
      1.4262519124611648,
      4.50757998382563,
      2.8668799983575033,
      1.6197863774176033,
      0.373327183146525,
      3.1410269763078507,
      2.4450444286009585,
      0.6963840934725868,
      5.822746475646642,
      3.428767203586363,
      1.496810613801368,
      2.170772386178047,
      1.6178883429521518,
      0.5789836831229525,
      2.1959544468733934
    ],
    [
      1.4034133170224627,
      4.492504797783162,
      2.8666154670999866,
      1.6196783832322095,
      0.3725866216257468,
      3.1422950939387486,
      2.4220273774763568,
      0.7208340303933343,
      5.822515950841592,
      3.4286569044775375,
      1.4975874276328853,
      2.170365706290656,
      1.6158455557270575,
      0.5765005038691912,
      2.1962624857038175
    ],
    [
      1.3796110599563514,
      4.474716781515169,
      2.864828856105617,
      1.6184832507769893,
      0.373401473593054,
      3.14216368461528,
      2.4026780856825822,
      0.7408651339961826,
      5.822118598928939,
      3.4266522058883915,
      1.4963162887162245,
      2.1710392855051155,
      1.6127873984448111,
      0.5746135025028075,
      2.197173345794888
    ],
    [
      1.353592413018361,
      4.455491911133992,
      2.865397281273075,
      1.6151837472128197,
      0.37379600319986517,
      3.141900507071427,
      2.3853801938288206,
      0.7572182792859697,
      5.821680541508873,
      3.4266310171807404,
      1.4952680356910117,
      2.170411289416029,
      1.6089554315503376,
      0.5746840932565883,
      2.197522463511328
    ],
    [
      1.3257743880232467,
      4.434286763588685,
      2.865914933884897,
      1.6153577082093682,
      0.3739048665783669,
      3.1423394323176757,
      2.376187785085267,
      0.7648694221853438,
      5.821905276026089,
      3.4261400270093616,
      1.4894443204046885,
      2.170686085109152,
      1.6012970023809927,
      0.5749725974190034,
      2.197209043734105
    ],
    [
      1.297813306208172,
      4.40955591579719,
      2.866280028922492,
      1.6143850101072934,
      0.375203151956374,
      3.142791726319656,
      2.3661231286762785,
      0.7767972876153804,
      5.82225989774081,
      3.4269876238431523,
      1.4926327639297639,
      2.1700784495363776,
      1.6033075521494329,
      0.574826121727262,
      2.1966353283899758
    ],
    [
      1.266410697116645,
      4.38359977799122,
      2.8656057715459275,
      1.6125631220619443,
      0.3749042627563049,
      3.1436813142301276,
      2.3568947464181305,
      0.7857341667200459,
      5.821804105522583,
      3.426902218418706,
      1.4949348462609362,
      2.1703030199289683,
      1.5980384455119376,
      0.5749702243498659,
      2.1954237641574013
    ],
    [
      1.2336614033127205,
      4.3557336523372605,
      2.8652108365999562,
      1.6128519560107237,
      0.37451799484951454,
      3.143052554272987,
      2.3510230167803603,
      0.7903590380804709,
      5.821938878785912,
      3.427600817379479,
      1.4943971580061752,
      2.1703557262961746,
      1.6053330609011474,
      0.5745917689681059,
      2.1962236222662885
    ],
    [
      1.2029279492372449,
      4.325612727735896,
      2.8654297904260893,
      1.6131805396659327,
      0.37469602547322145,
      3.143534933062067,
      2.348655645457217,
      0.7950965948494764,
      5.821113915968028,
      3.4278276319257075,
      1.4900160484980476,
      2.1715226040804154,
      1.5965041868837182,
      0.5745401542769117,
      2.1967147377036778
    ]
  ],
  "cost_vals": [],
  "step_size": 0.1,
  "opt_step_times": [
    157.5037398338318,
    149.47116899490356,
    142.95520663261414,
    177.0840871334076,
    147.00783157348633,
    151.61390924453735,
    150.6286425590515,
    145.86618900299072,
    152.99581265449524,
    21987.203446149826,
    6283.690937042236,
    6702.401741266251,
    184.0869960784912,
    13832.314658641815,
    206.35962748527527,
    174.42679262161255,
    156.5458881855011,
    257.3517506122589,
    156.5331165790558,
    156.88156175613403
  ],
  "opt_settings": [
    1.2029279492372449,
    4.325612727735896,
    2.8654297904260893,
    1.6131805396659327,
    0.37469602547322145,
    3.143534933062067,
    2.348655645457217,
    0.7950965948494764,
    5.821113915968028,
    3.4278276319257075,
    1.4900160484980476,
    2.1715226040804154,
    1.5965041868837182,
    0.5745401542769117,
    2.1967147377036778
  ],
  "min_cost": null,
  "datetime": "2023-05-23T20-27-57Z",
  "step_only": true,
  "ibm_device": "ibmq_belem",
  "shots": 10000,
  "prep_node_name": "5-qubit_zero_state",
  "num_qubits": 5,
  "error": false,
  "cov_mats": [
    [
      [
        0.78041404,
        0.0007549999999999502,
        -0.004601359999999999,
        0.001784319999999992,
        -0.0031623999999999125
      ],
      [
        0.0007549999999999502,
        0.819375,
        0.006429999999999991,
        -0.01056000000000007,
        0.003500000000000003
      ],
      [
        -0.004601359999999999,
        0.006429999999999991,
        0.6490622399999999,
        0.0007411200000000395,
        -0.0062383999999999565
      ],
      [
        0.001784319999999992,
        -0.01056000000000007,
        0.0007411200000000395,
        0.9476505599999999,
        0.01078079999999998
      ],
      [
        -0.0031623999999999125,
        0.003500000000000003,
        -0.0062383999999999565,
        0.01078079999999998,
        0.9929439999999999
      ]
    ],
    [
      [
        0.7953342399999999,
        0.0026351999999999487,
        -0.0016463999999999368,
        0.004616160000000077,
        0.014008480000000018
      ],
      [
        0.0026351999999999487,
        0.878896,
        0.007328000000000057,
        0.00515679999999992,
        0.00627039999999994
      ],
      [
        -0.0016463999999999368,
        0.007328000000000057,
        0.681904,
        0.0039023999999999726,
        0.007307200000000003
      ],
      [
        0.004616160000000077,
        0.00515679999999992,
        0.0039023999999999726,
        0.97701744,
        0.026092320000000044
      ],
      [
        0.014008480000000018,
        0.00627039999999994,
        0.007307200000000003,
        0.026092320000000044,
        0.99699696
      ]
    ],
    [
      [
        0.7845183600000001,
        0.002549280000000015,
        -0.0008382000000000944,
        0.005101959999999975,
        0.01656040000000007
      ],
      [
        0.002549280000000015,
        0.9332294400000001,
        -0.005293599999999982,
        0.009642079999999949,
        0.012619199999999947
      ],
      [
        -0.0008382000000000944,
        -0.005293599999999982,
        0.7201590000000001,
        0.0013798000000000143,
        -0.007698000000000038
      ],
      [
        0.005101959999999975,
        0.009642079999999949,
        0.0013798000000000143,
        0.98872156,
        -0.003435599999999938
      ],
      [
        0.01656040000000007,
        0.012619199999999947,
        -0.007698000000000038,
        -0.003435599999999938,
        0.998556
      ]
    ],
    [
      [
        0.780976,
        0.0016984000000000166,
        0.016910399999999992,
        0.005415199999999988,
        -0.002345599999999934
      ],
      [
        0.0016984000000000166,
        0.96244156,
        0.006357359999999979,
        -0.009967319999999991,
        -0.0042030400000000485
      ],
      [
        0.016910399999999992,
        0.006357359999999979,
        0.74719216,
        0.0013200799999999666,
        0.016909760000000065
      ],
      [
        0.005415199999999988,
        -0.009967319999999991,
        0.0013200799999999666,
        0.99382204,
        0.008318880000000015
      ],
      [
        -0.002345599999999934,
        -0.0042030400000000485,
        0.016909760000000065,
        0.008318880000000015,
        0.99846336
      ]
    ],
    [
      [
        0.7904191599999999,
        0.010889440000000056,
        0.0009854400000000318,
        -0.001193319999999956,
        -0.003948319999999991
      ],
      [
        0.010889440000000056,
        0.97903296,
        0.0038969599999999632,
        0.010401119999999925,
        -0.01541888000000003
      ],
      [
        0.0009854400000000318,
        0.0038969599999999632,
        0.7839609599999999,
        -0.003790879999999955,
        -0.0004108800000000058
      ],
      [
        -0.001193319999999956,
        0.010401119999999925,
        -0.003790879999999955,
        0.99647164,
        0.014156639999999991
      ],
      [
        -0.003948319999999991,
        -0.01541888000000003,
        -0.0004108800000000058,
        0.014156639999999991,
        0.99881664
      ]
    ],
    [
      [
        0.78968604,
        0.01821031999999998,
        0.013615800000000039,
        -0.007470119999999976,
        0.0015846799999999408
      ],
      [
        0.01821031999999998,
        0.9897585600000001,
        -0.014583599999999919,
        0.006273039999999996,
        -0.0035485600000000456
      ],
      [
        0.013615800000000039,
        -0.014583599999999919,
        0.837591,
        -0.009787400000000012,
        -0.007841399999999997
      ],
      [
        -0.007470119999999976,
        0.006273039999999996,
        -0.009787400000000012,
        0.99804636,
        0.03324195999999999
      ],
      [
        0.0015846799999999408,
        -0.0035485600000000456,
        -0.007841399999999997,
        0.03324195999999999,
        0.9993135599999998
      ]
    ],
    [
      [
        0.804636,
        -0.006557200000000082,
        0.002052800000000077,
        0.010647199999999949,
        0.01119759999999997
      ],
      [
        -0.006557200000000082,
        0.99461244,
        -0.01037455999999998,
        -0.0005154399999999669,
        -0.008537519999999986
      ],
      [
        0.002052800000000077,
        -0.01037455999999998,
        0.8568134399999999,
        0.0019465600000000277,
        -0.0038915199999999374
      ],
      [
        0.010647199999999949,
        -0.0005154399999999669,
        0.0019465600000000277,
        0.99919344,
        0.0035115199999999156
      ],
      [
        0.01119759999999997,
        -0.008537519999999986,
        -0.0038915199999999374,
        0.0035115199999999156,
        0.99970416
      ]
    ],
    [
      [
        0.799296,
        -0.014452800000000005,
        -0.004004800000000003,
        0.0023727999999999445,
        -0.002476800000000043
      ],
      [
        -0.014452800000000005,
        0.9982860399999999,
        0.009259639999999951,
        0.017657960000000007,
        -0.0033057600000000625
      ],
      [
        -0.004004800000000003,
        0.009259639999999951,
        0.8992572400000001,
        -0.0007556399999999297,
        0.01705584000000006
      ],
      [
        0.0023727999999999445,
        0.017657960000000007,
        -0.0007556399999999297,
        0.99999804,
        -0.0006302399999999633
      ],
      [
        -0.002476800000000043,
        -0.0033057600000000625,
        0.01705584000000006,
        -0.0006302399999999633,
        0.99953344
      ]
    ],
    [
      [
        0.8035737599999999,
        0.0009190400000000133,
        -0.003112959999999998,
        0.008965760000000062,
        0.01028159999999997
      ],
      [
        0.0009190400000000133,
        0.99777216,
        0.008444159999999984,
        -0.005812959999999983,
        -0.015033600000000029
      ],
      [
        -0.003112959999999998,
        0.008444159999999984,
        0.91751616,
        -0.00224495999999997,
        0.004646399999999926
      ],
      [
        0.008965760000000062,
        -0.005812959999999983,
        -0.00224495999999997,
        0.99993276,
        0.026101599999999975
      ],
      [
        0.01028159999999997,
        -0.015033600000000029,
        0.004646399999999926,
        0.026101599999999975,
        0.999856
      ]
    ],
    [
      [
        0.80250864,
        0.005955519999999976,
        -0.002232479999999981,
        0.0010667200000000552,
        0.00013296000000004044
      ],
      [
        0.005955519999999976,
        0.9999993599999999,
        0.009415360000000076,
        0.004400960000000015,
        0.009993280000000092
      ],
      [
        -0.002232479999999981,
        0.009415360000000076,
        0.94673136,
        -0.003723039999999953,
        0.013261280000000058
      ],
      [
        0.0010667200000000552,
        0.004400960000000015,
        -0.003723039999999953,
        0.99999856,
        0.016410079999999997
      ],
      [
        0.00013296000000004044,
        0.009993280000000092,
        0.013261280000000058,
        0.016410079999999997,
        0.9999294399999998
      ]
    ],
    [
      [
        0.7987580400000001,
        0.005846759999999986,
        -0.002676280000000017,
        -0.002753280000000001,
        -0.005452319999999954
      ],
      [
        0.005846759999999986,
        0.99972444,
        -0.012357320000000005,
        -0.00012031999999992228,
        0.002453920000000018
      ],
      [
        -0.002676280000000017,
        -0.012357320000000005,
        0.96382396,
        0.001112960000000011,
        -0.013073759999999983
      ],
      [
        -0.002753280000000001,
        -0.00012031999999992228,
        0.001112960000000011,
        0.9999769599999999,
        0.002442240000000014
      ],
      [
        -0.005452319999999954,
        0.002453920000000018,
        -0.013073759999999983,
        0.002442240000000014,
        0.99992256
      ]
    ],
    [
      [
        0.80126236,
        -0.0029417200000000556,
        0.0033786799999999395,
        -0.004860439999999976,
        -0.006383200000000007
      ],
      [
        -0.0029417200000000556,
        0.99929244,
        -0.008778359999999989,
        -0.00448611999999997,
        -0.010893600000000015
      ],
      [
        0.0033786799999999395,
        -0.008778359999999989,
        0.9729068399999999,
        -0.009257720000000011,
        0.0020583999999998653
      ],
      [
        -0.004860439999999976,
        -0.00448611999999997,
        -0.009257720000000011,
        0.99986076,
        0.010952799999999957
      ],
      [
        -0.006383200000000007,
        -0.010893600000000015,
        0.0020583999999998653,
        0.010952799999999957,
        0.999984
      ]
    ],
    [
      [
        0.81886464,
        0.0029923200000000153,
        0.0034191999999999695,
        -0.008258879999999951,
        -0.009629120000000022
      ],
      [
        0.0029923200000000153,
        0.99985116,
        0.0028845999999999447,
        0.0050755599999999824,
        0.014680439999999953
      ],
      [
        0.0034191999999999695,
        0.0028845999999999447,
        0.975351,
        0.004798599999999963,
        0.007661400000000092
      ],
      [
        -0.008258879999999951,
        0.0050755599999999824,
        0.004798599999999963,
        0.99989596,
        0.02110004000000008
      ],
      [
        -0.009629120000000022,
        0.014680439999999953,
        0.007661400000000092,
        0.02110004000000008,
        0.99990396
      ]
    ],
    [
      [
        0.82711036,
        0.01466319999999998,
        -0.014408360000000009,
        0.007009560000000055,
        -0.0030232799999999798
      ],
      [
        0.01466319999999998,
        0.999984,
        0.012176799999999967,
        -0.0018327999999999693,
        0.0016464000000000463
      ],
      [
        -0.014408360000000009,
        0.012176799999999967,
        0.98880636,
        -0.009267559999999979,
        -0.007772720000000042
      ],
      [
        0.007009560000000055,
        -0.0018327999999999693,
        -0.009267559999999979,
        0.99993276,
        -0.01250488
      ],
      [
        -0.0030232799999999798,
        0.0016464000000000463,
        -0.007772720000000042,
        -0.01250488,
        0.9998654399999999
      ]
    ],
    [
      [
        0.83124336,
        0.0021112799999999485,
        0.007204399999999937,
        0.0020779199999999285,
        -7.463999999998065e-05
      ],
      [
        0.0021112799999999485,
        0.99995644,
        0.0017862000000000086,
        0.008650160000000025,
        -0.01602771999999999
      ],
      [
        0.007204399999999937,
        0.0017862000000000086,
        0.991351,
        -0.009093199999999977,
        0.00880940000000001
      ],
      [
        0.0020779199999999285,
        0.008650160000000025,
        -0.009093199999999977,
        0.99994224,
        0.012631920000000055
      ],
      [
        -7.463999999998065e-05,
        -0.01602771999999999,
        0.00880940000000001,
        0.012631920000000055,
        0.99998236
      ]
    ],
    [
      [
        0.83742976,
        -0.00780319999999994,
        -0.01177247999999996,
        -0.006341759999999971,
        -0.00032256000000002
      ],
      [
        -0.00780319999999994,
        0.999999,
        -0.009141399999999989,
        0.00019319999999997827,
        -0.004200800000000064
      ],
      [
        -0.01177247999999996,
        -0.009141399999999989,
        0.99656604,
        -0.003401520000000049,
        0.008246879999999924
      ],
      [
        -0.006341759999999971,
        0.00019319999999997827,
        -0.003401520000000049,
        0.99995376,
        -5.439999999999468e-06
      ],
      [
        -0.00032256000000002,
        -0.004200800000000064,
        0.008246879999999924,
        -5.439999999999468e-06,
        0.99999936
      ]
    ],
    [
      [
        0.83565084,
        0.0038000000000000256,
        -0.01315168000000002,
        0.011724200000000054,
        0.00981087999999999
      ],
      [
        0.0038000000000000256,
        1.0,
        -0.0003999999999999837,
        0.011000000000000038,
        -0.00959999999999997
      ],
      [
        -0.01315168000000002,
        -0.0003999999999999837,
        0.99630336,
        -0.011198399999999973,
        -0.009221759999999985
      ],
      [
        0.011724200000000054,
        0.011000000000000038,
        -0.011198399999999973,
        0.999471,
        0.014494400000000044
      ],
      [
        0.00981087999999999,
        -0.00959999999999997,
        -0.009221759999999985,
        0.014494400000000044,
        0.99983616
      ]
    ],
    [
      [
        0.85726716,
        -0.006599800000000027,
        -0.0067857599999999706,
        -0.006884320000000011,
        0.0019600799999999934
      ],
      [
        -0.006599800000000027,
        0.999919,
        0.007832800000000015,
        0.006949599999999951,
        -0.012632400000000054
      ],
      [
        -0.0067857599999999706,
        0.007832800000000015,
        0.99833536,
        0.0033715199999999924,
        -0.014546879999999937
      ],
      [
        -0.006884320000000011,
        0.006949599999999951,
        0.0033715199999999924,
        0.99996864,
        -0.007220159999999901
      ],
      [
        0.0019600799999999934,
        -0.012632400000000054,
        -0.014546879999999937,
        -0.007220159999999901,
        0.9999870399999999
      ]
    ],
    [
      [
        0.85907484,
        -0.020472519999999966,
        -0.0004370399999999511,
        -0.0035185200000000007,
        0.010149519999999978
      ],
      [
        -0.020472519999999966,
        0.99996156,
        0.00479912000000006,
        0.0002995600000000395,
        0.007007440000000006
      ],
      [
        -0.0004370399999999511,
        0.00479912000000006,
        0.99895024,
        -0.004324880000000053,
        -0.007561119999999913
      ],
      [
        -0.0035185200000000007,
        0.0002995600000000395,
        -0.004324880000000053,
        0.99973756,
        0.008619439999999968
      ],
      [
        0.010149519999999978,
        0.007007440000000006,
        -0.007561119999999913,
        0.008619439999999968,
        0.99999856
      ]
    ],
    [
      [
        0.87411696,
        0.00215504000000001,
        0.008592719999999991,
        0.008103280000000039,
        0.029741439999999984
      ],
      [
        0.00215504000000001,
        0.9999729599999999,
        0.01831128000000002,
        0.01859271999999998,
        0.010466559999999854
      ],
      [
        0.008592719999999991,
        0.01831128000000002,
        0.9995420399999999,
        0.018029960000000015,
        0.004726080000000004
      ],
      [
        0.008103280000000039,
        0.01859271999999998,
        0.018029960000000015,
        0.9999980399999999,
        0.021817920000000015
      ],
      [
        0.029741439999999984,
        0.010466559999999854,
        0.004726080000000004,
        0.021817920000000015,
        0.9998361599999999
      ]
    ],
    [
      [
        0.87553216,
        0.010668640000000012,
        -0.0021673599999999446,
        -0.007164960000000076,
        -0.002598560000000089
      ],
      [
        0.010668640000000012,
        0.99980956,
        -0.0020594400000000235,
        0.009575159999999914,
        -0.017059239999999993
      ],
      [
        -0.0021673599999999446,
        -0.0020594400000000235,
        0.99964656,
        -0.0050338400000000325,
        -0.0012082400000000112
      ],
      [
        -0.007164960000000076,
        0.009575159999999914,
        -0.0050338400000000325,
        0.99999676,
        0.018818360000000124
      ],
      [
        -0.002598560000000089,
        -0.017059239999999993,
        -0.0012082400000000112,
        0.018818360000000124,
        0.99989596
      ]
    ]
  ]
}