{
  "settings_list": [
    [
      1.5350553761513424,
      5.895922922318794,
      4.275798527771489,
      5.425995664458514,
      3.4521085765396444,
      4.876216893613607,
      1.4217626464761195,
      4.294875836143345,
      2.3917878943569764,
      5.658427437926077,
      1.6274221147866776,
      4.926543687171159,
      2.7717593328133163,
      3.5184538013876914,
      3.674153652652327
    ],
    [
      1.6039574561513423,
      5.9139981223187945,
      4.287134207771489,
      5.545496784458514,
      3.4397063365396443,
      4.860009533613607,
      1.4095472864761196,
      4.319135676143345,
      2.3841302943569764,
      5.6432706379260775,
      1.6219001947866776,
      4.943477127171159,
      2.8042898928133164,
      3.4694989213876912,
      3.6581901326523267
    ],
    [
      1.6102583201513423,
      5.924461610318795,
      4.304562143771489,
      5.6914789284585146,
      3.396200832539644,
      4.869299133613607,
      1.3909065504761196,
      4.326972668143345,
      2.3654091103569765,
      5.648534285926077,
      1.6575033947866775,
      4.9802324871711585,
      2.8415387888133163,
      3.4137821213876913,
      3.6717517646523268
    ],
    [
      1.6145040161513422,
      5.936308074318795,
      4.313745919771489,
      5.845602288458514,
      3.3428834885396443,
      4.9330623336136075,
      1.3369357664761194,
      4.312897564143345,
      2.4455950623569764,
      5.614695693926077,
      1.7381413467866775,
      4.944747623171159,
      2.9250319728133163,
      3.3422208413876913,
      3.700853620652327
    ],
    [
      1.6072089121513422,
      5.950862954318795,
      4.312220287771489,
      5.979710960458514,
      3.3014423365396444,
      4.933591741613608,
      1.2694827104761195,
      4.262717468143345,
      2.4430561823569765,
      5.587912973926077,
      1.7333450587866774,
      4.918982119171159,
      3.0045610608133164,
      3.2777234333876915,
      3.697719796652327
    ],
    [
      1.6623105761513421,
      5.912470218318796,
      4.331842975771489,
      6.084375504458515,
      3.262318368539644,
      4.9025808616136075,
      1.2898155424761195,
      4.273300316143345,
      2.4197341023569763,
      5.579425005926077,
      1.7285404827866775,
      4.885328583171159,
      3.0744173808133164,
      3.2556815133876915,
      3.703276660652327
    ],
    [
      1.870276912151342,
      5.9432947943187955,
      4.323190303771489,
      6.169781840458515,
      3.2050121285396442,
      4.875755901613608,
      1.2082108064761194,
      4.267291996143345,
      2.415480534356976,
      5.5921101899260774,
      1.7725787547866774,
      4.873016007171159,
      3.0569489648133166,
      3.2360237853876916,
      3.700475636652327
    ],
    [
      2.113336880151342,
      5.938772298318796,
      4.303609375771489,
      6.263664464458515,
      3.2157843525396443,
      4.900926717613608,
      1.1769596064761194,
      4.216933852143345,
      2.420425302356976,
      5.570584941926078,
      1.8786787227866775,
      4.8865188551711585,
      3.0787413488133164,
      3.2099704093876915,
      3.682237300652327
    ],
    [
      2.534558768151342,
      6.024119370318796,
      4.299758879771489,
      6.267625552458514,
      3.214557856539644,
      4.935947517613608,
      1.2166419104761195,
      4.209924316143345,
      2.388461654356976,
      5.6771741259260775,
      2.1449952667866774,
      4.811894087171159,
      3.1338632688133163,
      3.1478392093876915,
      3.7401445006523266
    ],
    [
      2.8887078561513424,
      6.321481066318796,
      4.333679519771489,
      6.251888080458515,
      3.0817094405396444,
      4.910646269613608,
      1.1151133664761195,
      4.128344860143345,
      2.369859798356976,
      5.811489773926078,
      2.5594577947866775,
      4.873940103171159,
      3.1232474928133165,
      3.1684674973876916,
      3.8331156046523267
    ],
    [
      3.0381313441513425,
      6.183253610318796,
      4.376109087771489,
      6.1831077924585145,
      3.1180801285396442,
      4.896300541613607,
      1.0138849504761196,
      4.205145372143345,
      2.358752342356976,
      6.221667949926077,
      2.9980675867866777,
      4.914598791171159,
      3.000497412813316,
      3.2173828253876917,
      3.8570347086523267
    ],
    [
      3.1170169761513424,
      6.426628458318796,
      4.442609823771489,
      6.321606736458515,
      3.1117692165396442,
      4.873046013613608,
      0.7825176544761194,
      3.922648220143345,
      2.382297814356976,
      6.412243821926078,
      3.235421954786678,
      4.953564295171159,
      3.150550532813316,
      3.0502651293876917,
      3.8416744526523265
    ],
    [
      3.2056901921513425,
      6.144790058318796,
      4.424052383771489,
      6.179176944458515,
      3.068477120539644,
      4.759979869613607,
      0.3822279264761193,
      3.497375164143345,
      2.277466454356976,
      6.1274394699260775,
      3.0902222107866777,
      5.036061799171159,
      3.204117412813316,
      2.9820726813876917,
      3.8253745166523268
    ],
    [
      3.2030246881513427,
      6.2326365543187965,
      4.46953519977149,
      6.264908336458515,
      3.209805600539644,
      4.8480370856136075,
      -0.020924265523880936,
      3.1185371161433446,
      2.239387574356976,
      6.257144493926077,
      3.318903042786678,
      5.048514407171159,
      2.980303780813316,
      3.1685671773876916,
      3.819762868652327
    ],
    [
      3.1813885921513427,
      6.376406154318796,
      4.520333791771489,
      6.290453552458516,
      2.9273741765396437,
      4.863479453613607,
      -0.12857002552388097,
      3.0304553881433445,
      2.216814326356976,
      6.120661677926077,
      2.8370225947866774,
      5.0109787911711585,
      3.170076772813316,
      3.0263088093876918,
      3.853991092652327
    ],
    [
      3.144096688151343,
      6.099972490318796,
      4.4692181437714895,
      6.2238736484585155,
      3.2002284485396437,
      4.796501789613607,
      -0.14585488952388082,
      3.1310133401433444,
      2.373400438356976,
      6.300832045926077,
      3.0024586907866775,
      4.9454078471711584,
      3.4073624048133158,
      2.958731913387692,
      3.916633652652327
    ],
    [
      3.1110406881513426,
      6.515572490318796,
      4.57310934377149,
      6.364894448458516,
      3.0528428485396435,
      4.814498589613606,
      0.29354991047611945,
      3.2642165401433445,
      2.3781172383569755,
      6.187468845926077,
      3.0675562907866776,
      4.918083047171159,
      2.920280804813316,
      3.265173513387692,
      3.986513652652327
    ],
    [
      3.2411211681513428,
      6.2082975463187955,
      4.49529305577149,
      6.118467472458516,
      2.9912408965396438,
      4.640578205613606,
      -0.1316499615238808,
      3.2808371801433447,
      2.4528599263569757,
      6.243367373926077,
      3.0900201947866774,
      4.9432866631711585,
      3.064967780813316,
      3.0324552413876917,
      3.8136615566523266
    ],
    [
      2.992978064151343,
      6.355504458318795,
      4.47524031977149,
      6.363823376458516,
      3.089312064539644,
      4.5405624616136055,
      0.23327906247611907,
      2.894684604143345,
      2.4734699743569757,
      6.384430157926077,
      3.0605940187866776,
      4.946111879171158,
      3.261985508813316,
      3.2538640093876916,
      3.8717895566523266
    ],
    [
      3.1496213921513427,
      6.378149322318795,
      4.36788799977149,
      6.276247952458516,
      3.287341376539644,
      4.555031965613606,
      -0.32245712952388084,
      3.209213884143345,
      2.628615190356976,
      6.331222349926077,
      3.2636285147866775,
      5.0196824391711585,
      3.246434532813316,
      3.1882702813876915,
      3.9643211406523267
    ],
    [
      3.1572925281513426,
      6.170262378318795,
      4.47749705577149,
      6.3242473764585165,
      2.9662790725396437,
      4.6036464296136055,
      0.27741295047611936,
      3.0718079961433444,
      2.578186006356976,
      6.267122477926077,
      2.8910881947866773,
      4.929764871171159,
      3.090507940813316,
      3.0254928413876914,
      4.026744468652327
    ]
  ],
  "cost_vals": [],
  "step_size": 0.1,
  "opt_step_times": [
    0.12713289260864258,
    0.1180412769317627,
    0.12869715690612793,
    0.12723612785339355,
    0.13403797149658203,
    0.12234282493591309,
    0.13739299774169922,
    0.13645005226135254,
    0.13591909408569336,
    0.12538409233093262,
    0.21491599082946777,
    0.13630986213684082,
    0.12190413475036621,
    0.1205441951751709,
    0.11900901794433594,
    0.1315782070159912,
    0.12203693389892578,
    0.11844515800476074,
    0.1187899112701416,
    0.11857199668884277
  ],
  "opt_settings": [
    3.1572925281513426,
    6.170262378318795,
    4.47749705577149,
    6.3242473764585165,
    2.9662790725396437,
    4.6036464296136055,
    0.27741295047611936,
    3.0718079961433444,
    2.578186006356976,
    6.267122477926077,
    2.8910881947866773,
    4.929764871171159,
    3.090507940813316,
    3.0254928413876914,
    4.026744468652327
  ],
  "min_cost": null,
  "datetime": "2023-05-30T16-33-34Z",
  "step_only": true,
  "ibm_device": "default.qubit",
  "shots": 100,
  "prep_node_name": "5-qubit_ghz_state",
  "num_qubits": 5,
  "error": false,
  "cov_mats": [
    [
      [
        0.9936,
        -2.7755575615628914e-17,
        0.21840000000000007,
        0.09839999999999992,
        0.003200000000000006
      ],
      [
        -2.7755575615628914e-17,
        1.0,
        -0.020000000000000018,
        -0.10000000000000006,
        -0.6
      ],
      [
        0.21840000000000007,
        -0.020000000000000018,
        0.9996,
        0.19959999999999997,
        0.020799999999999992
      ],
      [
        0.09839999999999992,
        -0.10000000000000006,
        0.19959999999999997,
        0.9996,
        -0.09919999999999998
      ],
      [
        0.003200000000000006,
        -0.6,
        0.020799999999999992,
        -0.09919999999999998,
        0.9984
      ]
    ],
    [
      [
        0.9996,
        0.13840000000000008,
        0.040400000000000005,
        -0.13839999999999997,
        -0.08040000000000007
      ],
      [
        0.13840000000000008,
        0.9936,
        0.021600000000000022,
        0.08640000000000002,
        -0.6216
      ],
      [
        0.040400000000000005,
        0.021600000000000022,
        0.9996,
        -0.021600000000000074,
        -0.07960000000000007
      ],
      [
        -0.13839999999999997,
        0.08640000000000002,
        -0.021600000000000074,
        0.9936,
        -0.21840000000000004
      ],
      [
        -0.08040000000000007,
        -0.6216,
        -0.07960000000000007,
        -0.21840000000000004,
        0.9996
      ]
    ],
    [
      [
        0.9996,
        -0.06080000000000003,
        -0.14080000000000004,
        -0.03879999999999998,
        -0.02159999999999996
      ],
      [
        -0.06080000000000003,
        0.9984,
        0.07840000000000001,
        -0.1776,
        -0.6431999999999999
      ],
      [
        -0.14080000000000004,
        0.07840000000000001,
        0.9984,
        0.062400000000000004,
        -0.08320000000000005
      ],
      [
        -0.03879999999999998,
        -0.1776,
        0.062400000000000004,
        0.9964,
        0.024799999999999968
      ],
      [
        -0.02159999999999996,
        -0.6431999999999999,
        -0.08320000000000005,
        0.024799999999999968,
        0.9936
      ]
    ],
    [
      [
        0.9996,
        -0.020000000000000018,
        0.14160000000000003,
        -0.07960000000000007,
        -0.020000000000000018
      ],
      [
        -0.020000000000000018,
        1.0,
        0.040000000000000036,
        0.06,
        -0.7200000000000001
      ],
      [
        0.14160000000000003,
        0.040000000000000036,
        0.9936,
        -0.14159999999999995,
        0.0
      ],
      [
        -0.07960000000000007,
        0.06,
        -0.14159999999999995,
        0.9996,
        -0.10000000000000003
      ],
      [
        -0.020000000000000018,
        -0.7200000000000001,
        0.0,
        -0.10000000000000003,
        1.0000000000000002
      ]
    ],
    [
      [
        0.9856,
        -0.14399999999999996,
        -0.10720000000000005,
        0.016000000000000007,
        0.144
      ],
      [
        -0.14399999999999996,
        0.96,
        0.08799999999999994,
        0.08000000000000002,
        -0.96
      ],
      [
        -0.10720000000000005,
        0.08799999999999994,
        0.9964,
        -0.192,
        -0.08799999999999994
      ],
      [
        0.016000000000000007,
        0.08000000000000002,
        -0.192,
        0.96,
        -0.08000000000000003
      ],
      [
        0.144,
        -0.96,
        -0.08799999999999994,
        -0.08000000000000003,
        0.96
      ]
    ],
    [
      [
        1.0,
        0.020000000000000018,
        0.01999999999999999,
        0.060000000000000026,
        -0.020000000000000018
      ],
      [
        0.020000000000000018,
        0.9964,
        0.048399999999999985,
        0.12119999999999997,
        -0.9964
      ],
      [
        0.01999999999999999,
        0.048399999999999985,
        0.9804,
        -0.12279999999999996,
        -0.04840000000000001
      ],
      [
        0.060000000000000026,
        0.12119999999999997,
        -0.12279999999999996,
        0.9996,
        -0.12119999999999997
      ],
      [
        -0.020000000000000018,
        -0.9964,
        -0.04840000000000001,
        -0.12119999999999997,
        0.9964
      ]
    ],
    [
      [
        0.9964,
        0.23880000000000004,
        -0.043600000000000014,
        0.003600000000000034,
        -0.23880000000000004
      ],
      [
        0.23880000000000004,
        0.9996,
        0.1988,
        0.04120000000000001,
        -0.9996
      ],
      [
        -0.043600000000000014,
        0.1988,
        0.9964,
        0.12360000000000003,
        -0.1988
      ],
      [
        0.003600000000000034,
        0.04120000000000001,
        0.12360000000000003,
        0.9964,
        -0.041200000000000014
      ],
      [
        -0.23880000000000004,
        -0.9996,
        -0.1988,
        -0.041200000000000014,
        0.9996
      ]
    ],
    [
      [
        0.9996,
        0.4788,
        0.05759999999999997,
        0.24120000000000003,
        -0.4788
      ],
      [
        0.4788,
        0.9964,
        0.2528,
        0.40359999999999996,
        -0.9964
      ],
      [
        0.05759999999999997,
        0.2528,
        0.9856,
        -0.012800000000000008,
        -0.2528
      ],
      [
        0.24120000000000003,
        0.40359999999999996,
        -0.012800000000000008,
        0.9964000000000001,
        -0.40359999999999996
      ],
      [
        -0.4788,
        -0.9964,
        -0.2528,
        -0.40359999999999996,
        0.9964
      ]
    ],
    [
      [
        0.9964,
        0.8176000000000001,
        0.33999999999999997,
        0.5539999999999999,
        -0.8364
      ],
      [
        0.8176000000000001,
        0.9984,
        0.24000000000000005,
        0.616,
        -0.9776000000000001
      ],
      [
        0.33999999999999997,
        0.24000000000000005,
        1.0,
        0.06000000000000005,
        -0.22000000000000006
      ],
      [
        0.5539999999999999,
        0.616,
        0.06000000000000005,
        0.99,
        -0.5940000000000001
      ],
      [
        -0.8364,
        -0.9776000000000001,
        -0.22000000000000006,
        -0.5940000000000001,
        0.9964
      ]
    ],
    [
      [
        0.9964,
        0.9776,
        0.28840000000000005,
        0.6551999999999999,
        -0.9776
      ],
      [
        0.9776,
        0.9984,
        0.2656,
        0.6768,
        -0.9984
      ],
      [
        0.28840000000000005,
        0.2656,
        0.9803999999999999,
        0.07120000000000004,
        -0.2656
      ],
      [
        0.6551999999999999,
        0.6768,
        0.07120000000000004,
        0.9936,
        -0.6768
      ],
      [
        -0.9776,
        -0.9984,
        -0.2656,
        -0.6768,
        0.9984
      ]
    ],
    [
      [
        0.9984,
        0.9984,
        0.1568,
        0.9792,
        -0.9776
      ],
      [
        0.9984,
        0.9984,
        0.1568,
        0.9792,
        -0.9776
      ],
      [
        0.1568,
        0.1568,
        0.9936,
        0.1384,
        -0.1352
      ],
      [
        0.9792,
        0.9792,
        0.1384,
        0.9996,
        -0.9588
      ],
      [
        -0.9776,
        -0.9776,
        -0.1352,
        -0.9588,
        0.9964
      ]
    ],
    [
      [
        0.9996,
        0.9996,
        0.46399999999999997,
        0.9996,
        -0.9603999999999999
      ],
      [
        0.9996,
        0.9996,
        0.46399999999999997,
        0.9996,
        -0.9603999999999999
      ],
      [
        0.46399999999999997,
        0.46399999999999997,
        0.96,
        0.46399999999999997,
        -0.45599999999999996
      ],
      [
        0.9996,
        0.9996,
        0.46399999999999997,
        0.9996,
        -0.9603999999999999
      ],
      [
        -0.9603999999999999,
        -0.9603999999999999,
        -0.45599999999999996,
        -0.9603999999999999,
        0.9996
      ]
    ],
    [
      [
        0.9856,
        0.9632000000000001,
        0.8400000000000001,
        0.9632000000000001,
        -0.8960000000000001
      ],
      [
        0.9632000000000001,
        0.9804,
        0.8600000000000001,
        0.9804,
        -0.912
      ],
      [
        0.8400000000000001,
        0.8600000000000001,
        1.0,
        0.8600000000000001,
        -0.8
      ],
      [
        0.9632000000000001,
        0.9804,
        0.8600000000000001,
        0.9804,
        -0.912
      ],
      [
        -0.8960000000000001,
        -0.912,
        -0.8,
        -0.912,
        0.96
      ]
    ],
    [
      [
        0.99,
        0.99,
        0.99,
        0.968,
        -0.99
      ],
      [
        0.99,
        0.99,
        0.99,
        0.968,
        -0.99
      ],
      [
        0.99,
        0.99,
        0.99,
        0.968,
        -0.99
      ],
      [
        0.968,
        0.968,
        0.968,
        0.9856,
        -0.968
      ],
      [
        -0.99,
        -0.99,
        -0.99,
        -0.968,
        0.99
      ]
    ],
    [
      [
        0.99,
        0.9099999999999999,
        0.9279999999999999,
        0.8340000000000001,
        -0.9319999999999999
      ],
      [
        0.9099999999999999,
        0.99,
        0.9279999999999999,
        0.8340000000000001,
        -0.9319999999999999
      ],
      [
        0.9279999999999999,
        0.9279999999999999,
        0.9856,
        0.8928,
        -0.9503999999999999
      ],
      [
        0.8340000000000001,
        0.8340000000000001,
        0.8928,
        0.9964,
        -0.8552
      ],
      [
        -0.9319999999999999,
        -0.9319999999999999,
        -0.9503999999999999,
        -0.8552,
        0.9936
      ]
    ],
    [
      [
        1.0,
        0.98,
        0.96,
        0.96,
        -0.96
      ],
      [
        0.98,
        0.9996,
        0.98,
        0.9792,
        -0.9792
      ],
      [
        0.96,
        0.98,
        1.0,
        0.96,
        -0.96
      ],
      [
        0.96,
        0.9792,
        0.96,
        0.9984,
        -0.9583999999999999
      ],
      [
        -0.96,
        -0.9792,
        -0.96,
        -0.9583999999999999,
        0.9984
      ]
    ],
    [
      [
        0.9743999999999999,
        0.9512,
        0.9008,
        0.9576000000000001,
        -0.9512
      ],
      [
        0.9512,
        0.9676,
        0.8784,
        0.9348000000000001,
        -0.9276000000000001
      ],
      [
        0.9008,
        0.8784,
        0.9856,
        0.8832,
        -0.8784000000000001
      ],
      [
        0.9576000000000001,
        0.9348000000000001,
        0.8832,
        0.9804,
        -0.9348000000000001
      ],
      [
        -0.9512,
        -0.9276000000000001,
        -0.8784000000000001,
        -0.9348000000000001,
        0.9676
      ]
    ],
    [
      [
        0.9856,
        0.9456,
        0.9632,
        0.9856,
        -0.9856
      ],
      [
        0.9456,
        0.9856,
        0.9231999999999999,
        0.9456,
        -0.9456
      ],
      [
        0.9632,
        0.9231999999999999,
        0.9803999999999999,
        0.9632,
        -0.9632
      ],
      [
        0.9856,
        0.9456,
        0.9632,
        0.9856,
        -0.9856
      ],
      [
        -0.9856,
        -0.9456,
        -0.9632,
        -0.9856,
        0.9856
      ]
    ],
    [
      [
        0.9936,
        0.9319999999999999,
        0.92,
        0.9936,
        -0.9936
      ],
      [
        0.9319999999999999,
        0.99,
        0.86,
        0.9319999999999999,
        -0.9319999999999999
      ],
      [
        0.92,
        0.86,
        1.0,
        0.92,
        -0.92
      ],
      [
        0.9936,
        0.9319999999999999,
        0.92,
        0.9936,
        -0.9936
      ],
      [
        -0.9936,
        -0.9319999999999999,
        -0.92,
        -0.9936,
        0.9936
      ]
    ],
    [
      [
        0.9984,
        0.9984,
        0.9792,
        0.9776,
        -0.9984
      ],
      [
        0.9984,
        0.9984,
        0.9792,
        0.9776,
        -0.9984
      ],
      [
        0.9792,
        0.9792,
        0.9996,
        0.9588,
        -0.9792
      ],
      [
        0.9776,
        0.9776,
        0.9588,
        0.9964,
        -0.9776
      ],
      [
        -0.9984,
        -0.9984,
        -0.9792,
        -0.9776,
        0.9984
      ]
    ],
    [
      [
        0.9856,
        0.9856,
        0.9328,
        0.9856,
        -0.9632
      ],
      [
        0.9856,
        0.9856,
        0.9328,
        0.9856,
        -0.9632
      ],
      [
        0.9328,
        0.9328,
        0.9964,
        0.9328000000000001,
        -0.9116000000000001
      ],
      [
        0.9856,
        0.9856,
        0.9328000000000001,
        0.9856,
        -0.9632
      ],
      [
        -0.9632,
        -0.9632,
        -0.9116000000000001,
        -0.9632,
        0.9803999999999999
      ]
    ]
  ]
}