{
  "settings_list": [
    [
      5.505885834255739,
      3.2671117354067705,
      4.095279216433897,
      4.6763818263351045,
      5.553684797292543,
      3.1223699628370154,
      0.16198548082008904,
      5.853581571488819,
      2.09761720444298,
      3.07445808123481,
      0.03981301866422197,
      4.858784707192218,
      5.050968959881773,
      3.991043894683005,
      4.285462142611542
    ],
    [
      5.87947265025574,
      3.1977177514067705,
      4.165036976433897,
      4.692557762335104,
      5.5364686372925425,
      3.175916938837015,
      0.051458184820089015,
      6.093992483488819,
      2.06027842044298,
      3.14011017723481,
      0.09209055466422202,
      4.819780387192218,
      5.1749088638817735,
      3.999314838683005,
      4.227982462611542
    ],
    [
      6.20062362625574,
      3.1482933674067706,
      4.061794096433897,
      4.783779650335104,
      5.482986653292542,
      3.092103562837015,
      -0.10977381517991103,
      6.219948323488818,
      2.06412802044298,
      3.1249305292348097,
      -0.075475141335778,
      4.827694371192218,
      5.368874687881774,
      3.7910633186830047,
      4.196334846611542
    ],
    [
      6.11065997825574,
      3.2546677674067706,
      4.031180944433897,
      4.978542690335104,
      5.424038461292542,
      3.171483754837015,
      0.12764634482008907,
      6.2352733474888185,
      1.96265394044298,
      3.1330800972348096,
      -0.13422198933577806,
      4.800590819192218,
      5.737071903881774,
      3.634772534683005,
      4.202963070611542
    ],
    [
      6.19546893825574,
      3.1454271914067706,
      3.998961040433897,
      5.184385122335104,
      5.568286653292542,
      3.0616277548370148,
      0.0016663128200889998,
      6.189207427488818,
      1.9082789004429799,
      3.0504706892348095,
      -0.018244005335777996,
      4.945257443192218,
      6.121151647881774,
      3.238429494683005,
      4.236672254611542
    ],
    [
      6.39187617025574,
      2.9277546794067706,
      3.9884862244338968,
      5.557887202335103,
      5.725516413292542,
      2.990112682837015,
      0.007394248820088989,
      6.285183235488819,
      1.8250024844429797,
      3.2108937932348094,
      -0.11614966933577807,
      4.882792483192218,
      6.371560031881774,
      3.079125046683005,
      4.193581694611542
    ],
    [
      6.31246605825574,
      3.1001768234067706,
      4.017877200433897,
      6.1324468823351035,
      6.148351357292542,
      3.056065258837015,
      -0.039115383179911006,
      6.262312643488818,
      1.8069445004429796,
      3.1375984332348095,
      -0.112479205335778,
      4.859247715192218,
      6.236899679881774,
      3.2068648226830048,
      4.143014974611542
    ],
    [
      6.34805191425574,
      3.2560219754067705,
      3.9497084644338973,
      6.348990914335103,
      6.458508925292542,
      3.070495498837015,
      -0.020897943179911085,
      6.352952003488818,
      1.6753296524429795,
      3.1702605132348096,
      -0.016706821335777958,
      4.909849891192218,
      6.378009023881774,
      2.993762390683005,
      4.0973741746115415
    ],
    [
      6.28375207425574,
      3.1568077354067703,
      3.955705744433897,
      6.109874914335103,
      6.218654525292542,
      3.071868938837015,
      -0.16226082317991122,
      6.263735043488818,
      1.6639968524429796,
      3.0909248332348094,
      0.01707157866422212,
      4.903139811192219,
      6.363069823881775,
      3.321359510683005,
      4.055583294611542
    ],
    [
      6.27402509825574,
      3.01375595940677,
      4.000688752433898,
      6.218978594335103,
      6.330680957292542,
      3.072312682837015,
      -0.15737963917991127,
      6.488719299488818,
      1.4549519884429796,
      2.9325472012348093,
      0.05522594666422227,
      4.921251555192218,
      6.459965279881775,
      3.056183158683005,
      3.951166142611542
    ],
    [
      6.05045082625574,
      3.20614123940677,
      4.180959024433898,
      6.335133986335103,
      6.201660669292543,
      3.2085866028370154,
      0.006228040820088876,
      6.364465219488818,
      1.4138915084429795,
      3.0715122572348093,
      0.12481423466422228,
      4.914539363192218,
      6.309171551881775,
      3.287558646683005,
      3.964511102611542
    ],
    [
      6.46215079425574,
      3.03967499940677,
      4.171102320433898,
      6.504304770335104,
      6.166219549292543,
      3.2214938348370152,
      -0.20132898317991116,
      6.258546435488818,
      1.4148728204429795,
      3.097130849234809,
      -0.07224154133577773,
      4.983896195192218,
      6.415629951881775,
      3.006125046683005,
      3.9480625906115416
    ],
    [
      6.256963978255739,
      3.1103391914067697,
      4.147082864433899,
      6.1533909783351035,
      6.314602909292543,
      3.228687306837015,
      0.09152272882008877,
      6.418697347488818,
      1.4266366604429792,
      3.236706145234809,
      -0.044256005335777754,
      4.936885763192217,
      6.1911110398817755,
      3.254285302683005,
      3.8138837746115417
    ],
    [
      6.231939978255739,
      3.31869541540677,
      4.107486448433899,
      6.440349698335104,
      6.305982749292544,
      3.2242976748370156,
      -0.004458071179911191,
      6.218664451488818,
      1.3978634124429794,
      3.0327376332348086,
      0.09321394666422231,
      4.946056451192217,
      6.445389311881775,
      2.819321718683005,
      3.826900734611542
    ],
    [
      6.458295818255739,
      3.0220042154067697,
      4.099698928433899,
      6.145907458335103,
      6.328003229292544,
      3.1619584748370153,
      -0.056625751179911234,
      6.246429571488818,
      1.3888822924429796,
      3.2634422732348085,
      -0.18819725333577778,
      4.996952451192217,
      6.314938111881775,
      3.210947958683005,
      3.780701054611542
    ],
    [
      6.084171786255739,
      3.0607896554067695,
      3.9637021604338987,
      6.299675810335104,
      6.477823357292544,
      3.1805247788370155,
      0.12865786482008879,
      6.264634723488818,
      1.3560833484429797,
      3.2424198732348084,
      0.09793324266422235,
      4.992078435192218,
      6.224866847881775,
      3.317449206683005,
      3.697617470611542
    ],
    [
      6.375554186255739,
      2.9274613354067696,
      3.965431440433899,
      6.225135010335103,
      6.271663037292544,
      3.1412742188370153,
      -0.05318853517991112,
      6.031554723488818,
      1.4093310284429796,
      3.0848653132348085,
      0.023456762664222294,
      5.074605795192218,
      6.221527327881775,
      2.9989813666830045,
      3.697631870611542
    ],
    [
      6.276636106255739,
      3.0571362154067696,
      3.8591892004338986,
      6.337561570335104,
      6.240992637292544,
      3.1509167788370154,
      0.05681434482008901,
      6.413481123488818,
      1.3807099084429797,
      3.3037251532348084,
      -0.05834643733577778,
      5.126478435192218,
      6.431908447881775,
      3.1679698466830044,
      3.738708350611542
    ],
    [
      6.272258634255739,
      3.2767701354067693,
      3.8733718564338986,
      6.095964258335104,
      6.165720829292544,
      3.2180214188370155,
      -0.04767064717991115,
      6.011013539488818,
      1.4678910924429798,
      3.090971105234808,
      0.2955236426642223,
      5.179801699192218,
      5.983202399881775,
      3.1631781666830046,
      3.747963518611542
    ],
    [
      6.338398794255739,
      3.1165142954067693,
      3.8912686564338985,
      6.223399618335104,
      6.493400829292544,
      3.202255338837016,
      -0.08796008717991124,
      6.496186819488818,
      1.4492765324429797,
      3.028549665234808,
      -0.13588979733577783,
      5.273901539192218,
      6.353779359881775,
      3.495168566683005,
      3.9848694386115424
    ],
    [
      6.297877098255739,
      3.2158579754067693,
      3.9082955684338985,
      6.227528258335104,
      6.144749565292544,
      3.228074026837016,
      0.1169663128200889,
      6.313041763488818,
      1.41033221244298,
      3.132703969234808,
      -0.054306725335777725,
      5.350595459192218,
      6.3552893758817754,
      2.819048310683004,
      4.061198014611542
    ]
  ],
  "cost_vals": [],
  "step_size": 0.1,
  "opt_step_times": [
    0.2067878246307373,
    0.14214706420898438,
    0.14821195602416992,
    0.20189714431762695,
    0.1767868995666504,
    0.24078106880187988,
    0.15021896362304688,
    0.17891883850097656,
    0.1918349266052246,
    0.14914298057556152,
    0.22716331481933594,
    0.16957807540893555,
    0.17182612419128418,
    0.1478290557861328,
    0.15160298347473145,
    0.1471726894378662,
    0.17099499702453613,
    0.17581892013549805,
    0.16140413284301758,
    0.15475726127624512
  ],
  "opt_settings": [
    6.297877098255739,
    3.2158579754067693,
    3.9082955684338985,
    6.227528258335104,
    6.144749565292544,
    3.228074026837016,
    0.1169663128200889,
    6.313041763488818,
    1.41033221244298,
    3.132703969234808,
    -0.054306725335777725,
    5.350595459192218,
    6.3552893758817754,
    2.819048310683004,
    4.061198014611542
  ],
  "min_cost": null,
  "datetime": "2023-05-30T16-40-50Z",
  "step_only": true,
  "ibm_device": "default.qubit",
  "shots": 100,
  "prep_node_name": "5-qubit_ghz_state",
  "num_qubits": 5,
  "error": false,
  "cov_mats": [
    [
      [
        0.9936,
        -0.21520000000000003,
        -0.5936000000000001,
        0.6152000000000001,
        0.0648
      ],
      [
        -0.21520000000000003,
        0.9964,
        0.015200000000000019,
        -0.036400000000000036,
        -0.04359999999999998
      ],
      [
        -0.5936000000000001,
        0.015200000000000019,
        0.9936,
        -0.9352,
        -0.10480000000000009
      ],
      [
        0.6152000000000001,
        -0.036400000000000036,
        -0.9352,
        0.9964,
        0.1636
      ],
      [
        0.0648,
        -0.04359999999999998,
        -0.10480000000000009,
        0.1636,
        0.9964
      ]
    ],
    [
      [
        0.9936,
        0.17199999999999993,
        -0.9383999999999999,
        0.9383999999999999,
        0.16879999999999998
      ],
      [
        0.17199999999999993,
        0.99,
        -0.11799999999999997,
        0.11799999999999997,
        -0.053999999999999965
      ],
      [
        -0.9383999999999999,
        -0.11799999999999997,
        0.9996,
        -0.9996,
        -0.1972
      ],
      [
        0.9383999999999999,
        0.11799999999999997,
        -0.9996,
        0.9996,
        0.1972
      ],
      [
        0.16879999999999998,
        -0.053999999999999965,
        -0.1972,
        0.1972,
        0.9803999999999999
      ]
    ],
    [
      [
        0.9984,
        0.022399999999999965,
        -0.9984,
        0.9984,
        0.48480000000000006
      ],
      [
        0.022399999999999965,
        0.9964,
        -0.02239999999999996,
        0.02239999999999996,
        0.01279999999999999
      ],
      [
        -0.9984,
        -0.02239999999999996,
        0.9984,
        -0.9984,
        -0.4848
      ],
      [
        0.9984,
        0.02239999999999996,
        -0.9984,
        0.9984,
        0.4848
      ],
      [
        0.48480000000000006,
        0.01279999999999999,
        -0.4848,
        0.4848,
        0.9856
      ]
    ],
    [
      [
        0.9744,
        -0.21679999999999996,
        -0.9512,
        0.9408000000000001,
        0.7136
      ],
      [
        -0.21679999999999996,
        0.9996,
        0.19639999999999994,
        -0.21759999999999996,
        -0.13919999999999996
      ],
      [
        -0.9512,
        0.19639999999999994,
        0.9676,
        -0.9184000000000001,
        -0.6928
      ],
      [
        0.9408000000000001,
        -0.21759999999999996,
        -0.9184000000000001,
        0.9856,
        0.6751999999999999
      ],
      [
        0.7136,
        -0.13919999999999996,
        -0.6928,
        0.6751999999999999,
        0.9984
      ]
    ],
    [
      [
        0.9936,
        -0.4552,
        -0.972,
        0.972,
        0.9536
      ],
      [
        -0.4552,
        0.9964,
        0.47400000000000003,
        -0.47400000000000003,
        -0.4552
      ],
      [
        -0.972,
        0.47400000000000003,
        0.99,
        -0.99,
        -0.972
      ],
      [
        0.972,
        -0.47400000000000003,
        -0.99,
        0.99,
        0.972
      ],
      [
        0.9536,
        -0.4552,
        -0.972,
        0.972,
        0.9936
      ]
    ],
    [
      [
        0.9804,
        -0.632,
        -0.9804,
        0.9804,
        0.9404000000000001
      ],
      [
        -0.632,
        0.96,
        0.632,
        -0.632,
        -0.592
      ],
      [
        -0.9804,
        0.632,
        0.9804,
        -0.9804,
        -0.9404000000000001
      ],
      [
        0.9804,
        -0.632,
        -0.9804,
        0.9804,
        0.9404000000000001
      ],
      [
        0.9404000000000001,
        -0.592,
        -0.9404000000000001,
        0.9404000000000001,
        0.9804
      ]
    ],
    [
      [
        1.0,
        -1.0,
        -1.0,
        1.0,
        0.98
      ],
      [
        -1.0,
        1.0,
        1.0,
        -1.0,
        -0.98
      ],
      [
        -1.0,
        1.0,
        1.0,
        -1.0,
        -0.98
      ],
      [
        1.0,
        -1.0,
        -1.0,
        1.0,
        0.98
      ],
      [
        0.98,
        -0.98,
        -0.98,
        0.98,
        0.9996
      ]
    ],
    [
      [
        0.99,
        -0.9319999999999999,
        -0.95,
        0.972,
        0.972
      ],
      [
        -0.9319999999999999,
        0.9936,
        0.9319999999999999,
        -0.9536,
        -0.9536
      ],
      [
        -0.95,
        0.9319999999999999,
        0.99,
        -0.972,
        -0.972
      ],
      [
        0.972,
        -0.9536,
        -0.972,
        0.9936,
        0.9936
      ],
      [
        0.972,
        -0.9536,
        -0.972,
        0.9936,
        0.9936
      ]
    ],
    [
      [
        0.9964,
        -0.9776,
        -0.9776,
        0.9964,
        0.874
      ],
      [
        -0.9776,
        0.9984,
        0.9583999999999999,
        -0.9776,
        -0.856
      ],
      [
        -0.9776,
        0.9583999999999999,
        0.9984,
        -0.9776,
        -0.856
      ],
      [
        0.9964,
        -0.9776,
        -0.9776,
        0.9964,
        0.874
      ],
      [
        0.874,
        -0.856,
        -0.856,
        0.874,
        0.99
      ]
    ],
    [
      [
        0.99,
        -0.99,
        -0.968,
        0.972,
        0.972
      ],
      [
        -0.99,
        0.99,
        0.968,
        -0.972,
        -0.972
      ],
      [
        -0.968,
        0.968,
        0.9856,
        -0.9503999999999999,
        -0.9503999999999999
      ],
      [
        0.972,
        -0.972,
        -0.9503999999999999,
        0.9936,
        0.9536
      ],
      [
        0.972,
        -0.972,
        -0.9503999999999999,
        0.9536,
        0.9936
      ]
    ],
    [
      [
        1.0,
        -1.0,
        -1.0,
        0.94,
        0.98
      ],
      [
        -1.0,
        1.0,
        1.0,
        -0.94,
        -0.98
      ],
      [
        -1.0,
        1.0,
        1.0,
        -0.94,
        -0.98
      ],
      [
        0.94,
        -0.94,
        -0.94,
        0.9964,
        0.9211999999999999
      ],
      [
        0.98,
        -0.98,
        -0.98,
        0.9211999999999999,
        0.9996
      ]
    ],
    [
      [
        0.9984,
        -0.9583999999999999,
        -0.9583999999999999,
        0.9776,
        0.9776
      ],
      [
        -0.9583999999999999,
        0.9984,
        0.9583999999999999,
        -0.9776,
        -0.9776
      ],
      [
        -0.9583999999999999,
        0.9583999999999999,
        0.9984,
        -0.9776,
        -0.9776
      ],
      [
        0.9776,
        -0.9776,
        -0.9776,
        0.9964,
        0.9964
      ],
      [
        0.9776,
        -0.9776,
        -0.9776,
        0.9964,
        0.9964
      ]
    ],
    [
      [
        0.9803999999999999,
        -0.9576,
        -0.9403999999999999,
        0.9632,
        0.9803999999999999
      ],
      [
        -0.9576,
        0.9743999999999999,
        0.9176,
        -0.9408,
        -0.9576
      ],
      [
        -0.9403999999999999,
        0.9176,
        0.9803999999999999,
        -0.9231999999999999,
        -0.9403999999999999
      ],
      [
        0.9632,
        -0.9408,
        -0.9231999999999999,
        0.9856,
        0.9632
      ],
      [
        0.9803999999999999,
        -0.9576,
        -0.9403999999999999,
        0.9632,
        0.9803999999999999
      ]
    ],
    [
      [
        0.9803999999999999,
        -0.9803999999999999,
        -0.9803999999999999,
        0.9803999999999999,
        0.7632
      ],
      [
        -0.9803999999999999,
        0.9803999999999999,
        0.9803999999999999,
        -0.9803999999999999,
        -0.7632
      ],
      [
        -0.9803999999999999,
        0.9803999999999999,
        0.9803999999999999,
        -0.9803999999999999,
        -0.7632
      ],
      [
        0.9803999999999999,
        -0.9803999999999999,
        -0.9803999999999999,
        0.9803999999999999,
        0.7632
      ],
      [
        0.7632,
        -0.7632,
        -0.7632,
        0.7632,
        0.9856
      ]
    ],
    [
      [
        0.9856,
        -0.9856,
        -0.9856,
        0.9856,
        0.9856
      ],
      [
        -0.9856,
        0.9856,
        0.9856,
        -0.9856,
        -0.9856
      ],
      [
        -0.9856,
        0.9856,
        0.9856,
        -0.9856,
        -0.9856
      ],
      [
        0.9856,
        -0.9856,
        -0.9856,
        0.9856,
        0.9856
      ],
      [
        0.9856,
        -0.9856,
        -0.9856,
        0.9856,
        0.9856
      ]
    ],
    [
      [
        1.0,
        -0.98,
        -0.98,
        0.98,
        0.94
      ],
      [
        -0.98,
        0.9996,
        0.9996,
        -0.9996,
        -0.9588
      ],
      [
        -0.98,
        0.9996,
        0.9996,
        -0.9996,
        -0.9588
      ],
      [
        0.98,
        -0.9996,
        -0.9996,
        0.9996,
        0.9588
      ],
      [
        0.94,
        -0.9588,
        -0.9588,
        0.9588,
        0.9964
      ]
    ],
    [
      [
        0.9984,
        -0.9391999999999999,
        -0.9008,
        0.9183999999999999,
        0.9391999999999999
      ],
      [
        -0.9391999999999999,
        0.9996,
        0.9603999999999999,
        -0.9792,
        -0.9996
      ],
      [
        -0.9008,
        0.9603999999999999,
        0.9996,
        -0.9408000000000001,
        -0.9603999999999999
      ],
      [
        0.9183999999999999,
        -0.9792,
        -0.9408000000000001,
        0.9984,
        0.9792
      ],
      [
        0.9391999999999999,
        -0.9996,
        -0.9603999999999999,
        0.9792,
        0.9996
      ]
    ],
    [
      [
        0.9964,
        -0.9964,
        -0.9964,
        0.9964,
        0.9964
      ],
      [
        -0.9964,
        0.9964,
        0.9964,
        -0.9964,
        -0.9964
      ],
      [
        -0.9964,
        0.9964,
        0.9964,
        -0.9964,
        -0.9964
      ],
      [
        0.9964,
        -0.9964,
        -0.9964,
        0.9964,
        0.9964
      ],
      [
        0.9964,
        -0.9964,
        -0.9964,
        0.9964,
        0.9964
      ]
    ],
    [
      [
        0.9984,
        -0.9583999999999999,
        -0.88,
        0.8976000000000001,
        0.9183999999999999
      ],
      [
        -0.9583999999999999,
        0.9984,
        0.92,
        -0.9376,
        -0.9583999999999999
      ],
      [
        -0.88,
        0.92,
        1.0,
        -0.8600000000000001,
        -0.88
      ],
      [
        0.8976000000000001,
        -0.9376,
        -0.8600000000000001,
        0.9964,
        0.8976
      ],
      [
        0.9183999999999999,
        -0.9583999999999999,
        -0.88,
        0.8976,
        0.9984
      ]
    ],
    [
      [
        0.9856,
        -0.9680000000000001,
        -0.968,
        0.928,
        0.9008
      ],
      [
        -0.9680000000000001,
        0.99,
        0.95,
        -0.91,
        -0.8840000000000001
      ],
      [
        -0.968,
        0.95,
        0.99,
        -0.91,
        -0.8840000000000001
      ],
      [
        0.928,
        -0.91,
        -0.91,
        0.99,
        0.8440000000000001
      ],
      [
        0.9008,
        -0.8840000000000001,
        -0.8840000000000001,
        0.8440000000000001,
        0.9743999999999999
      ]
    ],
    [
      [
        0.9743999999999999,
        -0.9576,
        -0.9743999999999999,
        0.9743999999999999,
        0.9576
      ],
      [
        -0.9576,
        0.9803999999999999,
        0.9576,
        -0.9576,
        -0.9403999999999999
      ],
      [
        -0.9743999999999999,
        0.9576,
        0.9743999999999999,
        -0.9743999999999999,
        -0.9576
      ],
      [
        0.9743999999999999,
        -0.9576,
        -0.9743999999999999,
        0.9743999999999999,
        0.9576
      ],
      [
        0.9576,
        -0.9403999999999999,
        -0.9576,
        0.9576,
        0.9803999999999999
      ]
    ]
  ]
}