{
  "settings_list": [
    [
      1.7276188339365868,
      0.6047397039942636,
      5.722933190346169,
      1.2530180148249441,
      3.241866174393784,
      4.161478512514574,
      6.168860735026168,
      5.997646622948521,
      4.6100494644400545,
      4.888558128511062,
      2.1853047473857417,
      3.116020246754794,
      0.22160422749836256,
      3.9334720695175722,
      3.444929158695336
    ],
    [
      1.7959876339365868,
      0.5741021039942635,
      5.7211155903461695,
      1.0876956148249441,
      3.2159229743937843,
      4.148788912514574,
      6.179167935026168,
      6.080171422948521,
      4.585705464440054,
      4.922590928511062,
      2.187705547385742,
      3.091815446754794,
      0.1256842274983625,
      3.721007269517572,
      3.465000358695336
    ],
    [
      1.8758523379365868,
      0.5288621679942636,
      5.76342343034617,
      0.7120725748249439,
      3.1946674223937843,
      4.162574512514574,
      6.252059839026168,
      6.16839158294852,
      4.6135205044400545,
      5.063009744511063,
      2.1698166513857418,
      3.096742806754794,
      0.06864243549836246,
      3.499156005517572,
      3.559946534695336
    ],
    [
      2.085358289936587,
      0.5072881199942636,
      5.7047206783461695,
      0.36794700682494375,
      3.2040417903937843,
      4.112037776514574,
      6.278948447026168,
      6.18716934294852,
      4.673238904440055,
      5.184705200511063,
      2.203375531385742,
      3.005951670754794,
      -0.03809487650163759,
      3.2672007415175717,
      3.584207302695336
    ],
    [
      2.413375793936587,
      0.44571477599426357,
      5.64065623034617,
      0.04243900682494367,
      3.2055948783937844,
      4.109452016514575,
      6.234852447026168,
      6.27866595094852,
      4.658845208440055,
      5.332518224511063,
      2.310118667385742,
      3.030885622754794,
      0.025564643498362377,
      3.1495843575175715,
      3.586318438695336
    ],
    [
      2.952946033936587,
      0.23204223199426355,
      5.62880483834617,
      -0.1677870091750564,
      2.9995701743937846,
      4.135519248514575,
      6.217151807026168,
      6.19645379094852,
      4.622201368440055,
      5.582692528511063,
      2.452086251385742,
      2.982857718754794,
      -0.06054550050163768,
      3.1549768055175713,
      3.599320646695336
    ],
    [
      3.1926164339365872,
      -0.07674464800573638,
      5.68761155834617,
      0.09366579082494358,
      3.1969429743937847,
      4.150682448514575,
      6.251096607026168,
      6.22715891094852,
      4.648492248440054,
      6.208276848511063,
      2.942019211385742,
      2.952718998754794,
      0.10612825949836233,
      3.048910885517571,
      3.521075366695336
    ],
    [
      2.998234673936587,
      -0.007797608005736326,
      5.78770967034617,
      -0.10029308917505633,
      3.0693350703937847,
      4.144654352514575,
      6.370922655026169,
      6.479140766948521,
      4.425363288440055,
      6.287191952511063,
      3.197087947385742,
      2.833055286754794,
      -0.2791363165016377,
      3.011215557517571,
      3.646934086695336
    ],
    [
      3.266185297936587,
      0.07813679199426364,
      5.82190199034617,
      0.09559318282494375,
      3.475057214393785,
      4.283282160514575,
      6.073111423026169,
      6.0615797749485205,
      4.385153336440055,
      6.367073904511063,
      2.973602123385742,
      2.5519350947547936,
      0.36766329949836274,
      3.5416688055175714,
      3.4384172226953362
    ],
    [
      3.273968785936587,
      -0.0854468240057364,
      5.76804995834617,
      -0.12297948917505624,
      3.064676350393785,
      4.330258608514575,
      6.377073727026168,
      6.265624446948521,
      4.453379192440055,
      6.156825264511063,
      3.163925643385742,
      2.589572406754794,
      -0.1456035165016374,
      3.0698487735175712,
      3.593918982695336
    ],
    [
      2.9640999539365867,
      0.0703284719942636,
      5.72989347834617,
      0.15180367882494383,
      3.064229342393785,
      4.277743184514575,
      6.239134207026169,
      6.309677374948521,
      4.5458957044400545,
      6.136900624511063,
      3.112627691385742,
      2.5179181987547934,
      0.038884547498362565,
      3.0981228535175713,
      3.4178195906953364
    ],
    [
      3.332545777936587,
      -0.03475274400573643,
      5.726074278346171,
      -0.11080041717505612,
      3.132931870393785,
      4.131322192514576,
      6.253920927026169,
      6.0694380149485205,
      4.5660198644400545,
      6.3674119525110635,
      3.242137131385742,
      2.787544246754793,
      -0.006083836501637491,
      3.2722479415175716,
      3.2084827906953364
    ],
    [
      3.015167953936587,
      0.23433755999426342,
      5.69020935034617,
      0.017676222824943855,
      3.198326782393785,
      4.150134512514576,
      6.4572626550261685,
      6.13927043094852,
      4.471544280440055,
      6.153895792511063,
      3.123876427385742,
      2.7087179107547934,
      0.1516126434983623,
      3.0389160055175717,
      3.2962300226953363
    ],
    [
      3.0043040179365867,
      -0.14009056800573677,
      5.597255814346171,
      -0.14679990517505612,
      3.286115934393785,
      4.149851248514576,
      6.343938207026168,
      6.3314035829485205,
      4.384032088440055,
      6.491595984511063,
      3.016784363385742,
      2.657056566754793,
      -0.05579634850163778,
      3.2550195575175715,
      3.3642205826953364
    ],
    [
      3.1945648179365866,
      -0.05873776800573666,
      5.62439181434617,
      0.1130672948249439,
      3.3365431343937852,
      4.042699248514576,
      6.329938207026169,
      6.28387478294852,
      4.401030488440055,
      6.362999984511063,
      3.322157163385742,
      2.554953366754793,
      0.19198685149836212,
      3.0848491575175716,
      3.4103133826953362
    ],
    [
      3.063849297936587,
      -0.07344138400573666,
      5.52002778234617,
      -0.12483328117505624,
      2.958109630393785,
      4.064991088514576,
      6.294980191026169,
      6.21692051094852,
      4.3404011124400546,
      6.158590288511063,
      2.945453803385742,
      2.4689860707547933,
      -0.09154553250163797,
      3.3541157175175718,
      3.440455046695336
    ],
    [
      2.980041425936587,
      -0.3325009680057367,
      5.55436915834617,
      0.014174718824943672,
      3.1917404783937853,
      4.042355184514576,
      6.063856351026169,
      6.33364319894852,
      4.206679128440054,
      6.221074512511064,
      3.3635825713857423,
      2.2707463267547934,
      0.25019296349836206,
      3.353276165517572,
      3.393416070695336
    ],
    [
      3.078023441936587,
      0.14585231199426346,
      5.635517478346171,
      -0.07526896117505642,
      3.205502270393785,
      4.109167408514575,
      6.074462271026169,
      6.52745887894852,
      4.117916664440054,
      6.406632272511064,
      3.1374697713857422,
      2.0986095907547933,
      -0.2568791325016382,
      2.8342701815175713,
      3.5017219266953363
    ],
    [
      2.986342993936587,
      -0.08930487200573664,
      5.7053582463461705,
      0.20017321482494355,
      3.217237758393785,
      4.139181616514575,
      6.478548735026169,
      6.07862783894852,
      4.103314616440055,
      6.153653456511064,
      3.0898202993857424,
      2.0483939107547933,
      -0.12219426850163817,
      3.365149925517571,
      3.4311562306953363
    ],
    [
      3.3328834739365867,
      0.15876568799426335,
      5.66126640634617,
      -0.1627531851750567,
      3.303970718393785,
      4.174941776514575,
      6.190845215026169,
      6.368289598948521,
      4.0882042164400545,
      6.331716816511064,
      3.3048788593857426,
      1.9987047907547932,
      0.05794589149836185,
      3.0693980855175713,
      3.4938039106953362
    ],
    [
      3.0499712179365868,
      0.00784933599426324,
      5.527934822346171,
      0.15876143882494353,
      3.351522846393785,
      3.960761040514575,
      6.309837343026169,
      6.2538737269485205,
      3.9987658804400548,
      6.095976016511064,
      2.9070110833857425,
      2.039820438754793,
      0.09512669149836182,
      3.2661660855175714,
      3.478317190695336
    ]
  ],
  "cost_vals": [],
  "step_size": 0.1,
  "opt_step_times": [
    0.14648985862731934,
    0.14148211479187012,
    0.14220094680786133,
    0.1463327407836914,
    0.1478557586669922,
    0.14238286018371582,
    0.1541759967803955,
    0.13915801048278809,
    0.1447458267211914,
    0.14551711082458496,
    0.24284982681274414,
    0.17051100730895996,
    0.14053893089294434,
    0.14321684837341309,
    0.14214205741882324,
    0.1564500331878662,
    0.15253305435180664,
    0.14742517471313477,
    0.1587839126586914,
    0.1484541893005371
  ],
  "opt_settings": [
    3.0499712179365868,
    0.00784933599426324,
    5.527934822346171,
    0.15876143882494353,
    3.351522846393785,
    3.960761040514575,
    6.309837343026169,
    6.2538737269485205,
    3.9987658804400548,
    6.095976016511064,
    2.9070110833857425,
    2.039820438754793,
    0.09512669149836182,
    3.2661660855175714,
    3.478317190695336
  ],
  "min_cost": null,
  "datetime": "2023-05-30T16-36-31Z",
  "step_only": true,
  "ibm_device": "default.qubit",
  "shots": 100,
  "prep_node_name": "5-qubit_ghz_state",
  "num_qubits": 5,
  "error": false,
  "cov_mats": [
    [
      [
        0.9856,
        0.03360000000000005,
        -0.08799999999999997,
        0.09440000000000004,
        -0.05760000000000001
      ],
      [
        0.03360000000000005,
        0.9216,
        -0.248,
        -0.03360000000000005,
        0.17440000000000005
      ],
      [
        -0.08799999999999997,
        -0.248,
        0.99,
        -0.07199999999999995,
        -0.6020000000000001
      ],
      [
        0.09440000000000004,
        -0.03360000000000005,
        -0.07199999999999995,
        0.9856,
        0.05760000000000001
      ],
      [
        -0.05760000000000001,
        0.17440000000000005,
        -0.6020000000000001,
        0.05760000000000001,
        0.9996
      ]
    ],
    [
      [
        0.9743999999999999,
        0.08000000000000002,
        -0.23119999999999996,
        0.03120000000000003,
        0.22319999999999998
      ],
      [
        0.08000000000000002,
        1.0,
        -0.54,
        0.060000000000000026,
        0.42000000000000004
      ],
      [
        -0.23119999999999996,
        -0.54,
        0.9676,
        -0.08760000000000003,
        -0.7236
      ],
      [
        0.03120000000000003,
        0.060000000000000026,
        -0.08760000000000003,
        0.9676,
        -0.03640000000000005
      ],
      [
        0.22319999999999998,
        0.42000000000000004,
        -0.7236,
        -0.03640000000000005,
        0.9996
      ]
    ],
    [
      [
        1.0,
        0.18000000000000008,
        -0.18000000000000002,
        -0.019999999999999962,
        0.18
      ],
      [
        0.18000000000000008,
        0.9996,
        -0.7588,
        0.07800000000000004,
        0.758
      ],
      [
        -0.18000000000000002,
        -0.7588,
        0.9964,
        -0.11399999999999998,
        -0.914
      ],
      [
        -0.019999999999999962,
        0.07800000000000004,
        -0.11399999999999998,
        0.99,
        0.06999999999999998
      ],
      [
        0.18,
        0.758,
        -0.914,
        0.06999999999999998,
        0.99
      ]
    ],
    [
      [
        0.9936,
        0.3728,
        -0.3328,
        0.021599999999999966,
        0.33280000000000004
      ],
      [
        0.3728,
        0.9744,
        -0.9344,
        0.17679999999999996,
        0.9344
      ],
      [
        -0.3328,
        -0.9344,
        0.9744,
        -0.17679999999999998,
        -0.9744
      ],
      [
        0.021599999999999966,
        0.17679999999999996,
        -0.17679999999999998,
        0.9996,
        0.17679999999999998
      ],
      [
        0.33280000000000004,
        0.9344,
        -0.9744,
        0.17679999999999998,
        0.9743999999999999
      ]
    ],
    [
      [
        0.9936,
        0.7232,
        -0.7232,
        0.22160000000000005,
        0.7232
      ],
      [
        0.7232,
        0.9984,
        -0.9984,
        0.4192,
        0.9984
      ],
      [
        -0.7232,
        -0.9984,
        0.9984,
        -0.4192,
        -0.9984
      ],
      [
        0.22160000000000005,
        0.4192,
        -0.4192,
        0.9996,
        0.4192
      ],
      [
        0.7232,
        0.9984,
        -0.9984,
        0.4192,
        0.9984
      ]
    ],
    [
      [
        0.9996,
        0.882,
        -0.9212,
        0.5996000000000001,
        0.9212
      ],
      [
        0.882,
        0.99,
        -0.954,
        0.6020000000000001,
        0.954
      ],
      [
        -0.9212,
        -0.954,
        0.9964,
        -0.6412000000000001,
        -0.9964
      ],
      [
        0.5996000000000001,
        0.6020000000000001,
        -0.6412000000000001,
        0.9996,
        0.6412000000000001
      ],
      [
        0.9212,
        0.954,
        -0.9964,
        0.6412000000000001,
        0.9964
      ]
    ],
    [
      [
        0.9996,
        0.9596,
        -0.9596,
        0.9596,
        0.9596
      ],
      [
        0.9596,
        0.9996,
        -0.9996,
        0.9996,
        0.9996
      ],
      [
        -0.9596,
        -0.9996,
        0.9996,
        -0.9996,
        -0.9996
      ],
      [
        0.9596,
        0.9996,
        -0.9996,
        0.9996,
        0.9996
      ],
      [
        0.9596,
        0.9996,
        -0.9996,
        0.9996,
        0.9996
      ]
    ],
    [
      [
        0.9964,
        0.9964,
        -0.9351999999999999,
        0.9776,
        0.9776
      ],
      [
        0.9964,
        0.9964,
        -0.9351999999999999,
        0.9776,
        0.9776
      ],
      [
        -0.9351999999999999,
        -0.9351999999999999,
        0.9936,
        -0.9168,
        -0.9168
      ],
      [
        0.9776,
        0.9776,
        -0.9168,
        0.9984,
        0.9583999999999999
      ],
      [
        0.9776,
        0.9776,
        -0.9168,
        0.9583999999999999,
        0.9984
      ]
    ],
    [
      [
        1.0,
        0.98,
        -1.0,
        1.0,
        0.86
      ],
      [
        0.98,
        0.9996,
        -0.98,
        0.98,
        0.8396000000000001
      ],
      [
        -1.0,
        -0.98,
        1.0,
        -1.0,
        -0.86
      ],
      [
        1.0,
        0.98,
        -1.0,
        1.0,
        0.86
      ],
      [
        0.86,
        0.8396000000000001,
        -0.86,
        0.86,
        0.9996
      ]
    ],
    [
      [
        0.9964,
        0.9964,
        -0.9964,
        0.9752,
        0.9964
      ],
      [
        0.9964,
        0.9964,
        -0.9964,
        0.9752,
        0.9964
      ],
      [
        -0.9964,
        -0.9964,
        0.9964,
        -0.9752,
        -0.9964
      ],
      [
        0.9752,
        0.9752,
        -0.9752,
        0.9936,
        0.9752
      ],
      [
        0.9964,
        0.9964,
        -0.9964,
        0.9752,
        0.9964
      ]
    ],
    [
      [
        0.9804,
        0.9804,
        -0.9804,
        0.9804,
        0.9804
      ],
      [
        0.9804,
        0.9804,
        -0.9804,
        0.9804,
        0.9804
      ],
      [
        -0.9804,
        -0.9804,
        0.9804,
        -0.9804,
        -0.9804
      ],
      [
        0.9804,
        0.9804,
        -0.9804,
        0.9804,
        0.9804
      ],
      [
        0.9804,
        0.9804,
        -0.9804,
        0.9804,
        0.9804
      ]
    ],
    [
      [
        0.9803999999999999,
        0.9803999999999999,
        -0.9803999999999999,
        0.9803999999999999,
        0.9632
      ],
      [
        0.9803999999999999,
        0.9803999999999999,
        -0.9803999999999999,
        0.9803999999999999,
        0.9632
      ],
      [
        -0.9803999999999999,
        -0.9803999999999999,
        0.9803999999999999,
        -0.9803999999999999,
        -0.9632
      ],
      [
        0.9803999999999999,
        0.9803999999999999,
        -0.9803999999999999,
        0.9803999999999999,
        0.9632
      ],
      [
        0.9632,
        0.9632,
        -0.9632,
        0.9632,
        0.9856
      ]
    ],
    [
      [
        0.99,
        0.99,
        -0.9279999999999999,
        0.99,
        0.99
      ],
      [
        0.99,
        0.99,
        -0.9279999999999999,
        0.99,
        0.99
      ],
      [
        -0.9279999999999999,
        -0.9279999999999999,
        0.9856,
        -0.9279999999999999,
        -0.9279999999999999
      ],
      [
        0.99,
        0.99,
        -0.9279999999999999,
        0.99,
        0.99
      ],
      [
        0.99,
        0.99,
        -0.9279999999999999,
        0.99,
        0.99
      ]
    ],
    [
      [
        0.9856,
        0.9056,
        -0.9456,
        0.9456,
        0.9231999999999999
      ],
      [
        0.9056,
        0.9856,
        -0.9456,
        0.9456,
        0.9231999999999999
      ],
      [
        -0.9456,
        -0.9456,
        0.9856,
        -0.9856,
        -0.9632
      ],
      [
        0.9456,
        0.9456,
        -0.9856,
        0.9856,
        0.9632
      ],
      [
        0.9231999999999999,
        0.9231999999999999,
        -0.9632,
        0.9632,
        0.9803999999999999
      ]
    ],
    [
      [
        1.0,
        0.94,
        -1.0,
        0.98,
        0.98
      ],
      [
        0.94,
        0.9996,
        -0.94,
        0.9203999999999999,
        0.9196
      ],
      [
        -1.0,
        -0.94,
        1.0,
        -0.98,
        -0.98
      ],
      [
        0.98,
        0.9203999999999999,
        -0.98,
        0.9996,
        0.9603999999999999
      ],
      [
        0.98,
        0.9196,
        -0.98,
        0.9603999999999999,
        0.9996
      ]
    ],
    [
      [
        0.9936,
        0.9351999999999999,
        -0.9536,
        0.9536,
        0.9351999999999999
      ],
      [
        0.9351999999999999,
        0.9964,
        -0.9752,
        0.9752,
        0.9563999999999999
      ],
      [
        -0.9536,
        -0.9752,
        0.9936,
        -0.9936,
        -0.9752
      ],
      [
        0.9536,
        0.9752,
        -0.9936,
        0.9936,
        0.9752
      ],
      [
        0.9351999999999999,
        0.9563999999999999,
        -0.9752,
        0.9752,
        0.9964
      ]
    ],
    [
      [
        0.9803999999999999,
        0.8492000000000001,
        -0.792,
        0.8036000000000001,
        0.8320000000000001
      ],
      [
        0.8492000000000001,
        0.9516,
        -0.896,
        0.9028,
        0.936
      ],
      [
        -0.792,
        -0.896,
        0.96,
        -0.888,
        -0.92
      ],
      [
        0.8036000000000001,
        0.9028,
        -0.888,
        0.9323999999999999,
        0.888
      ],
      [
        0.8320000000000001,
        0.936,
        -0.92,
        0.888,
        0.96
      ]
    ],
    [
      [
        1.0,
        1.0,
        -0.94,
        1.0,
        0.8999999999999999
      ],
      [
        1.0,
        1.0,
        -0.94,
        1.0,
        0.8999999999999999
      ],
      [
        -0.94,
        -0.94,
        0.9964,
        -0.94,
        -0.8388000000000001
      ],
      [
        1.0,
        1.0,
        -0.94,
        1.0,
        0.8999999999999999
      ],
      [
        0.8999999999999999,
        0.8999999999999999,
        -0.8388000000000001,
        0.8999999999999999,
        0.9996
      ]
    ],
    [
      [
        0.9803999999999999,
        0.9632,
        -0.9632,
        0.9803999999999999,
        0.9403999999999999
      ],
      [
        0.9632,
        0.9856,
        -0.9456,
        0.9632,
        0.9231999999999999
      ],
      [
        -0.9632,
        -0.9456,
        0.9856,
        -0.9632,
        -0.9231999999999999
      ],
      [
        0.9803999999999999,
        0.9632,
        -0.9632,
        0.9803999999999999,
        0.9403999999999999
      ],
      [
        0.9403999999999999,
        0.9231999999999999,
        -0.9231999999999999,
        0.9403999999999999,
        0.9803999999999999
      ]
    ],
    [
      [
        0.96,
        0.8559999999999999,
        -0.9359999999999999,
        0.9359999999999999,
        0.9359999999999999
      ],
      [
        0.8559999999999999,
        0.9516,
        -0.8715999999999999,
        0.8715999999999999,
        0.8715999999999999
      ],
      [
        -0.9359999999999999,
        -0.8715999999999999,
        0.9516,
        -0.9516,
        -0.9516
      ],
      [
        0.9359999999999999,
        0.8715999999999999,
        -0.9516,
        0.9516,
        0.9516
      ],
      [
        0.9359999999999999,
        0.8715999999999999,
        -0.9516,
        0.9516,
        0.9516
      ]
    ],
    [
      [
        0.96,
        0.864,
        -0.96,
        0.92,
        0.92
      ],
      [
        0.864,
        0.9676,
        -0.864,
        0.8240000000000001,
        0.8240000000000001
      ],
      [
        -0.96,
        -0.864,
        0.96,
        -0.92,
        -0.92
      ],
      [
        0.92,
        0.8240000000000001,
        -0.92,
        0.96,
        0.88
      ],
      [
        0.92,
        0.8240000000000001,
        -0.92,
        0.88,
        0.96
      ]
    ]
  ]
}