{
  "settings_list": [
    [
      0.17404132752344548,
      1.546325933090545,
      0.486366739620931,
      4.193661616682486,
      5.579306736735576,
      2.6708493168613434,
      6.124672716352026,
      0.09985004452192663,
      3.7183333048597036,
      4.489210789206422,
      6.180302196255371,
      4.605530064581894,
      4.526245595489025,
      0.6347460107119568,
      4.716770301956519
    ],
    [
      0.16941444752344545,
      1.5368104130905451,
      0.496112019620931,
      4.070735856682486,
      5.620604656735576,
      2.6732766768613434,
      6.150752396352026,
      0.0898126045219266,
      3.7044429048597034,
      4.376780709206422,
      6.188404916255371,
      4.607816784581894,
      4.458687835489025,
      0.6350509707119568,
      4.718325501956519
    ],
    [
      0.17638628752344546,
      1.585253453090545,
      0.47647883562093096,
      3.935961584682486,
      5.680276016735577,
      2.7011625008613436,
      6.194888236352026,
      0.0683969565219266,
      3.723268088859703,
      4.299962469206422,
      6.189472308255372,
      4.618423248581895,
      4.399417179489025,
      0.6261980747119569,
      4.7295562859565194
    ],
    [
      0.15569719952344546,
      1.577165005090545,
      0.526260787620931,
      3.749565168682486,
      5.790299888735577,
      2.7146484528613435,
      6.1968426683520255,
      0.027324764521926573,
      3.718413752859703,
      4.089420453206422,
      6.216375028255372,
      4.617302800581895,
      4.218468379489025,
      0.5759089867119569,
      4.670688317956519
    ],
    [
      0.0923704795234454,
      1.586295885090545,
      0.48700510762093097,
      3.516159728682486,
      5.949496048735577,
      2.7363367728613435,
      6.222438188352026,
      -0.00038211547807344426,
      3.6949743928597027,
      3.7973372532064222,
      6.221482228255372,
      4.614679440581894,
      4.031951899489025,
      0.44526450671195683,
      4.666980157956519
    ],
    [
      0.14328967952344546,
      1.8433798850905452,
      0.44609662762093094,
      3.3684325286824857,
      6.147310448735578,
      2.8264687728613436,
      6.195375788352026,
      -0.009243075478073473,
      3.676940952859703,
      3.464397093206422,
      6.221075668255372,
      4.673897680581894,
      3.663367419489025,
      0.34545506671195675,
      4.549097597956519
    ],
    [
      0.07898183952344541,
      2.142366125090545,
      0.4337580676209309,
      3.014556688682486,
      6.308065008735578,
      2.6612233328613435,
      6.116916908352025,
      0.055631164521926485,
      3.863257112859703,
      3.178368293206422,
      6.101892308255372,
      4.724412880581894,
      3.370603259489025,
      -0.009175973288043315,
      4.463826557956518
    ],
    [
      0.01996775952344533,
      2.8599133250905453,
      0.394741587620931,
      3.179220208682486,
      6.4633222887355775,
      2.6620393328613434,
      6.520204908352025,
      0.07668076452192651,
      3.995276632859703,
      3.032309093206422,
      6.275538548255372,
      4.618020080581894,
      3.218547099489025,
      -0.04524381328804324,
      4.492971037956519
    ],
    [
      -0.1572489444765547,
      3.179219917090545,
      0.4148287236209308,
      3.141958928682486,
      5.917516016735577,
      2.6330174128613435,
      6.1037042363520255,
      0.08808402852192658,
      3.990647064859703,
      3.090053797206422,
      6.283458484255371,
      4.6774592805818935,
      3.050198139489025,
      -0.0533673652880432,
      4.478844669956518
    ],
    [
      -0.04191246447655467,
      3.032107597090545,
      0.3110117636209307,
      3.100078768682486,
      6.548420336735577,
      2.6282863728613437,
      6.505862796352026,
      -0.00238989147807335,
      3.975595864859703,
      3.264697957206422,
      6.227535604255372,
      4.631352720581893,
      2.929746619489025,
      0.11964063471195685,
      4.421078269956518
    ],
    [
      0.054330223523445464,
      3.057954669090545,
      0.2661302596209306,
      3.245072464682486,
      6.029511120735577,
      2.628724100861344,
      5.9780580923520255,
      0.0038034845219267815,
      3.7326256568597036,
      2.8623125492064223,
      6.225148756255372,
      4.5190520805818934,
      3.108997019489025,
      -0.17855094928804321,
      4.404017341956518
    ],
    [
      0.2054826075234455,
      3.249141357090545,
      0.2969276996209305,
      3.1732483366824855,
      6.534200784735577,
      2.6891984688613437,
      6.338903020352026,
      -0.010830755478073124,
      3.697079800859704,
      3.233157605206422,
      6.235759188255372,
      4.511060144581894,
      3.0051550994890253,
      0.05477372271195688,
      4.486617789956518
    ],
    [
      -0.06966376047655465,
      3.141683181090545,
      0.26491541162093046,
      3.0859232806824854,
      6.133611280735577,
      2.6623762608613437,
      6.131346860352026,
      -0.10859869147807312,
      3.667168632859704,
      3.113349861206422,
      6.282118676255372,
      4.518690032581894,
      3.1403072914890253,
      -0.028922981288043048,
      4.505013565956518
    ],
    [
      -0.039268464476554715,
      2.9228489410905447,
      0.33680952362093053,
      3.0168946406824855,
      6.300929904735577,
      2.678889860861344,
      6.391859436352026,
      0.13737423652192682,
      3.643847704859704,
      3.217969317206422,
      6.369102228255373,
      4.538088848581894,
      3.1563040274890253,
      -0.08020906128804298,
      4.424003901956517
    ],
    [
      0.052665135523445344,
      3.251958541090545,
      0.18023672362093013,
      3.2466330406824855,
      6.005961904735577,
      2.827728260861344,
      6.162597836352026,
      -0.13225696347807336,
      3.4953021048597037,
      3.2735909172064224,
      6.115379828255373,
      4.627689648581894,
      3.3532696274890252,
      0.15633893871195706,
      4.491583101956517
    ],
    [
      0.2342731035234455,
      2.7777047810905446,
      0.5119205636209303,
      2.9983296486824855,
      6.395460688735577,
      2.752411780861344,
      5.781489740352026,
      0.23465174052192678,
      3.5079425528597037,
      2.826432005206422,
      6.6172766602553725,
      4.361864208581894,
      2.960847611489025,
      -0.05372438928804302,
      4.462459517956518
    ],
    [
      -0.05227809647655468,
      3.333199981090545,
      0.5576421636209303,
      3.0611024486824854,
      6.277607888735577,
      2.713802980861344,
      6.271062540352026,
      -0.09667785947807339,
      3.478036152859704,
      3.0242576052064223,
      6.168824660255372,
      4.438006608581894,
      3.208512411489025,
      -0.04002038928804301,
      4.463122717956518
    ],
    [
      0.15430366352344518,
      3.0020383810905447,
      0.55843064362093,
      3.4419382886824854,
      6.114392528735578,
      2.581338340861344,
      6.084192780352026,
      0.02001718052192647,
      3.437823672859704,
      3.304168005206422,
      6.324155220255372,
      4.3725627685818935,
      3.149376411489025,
      -0.08338678928804313,
      4.445776157956518
    ],
    [
      0.0074434715234451,
      3.2396433410905447,
      0.4583862596209299,
      2.8983170726824854,
      6.510293488735577,
      2.5568105648613444,
      6.358402316352026,
      -0.06949129947807356,
      3.5037046008597037,
      3.0158355892064224,
      6.401876500255373,
      4.395076624581893,
      3.2653665554890248,
      -0.044835813288043175,
      4.358489533956518
    ],
    [
      -0.23869252847655487,
      2.963834221090545,
      0.48129873962092995,
      3.316736752682486,
      6.083729328735577,
      2.5882883248613444,
      6.109038156352026,
      0.07935766052192642,
      3.463007960859704,
      3.3723080692064227,
      6.488168500255373,
      4.448450224581894,
      3.106571035489025,
      0.1480057867119569,
      4.271188253956518
    ],
    [
      -0.01826628847655498,
      2.938013549090545,
      0.38229944362092955,
      3.0541944166824857,
      6.281681328735577,
      2.5584981168613448,
      6.265065548352026,
      0.09578006052192624,
      3.441203928859704,
      3.0969411572064227,
      6.177410100255373,
      4.477634224581894,
      3.283328795489025,
      0.017091482711956874,
      4.366314269956518
    ]
  ],
  "cost_vals": [],
  "step_size": 0.1,
  "opt_step_times": [
    0.18961596488952637,
    0.23670291900634766,
    0.1507420539855957,
    0.15277600288391113,
    0.1500239372253418,
    0.13593077659606934,
    0.14299297332763672,
    0.14493393898010254,
    0.1446819305419922,
    0.14528512954711914,
    0.20674490928649902,
    0.13672614097595215,
    0.14452123641967773,
    0.14107704162597656,
    0.13772320747375488,
    0.14152908325195312,
    0.13891816139221191,
    0.14029216766357422,
    0.14525604248046875,
    0.13478779792785645
  ],
  "opt_settings": [
    -0.01826628847655498,
    2.938013549090545,
    0.38229944362092955,
    3.0541944166824857,
    6.281681328735577,
    2.5584981168613448,
    6.265065548352026,
    0.09578006052192624,
    3.441203928859704,
    3.0969411572064227,
    6.177410100255373,
    4.477634224581894,
    3.283328795489025,
    0.017091482711956874,
    4.366314269956518
  ],
  "min_cost": null,
  "datetime": "2023-05-30T16-39-45Z",
  "step_only": true,
  "ibm_device": "default.qubit",
  "shots": 100,
  "prep_node_name": "5-qubit_ghz_state",
  "num_qubits": 5,
  "error": false,
  "cov_mats": [
    [
      [
        0.9804,
        -0.12840000000000001,
        -0.014400000000000041,
        0.08280000000000005,
        -0.03720000000000005
      ],
      [
        -0.12840000000000001,
        0.9964,
        -0.3776,
        0.08120000000000002,
        0.12120000000000006
      ],
      [
        -0.014400000000000041,
        -0.3776,
        0.9984,
        -0.14080000000000004,
        -0.1007999999999999
      ],
      [
        0.08280000000000005,
        0.08120000000000002,
        -0.14080000000000004,
        0.9996,
        0.03960000000000003
      ],
      [
        -0.03720000000000005,
        0.12120000000000006,
        -0.1007999999999999,
        0.03960000000000003,
        0.9996000000000003
      ]
    ],
    [
      [
        0.9936,
        -0.09520000000000003,
        0.0248,
        -0.033600000000000026,
        0.012000000000000054
      ],
      [
        -0.09520000000000003,
        0.9964,
        -0.4436,
        0.17520000000000005,
        0.1660000000000001
      ],
      [
        0.0248,
        -0.4436,
        0.9964,
        -0.34480000000000005,
        -0.194
      ],
      [
        -0.033600000000000026,
        0.17520000000000005,
        -0.34480000000000005,
        0.9936,
        0.18799999999999997
      ],
      [
        0.012000000000000054,
        0.1660000000000001,
        -0.194,
        0.18799999999999997,
        0.9900000000000002
      ]
    ],
    [
      [
        0.8843999999999999,
        0.06039999999999998,
        -0.033200000000000056,
        -0.16759999999999997,
        0.019199999999999974
      ],
      [
        0.06039999999999998,
        0.9964,
        -0.6012000000000001,
        0.08840000000000008,
        0.1872000000000001
      ],
      [
        -0.033200000000000056,
        -0.6012000000000001,
        0.9996,
        -0.3971999999999999,
        -0.3776
      ],
      [
        -0.16759999999999997,
        0.08840000000000008,
        -0.3971999999999999,
        0.9804,
        0.16320000000000004
      ],
      [
        0.019199999999999974,
        0.1872000000000001,
        -0.3776,
        0.16320000000000004,
        0.9856
      ]
    ],
    [
      [
        0.9964,
        0.12560000000000004,
        -0.05280000000000008,
        0.017600000000000046,
        0.12800000000000006
      ],
      [
        0.12560000000000004,
        0.9423999999999999,
        -0.6512000000000001,
        0.3904,
        0.232
      ],
      [
        -0.05280000000000008,
        -0.6512000000000001,
        0.9856,
        -0.5152,
        -0.376
      ],
      [
        0.017600000000000046,
        0.3904,
        -0.5152,
        0.9984,
        0.15199999999999994
      ],
      [
        0.12800000000000006,
        0.232,
        -0.376,
        0.15199999999999994,
        0.9600000000000002
      ]
    ],
    [
      [
        0.9856,
        -0.12639999999999996,
        0.1888000000000001,
        0.05600000000000002,
        -0.12480000000000006
      ],
      [
        -0.12639999999999996,
        0.9516,
        -0.8872,
        0.5359999999999999,
        0.5311999999999999
      ],
      [
        0.1888000000000001,
        -0.8872,
        0.9423999999999999,
        -0.592,
        -0.5503999999999999
      ],
      [
        0.05600000000000002,
        0.5359999999999999,
        -0.592,
        0.96,
        0.272
      ],
      [
        -0.12480000000000006,
        0.5311999999999999,
        -0.5503999999999999,
        0.272,
        0.9984
      ]
    ],
    [
      [
        0.9964,
        0.3516,
        -0.40800000000000003,
        0.37040000000000006,
        0.3352
      ],
      [
        0.3516,
        0.9804,
        -0.912,
        0.8376000000000001,
        0.7688
      ],
      [
        -0.40800000000000003,
        -0.912,
        0.96,
        -0.848,
        -0.784
      ],
      [
        0.37040000000000006,
        0.8376000000000001,
        -0.848,
        0.9743999999999999,
        0.7071999999999999
      ],
      [
        0.3352,
        0.7688,
        -0.784,
        0.7071999999999999,
        0.9936
      ]
    ],
    [
      [
        0.9996,
        0.5204,
        -0.5204,
        0.5,
        0.5212
      ],
      [
        0.5204,
        0.9996,
        -0.9996,
        0.98,
        0.9588
      ],
      [
        -0.5204,
        -0.9996,
        0.9996,
        -0.98,
        -0.9588
      ],
      [
        0.5,
        0.98,
        -0.98,
        1.0,
        0.94
      ],
      [
        0.5212,
        0.9588,
        -0.9588,
        0.94,
        0.9964
      ]
    ],
    [
      [
        1.0,
        0.94,
        -0.9199999999999999,
        0.94,
        0.94
      ],
      [
        0.94,
        0.9996,
        -0.98,
        0.9996,
        0.9996
      ],
      [
        -0.9199999999999999,
        -0.98,
        1.0,
        -0.98,
        -0.98
      ],
      [
        0.94,
        0.9996,
        -0.98,
        0.9996,
        0.9996
      ],
      [
        0.94,
        0.9996,
        -0.98,
        0.9996,
        0.9996
      ]
    ],
    [
      [
        0.9936,
        0.9536,
        -0.9503999999999999,
        0.972,
        0.972
      ],
      [
        0.9536,
        0.9936,
        -0.9503999999999999,
        0.972,
        0.972
      ],
      [
        -0.9503999999999999,
        -0.9503999999999999,
        0.9856,
        -0.968,
        -0.968
      ],
      [
        0.972,
        0.972,
        -0.968,
        0.99,
        0.99
      ],
      [
        0.972,
        0.972,
        -0.968,
        0.99,
        0.99
      ]
    ],
    [
      [
        0.9516,
        0.8872,
        -0.9516,
        0.9516,
        0.8559999999999999
      ],
      [
        0.8872,
        0.9424,
        -0.8872,
        0.8872,
        0.8319999999999999
      ],
      [
        -0.9516,
        -0.8872,
        0.9516,
        -0.9516,
        -0.8559999999999999
      ],
      [
        0.9516,
        0.8872,
        -0.9516,
        0.9516,
        0.8559999999999999
      ],
      [
        0.8559999999999999,
        0.8319999999999999,
        -0.8559999999999999,
        0.8559999999999999,
        0.96
      ]
    ],
    [
      [
        0.9964,
        0.954,
        -0.9588,
        0.9752,
        0.9964
      ],
      [
        0.954,
        0.99,
        -0.918,
        0.9319999999999999,
        0.954
      ],
      [
        -0.9588,
        -0.918,
        0.9996,
        -0.9384,
        -0.9588
      ],
      [
        0.9752,
        0.9319999999999999,
        -0.9384,
        0.9936,
        0.9752
      ],
      [
        0.9964,
        0.954,
        -0.9588,
        0.9752,
        0.9964
      ]
    ],
    [
      [
        0.9424,
        0.9119999999999999,
        -0.9272,
        0.9272,
        0.9272
      ],
      [
        0.9119999999999999,
        0.96,
        -0.9359999999999999,
        0.9359999999999999,
        0.9359999999999999
      ],
      [
        -0.9272,
        -0.9359999999999999,
        0.9516,
        -0.9516,
        -0.9516
      ],
      [
        0.9272,
        0.9359999999999999,
        -0.9516,
        0.9516,
        0.9516
      ],
      [
        0.9272,
        0.9359999999999999,
        -0.9516,
        0.9516,
        0.9516
      ]
    ],
    [
      [
        0.9984,
        0.9984,
        -0.9984,
        0.9984,
        0.9984
      ],
      [
        0.9984,
        0.9984,
        -0.9984,
        0.9984,
        0.9984
      ],
      [
        -0.9984,
        -0.9984,
        0.9984,
        -0.9984,
        -0.9984
      ],
      [
        0.9984,
        0.9984,
        -0.9984,
        0.9984,
        0.9984
      ],
      [
        0.9984,
        0.9984,
        -0.9984,
        0.9984,
        0.9984
      ]
    ],
    [
      [
        0.9856,
        0.9503999999999999,
        -0.9503999999999999,
        0.9503999999999999,
        0.9503999999999999
      ],
      [
        0.9503999999999999,
        0.9936,
        -0.9936,
        0.9936,
        0.9936
      ],
      [
        -0.9503999999999999,
        -0.9936,
        0.9936,
        -0.9936,
        -0.9936
      ],
      [
        0.9503999999999999,
        0.9936,
        -0.9936,
        0.9936,
        0.9936
      ],
      [
        0.9503999999999999,
        0.9936,
        -0.9936,
        0.9936,
        0.9936
      ]
    ],
    [
      [
        0.9996,
        0.9996,
        -0.9996,
        0.9996,
        0.8999999999999999
      ],
      [
        0.9996,
        0.9996,
        -0.9996,
        0.9996,
        0.8999999999999999
      ],
      [
        -0.9996,
        -0.9996,
        0.9996,
        -0.9996,
        -0.8999999999999999
      ],
      [
        0.9996,
        0.9996,
        -0.9996,
        0.9996,
        0.8999999999999999
      ],
      [
        0.8999999999999999,
        0.8999999999999999,
        -0.8999999999999999,
        0.8999999999999999,
        1.0
      ]
    ],
    [
      [
        0.9996,
        0.9196,
        -0.7392,
        0.8192,
        0.8999999999999999
      ],
      [
        0.9196,
        0.9996,
        -0.8192,
        0.8992,
        0.98
      ],
      [
        -0.7392,
        -0.8192,
        0.9984,
        -0.7584,
        -0.8
      ],
      [
        0.8192,
        0.8992,
        -0.7584,
        0.9984,
        0.88
      ],
      [
        0.8999999999999999,
        0.98,
        -0.8,
        0.88,
        1.0
      ]
    ],
    [
      [
        0.9964,
        0.9964,
        -0.9964,
        0.9964,
        0.9964
      ],
      [
        0.9964,
        0.9964,
        -0.9964,
        0.9964,
        0.9964
      ],
      [
        -0.9964,
        -0.9964,
        0.9964,
        -0.9964,
        -0.9964
      ],
      [
        0.9964,
        0.9964,
        -0.9964,
        0.9964,
        0.9964
      ],
      [
        0.9964,
        0.9964,
        -0.9964,
        0.9964,
        0.9964
      ]
    ],
    [
      [
        0.9996,
        0.9188000000000001,
        -0.9391999999999999,
        0.9596,
        0.94
      ],
      [
        0.9188000000000001,
        0.9964,
        -0.9376,
        0.9588,
        0.94
      ],
      [
        -0.9391999999999999,
        -0.9376,
        0.9984,
        -0.9792,
        -0.96
      ],
      [
        0.9596,
        0.9588,
        -0.9792,
        0.9996,
        0.98
      ],
      [
        0.94,
        0.94,
        -0.96,
        0.98,
        1.0
      ]
    ],
    [
      [
        0.9984,
        0.9568,
        -0.9776,
        0.9583999999999999,
        0.9776
      ],
      [
        0.9568,
        0.9936,
        -0.9752,
        0.9568,
        0.9752
      ],
      [
        -0.9776,
        -0.9752,
        0.9964,
        -0.9776,
        -0.9964
      ],
      [
        0.9583999999999999,
        0.9568,
        -0.9776,
        0.9984,
        0.9776
      ],
      [
        0.9776,
        0.9752,
        -0.9964,
        0.9776,
        0.9964
      ]
    ],
    [
      [
        0.9856,
        0.928,
        -0.9056000000000001,
        0.8832,
        0.9104000000000001
      ],
      [
        0.928,
        0.99,
        -0.9680000000000001,
        0.9460000000000001,
        0.9720000000000001
      ],
      [
        -0.9056000000000001,
        -0.9680000000000001,
        0.9856,
        -0.9232,
        -0.9504000000000001
      ],
      [
        0.8832,
        0.9460000000000001,
        -0.9232,
        0.9804,
        0.9288000000000001
      ],
      [
        0.9104000000000001,
        0.9720000000000001,
        -0.9504000000000001,
        0.9288000000000001,
        0.9936
      ]
    ],
    [
      [
        0.9964,
        0.9776,
        -0.9776,
        0.9776,
        0.9563999999999999
      ],
      [
        0.9776,
        0.9984,
        -0.9984,
        0.9984,
        0.9776
      ],
      [
        -0.9776,
        -0.9984,
        0.9984,
        -0.9984,
        -0.9776
      ],
      [
        0.9776,
        0.9984,
        -0.9984,
        0.9984,
        0.9776
      ],
      [
        0.9563999999999999,
        0.9776,
        -0.9776,
        0.9776,
        0.9964
      ]
    ]
  ]
}