{
  "settings_list": [
    [
      0.9422631153446218,
      3.3542067130282103,
      0.011700158224702247,
      0.6306542983901637,
      5.511769602038915,
      3.9210404365137532,
      0.6001202128903601,
      5.3059340548012175,
      3.1941327735983056,
      4.8054836486821655,
      5.772669843423387,
      6.044595714437022,
      6.07517491343717,
      3.5593499832872744,
      2.7354595104281105
    ],
    [
      0.7197074673446217,
      3.35666226502821,
      0.04177913422470226,
      0.5012223623901637,
      5.706021890038915,
      3.926316980513753,
      0.5486368208903601,
      5.463833318801218,
      3.2381069175983055,
      4.810549120682166,
      5.741885715423387,
      6.009858946437022,
      6.12731046543717,
      3.4187084472872744,
      2.7648791584281107
    ],
    [
      0.2952885233446213,
      3.17051372102821,
      0.07187663822470224,
      0.2065343303901635,
      5.948185442038915,
      3.8926497165137532,
      0.34387723689036,
      5.737780006801218,
      3.254755429598305,
      4.839825280682166,
      5.820134675423387,
      5.951649634437022,
      6.23330012943717,
      3.2506990392872743,
      2.7770379744281106
    ],
    [
      0.017776971344621084,
      3.12391247302821,
      0.06317596622470223,
      0.04082754639016345,
      6.202365762038915,
      3.8366141005137533,
      0.14759038889035989,
      6.2213472068012186,
      3.3241607415983054,
      4.800390176682166,
      5.796903699423387,
      5.907528546437022,
      6.25395180943717,
      3.1889799672872745,
      2.7712997664281107
    ],
    [
      -0.006345108655378875,
      3.13636271302821,
      0.03948332622470219,
      0.14542626639016337,
      6.296420962038915,
      3.837398260513753,
      -0.013886571109640117,
      6.2931195268012186,
      3.3442527415983054,
      4.912686176682166,
      5.797425139423387,
      5.942211106437022,
      6.14153996943717,
      3.1660434872872742,
      2.7874916064281106
    ],
    [
      0.02327761134462124,
      3.12392623302821,
      0.05412140622470203,
      -0.10310461360983667,
      6.241460802038914,
      3.840060820513753,
      -0.020775691109640185,
      6.301623366801219,
      3.3869804215983055,
      5.2560002566821655,
      5.848012659423387,
      5.978020386437022,
      6.26701948943717,
      3.045033887287274,
      2.7396477664281105
    ],
    [
      0.052156811344621225,
      3.09874303302821,
      0.060330206224701935,
      -0.29651821360983666,
      6.026656002038915,
      3.8581496205137533,
      0.11269550889035986,
      6.200811366801219,
      3.3739220215983052,
      5.894993056682166,
      6.181432659423386,
      5.964049986437022,
      6.25714828943717,
      3.0194834872872742,
      2.7311685664281105
    ],
    [
      -0.007178868655378805,
      3.1887078330282104,
      0.04331868622470192,
      0.06077266639016332,
      6.334131842038914,
      3.746994420513753,
      -0.10303601110964027,
      6.1728849668012185,
      3.4246631415983053,
      6.395308896682166,
      6.497125779423387,
      5.965243906437022,
      6.19885676943717,
      3.2330156472872744,
      2.7142933664281106
    ],
    [
      0.035744651344621146,
      3.13624575302821,
      0.10690908622470204,
      -0.22061485360983668,
      6.439056002038915,
      3.716788980513753,
      0.33891726889035984,
      6.492426726801218,
      3.4310221815983053,
      6.276076896682166,
      6.263431059423387,
      6.006577666437022,
      6.2179338894371705,
      3.064501087287274,
      2.7619861664281107
    ],
    [
      -0.0021008526553788417,
      3.0758429370282103,
      0.083862750224702,
      -0.043810885609836425,
      6.103733762038915,
      3.7481398925137532,
      -0.2272770991096404,
      6.056047398801218,
      3.532472101598305,
      6.380103840682166,
      6.363353811423387,
      5.885165506437022,
      6.224846849437171,
      3.114037663287274,
      2.7843276704281106
    ],
    [
      0.013179403344621006,
      3.2670119610282105,
      0.08227267022470204,
      -0.12377485360983646,
      6.3793052180389145,
      3.8429409165137534,
      0.13718734889035972,
      6.361487398801218,
      3.5468227575983056,
      6.328504288682166,
      6.171303315423387,
      5.762827394437022,
      6.3069768334371705,
      3.285366495287274,
      2.99055211842811
    ],
    [
      -0.10647934865537904,
      3.321307129028211,
      0.01608486222470193,
      0.04137785039016363,
      6.501407586038915,
      3.8632283085137535,
      -0.04777313110964038,
      6.0128222788012184,
      3.5648247415983056,
      6.202514048682166,
      6.185421203423387,
      5.8916068184370225,
      6.02124832143717,
      2.921268095287274,
      2.69399131842811
    ],
    [
      0.12976423534462106,
      2.9758268090282107,
      0.006715518224701929,
      0.15069164239016364,
      6.032431202038914,
      4.015666068513753,
      -0.04575610710964033,
      6.387352582801219,
      3.3713213815983054,
      6.196770048682166,
      6.416911763423387,
      5.8462172504370225,
      6.42809350543717,
      3.280626943287274,
      2.7210055904281103
    ],
    [
      -0.11546648465537898,
      2.9992382650282106,
      -0.10054374577529795,
      -0.053333701609836526,
      6.291248738038915,
      4.087139604513753,
      0.0253258768903597,
      6.262039686801218,
      3.3334265975983057,
      6.088925824682166,
      6.259613843423387,
      5.720589986437022,
      6.08453088143717,
      2.906594815287274,
      2.7191161824281105
    ],
    [
      0.004274187344621122,
      3.1016744890282104,
      -0.0013298577752980933,
      0.04687781839016347,
      6.424243106038915,
      4.143656980513754,
      0.0911553168903597,
      6.146845190801218,
      3.3186373495983057,
      6.310730368682166,
      6.384421459423387,
      5.768558050437022,
      6.39729958543717,
      3.3042968312872736,
      2.775307158428111
    ],
    [
      0.022767787344621145,
      3.1522087290282106,
      0.06577670222470201,
      -0.2044484216098365,
      6.160486306038915,
      4.165349620513754,
      -0.12010020310964027,
      6.481851590801218,
      3.3853312695983058,
      6.516286208682166,
      6.062891219423387,
      5.839384130437022,
      6.21848150543717,
      2.9652518712872733,
      2.750119798428111
    ],
    [
      0.03765738734462117,
      3.099067481028211,
      0.022069182224702083,
      0.15660770639016347,
      6.174130210038915,
      4.172106868513755,
      0.04876302889035973,
      6.234389830801218,
      3.462414533598306,
      6.186948224682165,
      6.385455827423387,
      5.844493762437022,
      6.24944995343717,
      3.2161679672872734,
      2.720341878428111
    ],
    [
      0.09601162734462124,
      3.2410738810282105,
      -0.017200897775297957,
      -0.11818653360983666,
      6.413133090038915,
      4.265100788513755,
      -0.10501873110964026,
      6.492418950801218,
      3.427896773598306,
      6.331061504682165,
      6.166519827423387,
      5.824429762437022,
      6.43608643343717,
      3.3254946872872737,
      2.7092417184281112
    ],
    [
      -0.0399973326553788,
      3.1301844090282103,
      -0.0008558097752980366,
      0.3483650183901636,
      6.246656674038915,
      4.273646580513755,
      0.05017090089035976,
      6.252222470801218,
      3.380215621598306,
      6.181618048682165,
      6.232209427423387,
      5.790796994437022,
      6.38582697743717,
      3.1196121912872736,
      2.7229375904281112
    ],
    [
      0.020528235344621296,
      3.1407316090282102,
      -0.06636112177529802,
      -0.17150499760983667,
      6.344599842038916,
      4.1697986765137545,
      0.2214008848903598,
      6.172134310801218,
      3.416562373598306,
      6.378099104682166,
      6.2901856834233865,
      5.833777858437022,
      6.17407232143717,
      3.2456888952872736,
      2.760134134428111
    ],
    [
      0.03251556334462124,
      3.21708207302821,
      -0.02417744177529809,
      0.0869143303901635,
      6.149115938038916,
      4.032440980513754,
      -0.039349067109640146,
      6.326092966801219,
      3.5320311735983063,
      6.438467872682166,
      6.355630931423386,
      5.795846594437022,
      6.30408012943717,
      2.9419506552872736,
      2.778589686428111
    ]
  ],
  "cost_vals": [],
  "step_size": 0.1,
  "opt_step_times": [
    0.14745092391967773,
    0.14580202102661133,
    0.17392301559448242,
    0.15789413452148438,
    0.1528928279876709,
    0.15102696418762207,
    0.16182184219360352,
    0.18442416191101074,
    0.1632518768310547,
    0.15416789054870605,
    0.23107290267944336,
    0.156843900680542,
    0.1519169807434082,
    0.16326308250427246,
    0.1584911346435547,
    0.18197393417358398,
    0.17344880104064941,
    0.2375180721282959,
    0.17089009284973145,
    0.20097565650939941
  ],
  "opt_settings": [
    0.03251556334462124,
    3.21708207302821,
    -0.02417744177529809,
    0.0869143303901635,
    6.149115938038916,
    4.032440980513754,
    -0.039349067109640146,
    6.326092966801219,
    3.5320311735983063,
    6.438467872682166,
    6.355630931423386,
    5.795846594437022,
    6.30408012943717,
    2.9419506552872736,
    2.778589686428111
  ],
  "min_cost": null,
  "datetime": "2023-05-30T16-38-39Z",
  "step_only": true,
  "ibm_device": "default.qubit",
  "shots": 100,
  "prep_node_name": "5-qubit_ghz_state",
  "num_qubits": 5,
  "error": false,
  "cov_mats": [
    [
      [
        0.9803999999999999,
        -0.3055999999999999,
        -0.25399999999999995,
        0.08279999999999996,
        0.346
      ],
      [
        -0.3055999999999999,
        0.9984,
        0.376,
        -0.09920000000000004,
        -0.5040000000000001
      ],
      [
        -0.25399999999999995,
        0.376,
        0.99,
        -0.07799999999999999,
        -0.3700000000000001
      ],
      [
        0.08279999999999996,
        -0.09920000000000004,
        -0.07799999999999999,
        0.9996,
        -0.038000000000000006
      ],
      [
        0.346,
        -0.5040000000000001,
        -0.3700000000000001,
        -0.038000000000000006,
        0.9900000000000002
      ]
    ],
    [
      [
        0.9936,
        -0.5568000000000001,
        -0.3912,
        -0.19679999999999997,
        0.6951999999999999
      ],
      [
        -0.5568000000000001,
        0.9984,
        0.46560000000000007,
        0.038400000000000004,
        -0.7376000000000001
      ],
      [
        -0.3912,
        0.46560000000000007,
        0.9803999999999999,
        0.02560000000000002,
        -0.6084
      ],
      [
        -0.19679999999999997,
        0.038400000000000004,
        0.02560000000000002,
        0.9984,
        -0.13760000000000003
      ],
      [
        0.6951999999999999,
        -0.7376000000000001,
        -0.6084,
        -0.13760000000000003,
        0.9964
      ]
    ],
    [
      [
        0.99,
        -0.9319999999999999,
        -0.808,
        -0.152,
        0.95
      ],
      [
        -0.9319999999999999,
        0.9936,
        0.7904,
        0.12959999999999997,
        -0.972
      ],
      [
        -0.808,
        0.7904,
        0.9856,
        0.05440000000000004,
        -0.808
      ],
      [
        -0.152,
        0.12959999999999997,
        0.05440000000000004,
        0.9856,
        -0.11199999999999996
      ],
      [
        0.95,
        -0.972,
        -0.808,
        -0.11199999999999996,
        0.99
      ]
    ],
    [
      [
        0.9676,
        -0.9676,
        -0.9112,
        -0.06200000000000003,
        0.9676
      ],
      [
        -0.9676,
        0.9676,
        0.9112,
        0.06200000000000003,
        -0.9676
      ],
      [
        -0.9112,
        0.9112,
        0.9743999999999999,
        0.04400000000000002,
        -0.9112
      ],
      [
        -0.06200000000000003,
        0.06200000000000003,
        0.04400000000000002,
        0.99,
        -0.06200000000000003
      ],
      [
        0.9676,
        -0.9676,
        -0.9112,
        -0.06200000000000003,
        0.9676
      ]
    ],
    [
      [
        0.9856,
        -0.968,
        -0.9856,
        -0.3952,
        0.9856
      ],
      [
        -0.968,
        0.99,
        0.968,
        0.376,
        -0.968
      ],
      [
        -0.9856,
        0.968,
        0.9856,
        0.3952,
        -0.9856
      ],
      [
        -0.3952,
        0.376,
        0.3952,
        0.9984,
        -0.3952
      ],
      [
        0.9856,
        -0.968,
        -0.9856,
        -0.3952,
        0.9856
      ]
    ],
    [
      [
        0.9936,
        -0.9936,
        -0.9936,
        -0.4984,
        0.9936
      ],
      [
        -0.9936,
        0.9936,
        0.9936,
        0.4984,
        -0.9936
      ],
      [
        -0.9936,
        0.9936,
        0.9936,
        0.4984,
        -0.9936
      ],
      [
        -0.4984,
        0.4984,
        0.4984,
        0.9996,
        -0.4984
      ],
      [
        0.9936,
        -0.9936,
        -0.9936,
        -0.4984,
        0.9936
      ]
    ],
    [
      [
        0.9984,
        -0.9199999999999999,
        -0.9776,
        -0.9024,
        0.9984
      ],
      [
        -0.9199999999999999,
        1.0,
        0.9,
        0.8200000000000001,
        -0.92
      ],
      [
        -0.9776,
        0.9,
        0.9964,
        0.8836,
        -0.9776
      ],
      [
        -0.9024,
        0.8200000000000001,
        0.8836,
        0.9964,
        -0.9024
      ],
      [
        0.9984,
        -0.92,
        -0.9776,
        -0.9024,
        0.9984
      ]
    ],
    [
      [
        0.9996,
        -0.9996,
        -0.9996,
        -0.9792,
        0.9596
      ],
      [
        -0.9996,
        0.9996,
        0.9996,
        0.9792,
        -0.9596
      ],
      [
        -0.9996,
        0.9996,
        0.9996,
        0.9792,
        -0.9596
      ],
      [
        -0.9792,
        0.9792,
        0.9792,
        0.9984,
        -0.9391999999999999
      ],
      [
        0.9596,
        -0.9596,
        -0.9596,
        -0.9391999999999999,
        0.9996
      ]
    ],
    [
      [
        0.9936,
        -0.9936,
        -0.9351999999999999,
        -0.9936,
        0.9936
      ],
      [
        -0.9936,
        0.9936,
        0.9351999999999999,
        0.9936,
        -0.9936
      ],
      [
        -0.9351999999999999,
        0.9351999999999999,
        0.9964,
        0.9351999999999999,
        -0.9351999999999999
      ],
      [
        -0.9936,
        0.9936,
        0.9351999999999999,
        0.9936,
        -0.9936
      ],
      [
        0.9936,
        -0.9936,
        -0.9351999999999999,
        -0.9936,
        0.9936
      ]
    ],
    [
      [
        0.9984,
        -0.9984,
        -0.9776,
        -0.9984,
        0.9984
      ],
      [
        -0.9984,
        0.9984,
        0.9776,
        0.9984,
        -0.9984
      ],
      [
        -0.9776,
        0.9776,
        0.9964,
        0.9776,
        -0.9776
      ],
      [
        -0.9984,
        0.9984,
        0.9776,
        0.9984,
        -0.9984
      ],
      [
        0.9984,
        -0.9984,
        -0.9776,
        -0.9984,
        0.9984
      ]
    ],
    [
      [
        0.9964,
        -0.9964,
        -0.9752,
        -0.9964,
        0.9752
      ],
      [
        -0.9964,
        0.9964,
        0.9752,
        0.9964,
        -0.9752
      ],
      [
        -0.9752,
        0.9752,
        0.9936,
        0.9752,
        -0.9536
      ],
      [
        -0.9964,
        0.9964,
        0.9752,
        0.9964,
        -0.9752
      ],
      [
        0.9752,
        -0.9752,
        -0.9536,
        -0.9752,
        0.9936
      ]
    ],
    [
      [
        0.9984,
        -0.96,
        -0.9583999999999999,
        -0.9792,
        0.8991999999999999
      ],
      [
        -0.96,
        1.0,
        0.96,
        0.98,
        -0.9
      ],
      [
        -0.9583999999999999,
        0.96,
        0.9984,
        0.9792,
        -0.8991999999999999
      ],
      [
        -0.9792,
        0.98,
        0.9792,
        0.9996,
        -0.9196
      ],
      [
        0.8991999999999999,
        -0.9,
        -0.8991999999999999,
        -0.9196,
        0.9996
      ]
    ],
    [
      [
        0.9936,
        -0.9752,
        -0.9752,
        -0.9752,
        0.9752
      ],
      [
        -0.9752,
        0.9964,
        0.9964,
        0.9964,
        -0.9964
      ],
      [
        -0.9752,
        0.9964,
        0.9964,
        0.9964,
        -0.9964
      ],
      [
        -0.9752,
        0.9964,
        0.9964,
        0.9964,
        -0.9964
      ],
      [
        0.9752,
        -0.9964,
        -0.9964,
        -0.9964,
        0.9964
      ]
    ],
    [
      [
        0.9984,
        -0.9583999999999999,
        -0.9583999999999999,
        -0.9199999999999999,
        0.9183999999999999
      ],
      [
        -0.9583999999999999,
        0.9984,
        0.9984,
        0.96,
        -0.9583999999999999
      ],
      [
        -0.9583999999999999,
        0.9984,
        0.9984,
        0.96,
        -0.9583999999999999
      ],
      [
        -0.9199999999999999,
        0.96,
        0.96,
        1.0,
        -0.92
      ],
      [
        0.9183999999999999,
        -0.9583999999999999,
        -0.9583999999999999,
        -0.92,
        0.9984
      ]
    ],
    [
      [
        0.9964,
        -0.9964,
        -0.9964,
        -0.9964,
        0.9964
      ],
      [
        -0.9964,
        0.9964,
        0.9964,
        0.9964,
        -0.9964
      ],
      [
        -0.9964,
        0.9964,
        0.9964,
        0.9964,
        -0.9964
      ],
      [
        -0.9964,
        0.9964,
        0.9964,
        0.9964,
        -0.9964
      ],
      [
        0.9964,
        -0.9964,
        -0.9964,
        -0.9964,
        0.9964
      ]
    ],
    [
      [
        0.9984,
        -0.9776,
        -0.9391999999999999,
        -0.9168000000000001,
        0.9984
      ],
      [
        -0.9776,
        0.9964,
        0.9188,
        0.8952,
        -0.9776
      ],
      [
        -0.9391999999999999,
        0.9188,
        0.9996,
        0.8984,
        -0.9391999999999999
      ],
      [
        -0.9168000000000001,
        0.8952,
        0.8984,
        0.9936,
        -0.9168
      ],
      [
        0.9984,
        -0.9776,
        -0.9391999999999999,
        -0.9168,
        0.9984
      ]
    ],
    [
      [
        1.0,
        -0.98,
        -1.0,
        -1.0,
        1.0
      ],
      [
        -0.98,
        0.9996,
        0.98,
        0.98,
        -0.98
      ],
      [
        -1.0,
        0.98,
        1.0,
        1.0,
        -1.0
      ],
      [
        -1.0,
        0.98,
        1.0,
        1.0,
        -1.0
      ],
      [
        1.0,
        -0.98,
        -1.0,
        -1.0,
        1.0
      ]
    ],
    [
      [
        0.99,
        -0.972,
        -0.954,
        -0.972,
        0.9359999999999999
      ],
      [
        -0.972,
        0.9936,
        0.9351999999999999,
        0.9936,
        -0.9568
      ],
      [
        -0.954,
        0.9351999999999999,
        0.9964,
        0.9351999999999999,
        -0.8976
      ],
      [
        -0.972,
        0.9936,
        0.9351999999999999,
        0.9936,
        -0.9568
      ],
      [
        0.9359999999999999,
        -0.9568,
        -0.8976,
        -0.9568,
        0.9984
      ]
    ],
    [
      [
        0.9964,
        -0.9563999999999999,
        -0.9964,
        -0.9964,
        0.9964
      ],
      [
        -0.9563999999999999,
        0.9964,
        0.9563999999999999,
        0.9563999999999999,
        -0.9563999999999999
      ],
      [
        -0.9964,
        0.9563999999999999,
        0.9964,
        0.9964,
        -0.9964
      ],
      [
        -0.9964,
        0.9563999999999999,
        0.9964,
        0.9964,
        -0.9964
      ],
      [
        0.9964,
        -0.9563999999999999,
        -0.9964,
        -0.9964,
        0.9964
      ]
    ],
    [
      [
        0.9424,
        -0.9424,
        -0.9424,
        -0.9424,
        0.9424
      ],
      [
        -0.9424,
        0.9424,
        0.9424,
        0.9424,
        -0.9424
      ],
      [
        -0.9424,
        0.9424,
        0.9424,
        0.9424,
        -0.9424
      ],
      [
        -0.9424,
        0.9424,
        0.9424,
        0.9424,
        -0.9424
      ],
      [
        0.9424,
        -0.9424,
        -0.9424,
        -0.9424,
        0.9424
      ]
    ],
    [
      [
        0.9803999999999999,
        -0.9632,
        -0.9803999999999999,
        -0.9803999999999999,
        0.9632
      ],
      [
        -0.9632,
        0.9856,
        0.9632,
        0.9632,
        -0.9456
      ],
      [
        -0.9803999999999999,
        0.9632,
        0.9803999999999999,
        0.9803999999999999,
        -0.9632
      ],
      [
        -0.9803999999999999,
        0.9632,
        0.9803999999999999,
        0.9803999999999999,
        -0.9632
      ],
      [
        0.9632,
        -0.9456,
        -0.9632,
        -0.9632,
        0.9856
      ]
    ]
  ]
}