{
  "settings_list": [
    [
      1.8949188840476705,
      3.212700624380506,
      2.3769870630228858,
      2.6160811369092167,
      1.4335520901495005,
      5.580635913891034,
      4.338412791457661,
      3.009498213495112,
      4.808776415693077,
      1.658445671427885,
      1.5968082237674277,
      4.019454896811166,
      5.139653156075869,
      5.789612663050689,
      1.7342845073120068
    ],
    [
      1.9077080360476706,
      3.207464496380506,
      2.3804176870228857,
      2.6141813289092166,
      1.4645734981495004,
      5.574405353891034,
      4.3197426154576615,
      3.005854789495112,
      4.815071487693078,
      1.676352839427885,
      1.6027666237674276,
      4.026368208811166,
      5.132177252075869,
      5.783487479050689,
      1.7320070673120067
    ],
    [
      1.9516139560476706,
      3.201729040380506,
      2.3913614310228857,
      2.6132644969092165,
      1.4135992581495005,
      5.571644745891034,
      4.279087191457662,
      3.0173973174951123,
      4.823614431693078,
      1.669016135427885,
      1.5924954237674276,
      4.034260656811166,
      5.160540260075869,
      5.772727063050689,
      1.7399562513120068
    ],
    [
      1.9673858280476706,
      3.1990363043805057,
      2.4020477030228857,
      2.6092124009092164,
      1.3875322181495005,
      5.579205193891034,
      4.2844386154576615,
      3.0098977334951122,
      4.833917567693078,
      1.651154183427885,
      1.5798196477674276,
      4.022099536811166,
      5.1705413160758695,
      5.763888119050689,
      1.7480183953120068
    ],
    [
      2.0192374760476706,
      3.2013708963805056,
      2.378803415022886,
      2.6246403689092164,
      1.3668435781495005,
      5.582017865891034,
      4.259190615457661,
      3.0045838134951124,
      4.854326399693078,
      1.657849735427885,
      1.6006152957674276,
      4.006951888811166,
      5.227076868075869,
      5.791829751050689,
      1.7235049873120067
    ],
    [
      2.0855524840476707,
      3.1980787363805057,
      2.410951127022886,
      2.6280497769092164,
      1.2540502341495006,
      5.566125129891034,
      4.2102347114576615,
      3.005266693495112,
      4.869629567693078,
      1.668104967427885,
      1.5743735037674276,
      4.032557904811166,
      5.3330222120758695,
      5.807355127050689,
      1.6744757393120067
    ],
    [
      2.1892989480476706,
      3.195704304380506,
      2.4308856870228857,
      2.6357054569092164,
      1.2118215621495005,
      5.572400713891034,
      4.106005975457661,
      3.012830853495112,
      4.856743263693078,
      1.696859943427885,
      1.5589762237674276,
      4.034457488811166,
      5.43289984407587,
      5.830487863050689,
      1.6759264273120067
    ],
    [
      2.3585363240476704,
      3.097088624380506,
      2.4624667110228855,
      2.6632912809092164,
      1.1122796101495005,
      5.5219112418910345,
      4.017644279457661,
      3.085013605495112,
      4.901488767693078,
      1.672423367427885,
      1.5629083837674276,
      4.015300560811166,
      5.616711492075869,
      5.924716087050689,
      1.7167982033120066
    ],
    [
      2.5481413160476705,
      3.0661829603805058,
      2.4929616230228855,
      2.7730200489092165,
      0.8928322501495004,
      5.582192649891034,
      3.7944681514576613,
      3.106809445495112,
      4.8664295676930776,
      1.709145735427885,
      1.5426065597674277,
      4.009894800811166,
      5.77795475607587,
      5.98482091905069,
      1.7233372753120066
    ],
    [
      2.8582933160476705,
      3.109074800380506,
      2.5897203430228855,
      2.9195550889092168,
      0.5469909701495003,
      5.576260969891035,
      3.346728311457661,
      3.2424971254951123,
      4.876024447693077,
      1.744304295427885,
      1.4879135997674275,
      4.006126960811166,
      6.09465475607587,
      6.08256587905069,
      1.6996081553120066
    ],
    [
      3.1194769640476703,
      3.240336848380506,
      2.6736652070228857,
      3.0729054889092167,
      0.05629932214950012,
      5.630751145891034,
      3.051222103457661,
      3.150591589495112,
      4.864042815693077,
      1.700290535427885,
      1.4061616637674275,
      3.940000688811166,
      6.27369184407587,
      6.33186655105069,
      1.7430150353120066
    ],
    [
      3.1906996840476705,
      3.221804048380506,
      2.6559906470228856,
      3.2433582889092167,
      -0.06972851785049991,
      5.534967465891034,
      3.2243197034576614,
      2.905424869495112,
      4.891356735693077,
      1.8011372554278848,
      1.4360320637674275,
      3.9960989288111657,
      6.30861216407587,
      6.2504451110506904,
      1.7698057553120066
    ],
    [
      3.1269170280476706,
      3.127205392380506,
      2.6266722470228854,
      3.3091212329092166,
      -0.004205317850499879,
      5.603971497891034,
      3.0534714474576616,
      3.304043365495112,
      4.9394776956930775,
      1.8196583434278848,
      1.3555331197674276,
      3.9288862568111655,
      6.21692486807587,
      6.23492984705069,
      1.8220312913120067
    ],
    [
      3.3045807720476708,
      3.049183888380506,
      2.5888419110228855,
      3.2855921449092165,
      0.10642674614950037,
      5.635609705891033,
      3.2383449194576617,
      3.170752357495112,
      4.9395637756930775,
      1.8196818954278848,
      1.3532803837674277,
      3.9377331048111657,
      6.269070404075871,
      6.30722143105069,
      1.8264910673120067
    ],
    [
      2.9131533160476706,
      3.1552893603805057,
      2.5853486630228857,
      3.1764355369092163,
      0.025186298149500422,
      5.646964201891033,
      3.1038068074576617,
      3.050079461495112,
      4.897876095693078,
      1.8138155274278847,
      1.3898307837674277,
      3.968836592811166,
      6.3387118760758705,
      6.168377399050691,
      1.8548014673120068
    ],
    [
      3.1898152040476706,
      3.076463376380506,
      2.6551560230228857,
      3.337002192909216,
      0.18152575414950045,
      5.772218857891033,
      3.0194915434576615,
      3.249602277495112,
      4.747301247693078,
      1.8706991114278846,
      1.4342955517674276,
      4.033257968811166,
      6.1326807720758705,
      6.205587639050691,
      1.9216835153120069
    ],
    [
      3.0678872680476705,
      3.1515070883805056,
      2.622251063022886,
      3.143756944909216,
      0.03290284214950048,
      5.7752846498910335,
      3.2584034154576615,
      2.916229989495112,
      4.830928831693078,
      1.9205107594278845,
      1.4371859197674277,
      3.901571312811166,
      6.369339844075871,
      6.3857852710506915,
      1.915978619312007
    ],
    [
      3.1319773800476707,
      3.2785363363805056,
      2.5829601830228857,
      3.218470032909216,
      -0.02337414985049968,
      5.768839593891034,
      3.2117479274576617,
      3.125943141495112,
      4.790851519693078,
      1.8564779914278842,
      1.3310483197674277,
      3.953322224811166,
      6.16675373207587,
      6.1639868710506915,
      1.9391414993120069
    ],
    [
      3.0245951080476705,
      3.1124955043805054,
      2.5911528230228855,
      3.140718608909216,
      0.08092575414950032,
      5.760284969891034,
      3.1161109354576615,
      3.244383589495112,
      4.8011167356930775,
      1.833478695427884,
      1.3009126397674275,
      3.9693767528111663,
      6.39304019607587,
      6.378839991050691,
      1.951962363312007
    ],
    [
      2.9489643880476706,
      3.1723944803805053,
      2.5856097190228855,
      3.1801132649092163,
      -0.11504832585049984,
      5.668763145891034,
      3.290527799457662,
      3.155022309495112,
      4.852720703693078,
      1.919992519427884,
      1.4083955517674276,
      4.005142800811166,
      6.231086852075871,
      6.215335863050692,
      2.063178651312007
    ],
    [
      3.3474649960476706,
      3.0603958243805054,
      2.6218262950228852,
      3.1200930409092162,
      0.10648850614950012,
      5.609130121891034,
      2.9651974314576615,
      3.0423273974951117,
      4.851628799693078,
      1.878077767427884,
      1.2982899517674276,
      4.004868944811166,
      6.37246694807587,
      6.425123639050692,
      2.058811035312007
    ]
  ],
  "cost_vals": [],
  "step_size": 0.1,
  "opt_step_times": [
    0.13782215118408203,
    0.15714669227600098,
    0.1528301239013672,
    0.1394190788269043,
    0.13439202308654785,
    0.13943099975585938,
    0.14310503005981445,
    0.14441967010498047,
    0.14496994018554688,
    0.1546459197998047,
    0.21241092681884766,
    0.1300818920135498,
    0.12542009353637695,
    0.1407477855682373,
    0.13410091400146484,
    0.1300029754638672,
    0.1250619888305664,
    0.12721681594848633,
    0.12643098831176758,
    0.12961077690124512
  ],
  "opt_settings": [
    3.3474649960476706,
    3.0603958243805054,
    2.6218262950228852,
    3.1200930409092162,
    0.10648850614950012,
    5.609130121891034,
    2.9651974314576615,
    3.0423273974951117,
    4.851628799693078,
    1.878077767427884,
    1.2982899517674276,
    4.004868944811166,
    6.37246694807587,
    6.425123639050692,
    2.058811035312007
  ],
  "min_cost": null,
  "datetime": "2023-05-30T16-35-31Z",
  "step_only": true,
  "ibm_device": "default.qubit",
  "shots": 100,
  "prep_node_name": "5-qubit_ghz_state",
  "num_qubits": 5,
  "error": false,
  "cov_mats": [
    [
      [
        0.99,
        0.064,
        0.21800000000000005,
        0.13199999999999998,
        -0.08199999999999996
      ],
      [
        0.064,
        0.9984,
        -0.18719999999999992,
        0.003199999999999999,
        -0.2592
      ],
      [
        0.21800000000000005,
        -0.18719999999999992,
        0.9676,
        -0.20560000000000003,
        0.0836
      ],
      [
        0.13199999999999998,
        0.003199999999999999,
        -0.20560000000000003,
        0.9936,
        -0.22160000000000005
      ],
      [
        -0.08199999999999996,
        -0.2592,
        0.0836,
        -0.22160000000000005,
        0.9996
      ]
    ],
    [
      [
        0.99,
        -0.18999999999999995,
        0.1499999999999999,
        0.11200000000000002,
        -0.023999999999999966
      ],
      [
        -0.18999999999999995,
        0.99,
        -0.15,
        -0.03199999999999997,
        -0.05600000000000005
      ],
      [
        0.1499999999999999,
        -0.15,
        0.99,
        0.11200000000000002,
        0.25600000000000006
      ],
      [
        0.11200000000000002,
        -0.03199999999999997,
        0.11200000000000002,
        0.9855999999999999,
        0.08480000000000006
      ],
      [
        -0.023999999999999966,
        -0.05600000000000005,
        0.25600000000000006,
        0.08480000000000006,
        0.9984
      ]
    ],
    [
      [
        0.9996,
        0.05759999999999997,
        0.3015999999999999,
        0.017600000000000015,
        0.24120000000000003
      ],
      [
        0.05759999999999997,
        0.9856,
        -0.03039999999999995,
        0.025600000000000032,
        -0.012800000000000073
      ],
      [
        0.3015999999999999,
        -0.03039999999999995,
        0.9936,
        0.12960000000000002,
        0.015200000000000045
      ],
      [
        0.017600000000000015,
        0.025600000000000032,
        0.12960000000000002,
        0.9856,
        -0.05280000000000002
      ],
      [
        0.24120000000000003,
        -0.012800000000000073,
        0.015200000000000045,
        -0.05280000000000002,
        0.9964
      ]
    ],
    [
      [
        0.9964,
        -0.13759999999999997,
        0.2364,
        -0.08600000000000002,
        0.1988000000000001
      ],
      [
        -0.13759999999999997,
        0.9984,
        -0.17759999999999998,
        0.10400000000000004,
        -0.21920000000000003
      ],
      [
        0.2364,
        -0.17759999999999998,
        0.9963999999999998,
        -0.046000000000000034,
        0.07880000000000001
      ],
      [
        -0.08600000000000002,
        0.10400000000000004,
        -0.046000000000000034,
        0.99,
        -0.12199999999999997
      ],
      [
        0.1988000000000001,
        -0.21920000000000003,
        0.07880000000000001,
        -0.12199999999999997,
        0.9996
      ]
    ],
    [
      [
        0.9676,
        -0.012799999999999995,
        0.1564,
        0.05479999999999996,
        0.2456
      ],
      [
        -0.012799999999999995,
        0.9984,
        0.020799999999999964,
        0.025599999999999963,
        0.04319999999999998
      ],
      [
        0.1564,
        0.020799999999999964,
        0.9996,
        0.1572,
        0.21840000000000004
      ],
      [
        0.05479999999999996,
        0.025599999999999963,
        0.1572,
        0.9803999999999999,
        0.008800000000000011
      ],
      [
        0.2456,
        0.04319999999999998,
        0.21840000000000004,
        0.008800000000000011,
        0.9936
      ]
    ],
    [
      [
        0.9996,
        -0.198,
        0.4388000000000001,
        0.12040000000000002,
        0.4968
      ],
      [
        -0.198,
        0.99,
        -0.31400000000000006,
        0.15799999999999997,
        -0.044
      ],
      [
        0.4388000000000001,
        -0.31400000000000006,
        0.9964,
        0.08120000000000008,
        0.41040000000000004
      ],
      [
        0.12040000000000002,
        0.15799999999999997,
        0.08120000000000008,
        0.9996,
        -0.016799999999999957
      ],
      [
        0.4968,
        -0.044,
        0.41040000000000004,
        -0.016799999999999957,
        0.9743999999999999
      ]
    ],
    [
      [
        0.9936,
        -0.23359999999999997,
        0.4432,
        -0.061599999999999974,
        0.4584000000000001
      ],
      [
        -0.23359999999999997,
        0.9936,
        -0.12320000000000005,
        0.10159999999999998,
        -0.13840000000000002
      ],
      [
        0.4432,
        -0.12320000000000005,
        0.9983999999999998,
        -0.09919999999999998,
        0.46080000000000004
      ],
      [
        -0.061599999999999974,
        0.10159999999999998,
        -0.09919999999999998,
        0.9996,
        0.07960000000000005
      ],
      [
        0.4584000000000001,
        -0.13840000000000002,
        0.46080000000000004,
        0.07960000000000005,
        0.9996
      ]
    ],
    [
      [
        1.0,
        -0.24,
        0.4,
        0.18000000000000005,
        0.3400000000000001
      ],
      [
        -0.24,
        0.9984,
        -0.24160000000000004,
        0.0976,
        -0.1792
      ],
      [
        0.4,
        -0.24160000000000004,
        0.9984,
        0.17759999999999998,
        0.4608000000000001
      ],
      [
        0.18000000000000005,
        0.0976,
        0.17759999999999998,
        0.9963999999999998,
        0.04119999999999999
      ],
      [
        0.3400000000000001,
        -0.1792,
        0.4608000000000001,
        0.04119999999999999,
        0.9996000000000003
      ]
    ],
    [
      [
        0.9936,
        -0.5288,
        0.732,
        0.0856,
        0.7008
      ],
      [
        -0.5288,
        0.9804,
        -0.4660000000000001,
        -0.17479999999999998,
        -0.4664
      ],
      [
        0.732,
        -0.4660000000000001,
        0.99,
        0.10199999999999995,
        0.716
      ],
      [
        0.0856,
        -0.17479999999999998,
        0.10199999999999995,
        0.9676,
        -0.02320000000000004
      ],
      [
        0.7008,
        -0.4664,
        0.716,
        -0.02320000000000004,
        0.9424000000000002
      ]
    ],
    [
      [
        0.9964,
        -0.8176000000000001,
        0.8788000000000001,
        0.0576,
        0.8364
      ],
      [
        -0.8176000000000001,
        0.9984,
        -0.8992000000000001,
        -0.07840000000000001,
        -0.8576000000000001
      ],
      [
        0.8788000000000001,
        -0.8992000000000001,
        0.9996,
        0.0592,
        0.9188000000000001
      ],
      [
        0.0576,
        -0.07840000000000001,
        0.0592,
        0.9984,
        0.01760000000000002
      ],
      [
        0.8364,
        -0.8576000000000001,
        0.9188000000000001,
        0.01760000000000002,
        0.9964
      ]
    ],
    [
      [
        0.9996,
        -0.9996,
        0.9996,
        0.05920000000000002,
        0.9996
      ],
      [
        -0.9996,
        0.9996,
        -0.9996,
        -0.05920000000000002,
        -0.9996
      ],
      [
        0.9996,
        -0.9996,
        0.9996,
        0.05920000000000002,
        0.9996
      ],
      [
        0.05920000000000002,
        -0.05920000000000002,
        0.05920000000000002,
        0.9984,
        0.05920000000000002
      ],
      [
        0.9996,
        -0.9996,
        0.9996,
        0.05920000000000002,
        0.9996
      ]
    ],
    [
      [
        0.9856,
        -0.968,
        0.968,
        0.07039999999999998,
        0.968
      ],
      [
        -0.968,
        0.99,
        -0.99,
        -0.092,
        -0.99
      ],
      [
        0.968,
        -0.99,
        0.99,
        0.092,
        0.99
      ],
      [
        0.07039999999999998,
        -0.092,
        0.092,
        0.9936,
        0.092
      ],
      [
        0.968,
        -0.99,
        0.99,
        0.092,
        0.99
      ]
    ],
    [
      [
        0.9964,
        -0.9964,
        0.9376,
        0.088,
        0.9964
      ],
      [
        -0.9964,
        0.9964,
        -0.9376,
        -0.088,
        -0.9964
      ],
      [
        0.9376,
        -0.9376,
        0.9984,
        0.11200000000000002,
        0.9376
      ],
      [
        0.088,
        -0.088,
        0.11200000000000002,
        0.96,
        0.088
      ],
      [
        0.9964,
        -0.9964,
        0.9376,
        0.088,
        0.9964
      ]
    ],
    [
      [
        0.9936,
        -0.9536,
        0.972,
        0.05199999999999996,
        0.972
      ],
      [
        -0.9536,
        0.9936,
        -0.972,
        -0.05199999999999996,
        -0.972
      ],
      [
        0.972,
        -0.972,
        0.99,
        0.06999999999999998,
        0.99
      ],
      [
        0.05199999999999996,
        -0.05199999999999996,
        0.06999999999999998,
        0.99,
        0.06999999999999998
      ],
      [
        0.972,
        -0.972,
        0.99,
        0.06999999999999998,
        0.99
      ]
    ],
    [
      [
        0.99,
        -0.954,
        0.954,
        -0.16399999999999998,
        0.9139999999999999
      ],
      [
        -0.954,
        0.9964,
        -0.9964,
        0.17039999999999997,
        -0.9563999999999999
      ],
      [
        0.954,
        -0.9964,
        0.9964,
        -0.17039999999999997,
        0.9563999999999999
      ],
      [
        -0.16399999999999998,
        0.17039999999999997,
        -0.17039999999999997,
        0.9744,
        -0.21039999999999998
      ],
      [
        0.9139999999999999,
        -0.9563999999999999,
        0.9563999999999999,
        -0.21039999999999998,
        0.9964
      ]
    ],
    [
      [
        0.9744,
        -0.9744,
        0.9512,
        -0.0928,
        0.9512
      ],
      [
        -0.9744,
        0.9744,
        -0.9512,
        0.0928,
        -0.9512
      ],
      [
        0.9512,
        -0.9512,
        0.9676,
        -0.07440000000000001,
        0.9276
      ],
      [
        -0.0928,
        0.0928,
        -0.07440000000000001,
        0.9936,
        -0.07440000000000001
      ],
      [
        0.9512,
        -0.9512,
        0.9276,
        -0.07440000000000001,
        0.9676
      ]
    ],
    [
      [
        1.0,
        -1.0,
        0.96,
        -0.12000000000000005,
        1.0
      ],
      [
        -1.0,
        1.0,
        -0.96,
        0.12000000000000005,
        -1.0
      ],
      [
        0.96,
        -0.96,
        1.0,
        -0.12000000000000005,
        0.96
      ],
      [
        -0.12000000000000005,
        0.12000000000000005,
        -0.12000000000000005,
        1.0,
        -0.12000000000000005
      ],
      [
        1.0,
        -1.0,
        0.96,
        -0.12000000000000005,
        1.0
      ]
    ],
    [
      [
        0.9516,
        -0.9516,
        0.9516,
        -0.1244,
        0.9516
      ],
      [
        -0.9516,
        0.9516,
        -0.9516,
        0.1244,
        -0.9516
      ],
      [
        0.9516,
        -0.9516,
        0.9516,
        -0.1244,
        0.9516
      ],
      [
        -0.1244,
        0.1244,
        -0.1244,
        0.9996,
        -0.1244
      ],
      [
        0.9516,
        -0.9516,
        0.9516,
        -0.1244,
        0.9516
      ]
    ],
    [
      [
        1.0,
        -1.0,
        1.0,
        -0.060000000000000026,
        1.0
      ],
      [
        -1.0,
        1.0,
        -1.0,
        0.060000000000000026,
        -1.0
      ],
      [
        1.0,
        -1.0,
        1.0,
        -0.060000000000000026,
        1.0
      ],
      [
        -0.060000000000000026,
        0.060000000000000026,
        -0.060000000000000026,
        0.9964,
        -0.060000000000000026
      ],
      [
        1.0,
        -1.0,
        1.0,
        -0.060000000000000026,
        1.0
      ]
    ],
    [
      [
        0.9856,
        -0.9056,
        0.9456,
        -0.0672,
        0.9279999999999999
      ],
      [
        -0.9056,
        0.9856,
        -0.9456,
        0.0672,
        -0.9279999999999999
      ],
      [
        0.9456,
        -0.9456,
        0.9856,
        -0.10720000000000003,
        0.968
      ],
      [
        -0.0672,
        0.0672,
        -0.10720000000000003,
        0.9964,
        -0.08600000000000002
      ],
      [
        0.9279999999999999,
        -0.9279999999999999,
        0.968,
        -0.08600000000000002,
        0.99
      ]
    ],
    [
      [
        0.9964,
        -0.954,
        0.954,
        -0.02479999999999996,
        0.954
      ],
      [
        -0.954,
        0.99,
        -0.99,
        0.027999999999999966,
        -0.99
      ],
      [
        0.954,
        -0.99,
        0.99,
        -0.027999999999999966,
        0.99
      ],
      [
        -0.02479999999999996,
        0.027999999999999966,
        -0.027999999999999966,
        0.9936,
        -0.027999999999999966
      ],
      [
        0.954,
        -0.99,
        0.99,
        -0.027999999999999966,
        0.99
      ]
    ]
  ]
}