{
  "settings_list": [
    [
      0.3347128114794406,
      2.8320244462333957,
      3.516605731533622,
      2.7112672184177127,
      4.993796194886463,
      4.894508112703137,
      2.256795272301454,
      2.3886212650870524,
      3.958565933135643,
      5.992696147417928,
      5.134400548839316,
      2.821026897246098,
      3.005157107553726,
      3.7628570005174065,
      5.833239066197577
    ],
    [
      0.2014574834794405,
      3.033504158233396,
      3.473571715533622,
      2.762564146417713,
      5.102842402886463,
      4.948921776703137,
      2.443092872301454,
      2.5986541930870524,
      3.932912557135643,
      6.007102643417928,
      5.472001316839316,
      2.811931825246098,
      3.099412211553726,
      3.5361229205174065,
      5.801911002197577
    ],
    [
      0.1149855474794405,
      2.991536542233396,
      3.4751328035336218,
      2.8702988024177127,
      5.564198050886462,
      4.995556784703137,
      2.8722275923014546,
      2.9625357930870524,
      3.868859053135643,
      6.123042611417929,
      5.916254628839316,
      2.823570993246098,
      3.102175475553726,
      3.2019179925174064,
      5.861386970197577
    ],
    [
      -0.1194810125205595,
      3.038186782233396,
      3.563219843533622,
      3.242809522417713,
      6.366281250886463,
      4.9771427047031365,
      3.253557512301455,
      3.2413562730870527,
      3.833497773135643,
      6.311203251417929,
      6.654325668839316,
      2.8102916332460977,
      3.247577075553726,
      3.1700523925174062,
      5.769598810197577
    ],
    [
      0.06166202747944059,
      3.315292382233396,
      3.546939331533622,
      3.1258606584177127,
      6.505078690886463,
      4.9458208487031365,
      2.915571784301455,
      3.0680694250870526,
      3.804908845135643,
      6.3422812674179285,
      6.2262463728393165,
      2.802397553246098,
      3.155966259553726,
      3.233926056517406,
      5.8460896261975765
    ],
    [
      -0.15699064452055944,
      3.009467486233396,
      3.617147587533622,
      3.3507343864177126,
      6.180004130886463,
      4.981502640703137,
      3.3606009043014544,
      3.2008022250870525,
      3.805717421135643,
      6.134321971417928,
      6.292562788839317,
      2.688979057246098,
      3.0731958275537257,
      3.126047272517406,
      5.873217306197577
    ],
    [
      0.0421069554794406,
      3.177225886233396,
      3.575819587533622,
      2.910393586417712,
      6.217870530886463,
      4.943584240703137,
      3.0373961043014543,
      3.2802630250870526,
      3.770027021135643,
      6.351069171417929,
      6.314100388839317,
      2.791262257246098,
      3.283796627553726,
      3.1270976725174062,
      5.871028506197577
    ],
    [
      -0.22125458052055946,
      3.070339614233396,
      3.5362863395336217,
      3.4662673144177125,
      6.186829698886463,
      4.985838704703137,
      3.2745815763014545,
      2.9318564330870527,
      3.8077905411356427,
      6.268805619417929,
      6.209612900839317,
      2.808102321246098,
      2.9581557315537257,
      3.1496691925174063,
      5.831379290197577
    ],
    [
      0.058140011479440534,
      3.208055486233396,
      3.513108675533622,
      2.8519127544177123,
      6.288042338886463,
      5.054849808703137,
      3.0024094803014543,
      3.305092881087053,
      3.8344389251356428,
      6.376616467417929,
      6.275159620839317,
      2.7380059372460983,
      3.432800243553726,
      3.1178115925174064,
      5.871567034197577
    ],
    [
      0.06863805947944054,
      3.049801662233396,
      3.3952920995336218,
      3.3074849784177127,
      6.239939170886463,
      5.0910140327031375,
      3.2275174483014544,
      3.232963601087053,
      3.8442725251356427,
      6.248275475417929,
      6.2774725808393175,
      2.640307121246098,
      3.1784252035537257,
      3.2958670165174064,
      5.859728442197577
    ],
    [
      -0.30345006852055956,
      3.296440222233396,
      3.334304323533622,
      3.028175250417713,
      6.336376674886463,
      5.076268592703137,
      3.090867144301454,
      2.8765363050870527,
      3.931188269135643,
      6.313496851417929,
      6.284254628839317,
      2.6417140972460977,
      3.1556454595537256,
      3.0364852245174063,
      5.919214522197577
    ],
    [
      0.3920666674794404,
      2.9750646062333965,
      3.3297224355336223,
      3.180635986417713,
      6.393284770886463,
      4.934476976703137,
      3.062365384301454,
      3.1958197610870527,
      3.997006381135643,
      6.376592147417929,
      6.312916708839317,
      2.536469105246098,
      3.2883381955537256,
      3.155104488517406,
      6.045110842197577
    ],
    [
      -0.17247861252055974,
      3.2791310062333965,
      3.3142851555336224,
      3.209095666417713,
      6.414721090886463,
      4.907516336703138,
      3.262032584301454,
      3.1020743210870525,
      3.956869741135643,
      6.053527187417929,
      6.145215268839317,
      2.526024945246098,
      3.1323935555537257,
      3.0772809685174063,
      5.998264922197577
    ],
    [
      0.22360010747944048,
      3.1350626542333964,
      3.220739363533622,
      3.240413778417713,
      6.280612706886463,
      4.967073904703137,
      3.0491646483014536,
      3.3737360170870527,
      3.9042036291356426,
      6.460556339417929,
      6.373579428839317,
      2.453095601246098,
      3.0803502595537258,
      2.936111752517406,
      5.966122714197577
    ],
    [
      -0.016056852520559606,
      3.4010713582333967,
      3.155501475533622,
      2.953823954417713,
      6.288811490886463,
      5.069867632703137,
      3.168313192301454,
      3.1506633770870525,
      4.001793645135643,
      6.302450355417928,
      6.461884452839318,
      2.5385614572460984,
      3.0724660995537256,
      3.343147912517406,
      5.890755034197577
    ],
    [
      -0.15489829252055964,
      3.0964492782333966,
      3.1558157155336217,
      3.2315941944177133,
      6.242391330886463,
      5.167060272703138,
      3.1292295123014537,
      3.2739203370870524,
      3.935481805135643,
      6.210722675417928,
      6.189370372839317,
      2.5797059372460986,
      3.0628480195537255,
      2.872444552517406,
      5.916491354197577
    ],
    [
      -0.015901812520559555,
      3.1684790382333965,
      3.092647715533622,
      3.2488607544177133,
      6.2574028508864625,
      5.318324592703138,
      2.905813512301454,
      3.3673110570870524,
      3.8470552451356426,
      6.409262195417928,
      6.205834372839317,
      2.4172700972460985,
      3.0946144195537255,
      3.272807752517406,
      5.9393748741975765
    ],
    [
      0.11821658747944055,
      3.3293699182333967,
      3.118398755533622,
      3.1728108344177133,
      6.489507810886463,
      5.316522352703138,
      3.1015306323014538,
      2.9869027370870525,
      3.8082533251356425,
      6.235246195417928,
      6.466091652839317,
      2.479728977246099,
      3.3896569795537257,
      3.0570355925174058,
      5.903056154197577
    ],
    [
      -0.2183360525205598,
      3.0643603502333967,
      2.9189384995336223,
      3.141397682417713,
      6.215739298886462,
      5.409676880703138,
      3.2137165843014537,
      3.310974321087053,
      3.8312198531356425,
      6.3240236034179285,
      6.116799716839317,
      2.467804913246099,
      3.1732099395537254,
      3.114533032517406,
      5.894507994197577
    ],
    [
      0.2523990194794403,
      3.249891454233397,
      2.9002948195336224,
      3.053460466417713,
      6.357852482886463,
      5.484256656703138,
      3.230688296301454,
      2.9092015210870525,
      3.7352126531356427,
      5.861001811417928,
      6.415451652839317,
      2.483513713246099,
      3.0172038595537254,
      3.2641922645174057,
      5.942613722197576
    ],
    [
      -0.39601749252055995,
      3.1881882862333972,
      2.8556898915336224,
      3.1437772664177133,
      6.185890882886462,
      5.525914256703138,
      3.3094139283014536,
      3.048721649087052,
      3.5253629251356426,
      6.295480019417928,
      6.446356484839317,
      2.583749617246099,
      2.9906299075537253,
      3.0786304085174057,
      6.019446106197576
    ]
  ],
  "cost_vals": [],
  "step_size": 0.1,
  "opt_step_times": [
    0.13221311569213867,
    0.13019514083862305,
    0.13535404205322266,
    0.1288466453552246,
    0.13985204696655273,
    0.12973690032958984,
    0.13332033157348633,
    0.12792205810546875,
    0.12746381759643555,
    0.13498806953430176,
    0.12854576110839844,
    0.12742924690246582,
    0.1298811435699463,
    0.1299419403076172,
    0.22759389877319336,
    0.13044500350952148,
    0.13197803497314453,
    0.13375592231750488,
    0.12845802307128906,
    0.13232779502868652
  ],
  "opt_settings": [
    -0.39601749252055995,
    3.1881882862333972,
    2.8556898915336224,
    3.1437772664177133,
    6.185890882886462,
    5.525914256703138,
    3.3094139283014536,
    3.048721649087052,
    3.5253629251356426,
    6.295480019417928,
    6.446356484839317,
    2.583749617246099,
    2.9906299075537253,
    3.0786304085174057,
    6.019446106197576
  ],
  "min_cost": null,
  "datetime": "2023-04-19T20-34-11Z",
  "step_only": true,
  "ibm_device": "default.qubit",
  "shots": 100,
  "prep_node_name": "5-qubit_ghz_state",
  "num_qubits": 5,
  "cov_mats": [
    [
      [
        1.0,
        0.3,
        -0.66,
        -0.72,
        -0.8600000000000001
      ],
      [
        0.3,
        0.9996,
        -0.16040000000000004,
        -0.18000000000000002,
        -0.23959999999999998
      ],
      [
        -0.66,
        -0.16040000000000004,
        0.9996,
        0.45999999999999996,
        0.6004
      ],
      [
        -0.72,
        -0.18000000000000002,
        0.45999999999999996,
        1.0,
        0.7
      ],
      [
        -0.8600000000000001,
        -0.23959999999999998,
        0.6004,
        0.7,
        0.9996
      ]
    ],
    [
      [
        0.99,
        0.648,
        -0.9359999999999999,
        -0.87,
        -0.9540000000000001
      ],
      [
        0.648,
        0.9856,
        -0.6752,
        -0.6080000000000001,
        -0.6928
      ],
      [
        -0.9359999999999999,
        -0.6752,
        0.9984,
        0.896,
        0.9776
      ],
      [
        -0.87,
        -0.6080000000000001,
        0.896,
        0.99,
        0.9139999999999999
      ],
      [
        -0.9540000000000001,
        -0.6928,
        0.9776,
        0.9139999999999999,
        0.9964
      ]
    ],
    [
      [
        0.99,
        0.95,
        -0.9279999999999999,
        -0.878,
        -0.972
      ],
      [
        0.95,
        0.99,
        -0.9279999999999999,
        -0.878,
        -0.972
      ],
      [
        -0.9279999999999999,
        -0.9279999999999999,
        0.9856,
        0.8576,
        0.9503999999999999
      ],
      [
        -0.878,
        -0.878,
        0.8576,
        0.9996,
        0.8984
      ],
      [
        -0.972,
        -0.972,
        0.9503999999999999,
        0.8984,
        0.9936
      ]
    ],
    [
      [
        0.9964,
        0.9752,
        -0.954,
        -0.9964,
        -0.9964
      ],
      [
        0.9752,
        0.9936,
        -0.9319999999999999,
        -0.9752,
        -0.9752
      ],
      [
        -0.954,
        -0.9319999999999999,
        0.99,
        0.954,
        0.954
      ],
      [
        -0.9964,
        -0.9752,
        0.954,
        0.9964,
        0.9964
      ],
      [
        -0.9964,
        -0.9752,
        0.954,
        0.9964,
        0.9964
      ]
    ],
    [
      [
        0.9936,
        0.9136,
        -0.9752,
        -0.9536,
        -0.9752
      ],
      [
        0.9136,
        0.9936,
        -0.9351999999999999,
        -0.9136,
        -0.9351999999999999
      ],
      [
        -0.9752,
        -0.9351999999999999,
        0.9964,
        0.9752,
        0.9964
      ],
      [
        -0.9536,
        -0.9136,
        0.9752,
        0.9936,
        0.9752
      ],
      [
        -0.9752,
        -0.9351999999999999,
        0.9964,
        0.9752,
        0.9964
      ]
    ],
    [
      [
        0.9996,
        0.9996,
        -0.9996,
        -0.9996,
        -0.9996
      ],
      [
        0.9996,
        0.9996,
        -0.9996,
        -0.9996,
        -0.9996
      ],
      [
        -0.9996,
        -0.9996,
        0.9996,
        0.9996,
        0.9996
      ],
      [
        -0.9996,
        -0.9996,
        0.9996,
        0.9996,
        0.9996
      ],
      [
        -0.9996,
        -0.9996,
        0.9996,
        0.9996,
        0.9996
      ]
    ],
    [
      [
        0.9996,
        0.9391999999999999,
        -0.8608000000000001,
        -0.98,
        -0.98
      ],
      [
        0.9391999999999999,
        0.9984,
        -0.8416000000000001,
        -0.96,
        -0.96
      ],
      [
        -0.8608000000000001,
        -0.8416000000000001,
        0.9984,
        0.8800000000000001,
        0.8800000000000001
      ],
      [
        -0.98,
        -0.96,
        0.8800000000000001,
        1.0,
        1.0
      ],
      [
        -0.98,
        -0.96,
        0.8800000000000001,
        1.0,
        1.0
      ]
    ],
    [
      [
        0.9516,
        0.9359999999999999,
        -0.9516,
        -0.9516,
        -0.9204
      ],
      [
        0.9359999999999999,
        0.96,
        -0.9359999999999999,
        -0.9359999999999999,
        -0.9039999999999999
      ],
      [
        -0.9516,
        -0.9359999999999999,
        0.9516,
        0.9516,
        0.9204
      ],
      [
        -0.9516,
        -0.9359999999999999,
        0.9516,
        0.9516,
        0.9204
      ],
      [
        -0.9204,
        -0.9039999999999999,
        0.9204,
        0.9204,
        0.9676
      ]
    ],
    [
      [
        0.99,
        0.968,
        -0.95,
        -0.99,
        -0.95
      ],
      [
        0.968,
        0.9856,
        -0.9279999999999999,
        -0.968,
        -0.9279999999999999
      ],
      [
        -0.95,
        -0.9279999999999999,
        0.99,
        0.95,
        0.9099999999999999
      ],
      [
        -0.99,
        -0.968,
        0.95,
        0.99,
        0.95
      ],
      [
        -0.95,
        -0.9279999999999999,
        0.9099999999999999,
        0.95,
        0.99
      ]
    ],
    [
      [
        0.9856,
        0.9279999999999999,
        -0.9456,
        -0.9456,
        -0.9456
      ],
      [
        0.9279999999999999,
        0.99,
        -0.968,
        -0.968,
        -0.968
      ],
      [
        -0.9456,
        -0.968,
        0.9856,
        0.9856,
        0.9856
      ],
      [
        -0.9456,
        -0.968,
        0.9856,
        0.9856,
        0.9856
      ],
      [
        -0.9456,
        -0.968,
        0.9856,
        0.9856,
        0.9856
      ]
    ],
    [
      [
        0.9984,
        0.8608,
        -0.8608,
        -0.8608,
        -0.8032
      ],
      [
        0.8608,
        0.9996,
        -0.9996,
        -0.9996,
        -0.9384
      ],
      [
        -0.8608,
        -0.9996,
        0.9996,
        0.9996,
        0.9384
      ],
      [
        -0.8608,
        -0.9996,
        0.9996,
        0.9996,
        0.9384
      ],
      [
        -0.8032,
        -0.9384,
        0.9384,
        0.9384,
        0.9936
      ]
    ],
    [
      [
        0.9996,
        0.9603999999999999,
        -0.9603999999999999,
        -0.9408,
        -0.9603999999999999
      ],
      [
        0.9603999999999999,
        0.9996,
        -0.9996,
        -0.9792,
        -0.9996
      ],
      [
        -0.9603999999999999,
        -0.9996,
        0.9996,
        0.9792,
        0.9996
      ],
      [
        -0.9408,
        -0.9792,
        0.9792,
        0.9984,
        0.9792
      ],
      [
        -0.9603999999999999,
        -0.9996,
        0.9996,
        0.9792,
        0.9996
      ]
    ],
    [
      [
        0.9964,
        0.9964,
        -0.9964,
        -0.9964,
        -0.9964
      ],
      [
        0.9964,
        0.9964,
        -0.9964,
        -0.9964,
        -0.9964
      ],
      [
        -0.9964,
        -0.9964,
        0.9964,
        0.9964,
        0.9964
      ],
      [
        -0.9964,
        -0.9964,
        0.9964,
        0.9964,
        0.9964
      ],
      [
        -0.9964,
        -0.9964,
        0.9964,
        0.9964,
        0.9964
      ]
    ],
    [
      [
        0.9856,
        0.9456,
        -0.968,
        -0.968,
        -0.9503999999999999
      ],
      [
        0.9456,
        0.9856,
        -0.968,
        -0.968,
        -0.9503999999999999
      ],
      [
        -0.968,
        -0.968,
        0.99,
        0.99,
        0.972
      ],
      [
        -0.968,
        -0.968,
        0.99,
        0.99,
        0.972
      ],
      [
        -0.9503999999999999,
        -0.9503999999999999,
        0.972,
        0.972,
        0.9936
      ]
    ],
    [
      [
        0.9099999999999999,
        0.9099999999999999,
        -0.9099999999999999,
        -0.9099999999999999,
        -0.8959999999999999
      ],
      [
        0.9099999999999999,
        0.9099999999999999,
        -0.9099999999999999,
        -0.9099999999999999,
        -0.8959999999999999
      ],
      [
        -0.9099999999999999,
        -0.9099999999999999,
        0.9099999999999999,
        0.9099999999999999,
        0.8959999999999999
      ],
      [
        -0.9099999999999999,
        -0.9099999999999999,
        0.9099999999999999,
        0.9099999999999999,
        0.8959999999999999
      ],
      [
        -0.8959999999999999,
        -0.8959999999999999,
        0.8959999999999999,
        0.8959999999999999,
        0.9216
      ]
    ],
    [
      [
        0.9996,
        0.9996,
        -0.94,
        -0.9996,
        -0.9996
      ],
      [
        0.9996,
        0.9996,
        -0.94,
        -0.9996,
        -0.9996
      ],
      [
        -0.94,
        -0.94,
        1.0,
        0.94,
        0.94
      ],
      [
        -0.9996,
        -0.9996,
        0.94,
        0.9996,
        0.9996
      ],
      [
        -0.9996,
        -0.9996,
        0.94,
        0.9996,
        0.9996
      ]
    ],
    [
      [
        0.9964,
        0.9776,
        -0.9752,
        -0.9351999999999999,
        -0.9376
      ],
      [
        0.9776,
        0.9984,
        -0.9568,
        -0.9168000000000001,
        -0.9183999999999999
      ],
      [
        -0.9752,
        -0.9568,
        0.9936,
        0.9536,
        0.9568
      ],
      [
        -0.9351999999999999,
        -0.9168000000000001,
        0.9536,
        0.9936,
        0.9168
      ],
      [
        -0.9376,
        -0.9183999999999999,
        0.9568,
        0.9168,
        0.9984
      ]
    ],
    [
      [
        0.9803999999999999,
        0.9403999999999999,
        -0.9403999999999999,
        -0.9403999999999999,
        -0.9403999999999999
      ],
      [
        0.9403999999999999,
        0.9803999999999999,
        -0.9803999999999999,
        -0.9803999999999999,
        -0.9803999999999999
      ],
      [
        -0.9403999999999999,
        -0.9803999999999999,
        0.9803999999999999,
        0.9803999999999999,
        0.9803999999999999
      ],
      [
        -0.9403999999999999,
        -0.9803999999999999,
        0.9803999999999999,
        0.9803999999999999,
        0.9803999999999999
      ],
      [
        -0.9403999999999999,
        -0.9803999999999999,
        0.9803999999999999,
        0.9803999999999999,
        0.9803999999999999
      ]
    ],
    [
      [
        0.9964,
        0.9776,
        -0.9376,
        -0.8976,
        -0.9351999999999999
      ],
      [
        0.9776,
        0.9984,
        -0.9583999999999999,
        -0.9183999999999999,
        -0.9568
      ],
      [
        -0.9376,
        -0.9583999999999999,
        0.9984,
        0.8784,
        0.9168000000000001
      ],
      [
        -0.8976,
        -0.9183999999999999,
        0.8784,
        0.9984,
        0.8768
      ],
      [
        -0.9351999999999999,
        -0.9568,
        0.9168000000000001,
        0.8768,
        0.9936
      ]
    ],
    [
      [
        0.99,
        0.954,
        -0.9319999999999999,
        -0.95,
        -0.972
      ],
      [
        0.954,
        0.9964,
        -0.9351999999999999,
        -0.954,
        -0.9752
      ],
      [
        -0.9319999999999999,
        -0.9351999999999999,
        0.9936,
        0.9319999999999999,
        0.9536
      ],
      [
        -0.95,
        -0.954,
        0.9319999999999999,
        0.99,
        0.972
      ],
      [
        -0.972,
        -0.9752,
        0.9536,
        0.972,
        0.9936
      ]
    ]
  ]
}