{
  "settings_list": [
    [
      1.1368436869707788,
      5.037356378786974,
      1.165599708737399,
      0.8793303256934561,
      1.4809716387827616,
      2.9666268758592955,
      1.23477802120438,
      0.9914057917971961,
      5.870056141267779,
      3.082302727794119,
      0.324110335302716,
      3.4204354958984373,
      3.551680711723535,
      6.0629907584395015,
      3.0913079517484006
    ],
    [
      1.0975760069707787,
      5.072906618786974,
      1.1445705887373991,
      0.8303144856934561,
      1.3945993187827617,
      2.9696086358592955,
      1.18176266120438,
      0.9866176317971961,
      5.916744941267779,
      3.055959527794119,
      0.21579193530271595,
      3.4038345358984374,
      3.450101031723535,
      6.099440198439502,
      3.0644601117484007
    ],
    [
      1.0629852869707788,
      5.077101178786974,
      1.121890268737399,
      0.855078005693456,
      1.3741417187827616,
      2.9879497558592956,
      1.1068257012043798,
      0.9502381117971961,
      5.932987501267779,
      3.115773927794119,
      0.20179705530271597,
      3.3767401358984372,
      3.359539751723535,
      6.1279560384395015,
      3.0526559517484007
    ],
    [
      0.9984058629707787,
      5.146611066786974,
      1.129256572737399,
      0.839239189693456,
      1.2420132707827616,
      2.9556008598592958,
      0.8710315572043797,
      0.848941311797196,
      5.971057677267779,
      3.1260256717941193,
      0.09511372730271589,
      3.369416167898437,
      3.221956423723535,
      6.1957917184395015,
      3.066501615748401
    ],
    [
      0.9030767109707786,
      5.2547584587869745,
      1.1493168607373991,
      0.7808701016934559,
      1.1501976547827615,
      2.9184299158592957,
      0.6351146292043796,
      0.5489320317971957,
      6.080198669267779,
      3.232012999794119,
      0.11825964730271593,
      3.366066087898437,
      3.289433671723535,
      6.186755494439502,
      3.098920175748401
    ],
    [
      0.8424247109707785,
      5.424555418786975,
      1.092774460737399,
      0.7559097816934558,
      0.9239774947827613,
      2.9440252758592957,
      0.27730390920437953,
      0.3084345917971957,
      6.016309069267779,
      3.171072199794119,
      0.10988396730271596,
      3.346203687898437,
      3.2063450317235347,
      6.277686534439502,
      3.0433000157484007
    ],
    [
      0.5573456709707785,
      5.608852634786975,
      1.179497916737399,
      0.5622926296934558,
      0.6569145827827612,
      2.8941745238592955,
      0.07265738120437937,
      0.1313215037971956,
      6.119881677267779,
      3.141275975794119,
      -0.05924870469728408,
      3.342252327898437,
      3.0965042637235345,
      6.383755910439501,
      3.0221382877484007
    ],
    [
      0.13357216697077823,
      5.973682650786975,
      1.3070117087373991,
      0.1975267416934554,
      0.011821718782760504,
      2.9994237398592953,
      0.0932248052043794,
      0.17481385579719558,
      6.130592333267779,
      3.2518743757941193,
      0.024377727302715993,
      3.360804711898437,
      3.0902183117235347,
      6.173432262439501,
      2.9356333917484005
    ],
    [
      -0.03339941702922189,
      6.628316474786975,
      1.350894780737399,
      -0.07355636230654466,
      0.18557531878276065,
      3.000654139859295,
      -0.06975919479562073,
      -0.07554726420280458,
      6.083509421267779,
      3.328968199794119,
      -0.100165408697284,
      3.378451463898437,
      3.1832564237235346,
      6.352122534439501,
      2.9457863517484006
    ],
    [
      -0.18698911302922197,
      6.251222458786975,
      1.388173180737399,
      0.039893237693455486,
      -0.09780004121723959,
      2.988234939859295,
      0.14632214920437933,
      0.13931807979719565,
      6.108972845267779,
      2.973733575794119,
      0.06417423930271608,
      3.452062279898437,
      3.068253031723535,
      6.460669990439501,
      3.033108079748401
    ],
    [
      0.029807046970778128,
      6.027630138786975,
      1.468439292737399,
      -0.2034025063065446,
      0.11281960678276046,
      3.1206226518592954,
      0.0571935732043793,
      -0.04503955220280456,
      6.320845869267779,
      3.333879751794119,
      0.4216838713027163,
      3.387701831898437,
      3.1264377357235347,
      6.382466342439502,
      2.907248495748401
    ],
    [
      -0.08570677702922186,
      6.255901242786975,
      1.436603004737399,
      -0.10613181830654457,
      -0.13382327321723955,
      3.0936726998592956,
      -0.03504079479562065,
      0.2750018557971955,
      6.327697165267779,
      3.345494119794119,
      -0.052835648697283966,
      3.4524812238984373,
      3.0313817677235346,
      6.3639370624395015,
      2.954763055748401
    ],
    [
      0.10008547897077824,
      6.349192954786975,
      1.388237436737399,
      0.12185838969345546,
      0.04249941478276051,
      3.121117755859296,
      0.20324266120437945,
      -0.2760157442028046,
      6.389056205267779,
      2.9774361997941186,
      0.11941855930271641,
      3.5448015438984375,
      3.2980045517235346,
      6.340739622439502,
      2.8622962397484004
    ],
    [
      0.018051590970778186,
      6.455337626786975,
      1.2864147487373991,
      -0.09125425030654462,
      0.004856918782760469,
      3.200629691859296,
      -0.2951253387956207,
      -0.06714684820280459,
      6.614552109267779,
      3.2149617357941187,
      -0.15120080069728384,
      3.395073095898437,
      3.1432453837235346,
      6.3089780544395015,
      2.7322483037484004
    ],
    [
      0.01845824697077818,
      6.3147742987869755,
      1.3295004447373993,
      0.056654741693455565,
      -0.11006288921723954,
      3.183190971859296,
      0.02684125320437941,
      0.3053049917971955,
      6.4466212292677785,
      3.3077518797941186,
      -0.08419356869728381,
      3.527280583898437,
      3.0379146957235346,
      6.1479636544395015,
      2.7680264797484004
    ],
    [
      0.07826608697077829,
      6.114681562786975,
      1.1804944287373993,
      0.08897125369345564,
      0.2825854307827608,
      2.942397275859296,
      -0.06734969079562081,
      0.25770006379719523,
      6.239858381267778,
      3.021612647794118,
      -0.014807168697283699,
      3.1631395278984367,
      3.0277219917235345,
      6.376567942439502,
      2.7474908637484003
    ],
    [
      0.009279846970778272,
      6.1635400587869755,
      1.2887724447373994,
      -0.04888769030654429,
      -0.15993680921723918,
      2.960678619859296,
      0.22295136520437903,
      0.05434492779719524,
      6.1923857412677785,
      3.378904807794118,
      -0.2217875206972837,
      3.138279367898437,
      3.1637829197235345,
      6.4979680064395025,
      2.6446941917484
    ],
    [
      0.10273443897077832,
      6.4487750027869755,
      1.3534118047373993,
      0.14335218169345582,
      0.028112470782760773,
      3.098258651859296,
      -0.010016826795621075,
      0.1451213757971953,
      6.223206221267779,
      2.819735015794118,
      0.08122585530271642,
      3.136095175898437,
      3.0134917197235342,
      6.260376454439503,
      2.6577472477484
    ],
    [
      -0.11218396102922164,
      6.258928474786975,
      1.3809995167373992,
      -0.09140685830654421,
      -0.19665578521723937,
      3.146752859859296,
      0.22007059720437896,
      0.03964643179719515,
      6.282736077267779,
      3.2038573837941184,
      0.005078271302716375,
      3.2582848718984367,
      3.1174081357235344,
      6.255655558439503,
      2.5726789597484
    ],
    [
      0.21370487097077845,
      6.065362938786975,
      1.4148389087373991,
      0.1982832216934557,
      0.11712597478276077,
      3.1625582998592963,
      0.007238917204378831,
      0.04221385579719518,
      6.276054189267779,
      3.0521733517941185,
      -0.049037280697283574,
      3.2156136078984368,
      3.1589206797235345,
      6.209093862439502,
      2.5241266717484
    ],
    [
      -0.21360719302922165,
      6.476579194786975,
      1.4508242527373991,
      -0.0461842983065443,
      0.060402966782760824,
      3.205752603859296,
      -0.13866969079562133,
      0.04396086379719525,
      6.226952173267779,
      3.3078438157941186,
      0.12862953530271642,
      3.0911251598984366,
      3.1152460557235346,
      6.3765537664395024,
      2.4887468317484
    ]
  ],
  "cost_vals": [],
  "step_size": 0.1,
  "opt_step_times": [
    0.1294999122619629,
    0.1432209014892578,
    0.15313196182250977,
    0.1428840160369873,
    0.12852787971496582,
    0.1407179832458496,
    0.1258559226989746,
    0.13105297088623047,
    0.13430190086364746,
    0.1251840591430664,
    0.19946599006652832,
    0.12409591674804688,
    0.11737704277038574,
    0.1187598705291748,
    0.12534499168395996,
    0.11857485771179199,
    0.12290000915527344,
    0.12113404273986816,
    0.1305069923400879,
    0.12038898468017578
  ],
  "opt_settings": [
    -0.21360719302922165,
    6.476579194786975,
    1.4508242527373991,
    -0.0461842983065443,
    0.060402966782760824,
    3.205752603859296,
    -0.13866969079562133,
    0.04396086379719525,
    6.226952173267779,
    3.3078438157941186,
    0.12862953530271642,
    3.0911251598984366,
    3.1152460557235346,
    6.3765537664395024,
    2.4887468317484
  ],
  "min_cost": null,
  "datetime": "2023-05-30T16-43-06Z",
  "step_only": true,
  "ibm_device": "default.qubit",
  "shots": 100,
  "prep_node_name": "5-qubit_ghz_state",
  "num_qubits": 5,
  "error": false,
  "cov_mats": [
    [
      [
        0.99,
        -0.013999999999999943,
        0.027999999999999966,
        -0.12200000000000005,
        -0.02800000000000002
      ],
      [
        -0.013999999999999943,
        0.9324,
        0.039199999999999936,
        0.0051999999999999625,
        0.0007999999999999605
      ],
      [
        0.027999999999999966,
        0.039199999999999936,
        0.9936,
        -0.1384,
        -0.23359999999999997
      ],
      [
        -0.12200000000000005,
        0.0051999999999999625,
        -0.1384,
        0.9996,
        0.7784
      ],
      [
        -0.02800000000000002,
        0.0007999999999999605,
        -0.23359999999999997,
        0.7784,
        0.9936
      ]
    ],
    [
      [
        0.9964,
        -0.13759999999999994,
        0.07879999999999993,
        -0.1776,
        -0.18000000000000005
      ],
      [
        -0.13759999999999994,
        0.9984,
        -0.019200000000000016,
        -0.12160000000000008,
        -0.12000000000000005
      ],
      [
        0.07879999999999993,
        -0.019200000000000016,
        0.9996,
        -0.17920000000000003,
        -0.18
      ],
      [
        -0.1776,
        -0.12160000000000008,
        -0.17920000000000003,
        0.9984,
        0.92
      ],
      [
        -0.18000000000000005,
        -0.12000000000000005,
        -0.18,
        0.92,
        1.0
      ]
    ],
    [
      [
        1.0,
        0.07999999999999996,
        -0.10000000000000003,
        -0.04000000000000001,
        0.040000000000000036
      ],
      [
        0.07999999999999996,
        0.96,
        -0.072,
        -0.09599999999999999,
        -0.168
      ],
      [
        -0.10000000000000003,
        -0.072,
        0.9964,
        -0.14480000000000007,
        -0.10240000000000003
      ],
      [
        -0.04000000000000001,
        -0.09599999999999999,
        -0.14480000000000007,
        0.9936,
        0.9168
      ],
      [
        0.040000000000000036,
        -0.168,
        -0.10240000000000003,
        0.9168,
        0.9984
      ]
    ],
    [
      [
        0.9936,
        0.16880000000000006,
        0.1912,
        -0.268,
        -0.24960000000000002
      ],
      [
        0.16880000000000006,
        0.9804,
        0.21960000000000007,
        -0.17400000000000004,
        -0.15680000000000005
      ],
      [
        0.1912,
        0.21960000000000007,
        0.9804,
        -0.506,
        -0.5232
      ],
      [
        -0.268,
        -0.17400000000000004,
        -0.506,
        0.99,
        0.9680000000000001
      ],
      [
        -0.24960000000000002,
        -0.15680000000000005,
        -0.5232,
        0.9680000000000001,
        0.9856
      ]
    ],
    [
      [
        0.9936,
        -0.04319999999999998,
        0.30799999999999994,
        -0.40320000000000006,
        -0.36319999999999997
      ],
      [
        -0.04319999999999998,
        0.9984,
        0.10400000000000004,
        -0.12160000000000003,
        -0.08159999999999999
      ],
      [
        0.30799999999999994,
        0.10400000000000004,
        0.99,
        -0.736,
        -0.736
      ],
      [
        -0.40320000000000006,
        -0.12160000000000003,
        -0.736,
        0.9984,
        0.9584
      ],
      [
        -0.36319999999999997,
        -0.08159999999999999,
        -0.736,
        0.9584,
        0.9984000000000002
      ]
    ],
    [
      [
        0.99,
        0.122,
        0.364,
        -0.4119999999999999,
        -0.4119999999999999
      ],
      [
        0.122,
        0.9996,
        0.4232,
        -0.5016,
        -0.5016
      ],
      [
        0.364,
        0.4232,
        0.9743999999999999,
        -0.9072,
        -0.9072
      ],
      [
        -0.4119999999999999,
        -0.5016,
        -0.9072,
        0.9936,
        0.9936
      ],
      [
        -0.4119999999999999,
        -0.5016,
        -0.9072,
        0.9936,
        0.9936
      ]
    ],
    [
      [
        0.9984,
        0.4992,
        0.7792,
        -0.7792,
        -0.7792
      ],
      [
        0.4992,
        0.9996,
        0.5995999999999999,
        -0.5995999999999999,
        -0.5995999999999999
      ],
      [
        0.7792,
        0.5995999999999999,
        0.9995999999999999,
        -0.9995999999999999,
        -0.9995999999999999
      ],
      [
        -0.7792,
        -0.5995999999999999,
        -0.9995999999999999,
        0.9995999999999999,
        0.9995999999999999
      ],
      [
        -0.7792,
        -0.5995999999999999,
        -0.9995999999999999,
        0.9995999999999999,
        0.9995999999999999
      ]
    ],
    [
      [
        1.0,
        0.96,
        0.94,
        -0.96,
        -0.96
      ],
      [
        0.96,
        0.9984,
        0.9776,
        -0.9984,
        -0.9984
      ],
      [
        0.94,
        0.9776,
        0.9964,
        -0.9776,
        -0.9776
      ],
      [
        -0.96,
        -0.9984,
        -0.9776,
        0.9984,
        0.9984
      ],
      [
        -0.96,
        -0.9984,
        -0.9776,
        0.9984,
        0.9984
      ]
    ],
    [
      [
        0.9984,
        0.9183999999999999,
        0.9583999999999999,
        -0.8976000000000001,
        -0.9376
      ],
      [
        0.9183999999999999,
        0.9984,
        0.9583999999999999,
        -0.9376,
        -0.9776
      ],
      [
        0.9583999999999999,
        0.9583999999999999,
        0.9984,
        -0.9376,
        -0.9776
      ],
      [
        -0.8976000000000001,
        -0.9376,
        -0.9376,
        0.9964,
        0.9563999999999999
      ],
      [
        -0.9376,
        -0.9776,
        -0.9776,
        0.9563999999999999,
        0.9964
      ]
    ],
    [
      [
        0.9936,
        0.9752,
        0.9752,
        -0.9752,
        -0.9351999999999999
      ],
      [
        0.9752,
        0.9964,
        0.9964,
        -0.9964,
        -0.9563999999999999
      ],
      [
        0.9752,
        0.9964,
        0.9964,
        -0.9964,
        -0.9563999999999999
      ],
      [
        -0.9752,
        -0.9964,
        -0.9964,
        0.9964,
        0.9563999999999999
      ],
      [
        -0.9351999999999999,
        -0.9563999999999999,
        -0.9563999999999999,
        0.9563999999999999,
        0.9964
      ]
    ],
    [
      [
        0.9856,
        0.9456,
        0.968,
        -0.8879999999999999,
        -0.968
      ],
      [
        0.9456,
        0.9856,
        0.968,
        -0.8879999999999999,
        -0.968
      ],
      [
        0.968,
        0.968,
        0.99,
        -0.9099999999999999,
        -0.99
      ],
      [
        -0.8879999999999999,
        -0.8879999999999999,
        -0.9099999999999999,
        0.99,
        0.9099999999999999
      ],
      [
        -0.968,
        -0.968,
        -0.99,
        0.9099999999999999,
        0.99
      ]
    ],
    [
      [
        0.9996,
        0.98,
        0.98,
        -0.98,
        -0.98
      ],
      [
        0.98,
        1.0,
        1.0,
        -1.0,
        -1.0
      ],
      [
        0.98,
        1.0,
        1.0,
        -1.0,
        -1.0
      ],
      [
        -0.98,
        -1.0,
        -1.0,
        1.0,
        1.0
      ],
      [
        -0.98,
        -1.0,
        -1.0,
        1.0,
        1.0
      ]
    ],
    [
      [
        0.9964,
        0.9563999999999999,
        0.874,
        -0.9752,
        -0.954
      ],
      [
        0.9563999999999999,
        0.9964,
        0.874,
        -0.9752,
        -0.954
      ],
      [
        0.874,
        0.874,
        0.99,
        -0.8919999999999999,
        -0.87
      ],
      [
        -0.9752,
        -0.9752,
        -0.8919999999999999,
        0.9936,
        0.972
      ],
      [
        -0.954,
        -0.954,
        -0.87,
        0.972,
        0.99
      ]
    ],
    [
      [
        0.9984,
        0.9792,
        0.9408,
        -0.96,
        -0.9792
      ],
      [
        0.9792,
        0.9996,
        0.9603999999999999,
        -0.98,
        -0.9996
      ],
      [
        0.9408,
        0.9603999999999999,
        0.9996,
        -0.94,
        -0.9603999999999999
      ],
      [
        -0.96,
        -0.98,
        -0.94,
        1.0,
        0.98
      ],
      [
        -0.9792,
        -0.9996,
        -0.9603999999999999,
        0.98,
        0.9996
      ]
    ],
    [
      [
        1.0,
        1.0,
        0.98,
        -1.0,
        -0.98
      ],
      [
        1.0,
        1.0,
        0.98,
        -1.0,
        -0.98
      ],
      [
        0.98,
        0.98,
        0.9996,
        -0.98,
        -0.9603999999999999
      ],
      [
        -1.0,
        -1.0,
        -0.98,
        1.0,
        0.98
      ],
      [
        -0.98,
        -0.98,
        -0.9603999999999999,
        0.98,
        0.9996
      ]
    ],
    [
      [
        0.9856,
        0.968,
        0.968,
        -0.9856,
        -0.9856
      ],
      [
        0.968,
        0.99,
        0.95,
        -0.968,
        -0.968
      ],
      [
        0.968,
        0.95,
        0.99,
        -0.968,
        -0.968
      ],
      [
        -0.9856,
        -0.968,
        -0.968,
        0.9856,
        0.9856
      ],
      [
        -0.9856,
        -0.968,
        -0.968,
        0.9856,
        0.9856
      ]
    ],
    [
      [
        0.9936,
        0.9936,
        0.972,
        -0.9168,
        -0.972
      ],
      [
        0.9936,
        0.9936,
        0.972,
        -0.9168,
        -0.972
      ],
      [
        0.972,
        0.972,
        0.99,
        -0.896,
        -0.95
      ],
      [
        -0.9168,
        -0.9168,
        -0.896,
        0.9984,
        0.896
      ],
      [
        -0.972,
        -0.972,
        -0.95,
        0.896,
        0.99
      ]
    ],
    [
      [
        0.9964,
        0.8976,
        0.9163999999999999,
        -0.8576000000000001,
        -0.9163999999999999
      ],
      [
        0.8976,
        0.9984,
        0.9376,
        -0.9183999999999999,
        -0.9776
      ],
      [
        0.9163999999999999,
        0.9376,
        0.9964,
        -0.8976,
        -0.9563999999999999
      ],
      [
        -0.8576000000000001,
        -0.9183999999999999,
        -0.8976,
        0.9984,
        0.9376
      ],
      [
        -0.9163999999999999,
        -0.9776,
        -0.9563999999999999,
        0.9376,
        0.9964
      ]
    ],
    [
      [
        1.0,
        0.96,
        0.96,
        -1.0,
        -1.0
      ],
      [
        0.96,
        0.9984,
        0.9183999999999999,
        -0.96,
        -0.96
      ],
      [
        0.96,
        0.9183999999999999,
        0.9984,
        -0.96,
        -0.96
      ],
      [
        -1.0,
        -0.96,
        -0.96,
        1.0,
        1.0
      ],
      [
        -1.0,
        -0.96,
        -0.96,
        1.0,
        1.0
      ]
    ],
    [
      [
        0.9936,
        0.8768,
        0.8951999999999999,
        -0.8951999999999999,
        -0.8951999999999999
      ],
      [
        0.8768,
        0.9984,
        0.9776,
        -0.9776,
        -0.9776
      ],
      [
        0.8951999999999999,
        0.9776,
        0.9964,
        -0.9964,
        -0.9964
      ],
      [
        -0.8951999999999999,
        -0.9776,
        -0.9964,
        0.9964,
        0.9964
      ],
      [
        -0.8951999999999999,
        -0.9776,
        -0.9964,
        0.9964,
        0.9964
      ]
    ],
    [
      [
        0.9964,
        0.954,
        0.954,
        -0.9351999999999999,
        -0.9351999999999999
      ],
      [
        0.954,
        0.99,
        0.99,
        -0.972,
        -0.972
      ],
      [
        0.954,
        0.99,
        0.99,
        -0.972,
        -0.972
      ],
      [
        -0.9351999999999999,
        -0.972,
        -0.972,
        0.9936,
        0.9536
      ],
      [
        -0.9351999999999999,
        -0.972,
        -0.972,
        0.9536,
        0.9936
      ]
    ]
  ]
}