{
  "settings_list": [
    [
      2.5005248202566426,
      1.6230734898366308,
      4.3873351725847725,
      4.414505530003264,
      1.7554752599830592,
      2.104640453961358,
      1.4278887612160136,
      1.8677773602261334,
      2.933194463688624,
      3.3363473062858278,
      1.7450811355963713,
      2.167318294632116,
      1.9335976224689801,
      1.1443438260637275,
      0.5302710583299041
    ],
    [
      2.5002656202566427,
      1.6227198898366308,
      4.3905935725847725,
      4.3970511300032635,
      1.7459400599830592,
      2.105204453961358,
      1.4281871612160135,
      1.8742821602261335,
      2.916814463688624,
      3.3256073062858276,
      1.7576875355963713,
      2.1692134946321158,
      1.9217528224689802,
      1.1421030260637275,
      0.5276006583299041
    ],
    [
      2.5057607882566426,
      1.6235076018366308,
      4.4165375085847725,
      4.376850682003264,
      1.7580235159830593,
      2.122899301961358,
      1.4056783612160135,
      1.8880127202261334,
      2.917971967688624,
      3.3350598502858277,
      1.7722824795963712,
      2.175607862632116,
      1.9138961824689802,
      1.1503117940637275,
      0.5369926583299041
    ],
    [
      2.4832491082566426,
      1.6162274418366307,
      4.411429188584773,
      4.373766330003264,
      1.7703230999830593,
      2.123167845961358,
      1.4159630972160135,
      1.8752512802261334,
      2.912642527688624,
      3.3528919142858276,
      1.7840931995963711,
      2.1953247586321156,
      1.9075545824689801,
      1.1433589940637274,
      0.5276502903299041
    ],
    [
      2.4850666762566425,
      1.6225758578366307,
      4.412170628584772,
      4.371104474003264,
      1.7398475159830593,
      2.111975269961358,
      1.4245292092160136,
      1.8740646242261334,
      2.919544991688624,
      3.3604785382858275,
      1.790385359596371,
      2.1873981666321156,
      1.9262498464689801,
      1.1481948660637273,
      0.5103585783299041
    ],
    [
      2.4865028362566424,
      1.6192341618366308,
      4.419372036584773,
      4.363352794003264,
      1.7382769559830593,
      2.101521637961358,
      1.4311593532160136,
      1.8817690722261333,
      2.907781919688624,
      3.3526819302858275,
      1.799001423596371,
      2.1752187106321155,
      1.9265409184689801,
      1.1560828660637272,
      0.5011442423299041
    ],
    [
      2.4844575242566425,
      1.6082712178366307,
      4.429640708584772,
      4.366360026003264,
      1.7357335959830593,
      2.106317157961358,
      1.4168531772160136,
      1.8748898402261334,
      2.903500703688624,
      3.3619127782858276,
      1.788051663596371,
      2.1722035426321153,
      1.9274114464689802,
      1.1346170100637272,
      0.49745105832990405
    ],
    [
      2.4763027082566422,
      1.6128996658366308,
      4.436711844584773,
      4.363266554003264,
      1.7286329559830593,
      2.111066565961358,
      1.4237269692160135,
      1.8780533602261333,
      2.902917663688624,
      3.3481008742858274,
      1.797366607596371,
      2.1609831906321153,
      1.9371791904689801,
      1.134936498063727,
      0.495053970329904
    ],
    [
      2.4740229322566423,
      1.5957914418366308,
      4.460054820584773,
      4.362025658003264,
      1.7479298199830593,
      2.109578021961358,
      1.4288913212160135,
      1.8671132322261332,
      2.900277983688624,
      3.338654346285827,
      1.810561103596371,
      2.1583120226321153,
      1.9373591264689802,
      1.141638482063727,
      0.49931544232990405
    ],
    [
      2.4791591882566424,
      1.589705169836631,
      4.458975140584773,
      4.3578862660032645,
      1.7512626839830592,
      2.112853541961358,
      1.4337281852160135,
      1.8758058402261333,
      2.912623711688624,
      3.322219658285827,
      1.829178191596371,
      2.158511574632115,
      1.9277229024689801,
      1.137329234063727,
      0.511352306329904
    ],
    [
      2.5359076682566424,
      1.597059569836631,
      4.466962660584773,
      4.376544666003264,
      1.7549074839830592,
      2.0996929019613577,
      1.4525611452160134,
      1.8533714402261332,
      2.895276671688624,
      3.279297098285827,
      1.826784591596371,
      2.170782774632115,
      1.9274621024689802,
      1.124121874063727,
      0.465942546329904
    ],
    [
      2.5401390922566423,
      1.557755889836631,
      4.471156580584773,
      4.341323802003264,
      1.7527464599830591,
      2.0918050299613578,
      1.4822399932160135,
      1.8557981922261333,
      2.9151884796886236,
      3.281240138285827,
      1.832978255596371,
      2.1725920546321147,
      1.9153909344689801,
      1.153469842063727,
      0.491375506329904
    ],
    [
      2.5448350922566423,
      1.568211089836631,
      4.4778629805847725,
      4.338622202003264,
      1.7450024599830591,
      2.0793426299613578,
      1.4946575932160135,
      1.8658037922261332,
      2.9237108796886235,
      3.259466538285827,
      1.864770255596371,
      2.1742400546321146,
      1.92202933446898,
      1.171887442063727,
      0.49289230632990405
    ],
    [
      2.5460264522566423,
      1.5671461298366312,
      4.5072812845847725,
      4.323414618003264,
      1.7397782039830592,
      2.0646075259613577,
      1.5009830972160134,
      1.8586157922261333,
      2.9242481916886236,
      3.2553938342858273,
      1.863411215596371,
      2.1681350946321145,
      1.9040030304689801,
      1.184955378063727,
      0.49635771432990405
    ],
    [
      2.5404265802566424,
      1.5615355058366311,
      4.507154948584772,
      4.320016986003264,
      1.745936539983059,
      2.0805856379613576,
      1.4878120252160134,
      1.8599403362261333,
      2.9304117756886234,
      3.285079978285827,
      1.870235919596371,
      2.1680156706321143,
      1.91123797446898,
      1.184412786063727,
      0.513532882329904
    ],
    [
      2.5455331402566426,
      1.563119761836631,
      4.480626052584772,
      4.306389082003264,
      1.734894235983059,
      2.0561090939613575,
      1.4690070332160134,
      1.8609532002261333,
      2.9325648636886235,
      3.277478570285827,
      1.892653967596371,
      2.1718761506321145,
      1.9357828704689801,
      1.181261298063727,
      0.49595899432990403
    ],
    [
      2.5289088842566425,
      1.537061585836631,
      4.503372356584772,
      4.313491610003264,
      1.742814747983059,
      2.0519917819613576,
      1.4626028732160135,
      1.8591978082261333,
      2.9084182396886233,
      3.2741041062858267,
      1.8850485915963708,
      2.1862488226321144,
      1.9230773344689802,
      1.1815542260637268,
      0.504771218329904
    ],
    [
      2.5355472202566425,
      1.5372491058366309,
      4.500186564584772,
      4.336514970003264,
      1.749129723983059,
      2.0386287419613573,
      1.4687434492160134,
      1.8733681122261334,
      2.9068979836886233,
      3.2645309542858265,
      1.8978299355963708,
      2.1752319906321143,
      1.9189452064689803,
      1.158011730063727,
      0.486026194329904
    ],
    [
      2.5290614602566426,
      1.5543168818366309,
      4.515891396584772,
      4.330040474003264,
      1.748995579983059,
      2.0398149179613574,
      1.4741074172160133,
      1.8765806562261333,
      2.893847743688623,
      3.2599312742858264,
      1.9095434715963708,
      2.182120182632114,
      1.9104250144689803,
      1.153838418063727,
      0.483177938329904
    ],
    [
      2.5233337802566425,
      1.5521443378366309,
      4.508054980584772,
      4.342822170003264,
      1.746155707983059,
      2.0226992699613575,
      1.4717488252160134,
      1.8900364642261334,
      2.892289663688623,
      3.2628856422858266,
      1.9093579355963708,
      2.1865468706321143,
      1.9127286304689803,
      1.128759634063727,
      0.473402578329904
    ],
    [
      2.5348013002566425,
      1.532246737836631,
      4.517827780584772,
      4.344421530003264,
      1.760016827983059,
      2.0234659899613576,
      1.4850358652160134,
      1.8927775842261334,
      2.895767423688623,
      3.2593496422858266,
      1.8932798555963708,
      2.2048105506321143,
      1.9125807904689802,
      1.131565394063727,
      0.466065618329904
    ]
  ],
  "cost_vals": [],
  "step_size": 0.1,
  "opt_step_times": [
    0.13966584205627441,
    0.14354991912841797,
    0.14935779571533203,
    0.1569521427154541,
    0.17492008209228516,
    0.14702582359313965,
    0.13697409629821777,
    0.14026403427124023,
    0.13872098922729492,
    0.15584874153137207,
    0.213454008102417,
    0.14609789848327637,
    0.13677501678466797,
    0.14527511596679688,
    0.14688491821289062,
    0.15332984924316406,
    0.14528894424438477,
    0.14947891235351562,
    0.14072704315185547,
    0.1388709545135498
  ],
  "opt_settings": [
    2.5348013002566425,
    1.532246737836631,
    4.517827780584772,
    4.344421530003264,
    1.760016827983059,
    2.0234659899613576,
    1.4850358652160134,
    1.8927775842261334,
    2.895767423688623,
    3.2593496422858266,
    1.8932798555963708,
    2.2048105506321143,
    1.9125807904689802,
    1.131565394063727,
    0.466065618329904
  ],
  "min_cost": null,
  "datetime": "2023-05-30T16-42-01Z",
  "step_only": true,
  "ibm_device": "default.qubit",
  "shots": 100,
  "prep_node_name": "5-qubit_ghz_state",
  "num_qubits": 5,
  "error": false,
  "cov_mats": [
    [
      [
        0.9856,
        0.11039999999999994,
        0.1008,
        -0.22720000000000007,
        0.02080000000000009
      ],
      [
        0.11039999999999994,
        0.9936,
        -0.17280000000000006,
        -0.10480000000000003,
        0.027200000000000002
      ],
      [
        0.1008,
        -0.17280000000000006,
        0.9744,
        -0.029599999999999974,
        0.13440000000000005
      ],
      [
        -0.22720000000000007,
        -0.10480000000000003,
        -0.029599999999999974,
        0.9964,
        -0.1096
      ],
      [
        0.02080000000000009,
        0.027200000000000002,
        0.13440000000000005,
        -0.1096,
        0.9743999999999999
      ]
    ],
    [
      [
        0.9964,
        0.16120000000000007,
        -0.005999999999999943,
        -0.03880000000000001,
        0.10240000000000003
      ],
      [
        0.16120000000000007,
        0.9996,
        -0.11800000000000002,
        -0.12040000000000002,
        0.09920000000000004
      ],
      [
        -0.005999999999999943,
        -0.11800000000000002,
        0.99,
        -0.07800000000000004,
        0.023999999999999987
      ],
      [
        -0.03880000000000001,
        -0.12040000000000002,
        -0.07800000000000004,
        0.9996,
        0.01919999999999999
      ],
      [
        0.10240000000000003,
        0.09920000000000004,
        0.023999999999999987,
        0.01919999999999999,
        0.9984
      ]
    ],
    [
      [
        0.9804,
        0.12240000000000006,
        0.1,
        -0.06560000000000003,
        0.146
      ],
      [
        0.12240000000000006,
        0.9743999999999999,
        -0.03999999999999995,
        0.04639999999999991,
        0.036000000000000004
      ],
      [
        0.1,
        -0.03999999999999995,
        1.0,
        2.7755575615628914e-17,
        -0.09999999999999998
      ],
      [
        -0.06560000000000003,
        0.04639999999999991,
        2.7755575615628914e-17,
        0.9984000000000001,
        0.015999999999999952
      ],
      [
        0.146,
        0.036000000000000004,
        -0.09999999999999998,
        0.015999999999999952,
        0.99
      ]
    ],
    [
      [
        0.99,
        0.10000000000000003,
        -0.064,
        -0.003999999999999983,
        0.13199999999999998
      ],
      [
        0.10000000000000003,
        1.0,
        -0.04000000000000001,
        -0.07999999999999999,
        0.2
      ],
      [
        -0.064,
        -0.04000000000000001,
        0.9984,
        0.08639999999999994,
        0.07680000000000001
      ],
      [
        -0.003999999999999983,
        -0.07999999999999999,
        0.08639999999999994,
        0.9743999999999999,
        0.012800000000000034
      ],
      [
        0.13199999999999998,
        0.2,
        0.07680000000000001,
        0.012800000000000034,
        0.9936
      ]
    ],
    [
      [
        0.9743999999999999,
        0.07359999999999997,
        0.10560000000000005,
        0.06320000000000002,
        -0.037599999999999925
      ],
      [
        0.07359999999999997,
        0.9983999999999998,
        -0.15359999999999996,
        -0.059199999999999975,
        0.06559999999999999
      ],
      [
        0.10560000000000005,
        -0.15359999999999996,
        0.9743999999999999,
        -0.10320000000000003,
        -0.12240000000000008
      ],
      [
        0.06320000000000002,
        -0.059199999999999975,
        -0.10320000000000003,
        0.9996,
        0.07719999999999999
      ],
      [
        -0.037599999999999925,
        0.06559999999999999,
        -0.12240000000000008,
        0.07719999999999999,
        0.9803999999999999
      ]
    ],
    [
      [
        1.0,
        -0.019999999999999934,
        -0.040000000000000036,
        0.24,
        0.08000000000000002
      ],
      [
        -0.019999999999999934,
        0.99,
        -0.020000000000000046,
        0.016000000000000014,
        0.012000000000000073
      ],
      [
        -0.040000000000000036,
        -0.020000000000000046,
        1.0,
        -0.04000000000000001,
        -0.04000000000000001
      ],
      [
        0.24,
        0.016000000000000014,
        -0.04000000000000001,
        0.9984,
        0.03679999999999995
      ],
      [
        0.08000000000000002,
        0.012000000000000073,
        -0.04000000000000001,
        0.03679999999999995,
        0.9936
      ]
    ],
    [
      [
        0.99,
        -0.02399999999999996,
        0.22199999999999998,
        0.034000000000000065,
        -0.01999999999999999
      ],
      [
        -0.02399999999999996,
        0.9984,
        0.09280000000000004,
        0.0976,
        0.12
      ],
      [
        0.22199999999999998,
        0.09280000000000004,
        0.9676,
        0.06920000000000001,
        0.01999999999999999
      ],
      [
        0.034000000000000065,
        0.0976,
        0.06920000000000001,
        0.9964,
        0.060000000000000026
      ],
      [
        -0.01999999999999999,
        0.12,
        0.01999999999999999,
        0.060000000000000026,
        1.0
      ]
    ],
    [
      [
        0.9996,
        0.042799999999999956,
        0.03960000000000001,
        0.08040000000000004,
        -0.14159999999999998
      ],
      [
        0.042799999999999956,
        0.9804,
        -0.07719999999999999,
        0.23720000000000002,
        0.15120000000000006
      ],
      [
        0.03960000000000001,
        -0.07719999999999999,
        0.9996,
        -0.03960000000000001,
        -0.0616
      ],
      [
        0.08040000000000004,
        0.23720000000000002,
        -0.03960000000000001,
        0.9996,
        -0.13840000000000002
      ],
      [
        -0.14159999999999998,
        0.15120000000000006,
        -0.0616,
        -0.13840000000000002,
        0.9936
      ]
    ],
    [
      [
        0.99,
        0.041999999999999975,
        0.19199999999999995,
        0.22800000000000006,
        0.0340000000000001
      ],
      [
        0.041999999999999975,
        0.9996,
        0.13760000000000003,
        0.13840000000000002,
        -0.1587999999999999
      ],
      [
        0.19199999999999995,
        0.13760000000000003,
        0.9856,
        0.11040000000000005,
        0.027200000000000057
      ],
      [
        0.22800000000000006,
        0.13840000000000002,
        0.11040000000000005,
        0.9936,
        0.02480000000000004
      ],
      [
        0.0340000000000001,
        -0.1587999999999999,
        0.027200000000000057,
        0.02480000000000004,
        0.9964000000000001
      ]
    ],
    [
      [
        0.9936,
        -0.1575999999999999,
        0.011999999999999976,
        -0.012800000000000034,
        0.132
      ],
      [
        -0.1575999999999999,
        0.9516,
        -0.022000000000000016,
        -0.015199999999999964,
        0.05800000000000001
      ],
      [
        0.011999999999999976,
        -0.022000000000000016,
        0.99,
        -0.036000000000000025,
        -0.09000000000000008
      ],
      [
        -0.012800000000000034,
        -0.015199999999999964,
        -0.036000000000000025,
        0.9744,
        0.12400000000000004
      ],
      [
        0.132,
        0.05800000000000001,
        -0.09000000000000008,
        0.12400000000000004,
        0.99
      ]
    ],
    [
      [
        0.9964,
        0.038800000000000036,
        0.029199999999999976,
        0.18240000000000012,
        -0.11880000000000003
      ],
      [
        0.038800000000000036,
        0.9996,
        -0.04359999999999996,
        0.10080000000000006,
        0.0003999999999999996
      ],
      [
        0.029199999999999976,
        -0.04359999999999996,
        0.9676,
        0.027200000000000082,
        0.04359999999999997
      ],
      [
        0.18240000000000012,
        0.10080000000000006,
        0.027200000000000082,
        0.9984,
        -0.1808
      ],
      [
        -0.11880000000000003,
        0.0003999999999999996,
        0.04359999999999997,
        -0.1808,
        0.9996
      ]
    ],
    [
      [
        0.9936,
        0.021599999999999987,
        0.1776,
        0.17199999999999993,
        -0.01599999999999998
      ],
      [
        0.021599999999999987,
        0.9996,
        -0.014400000000000001,
        0.0019999999999999693,
        0.06399999999999999
      ],
      [
        0.1776,
        -0.014400000000000001,
        0.9216,
        0.07199999999999997,
        -0.016000000000000007
      ],
      [
        0.17199999999999993,
        0.0019999999999999693,
        0.07199999999999997,
        0.99,
        -0.11999999999999994
      ],
      [
        -0.01599999999999998,
        0.06399999999999999,
        -0.016000000000000007,
        -0.11999999999999994,
        0.96
      ]
    ],
    [
      [
        0.9964,
        -0.032000000000000015,
        -0.06,
        0.09999999999999995,
        0.07879999999999993
      ],
      [
        -0.032000000000000015,
        0.96,
        -0.08000000000000007,
        -0.08000000000000006,
        0.05599999999999994
      ],
      [
        -0.06,
        -0.08000000000000007,
        1.0,
        -0.040000000000000036,
        -0.10000000000000009
      ],
      [
        0.09999999999999995,
        -0.08000000000000006,
        -0.040000000000000036,
        1.0,
        0.13999999999999999
      ],
      [
        0.07879999999999993,
        0.05599999999999994,
        -0.10000000000000009,
        0.13999999999999999,
        0.9996
      ]
    ],
    [
      [
        0.99,
        -0.116,
        0.016000000000000014,
        0.172,
        -0.12799999999999997
      ],
      [
        -0.116,
        0.9743999999999999,
        -0.08640000000000005,
        0.027199999999999967,
        -0.060799999999999965
      ],
      [
        0.016000000000000014,
        -0.08640000000000005,
        0.9984,
        0.07680000000000001,
        -0.0352
      ],
      [
        0.172,
        0.027199999999999967,
        0.07680000000000001,
        0.9936,
        0.009599999999999961
      ],
      [
        -0.12799999999999997,
        -0.060799999999999965,
        -0.0352,
        0.009599999999999961,
        0.9855999999999999
      ]
    ],
    [
      [
        0.9996,
        -0.07800000000000001,
        -0.08360000000000006,
        0.26080000000000003,
        0.060000000000000026
      ],
      [
        -0.07800000000000001,
        0.99,
        0.098,
        0.21599999999999994,
        -0.22000000000000006
      ],
      [
        -0.08360000000000006,
        0.098,
        0.9676,
        0.06720000000000001,
        -0.10000000000000002
      ],
      [
        0.26080000000000003,
        0.21599999999999994,
        0.06720000000000001,
        0.9984,
        -0.04000000000000001
      ],
      [
        0.060000000000000026,
        -0.22000000000000006,
        -0.10000000000000002,
        -0.04000000000000001,
        1.0
      ]
    ],
    [
      [
        0.9936,
        0.040000000000000036,
        0.04639999999999999,
        0.09839999999999997,
        0.12640000000000004
      ],
      [
        0.040000000000000036,
        1.0,
        2.7755575615628914e-17,
        0.060000000000000026,
        -0.08000000000000002
      ],
      [
        0.04639999999999999,
        2.7755575615628914e-17,
        0.9936,
        0.06160000000000006,
        0.07360000000000008
      ],
      [
        0.09839999999999997,
        0.060000000000000026,
        0.06160000000000006,
        0.9996,
        0.021599999999999994
      ],
      [
        0.12640000000000004,
        -0.08000000000000002,
        0.07360000000000008,
        0.021599999999999994,
        0.9936
      ]
    ],
    [
      [
        0.9743999999999999,
        -0.033600000000000005,
        -0.1096000000000001,
        -0.0296,
        0.11600000000000005
      ],
      [
        -0.033600000000000005,
        0.9984,
        -0.17759999999999992,
        -0.01760000000000002,
        -0.10399999999999998
      ],
      [
        -0.1096000000000001,
        -0.17759999999999992,
        0.9964,
        0.15639999999999998,
        0.08600000000000002
      ],
      [
        -0.0296,
        -0.01760000000000002,
        0.15639999999999998,
        0.9964,
        -0.03400000000000008
      ],
      [
        0.11600000000000005,
        -0.10399999999999998,
        0.08600000000000002,
        -0.03400000000000008,
        0.99
      ]
    ],
    [
      [
        0.9676,
        -0.03960000000000003,
        0.11640000000000003,
        0.15839999999999993,
        -0.12160000000000003
      ],
      [
        -0.03960000000000003,
        0.9516,
        -0.08439999999999998,
        0.15359999999999996,
        0.03359999999999998
      ],
      [
        0.11640000000000003,
        -0.08439999999999998,
        0.9996,
        0.01760000000000002,
        -0.02239999999999996
      ],
      [
        0.15839999999999993,
        0.15359999999999996,
        0.01760000000000002,
        0.9855999999999999,
        -0.09440000000000001
      ],
      [
        -0.12160000000000003,
        0.03359999999999998,
        -0.02239999999999996,
        -0.09440000000000001,
        0.9855999999999999
      ]
    ],
    [
      [
        0.9936,
        -0.092,
        -0.06720000000000001,
        0.08000000000000007,
        -0.09519999999999995
      ],
      [
        -0.092,
        0.99,
        0.08400000000000002,
        -0.019999999999999934,
        0.11400000000000002
      ],
      [
        -0.06720000000000001,
        0.08400000000000002,
        0.9743999999999999,
        -0.12000000000000002,
        -0.1096
      ],
      [
        0.08000000000000007,
        -0.019999999999999934,
        -0.12000000000000002,
        1.0,
        -0.18000000000000005
      ],
      [
        -0.09519999999999995,
        0.11400000000000002,
        -0.1096,
        -0.18000000000000005,
        0.9964
      ]
    ],
    [
      [
        0.9964,
        -0.015200000000000042,
        0.10720000000000005,
        0.09280000000000004,
        0.07879999999999998
      ],
      [
        -0.015200000000000042,
        0.9936,
        -0.009599999999999961,
        0.12960000000000002,
        -0.05840000000000002
      ],
      [
        0.10720000000000005,
        -0.009599999999999961,
        0.9855999999999999,
        0.014399999999999977,
        0.14240000000000003
      ],
      [
        0.09280000000000004,
        0.12960000000000002,
        0.014399999999999977,
        0.9856,
        -0.06240000000000005
      ],
      [
        0.07879999999999998,
        -0.05840000000000002,
        0.14240000000000003,
        -0.06240000000000005,
        0.9996
      ]
    ],
    [
      [
        0.9984,
        0.1008,
        -0.001600000000000003,
        -0.057600000000000054,
        0.09440000000000003
      ],
      [
        0.1008,
        0.9996,
        0.0608,
        0.15879999999999997,
        -0.15720000000000003
      ],
      [
        -0.001600000000000003,
        0.0608,
        0.9984,
        -0.017600000000000015,
        0.13439999999999996
      ],
      [
        -0.057600000000000054,
        0.15879999999999997,
        -0.017600000000000015,
        0.9964,
        0.048399999999999985
      ],
      [
        0.09440000000000003,
        -0.15720000000000003,
        0.13439999999999996,
        0.048399999999999985,
        0.9803999999999999
      ]
    ]
  ]
}