{
  "settings_list": [
    [
      2.0916505922264133,
      3.6707793139744163,
      3.976740793732477,
      3.011446059130184,
      1.0649675736985207,
      3.662653449244924,
      3.3423289667535925,
      1.1450747349310315,
      1.6637067297735821,
      4.812345844529113,
      5.300595716022338,
      6.161880013894206,
      5.729172367658707,
      0.9662555213979107,
      1.5162244169889492
    ],
    [
      2.139760672226413,
      3.648445873974416,
      4.007363513732477,
      2.986139947130184,
      1.0247515096985207,
      3.672691721244924,
      3.3113027907535924,
      1.1571819989310315,
      1.659748969773582,
      4.780851700529113,
      5.3336222760223375,
      6.189387213894205,
      5.774473103658707,
      0.9312111693979107,
      1.492316576988949
    ],
    [
      2.154242336226413,
      3.601662385974416,
      4.020286777732477,
      2.997541163130184,
      0.9852792536985208,
      3.698002057244924,
      3.3289614147535924,
      1.1334285269310314,
      1.684662761773582,
      4.849097716529113,
      5.330466436022338,
      6.1993817098942054,
      5.8000076956587066,
      0.8767190093979108,
      1.4700316489889491
    ],
    [
      2.214396832226413,
      3.5864484339744163,
      4.049918073732477,
      2.990865579130184,
      0.9334403416985209,
      3.734326025244924,
      3.2970049347535926,
      1.1015601109310313,
      1.691179689773582,
      4.835528628529113,
      5.3179512360223375,
      6.234198093894205,
      5.793212175658707,
      0.8927490253979108,
      1.484274400988949
    ],
    [
      2.256132352226413,
      3.5653465139744163,
      4.054558393732477,
      2.960556619130184,
      0.9322213016985209,
      3.744082985244924,
      3.2791231747535927,
      1.0743268309310314,
      1.659294569773582,
      4.808651188529113,
      5.312480356022338,
      6.231824653894205,
      5.819745775658706,
      0.8486162253979108,
      1.463874560988949
    ],
    [
      2.310936832226413,
      3.5465164339744164,
      4.076515129732477,
      2.980163787130184,
      0.892309109698521,
      3.720562345244924,
      3.267392102753593,
      0.9730788309310314,
      1.655893609773582,
      4.845322164529113,
      5.302470244022338,
      6.223788685894205,
      5.805335791658706,
      0.8015581773979109,
      1.435106176988949
    ],
    [
      2.340045632226413,
      3.556069233974416,
      4.133043929732477,
      2.972927787130184,
      0.799537909698521,
      3.761323945244924,
      3.315933702753593,
      0.9419532309310314,
      1.6267952097735818,
      4.876335764529113,
      5.287375044022338,
      6.252029485894205,
      5.840079791658706,
      0.7254933773979109,
      1.406918976988949
    ],
    [
      2.355976512226413,
      3.587641841974416,
      4.120140249732477,
      2.973178923130184,
      0.755220341698521,
      3.765547689244924,
      3.300650118753593,
      0.9083639829310315,
      1.6054569697735819,
      4.885810836529113,
      5.256179012022337,
      6.267768237894205,
      5.856014127658706,
      0.6767731213979109,
      1.383504064988949
    ],
    [
      2.476237888226413,
      3.5591005939744162,
      4.099400697732476,
      2.9934713711301844,
      0.674459605698521,
      3.764482089244924,
      3.276472774753593,
      0.7889829909310315,
      1.5522879777735819,
      4.875220500529113,
      5.283061924022337,
      6.283065869894205,
      5.867306575658706,
      0.600748385397911,
      1.377001696988949
    ],
    [
      2.572145600226413,
      3.501713713974416,
      4.121547257732477,
      3.0605010031301845,
      0.5125364056985211,
      3.821406633244924,
      3.242766918753593,
      0.5581340949310316,
      1.6231686177735818,
      4.970870676529113,
      5.243607844022337,
      6.229744525894205,
      5.951166415658705,
      0.5355070413979109,
      1.331435104988949
    ],
    [
      2.732348736226413,
      3.4066943859744163,
      4.034292697732477,
      3.1732676271301843,
      0.3858995096985211,
      3.819817417244924,
      3.262857254753593,
      0.5084448789310316,
      1.5903688417735817,
      5.042445748529113,
      5.219640484022337,
      6.2748427338942045,
      5.988092527658705,
      0.417928417397911,
      1.271816320988949
    ],
    [
      2.9126372482264133,
      3.4181389939744165,
      4.057557593732477,
      3.2168026031301844,
      0.3781277336985211,
      3.841217737244924,
      3.239296550753593,
      0.39679598293103163,
      1.5631934177735818,
      5.0651509005291135,
      5.309784868022337,
      6.137684333894205,
      6.112112239658705,
      0.301991649397911,
      1.252645632988949
    ],
    [
      2.9497450882264133,
      3.2865863539744167,
      4.1138059137324765,
      3.2148230831301845,
      0.19911717369852114,
      3.7802468572449244,
      3.069431590753593,
      0.18379886293103162,
      1.5605623777735818,
      5.120044340529113,
      5.3209279080223375,
      6.174995693894205,
      6.269741679658705,
      0.14778940939791105,
      1.399295872988949
    ],
    [
      3.0003223682264135,
      3.144585393974417,
      4.112687993732476,
      3.2149557231301844,
      -0.017104746301478874,
      3.874959817244924,
      3.2891867907535928,
      0.09685806293103164,
      1.6819498977735816,
      5.244137140529113,
      5.301295428022337,
      6.201240813894206,
      6.373994479658705,
      0.0238020493979111,
      1.3202328329889492
    ],
    [
      2.9533362882264136,
      3.2628613619744167,
      3.9898880577324762,
      3.2963693871301842,
      -0.0871003623014789,
      3.7486048092449242,
      3.326986278753593,
      0.18308039893103165,
      1.5228625377735816,
      5.490311956529113,
      5.437125060022337,
      6.0326435018942055,
      6.304261583658706,
      0.0070452813979110865,
      1.1218351689889492
    ],
    [
      3.0575218882264137,
      3.1813765619744165,
      3.9101440577324764,
      3.261198187130184,
      0.06097003769852109,
      3.8084512092449243,
      3.0212454787535927,
      0.04971719893103163,
      1.4506801377735816,
      5.558676756529113,
      5.486043460022337,
      6.073805101894205,
      6.346527183658706,
      -0.018433118602088894,
      0.9723087689889492
    ],
    [
      3.0726562882264137,
      3.0596213619744166,
      3.8562416577324763,
      3.191551787130184,
      -0.06614676230147894,
      3.9847280092449244,
      3.1398470787535926,
      0.06669959893103167,
      1.5258017377735815,
      5.890876756529114,
      5.866749060022337,
      6.165894701894206,
      6.395864783658706,
      0.05248528139791114,
      0.9683535689889493
    ],
    [
      3.1351167042264136,
      3.1914293619744165,
      4.0147583937324764,
      3.204314923130184,
      -0.2304834023014789,
      4.049075145244925,
      3.165491110753593,
      -0.15099128106896825,
      1.3848652897735816,
      5.986368852529114,
      6.126114180022337,
      6.3160929738942055,
      6.335348687658707,
      -0.09239254260208885,
      1.1868326729889496
    ],
    [
      3.1153088322264137,
      3.2587635059744167,
      3.9384679937324765,
      3.2773313711301837,
      -0.360557546301479,
      3.953596777244925,
      3.170940518753593,
      -0.02581524906896812,
      1.1886388257735816,
      5.992781716529113,
      6.2237148200223364,
      6.321321869894206,
      6.236784719658707,
      -0.12219951860208896,
      1.1944421449889497
    ],
    [
      3.1643375682264137,
      3.068528753974417,
      4.076314265732476,
      3.3232250031301835,
      -0.25195274630147907,
      3.903066473244925,
      3.135755878753593,
      0.004765486931031838,
      1.2872130337735816,
      6.093588244529113,
      6.240979204022336,
      6.342655245894206,
      6.120882511658707,
      0.0019716173979110324,
      1.2316553289889498
    ]
  ],
  "cost_vals": [],
  "step_size": 0.1,
  "opt_step_times": [
    30.127989053726196,
    32.86966109275818,
    31.229491472244263,
    50.917155027389526,
    40.30322265625,
    46.98541188240051,
    28.82725691795349,
    38.54004263877869,
    29.517338752746582,
    31.54543399810791,
    28.97645902633667,
    29.610002517700195,
    29.988685131072998,
    30.51798915863037,
    37.090224742889404,
    42.0277795791626,
    67.00494933128357,
    39.94031262397766,
    47.94794845581055
  ],
  "opt_settings": [
    3.1643375682264137,
    3.068528753974417,
    4.076314265732476,
    3.3232250031301835,
    -0.25195274630147907,
    3.903066473244925,
    3.135755878753593,
    0.004765486931031838,
    1.2872130337735816,
    6.093588244529113,
    6.240979204022336,
    6.342655245894206,
    6.120882511658707,
    0.0019716173979110324,
    1.2316553289889498
  ],
  "min_cost": null,
  "datetime": "2023-04-25T19-48-44Z",
  "step_only": true,
  "ibm_device": "ibmq_belem",
  "shots": 100,
  "prep_node_name": "5-qubit_ghz_state",
  "num_qubits": 5,
  "cov_mats": [
    [
      [
        0.9984,
        -0.1343999999999999,
        -0.3216,
        0.09920000000000001,
        0.14559999999999998
      ],
      [
        -0.1343999999999999,
        0.8704,
        0.10559999999999994,
        -0.06719999999999998,
        -0.0496
      ],
      [
        -0.3216,
        0.10559999999999994,
        0.9984,
        -0.18080000000000002,
        -0.054399999999999976
      ],
      [
        0.09920000000000001,
        -0.06719999999999998,
        -0.18080000000000002,
        0.9996,
        0.1628
      ],
      [
        0.14559999999999998,
        -0.0496,
        -0.054399999999999976,
        0.1628,
        0.9804
      ]
    ],
    [
      [
        0.9964,
        0.05040000000000001,
        0.1328,
        0.03160000000000002,
        0.18
      ],
      [
        0.05040000000000001,
        0.9743999999999999,
        0.10079999999999996,
        -0.04239999999999999,
        -0.19999999999999993
      ],
      [
        0.1328,
        0.10079999999999996,
        0.9856,
        0.043200000000000044,
        -0.16
      ],
      [
        0.03160000000000002,
        -0.04239999999999999,
        0.043200000000000044,
        0.9804,
        -0.1
      ],
      [
        0.18,
        -0.19999999999999993,
        -0.16,
        -0.1,
        1.0
      ]
    ],
    [
      [
        0.9803999999999999,
        -0.2372,
        -0.28320000000000006,
        -0.04919999999999998,
        0.248
      ],
      [
        -0.2372,
        0.9996,
        0.2975999999999999,
        -0.04439999999999995,
        -0.18400000000000002
      ],
      [
        -0.28320000000000006,
        0.2975999999999999,
        0.9856,
        -0.0464,
        -0.14400000000000004
      ],
      [
        -0.04919999999999998,
        -0.04439999999999995,
        -0.0464,
        0.9516,
        -0.024000000000000007
      ],
      [
        0.248,
        -0.18400000000000002,
        -0.14400000000000004,
        -0.024000000000000007,
        0.9600000000000002
      ]
    ],
    [
      [
        0.9676,
        -0.1636,
        -0.2076,
        0.048799999999999975,
        0.338
      ],
      [
        -0.1636,
        0.9996,
        0.24359999999999998,
        -0.01679999999999993,
        -0.07799999999999999
      ],
      [
        -0.2076,
        0.24359999999999998,
        0.9676,
        -0.048799999999999955,
        -0.09799999999999996
      ],
      [
        0.048799999999999975,
        -0.01679999999999993,
        -0.048799999999999955,
        0.9743999999999999,
        -0.11599999999999999
      ],
      [
        0.338,
        -0.07799999999999999,
        -0.09799999999999996,
        -0.11599999999999999,
        0.99
      ]
    ],
    [
      [
        0.9743999999999999,
        -0.16640000000000005,
        -0.196,
        -0.040000000000000036,
        0.4208
      ],
      [
        -0.16640000000000005,
        0.9984,
        0.21600000000000003,
        -0.12,
        -0.16480000000000009
      ],
      [
        -0.196,
        0.21600000000000003,
        0.99,
        0.020000000000000018,
        -0.11200000000000002
      ],
      [
        -0.040000000000000036,
        -0.12,
        0.020000000000000018,
        1.0,
        0.04000000000000001
      ],
      [
        0.4208,
        -0.16480000000000009,
        -0.11200000000000002,
        0.04000000000000001,
        0.9856
      ]
    ],
    [
      [
        0.9984,
        -0.27040000000000003,
        -0.3360000000000001,
        0.2896,
        0.4624000000000001
      ],
      [
        -0.27040000000000003,
        0.9424,
        0.27599999999999997,
        -0.13760000000000008,
        -0.2744
      ],
      [
        -0.3360000000000001,
        0.27599999999999997,
        0.99,
        -0.004000000000000083,
        -0.28600000000000014
      ],
      [
        0.2896,
        -0.13760000000000008,
        -0.004000000000000083,
        0.9423999999999999,
        0.2456
      ],
      [
        0.4624000000000001,
        -0.2744,
        -0.28600000000000014,
        0.2456,
        0.9964
      ]
    ],
    [
      [
        0.9936,
        -0.18399999999999997,
        -0.059200000000000016,
        -0.09600000000000002,
        0.35679999999999995
      ],
      [
        -0.18399999999999997,
        0.96,
        0.16800000000000004,
        -6.938893903907228e-18,
        -0.39199999999999996
      ],
      [
        -0.059200000000000016,
        0.16800000000000004,
        0.9424,
        -0.04799999999999997,
        -0.20959999999999998
      ],
      [
        -0.09600000000000002,
        -6.938893903907228e-18,
        -0.04799999999999997,
        0.96,
        -0.047999999999999966
      ],
      [
        0.35679999999999995,
        -0.39199999999999996,
        -0.20959999999999998,
        -0.047999999999999966,
        0.9984
      ]
    ],
    [
      [
        1.0,
        -0.36,
        -0.44000000000000006,
        0.06,
        0.4600000000000001
      ],
      [
        -0.36,
        0.9984,
        0.36000000000000004,
        -0.21119999999999997,
        -0.22240000000000001
      ],
      [
        -0.44000000000000006,
        0.36000000000000004,
        1.0,
        -0.13999999999999996,
        -0.26
      ],
      [
        0.06,
        -0.21119999999999997,
        -0.13999999999999996,
        0.9516,
        0.05319999999999997
      ],
      [
        0.4600000000000001,
        -0.22240000000000001,
        -0.26,
        0.05319999999999997,
        0.9964
      ]
    ],
    [
      [
        0.9936,
        -0.5416000000000001,
        -0.5912,
        0.08879999999999999,
        0.5936000000000001
      ],
      [
        -0.5416000000000001,
        0.9996,
        0.5171999999999999,
        -0.08279999999999998,
        -0.46160000000000007
      ],
      [
        -0.5912,
        0.5171999999999999,
        0.9804,
        -0.05960000000000003,
        -0.5912
      ],
      [
        0.08879999999999999,
        -0.08279999999999998,
        -0.05960000000000003,
        0.9804,
        0.16879999999999998
      ],
      [
        0.5936000000000001,
        -0.46160000000000007,
        -0.5912,
        0.16879999999999998,
        0.9936
      ]
    ],
    [
      [
        0.96,
        -0.496,
        -0.584,
        0.19999999999999996,
        0.5760000000000001
      ],
      [
        -0.496,
        0.9996,
        0.4584000000000001,
        0.042000000000000065,
        -0.4136
      ],
      [
        -0.584,
        0.4584000000000001,
        0.9936,
        -0.2519999999999999,
        -0.5344
      ],
      [
        0.19999999999999996,
        0.042000000000000065,
        -0.2519999999999999,
        0.99,
        0.14800000000000002
      ],
      [
        0.5760000000000001,
        -0.4136,
        -0.5344,
        0.14800000000000002,
        0.8976000000000002
      ]
    ],
    [
      [
        0.9744,
        -0.5056,
        -0.6568,
        0.0888,
        0.6816000000000002
      ],
      [
        -0.5056,
        0.9743999999999999,
        0.6232000000000001,
        -0.031200000000000002,
        -0.4784000000000001
      ],
      [
        -0.6568,
        0.6232000000000001,
        0.9996,
        -0.0436,
        -0.6152000000000001
      ],
      [
        0.0888,
        -0.031200000000000002,
        -0.0436,
        0.9676,
        0.10320000000000001
      ],
      [
        0.6816000000000002,
        -0.4784000000000001,
        -0.6152000000000001,
        0.10320000000000001,
        0.9424000000000002
      ]
    ],
    [
      [
        0.9964,
        -0.6859999999999999,
        -0.78,
        0.17800000000000005,
        0.8272
      ],
      [
        -0.6859999999999999,
        0.99,
        0.7,
        -0.13,
        -0.688
      ],
      [
        -0.78,
        0.7,
        1.0,
        -0.13999999999999999,
        -0.8399999999999999
      ],
      [
        0.17800000000000005,
        -0.13,
        -0.13999999999999999,
        0.91,
        0.224
      ],
      [
        0.8272,
        -0.688,
        -0.8399999999999999,
        0.224,
        0.9856
      ]
    ],
    [
      [
        0.9676,
        -0.3924000000000001,
        -0.662,
        0.09280000000000002,
        0.9040000000000001
      ],
      [
        -0.3924000000000001,
        0.9676,
        0.3380000000000001,
        -0.10720000000000002,
        -0.41600000000000015
      ],
      [
        -0.662,
        0.3380000000000001,
        0.99,
        -0.016000000000000052,
        -0.64
      ],
      [
        0.09280000000000002,
        -0.10720000000000002,
        -0.016000000000000052,
        0.9984,
        0.07200000000000001
      ],
      [
        0.9040000000000001,
        -0.41600000000000015,
        -0.64,
        0.07200000000000001,
        0.9600000000000002
      ]
    ],
    [
      [
        0.9516,
        -0.7848,
        -0.6756000000000001,
        0.28719999999999996,
        0.8227999999999999
      ],
      [
        -0.7848,
        0.9743999999999999,
        0.6168000000000001,
        -0.3616,
        -0.8184
      ],
      [
        -0.6756000000000001,
        0.6168000000000001,
        0.9996,
        -0.2552,
        -0.6748
      ],
      [
        0.28719999999999996,
        -0.3616,
        -0.2552,
        0.9423999999999999,
        0.3176
      ],
      [
        0.8227999999999999,
        -0.8184,
        -0.6748,
        0.3176,
        0.9324
      ]
    ],
    [
      [
        0.9856,
        -0.8528,
        -0.7984,
        0.3792,
        0.6464
      ],
      [
        -0.8528,
        0.9964,
        0.7492,
        -0.3896,
        -0.5732
      ],
      [
        -0.7984,
        0.7492,
        0.9676,
        -0.32880000000000004,
        -0.5596
      ],
      [
        0.3792,
        -0.3896,
        -0.32880000000000004,
        0.9743999999999999,
        0.2248
      ],
      [
        0.6464,
        -0.5732,
        -0.5596,
        0.2248,
        0.9516
      ]
    ],
    [
      [
        0.9856,
        -0.7328,
        -0.8832,
        0.27840000000000004,
        0.7104
      ],
      [
        -0.7328,
        0.9964,
        0.7916000000000001,
        -0.22920000000000001,
        -0.7352
      ],
      [
        -0.8832,
        0.7916000000000001,
        0.9804,
        -0.2548,
        -0.6487999999999999
      ],
      [
        0.27840000000000004,
        -0.22920000000000001,
        -0.2548,
        0.9676,
        0.2456
      ],
      [
        0.7104,
        -0.7352,
        -0.6487999999999999,
        0.2456,
        0.9936
      ]
    ],
    [
      [
        0.9324,
        -0.4068,
        -0.6628000000000001,
        0.5532,
        0.7324
      ],
      [
        -0.4068,
        0.9676,
        0.47960000000000014,
        -0.3124,
        -0.4068000000000001
      ],
      [
        -0.6628000000000001,
        0.47960000000000014,
        0.9516,
        -0.6004,
        -0.6628000000000001
      ],
      [
        0.5532,
        -0.3124,
        -0.6004,
        0.9676,
        0.5932000000000001
      ],
      [
        0.7324,
        -0.4068000000000001,
        -0.6628000000000001,
        0.5932000000000001,
        0.9324000000000002
      ]
    ],
    [
      [
        0.9516,
        -0.19280000000000003,
        -0.7136,
        0.658,
        0.776
      ],
      [
        -0.19280000000000003,
        0.9423999999999999,
        0.3088,
        -0.32400000000000007,
        -0.28800000000000003
      ],
      [
        -0.7136,
        0.3088,
        0.9856,
        -0.768,
        -0.776
      ],
      [
        0.658,
        -0.32400000000000007,
        -0.768,
        0.99,
        0.7200000000000001
      ],
      [
        0.776,
        -0.28800000000000003,
        -0.776,
        0.7200000000000001,
        0.96
      ]
    ],
    [
      [
        0.9996,
        -0.7188,
        -0.8388000000000001,
        0.8404,
        0.7548
      ],
      [
        -0.7188,
        0.9964,
        0.7564,
        -0.6412000000000001,
        -0.5044000000000001
      ],
      [
        -0.8388000000000001,
        0.7564,
        0.9964,
        -0.8012,
        -0.5844
      ],
      [
        0.8404,
        -0.6412000000000001,
        -0.8012,
        0.9996,
        0.6452
      ],
      [
        0.7548,
        -0.5044000000000001,
        -0.5844,
        0.6452,
        0.9324
      ]
    ],
    [
      [
        0.9744,
        -0.5536,
        -0.6376,
        0.8079999999999999,
        0.7320000000000002
      ],
      [
        -0.5536,
        0.9984,
        0.6144,
        -0.5920000000000001,
        -0.488
      ],
      [
        -0.6376,
        0.6144,
        0.9804,
        -0.712,
        -0.5980000000000001
      ],
      [
        0.8079999999999999,
        -0.5920000000000001,
        -0.712,
        0.96,
        0.72
      ],
      [
        0.7320000000000002,
        -0.488,
        -0.5980000000000001,
        0.72,
        0.9100000000000001
      ]
    ]
  ]
}