{
  "settings_list": [
    [
      5.590875792701719,
      1.3805998072045058,
      5.034147760544132,
      3.8282007038592503,
      5.073581878048339,
      0.30824991443910893,
      1.2119644738524633,
      5.243702489450942,
      2.0953003892725226,
      4.505413948973727,
      4.396355413051069,
      3.9597474669050485,
      0.41019361285028144,
      2.445607373904709,
      5.573193403812206
    ],
    [
      5.596411835739892,
      1.3534790818196623,
      5.033634514518088,
      3.8161992262478184,
      5.117032202304223,
      0.30996356169819433,
      1.1889600139175045,
      5.257479882082948,
      2.0924020081164136,
      4.499603695639223,
      4.393866007167722,
      3.9595015077429467,
      0.39866762892842095,
      2.467410407195276,
      5.571361730772742
    ],
    [
      5.601151789815544,
      1.3199853377614306,
      5.032936018217146,
      3.798222140714538,
      5.170812307612485,
      0.3093810896783271,
      1.166901118667956,
      5.273343931234569,
      2.0930741718933494,
      4.496007419626989,
      4.389212714131417,
      3.9607781278060035,
      0.3859593714331323,
      2.494494478148656,
      5.569960025555
    ],
    [
      5.611250599186721,
      1.2717835843027263,
      5.033787833655756,
      3.774056441792169,
      5.233589752723774,
      0.3099459092918478,
      1.1348550959360024,
      5.29458634354663,
      2.0900663357863207,
      4.485929905324781,
      4.384645929969952,
      3.9612582555746805,
      0.3661999791125342,
      2.531467339776695,
      5.570801788426723
    ],
    [
      5.623017448587201,
      1.216957176766028,
      5.030782211974212,
      3.74184685391262,
      5.312116389324728,
      0.3087251842547918,
      1.0952017296487173,
      5.32289951761764,
      2.088739581454829,
      4.475156132352512,
      4.376073518552578,
      3.9607437565409738,
      0.3423427281991307,
      2.5739320611442666,
      5.568403760182193
    ],
    [
      5.644100961129746,
      1.1440528078485221,
      5.027024471881774,
      3.6955586278045764,
      5.413560926970691,
      0.3101826163529089,
      1.0438409126318482,
      5.3638985260481435,
      2.088135631913878,
      4.465982924838727,
      4.369820309619634,
      3.960059633851818,
      0.30899498231878,
      2.6330657256482626,
      5.571043418502343
    ],
    [
      5.678213158862284,
      1.0402820880538513,
      5.026987498745062,
      3.630280607398456,
      5.541263945320193,
      0.30798901994548966,
      0.9749514585922914,
      5.416685046074356,
      2.0882453089824002,
      4.450694421186664,
      4.36051729063895,
      3.959519785915513,
      0.26216647327248876,
      2.713023432680969,
      5.5704240865021495
    ],
    [
      5.74467868868716,
      0.8852344584668275,
      5.023960340115685,
      3.5347549204713564,
      5.708669738802717,
      0.31119272503587847,
      0.8677123186826817,
      5.500603430777062,
      2.088662607685443,
      4.43359219062216,
      4.341949775280403,
      3.9604671608663593,
      0.20399843486958635,
      2.8161179899614095,
      5.571444736533655
    ],
    [
      5.860198773679245,
      0.6414455117084249,
      5.027415336364339,
      3.394653159323411,
      5.921010035593343,
      0.3094692942164961,
      0.6987008271349282,
      5.644283730934282,
      2.0799405681853083,
      4.407571854478046,
      4.323490558875201,
      3.960599691875799,
      0.12326343059986279,
      2.9458095490745517,
      5.572814322730113
    ],
    [
      6.060752816020096,
      0.29658523152302957,
      5.024647112809625,
      3.2374565349390267,
      6.158583038890508,
      0.31313004357373125,
      0.4130049683247905,
      5.905955940146902,
      2.0853671117041435,
      4.370097839924075,
      4.298873595306817,
      3.9605232588673256,
      0.04387919941945956,
      3.070155687767211,
      5.559442811979534
    ],
    [
      6.2666212214389025,
      0.009849772663203582,
      5.0281696586751154,
      3.1393892725530197,
      6.289055196355338,
      0.3125852898593492,
      0.051462703258553066,
      6.239421693750107,
      2.087099954586217,
      4.291581925927349,
      4.239042477856258,
      3.9533933001203496,
      -0.009617428632301098,
      3.1401400637386723,
      5.560025932010048
    ],
    [
      6.288960757104577,
      0.0037243885659747726,
      5.029277728306721,
      3.156915787855353,
      6.282127169411061,
      0.31408704360563783,
      -0.001793286017944845,
      6.299952154520079,
      2.0836199497679693,
      4.163149382806591,
      4.124676203078346,
      3.9554478221019687,
      0.0016583571350205287,
      3.140284898771366,
      5.557573460098312
    ],
    [
      6.2846329158926215,
      -0.007698688523740515,
      5.030479228916892,
      3.132529425934329,
      6.273903106156062,
      0.310998254030009,
      0.011960888008802004,
      6.263364020779248,
      2.0898644477531674,
      3.954941831601619,
      3.9251664343587813,
      3.957433114764179,
      0.013370037763587547,
      3.1475941031416084,
      5.558062747890732
    ],
    [
      6.279174602554017,
      0.006750611583910727,
      5.037797595827721,
      3.1450372025823072,
      6.2768601119141465,
      0.2988533831740833,
      -0.01645551421762496,
      6.296324470599967,
      2.0969492534038823,
      3.555957934314694,
      3.5384874316230044,
      3.954652059315268,
      -0.0042777079903798376,
      3.136730239092393,
      5.551210799561265
    ],
    [
      6.275676181876924,
      -0.0012178318662854487,
      5.033297768855515,
      3.1522942871181603,
      6.280298592613429,
      0.30759081105716785,
      0.02773640759063935,
      6.2927546459245,
      2.104828693237509,
      3.060314903411614,
      3.0371634197452853,
      3.951868544877819,
      -0.018646985860536945,
      3.1455210366775215,
      5.554233494420882
    ],
    [
      6.317331227394441,
      0.0039617400027502055,
      5.033148051273671,
      3.151714385121739,
      6.283111126096843,
      0.30798919105845673,
      -0.007213216590029426,
      6.265152063959053,
      2.102901034919879,
      3.1753134748191965,
      3.199974812733201,
      3.9506039610594144,
      -0.003969170335680698,
      3.1278150958585833,
      5.55423632017933
    ],
    [
      6.2527650815403,
      0.0027230124985532954,
      5.03231628035372,
      3.1138017898723036,
      6.271898203189994,
      0.30717998119282247,
      0.001918992982769551,
      6.286672301713855,
      2.1048119797983498,
      3.109004372149239,
      3.137731676114304,
      3.9512427777443078,
      -0.0075815621011916644,
      3.13991040438636,
      5.555058069570511
    ],
    [
      6.314439872801288,
      0.013933450519478748,
      5.032041381686942,
      3.1637327187599573,
      6.294249605022152,
      0.3058600395015297,
      0.01700003110896353,
      6.255822164478647,
      2.1052140759773526,
      3.152491366781319,
      3.1476684339910683,
      3.95231334862564,
      0.02044870312284737,
      3.1234810461266704,
      5.5549416724689875
    ],
    [
      6.26813660976414,
      -0.02092144971597058,
      5.0308042115504925,
      3.1364739552804255,
      6.272587831131299,
      0.3058576330600252,
      -0.023645766587548536,
      6.331066030135728,
      2.105412186035838,
      3.1494340696142555,
      3.153877000935528,
      3.951072101095421,
      -0.008254003537536289,
      3.1480717589430642,
      5.555530890411723
    ],
    [
      6.312062719115701,
      0.006015933487795711,
      5.028310354580692,
      3.1347719414736304,
      6.2849442633808055,
      0.3052125734225771,
      0.01936977826301948,
      6.251475729970002,
      2.1051901426581052,
      3.1504373558106042,
      3.144069511437826,
      3.9507311281811393,
      -0.014602609834987509,
      3.1309198507459537,
      5.557080747710511
    ],
    [
      6.279821930282937,
      -0.007694333420937265,
      5.027190035620318,
      3.1451171454517417,
      6.2762894022527265,
      0.30576606035885023,
      -0.005413960467644894,
      6.317818344665697,
      2.1052190201496845,
      3.1482360974627692,
      3.1484740669550444,
      3.9516803187447254,
      0.014940914967767411,
      3.14537777701344,
      5.558018072627081
    ]
  ],
  "cost_vals": [],
  "step_size": 0.1,
  "opt_step_times": [
    0.18808317184448242,
    0.26429224014282227,
    0.22174286842346191,
    0.1814870834350586,
    0.19159293174743652,
    0.18868207931518555,
    0.18557381629943848,
    0.18026018142700195,
    0.1842970848083496,
    0.18392515182495117,
    0.20522332191467285,
    0.18511009216308594,
    0.17975401878356934,
    0.19272398948669434,
    0.19435620307922363,
    0.1813831329345703,
    0.2389378547668457,
    0.17945289611816406,
    0.17659211158752441,
    0.17087316513061523
  ],
  "opt_settings": [
    6.279821930282937,
    -0.007694333420937265,
    5.027190035620318,
    3.1451171454517417,
    6.2762894022527265,
    0.30576606035885023,
    -0.005413960467644894,
    6.317818344665697,
    2.1052190201496845,
    3.1482360974627692,
    3.1484740669550444,
    3.9516803187447254,
    0.014940914967767411,
    3.14537777701344,
    5.558018072627081
  ],
  "min_cost": null,
  "datetime": "2023-05-30T16-39-52Z",
  "step_only": true,
  "ibm_device": "default.qubit",
  "shots": 10000,
  "prep_node_name": "5-qubit_ghz_state",
  "num_qubits": 5,
  "error": false,
  "cov_mats": [
    [
      [
        0.99933436,
        -0.05986191999999999,
        0.013491639999999971,
        0.00010711999999994883,
        -0.09941816
      ],
      [
        -0.05986191999999999,
        0.99999424,
        -0.04061007999999997,
        -0.012408639999999995,
        0.20083552000000005
      ],
      [
        0.013491639999999971,
        -0.04061007999999997,
        0.99998236,
        0.012584879999999972,
        -0.13533783999999996
      ],
      [
        0.00010711999999994883,
        -0.012408639999999995,
        0.012584879999999972,
        0.99998704,
        -0.028346720000000037
      ],
      [
        -0.09941816,
        0.20083552000000005,
        -0.13533783999999996,
        -0.028346720000000037,
        0.99978096
      ]
    ],
    [
      [
        0.9996972399999999,
        -0.037198160000000015,
        0.03474083999999997,
        0.011919960000000038,
        -0.11678259999999999
      ],
      [
        -0.037198160000000015,
        0.99986544,
        -0.06856055999999994,
        -0.03374663999999997,
        0.19818839999999996
      ],
      [
        0.03474083999999997,
        -0.06856055999999994,
        0.9999884399999999,
        0.022384360000000002,
        -0.12519660000000002
      ],
      [
        0.011919960000000038,
        -0.03374663999999997,
        0.022384360000000002,
        0.99997884,
        -0.06599540000000009
      ],
      [
        -0.11678259999999999,
        0.19818839999999996,
        -0.12519660000000002,
        -0.06599540000000009,
        0.9999989999999999
      ]
    ],
    [
      [
        0.99995904,
        -0.09336543999999998,
        0.045734720000000006,
        0.027307519999999946,
        -0.13098079999999995
      ],
      [
        -0.09336543999999998,
        0.9999708399999999,
        -0.05674491999999999,
        -0.03269072000000001,
        0.2655837999999999
      ],
      [
        0.045734720000000006,
        -0.05674491999999999,
        0.99989596,
        0.02197136000000004,
        -0.15556940000000002
      ],
      [
        0.027307519999999946,
        -0.03269072000000001,
        0.02197136000000004,
        0.99971776,
        -0.039850399999999946
      ],
      [
        -0.13098079999999995,
        0.2655837999999999,
        -0.15556940000000002,
        -0.039850399999999946,
        0.999991
      ]
    ],
    [
      [
        0.99988336,
        -0.09688208,
        0.04712224000000002,
        0.02569072000000001,
        -0.18028768
      ],
      [
        -0.09688208,
        0.99994224,
        -0.08205471999999996,
        -0.027936159999999998,
        0.31527904
      ],
      [
        0.04712224000000002,
        -0.08205471999999996,
        0.99994816,
        0.017660480000000034,
        -0.18632512000000004
      ],
      [
        0.02569072000000001,
        -0.027936159999999998,
        0.017660480000000034,
        0.99992944,
        -0.049687360000000035
      ],
      [
        -0.18028768,
        0.31527904,
        -0.18632512000000004,
        -0.049687360000000035,
        0.99989184
      ]
    ],
    [
      [
        0.99995644,
        -0.11760395999999998,
        0.07028183999999996,
        0.04477492000000001,
        -0.19857359999999993
      ],
      [
        -0.11760395999999998,
        0.99999964,
        -0.13659255999999997,
        -0.04320227999999999,
        0.37340239999999997
      ],
      [
        0.07028183999999996,
        -0.13659255999999997,
        0.99984624,
        0.039047120000000005,
        -0.19964959999999998
      ],
      [
        0.04477492000000001,
        -0.04320227999999999,
        0.039047120000000005,
        0.9999855599999999,
        -0.06258479999999997
      ],
      [
        -0.19857359999999993,
        0.37340239999999997,
        -0.19964959999999998,
        -0.06258479999999997,
        0.9999839999999999
      ]
    ],
    [
      [
        0.99997296,
        -0.17121456000000002,
        0.10963328000000003,
        0.026785440000000046,
        -0.27185928000000004
      ],
      [
        -0.17121456000000002,
        0.99999216,
        -0.15638208,
        -0.03200784,
        0.45216808
      ],
      [
        0.10963328000000003,
        -0.15638208,
        0.99995904,
        0.011217920000000015,
        -0.25212703999999997
      ],
      [
        0.026785440000000046,
        -0.03200784,
        0.011217920000000015,
        0.99999216,
        -0.06503192000000001
      ],
      [
        -0.27185928000000004,
        0.45216808,
        -0.25212703999999997,
        -0.06503192000000001,
        0.99987004
      ]
    ],
    [
      [
        0.99999744,
        -0.28022528,
        0.15441407999999998,
        0.020819840000000013,
        -0.37062144
      ],
      [
        -0.28022528,
        0.99975036,
        -0.23046095999999994,
        -0.05360408000000004,
        0.57458828
      ],
      [
        0.15441407999999998,
        -0.23046095999999994,
        0.99992256,
        0.03389087999999998,
        -0.30488207999999994
      ],
      [
        0.020819840000000013,
        -0.05360408000000004,
        0.03389087999999998,
        0.99984624,
        -0.06163384000000005
      ],
      [
        -0.37062144,
        0.57458828,
        -0.30488207999999994,
        -0.06163384000000005,
        0.9998204399999999
      ]
    ],
    [
      [
        0.99988336,
        -0.4220993599999999,
        0.23365183999999994,
        0.055848799999999935,
        -0.5006453599999999
      ],
      [
        -0.4220993599999999,
        0.99991536,
        -0.3455558399999999,
        -0.0629288,
        0.7241613600000001
      ],
      [
        0.23365183999999994,
        -0.3455558399999999,
        0.99997696,
        0.05006719999999993,
        -0.41897983999999994
      ],
      [
        0.055848799999999935,
        -0.0629288,
        0.05006719999999993,
        0.999804,
        -0.0854588
      ],
      [
        -0.5006453599999999,
        0.7241613600000001,
        -0.41897983999999994,
        -0.0854588,
        0.9999823599999998
      ]
    ],
    [
      [
        0.99975036,
        -0.66618196,
        0.45589571999999995,
        0.08753903999999998,
        -0.70751468
      ],
      [
        -0.66618196,
        0.99980956,
        -0.57110892,
        -0.10752144000000008,
        0.88392548
      ],
      [
        0.45589571999999995,
        -0.57110892,
        0.99995644,
        0.07665808,
        -0.6035643599999999
      ],
      [
        0.08753903999999998,
        -0.10752144000000008,
        0.07665808,
        0.99992256,
        -0.12144752000000003
      ],
      [
        -0.70751468,
        0.88392548,
        -0.6035643599999999,
        -0.12144752000000003,
        0.99997084
      ]
    ],
    [
      [
        0.999856,
        -0.9152248000000001,
        0.7823952000000001,
        0.1284631999999999,
        -0.9254464
      ],
      [
        -0.9152248000000001,
        0.9997868400000002,
        -0.82819416,
        -0.12703355999999993,
        0.9800131200000001
      ],
      [
        0.7823952000000001,
        -0.82819416,
        0.9999998400000002,
        0.11339543999999994,
        -0.83679488
      ],
      [
        0.1284631999999999,
        -0.12703355999999993,
        0.11339543999999994,
        0.9998700399999999,
        -0.13005407999999993
      ],
      [
        -0.9254464,
        0.9800131200000001,
        -0.83679488,
        -0.13005407999999993,
        0.99983616
      ]
    ],
    [
      [
        0.99993276,
        -0.99953276,
        0.9991294800000001,
        0.18009503999999998,
        -0.99973112
      ],
      [
        -0.99953276,
        0.99993276,
        -0.9991294800000001,
        -0.17969504000000003,
        0.99973112
      ],
      [
        0.9991294800000001,
        -0.9991294800000001,
        0.99992604,
        0.17968991999999998,
        -0.9993277600000001
      ],
      [
        0.18009503999999998,
        -0.17969504000000003,
        0.17968991999999998,
        0.99983616,
        -0.17989248
      ],
      [
        -0.99973112,
        0.99973112,
        -0.9993277600000001,
        -0.17989248,
        0.99992944
      ]
    ],
    [
      [
        0.999996,
        -0.999996,
        0.9997964,
        0.27979319999999996,
        -0.999996
      ],
      [
        -0.999996,
        0.999996,
        -0.9997964,
        -0.27979319999999996,
        0.999996
      ],
      [
        0.9997964,
        -0.9997964,
        0.99999676,
        0.27959387999999996,
        -0.9997964
      ],
      [
        0.27979319999999996,
        -0.27979319999999996,
        0.27959387999999996,
        0.99998844,
        -0.27979319999999996
      ],
      [
        -0.999996,
        0.999996,
        -0.9997964,
        -0.27979319999999996,
        0.999996
      ]
    ],
    [
      [
        0.999879,
        -0.999879,
        0.9996768,
        0.4942262,
        -0.999879
      ],
      [
        -0.999879,
        0.999879,
        -0.9996768,
        -0.4942262,
        0.999879
      ],
      [
        0.9996768,
        -0.9996768,
        0.99987456,
        0.49442304,
        -0.9996768
      ],
      [
        0.4942262,
        -0.4942262,
        0.49442304,
        0.99975036,
        -0.49422620000000006
      ],
      [
        -0.999879,
        0.999879,
        -0.9996768,
        -0.49422620000000006,
        0.999879
      ]
    ],
    [
      [
        0.99996636,
        -0.99996636,
        0.99976752,
        0.8483547600000001,
        -0.99996636
      ],
      [
        -0.99996636,
        0.99996636,
        -0.99976752,
        -0.8483547600000001,
        0.99996636
      ],
      [
        0.99976752,
        -0.99976752,
        0.99996864,
        0.8481563200000001,
        -0.99976752
      ],
      [
        0.8483547600000001,
        -0.8483547600000001,
        0.8481563200000001,
        0.99993916,
        -0.8483547600000001
      ],
      [
        -0.99996636,
        0.99996636,
        -0.99976752,
        -0.8483547600000001,
        0.99996636
      ]
    ],
    [
      [
        0.99957564,
        -0.99957564,
        0.99918388,
        0.9923921199999999,
        -0.99957564
      ],
      [
        -0.99957564,
        0.99957564,
        -0.99918388,
        -0.9923921199999999,
        0.99957564
      ],
      [
        0.99918388,
        -0.99918388,
        0.99959196,
        0.99200004,
        -0.99918388
      ],
      [
        0.9923921199999999,
        -0.9923921199999999,
        0.99200004,
        0.99960796,
        -0.9923921199999999
      ],
      [
        -0.99957564,
        0.99957564,
        -0.99918388,
        -0.9923921199999999,
        0.99957564
      ]
    ],
    [
      [
        0.9999615599999998,
        -0.9993603199999999,
        0.9993603199999999,
        0.9973603199999999,
        -0.9995615599999998
      ],
      [
        -0.9993603199999999,
        0.9999590399999998,
        -0.9995590399999998,
        -0.9975590399999998,
        0.99976032
      ],
      [
        0.9993603199999999,
        -0.9995590399999998,
        0.9999590399999998,
        0.9975590399999998,
        -0.99976032
      ],
      [
        0.9973603199999999,
        -0.9975590399999998,
        0.9975590399999998,
        0.99995904,
        -0.9977603199999998
      ],
      [
        -0.9995615599999998,
        0.99976032,
        -0.99976032,
        -0.9977603199999998,
        0.99996156
      ]
    ],
    [
      [
        0.9999663599999998,
        -0.9985675199999999,
        0.9993651999999998,
        0.99836868,
        -0.9993651999999998
      ],
      [
        -0.9985675199999999,
        0.9999686399999999,
        -0.9991663999999999,
        -0.99816976,
        0.9991663999999999
      ],
      [
        0.9993651999999998,
        -0.9991663999999999,
        0.9999639999999997,
        0.9989675999999998,
        -0.9999639999999997
      ],
      [
        0.99836868,
        -0.99816976,
        0.9989675999999998,
        0.9999708399999999,
        -0.9989675999999998
      ],
      [
        -0.9993651999999998,
        0.9991663999999999,
        -0.9999639999999997,
        -0.9989675999999998,
        0.9999639999999997
      ]
    ],
    [
      [
        0.9998654399999999,
        -0.99906544,
        0.99926312,
        0.9994654399999999,
        -0.99906544
      ],
      [
        -0.99906544,
        0.9998654399999999,
        -0.99926312,
        -0.9994654399999999,
        0.99906544
      ],
      [
        0.99926312,
        -0.99926312,
        0.9998607599999999,
        0.9996631199999999,
        -0.99926312
      ],
      [
        0.9994654399999999,
        -0.9994654399999999,
        0.9996631199999999,
        0.9998654399999999,
        -0.9994654399999999
      ],
      [
        -0.99906544,
        0.99906544,
        -0.99926312,
        -0.9994654399999999,
        0.99986544
      ]
    ],
    [
      [
        0.99998556,
        -0.99958556,
        0.99878556,
        0.99958556,
        -0.9993863199999999
      ],
      [
        -0.99958556,
        0.9999855599999999,
        -0.99918556,
        -0.99998556,
        0.99978632
      ],
      [
        0.99878556,
        -0.99918556,
        0.99998556,
        0.99918556,
        -0.99898632
      ],
      [
        0.99958556,
        -0.99998556,
        0.99918556,
        0.99998556,
        -0.99978632
      ],
      [
        -0.9993863199999999,
        0.99978632,
        -0.99898632,
        -0.99978632,
        0.99998704
      ]
    ],
    [
      [
        0.99996156,
        -0.99996156,
        0.99915908,
        0.99996156,
        -0.99976032
      ],
      [
        -0.99996156,
        0.99996156,
        -0.99915908,
        -0.99996156,
        0.99976032
      ],
      [
        0.99915908,
        -0.99915908,
        0.99995644,
        0.9991590800000001,
        -0.9989577600000001
      ],
      [
        0.99996156,
        -0.99996156,
        0.9991590800000001,
        0.99996156,
        -0.99976032
      ],
      [
        -0.99976032,
        0.99976032,
        -0.9989577600000001,
        -0.99976032,
        0.99995904
      ]
    ],
    [
      [
        0.99973756,
        -0.99973756,
        0.9991472800000001,
        0.9995408,
        -0.99973756
      ],
      [
        -0.99973756,
        0.99973756,
        -0.9991472800000001,
        -0.9995408,
        0.99973756
      ],
      [
        0.9991472800000001,
        -0.9991472800000001,
        0.99975664,
        0.9989504000000001,
        -0.9991472800000001
      ],
      [
        0.9995408,
        -0.9995408,
        0.9989504000000001,
        0.999744,
        -0.9995408
      ],
      [
        -0.99973756,
        0.99973756,
        -0.9991472800000001,
        -0.9995408,
        0.99973756
      ]
    ]
  ]
}