{
  "settings_list": [
    [
      3.4557209608978434,
      0.859840680233276,
      5.253486517905237,
      0.7135092856784293,
      5.253492220387215,
      3.739859736766037,
      0.414898698202054,
      6.076447837179436,
      3.8117138013157206,
      0.12925981437973733,
      5.66291466754558,
      5.516249335630251,
      3.244170152188775,
      1.5159916460929241,
      3.2295201387501926
    ],
    [
      3.3705179063481507,
      0.5774183253798904,
      5.253034289676546,
      0.6157210353352034,
      5.434967129050953,
      3.742627146664214,
      0.2420575269837912,
      6.158972768846882,
      3.8137495007213458,
      0.09087062990025313,
      5.9087091035786194,
      5.5227361371803125,
      3.2503086799698093,
      1.466921416287974,
      3.2280379527447227
    ],
    [
      3.2426281736553424,
      0.21168815943739627,
      5.2537123930024885,
      0.4116941960017806,
      5.762124766253302,
      3.7398070963587107,
      0.0808832695569883,
      6.244451831803999,
      3.807205464685387,
      0.03661386652252704,
      6.162215933007186,
      5.521320649412263,
      3.24589243365502,
      1.3587014652634406,
      3.218788425818886
    ],
    [
      3.1367245696452946,
      -0.015795429948808004,
      5.259134301470952,
      0.09461817851318016,
      6.194753651308966,
      3.739563181462507,
      -0.0026242190159538464,
      6.281745610798638,
      3.812153682626372,
      0.004558320281212433,
      6.280118526408962,
      5.525320400689768,
      3.237898381524649,
      1.0557491239155636,
      3.2160091446867067
    ],
    [
      3.1440695403857055,
      0.00301989985151677,
      5.257430723387532,
      -0.016974042500516234,
      6.315048408003802,
      3.745695970451163,
      0.0104110925929396,
      6.293032495290214,
      3.8198079113995806,
      -0.009620591607860893,
      6.276086791454556,
      5.530770269264871,
      3.2026209132245915,
      0.3759876994253668,
      3.212592330335386
    ],
    [
      3.1337268033147345,
      -0.01587751100798275,
      5.261410724309102,
      0.013129926211880513,
      6.261674856836545,
      3.7436781442463936,
      -0.015746972484062625,
      6.277578251314524,
      3.8184448893979885,
      0.022945893946842426,
      6.301977366763433,
      5.52925242407206,
      3.1234277087359845,
      -0.17127607991506988,
      3.2082378164362293
    ],
    [
      3.1431424139550863,
      -0.005907638981742741,
      5.261912059891774,
      -0.021272701205319496,
      6.299728987007233,
      3.7428511867997853,
      0.009918993810865358,
      6.279401750399836,
      3.8192001631221486,
      -0.01340337241851755,
      6.284196655302537,
      5.528402031322091,
      3.1563150234434243,
      0.09219161265864212,
      3.2082634382783253
    ],
    [
      3.1396899173109665,
      0.016253075997892434,
      5.261511660294631,
      0.013470757244618117,
      6.288553724560619,
      3.743962261076208,
      -0.012866663007894675,
      6.287450224067499,
      3.8192433431655903,
      -0.007595518936704608,
      6.267574416508803,
      5.529088438290131,
      3.144581416036117,
      -0.06854180647704272,
      3.2091296626799846
    ],
    [
      3.1422981047113874,
      -0.009931854486589141,
      5.25988945538339,
      -0.0027441817955627702,
      6.275742214960859,
      3.743125466551176,
      0.011647032254903558,
      6.299149115385302,
      3.817459214822413,
      0.008585303355235857,
      6.314199634463415,
      5.52930182829112,
      3.135028894581128,
      0.03923490570683086,
      3.210830142324904
    ],
    [
      3.1576941350484504,
      -0.005227473659977952,
      5.259760053357403,
      -0.006878850887103597,
      6.314424607388553,
      3.7412601833614008,
      0.008266212408073122,
      6.258850458095995,
      3.8188514428313423,
      -0.0018262873513900883,
      6.256997585483871,
      5.530512800200239,
      3.1271854861663457,
      -0.010134999738499156,
      3.2084970185780706
    ],
    [
      3.1237956582752195,
      0.012075049271246108,
      5.259918409474764,
      -0.007658170136619144,
      6.258904454883225,
      3.7409355083046343,
      -0.002686330591894267,
      6.308011204836097,
      3.818498196921607,
      0.004287235277036165,
      6.30253812262461,
      5.5308666296874,
      3.1323216249243027,
      0.03448750009387586,
      3.208598290185542
    ],
    [
      3.1214066809988483,
      -0.0030788932805573994,
      5.258840089149661,
      0.007232826909181764,
      6.2994013425224225,
      3.7418830197246336,
      -0.007804312168659677,
      6.274558575247738,
      3.8182645906832504,
      -0.01706509994188878,
      6.258595361462372,
      5.530977230749082,
      3.138067823046326,
      -0.023188648478697012,
      3.2081606473002835
    ],
    [
      3.1615829314809214,
      0.008589156065696123,
      5.258296167139643,
      -0.02091065038607695,
      6.280262938703868,
      3.74227370495214,
      0.003962068787380582,
      6.2896979395218295,
      3.817266343660186,
      -0.0032849391671945,
      6.298666428494927,
      5.530738953713536,
      3.1344818791043587,
      0.0006090116736127971,
      3.2089177367516872
    ],
    [
      3.1305633776085577,
      -0.008794893170475496,
      5.257897439149018,
      -0.0034976073276653703,
      6.284203079425485,
      3.7409986951377037,
      -0.010700769926155394,
      6.274092477644974,
      3.8177471191940753,
      0.019795102131634948,
      6.2899439741983345,
      5.531728248825947,
      3.1516565905981957,
      -0.003373006829278047,
      3.209204088871658
    ],
    [
      3.1289706887592765,
      0.005697453819102898,
      5.257716201899957,
      -0.011679122738123044,
      6.263269798870734,
      3.740969498880443,
      0.011100764242000079,
      6.296076769710722,
      3.8170639008512857,
      0.004437664780587266,
      6.28149239684711,
      5.532069446079787,
      3.143683116676876,
      0.01014741450320518,
      3.208833351435792
    ],
    [
      3.159833296391122,
      0.0004944381536006928,
      5.25643942559973,
      0.027840852536723644,
      6.301875446161166,
      3.7401464256697343,
      -0.004881421495243444,
      6.300304810765427,
      3.8174059734032184,
      0.006097840867095417,
      6.3097971808667985,
      5.531483191723544,
      3.1253628136604625,
      -0.017651382947065496,
      3.2081528463873994
    ],
    [
      3.1401030435811768,
      0.011106469124088345,
      5.25775260078591,
      -0.017122856804601842,
      6.297256028596947,
      3.740357246188105,
      -0.011885943573325633,
      6.2924410996198405,
      3.8172063898678097,
      -0.0032407532999180816,
      6.255129787108335,
      5.531027327862678,
      3.133885606474876,
      0.00828576529706753,
      3.208213513288213
    ],
    [
      3.131358063250122,
      -0.01628806608188285,
      5.258285581953065,
      -0.0009831198134610218,
      6.2703536574131995,
      3.7390965269476775,
      0.004533941683931907,
      6.2861364467233045,
      3.816910802919,
      -0.0013933761841117835,
      6.300879810034997,
      5.528792659052269,
      3.136713439982207,
      -0.018344819980430114,
      3.208576426810968
    ],
    [
      3.1624956340881476,
      0.003807278658132518,
      5.258149665815195,
      -0.008706724648054975,
      6.290712580455663,
      3.739309121264768,
      -0.015040946470587159,
      6.26706551560456,
      3.8179246174156427,
      -0.00459813333940199,
      6.296358843215067,
      5.52860155750755,
      3.1574380266870152,
      0.005067275884298891,
      3.2062980305092292
    ],
    [
      3.1071988766750396,
      -0.003250411194429476,
      5.257660475502943,
      0.0065894744315513325,
      6.286198038874093,
      3.739098145014417,
      0.009863460275957539,
      6.287838824282709,
      3.817793053229042,
      0.0010329431922754921,
      6.277160283324121,
      5.52886223020198,
      3.1191126681217876,
      0.02388765339847655,
      3.206842388512924
    ],
    [
      3.1673881673378346,
      -0.006203836996204163,
      5.257512572333674,
      0.002282963627124229,
      6.283558671312564,
      3.739264405202564,
      0.0031483147940205847,
      6.297687560217431,
      3.8173117424164333,
      0.013488506842455322,
      6.294852549635462,
      5.52887371931117,
      3.1704928946473863,
      -0.036788446503643144,
      3.2066882971907127
    ]
  ],
  "cost_vals": [],
  "step_size": 0.1,
  "opt_step_times": [
    0.161391019821167,
    0.1618049144744873,
    0.17873096466064453,
    0.24324989318847656,
    0.15182995796203613,
    0.14904499053955078,
    0.15027570724487305,
    0.15799593925476074,
    0.15595221519470215,
    0.15125107765197754,
    0.15160012245178223,
    0.15165996551513672,
    0.15158987045288086,
    0.1581878662109375,
    0.16187286376953125,
    0.158797025680542,
    0.1535351276397705,
    0.15372109413146973,
    0.2489171028137207,
    0.1530759334564209
  ],
  "opt_settings": [
    3.1673881673378346,
    -0.006203836996204163,
    5.257512572333674,
    0.002282963627124229,
    6.283558671312564,
    3.739264405202564,
    0.0031483147940205847,
    6.297687560217431,
    3.8173117424164333,
    0.013488506842455322,
    6.294852549635462,
    5.52887371931117,
    3.1704928946473863,
    -0.036788446503643144,
    3.2066882971907127
  ],
  "min_cost": null,
  "datetime": "2023-04-19T20-34-17Z",
  "step_only": true,
  "ibm_device": "default.qubit",
  "shots": 10000,
  "prep_node_name": "5-qubit_ghz_state",
  "num_qubits": 5,
  "cov_mats": [
    [
      [
        0.99978096,
        -0.44674671999999993,
        -0.79130232,
        -0.7676845600000001,
        0.09032896000000001
      ],
      [
        -0.44674671999999993,
        0.99998704,
        0.5217762399999999,
        0.50457192,
        -0.07718272000000002
      ],
      [
        -0.79130232,
        0.5217762399999999,
        0.99995644,
        0.8935485200000001,
        -0.10016832000000009
      ],
      [
        -0.7676845600000001,
        0.50457192,
        0.8935485200000001,
        0.99993916,
        -0.10136256000000007
      ],
      [
        0.09032896000000001,
        -0.07718272000000002,
        -0.10016832000000009,
        -0.10136256000000007,
        0.9999769599999999
      ]
    ],
    [
      [
        0.999999,
        -0.7815922000000001,
        -0.9694008000000001,
        -0.9655998,
        0.20800100000000002
      ],
      [
        -0.7815922000000001,
        0.99993916,
        0.80140624,
        0.7991984400000002,
        -0.1700077999999999
      ],
      [
        -0.9694008000000001,
        0.80140624,
        0.99999936,
        0.98780016,
        -0.2125992
      ],
      [
        -0.9655998,
        0.7991984400000002,
        0.98780016,
        0.99999996,
        -0.21320020000000003
      ],
      [
        0.20800100000000002,
        -0.1700077999999999,
        -0.2125992,
        -0.21320020000000003,
        0.999999
      ]
    ],
    [
      [
        0.99966144,
        -0.99064304,
        -0.99945776,
        -0.99945776,
        0.48484671999999995
      ],
      [
        -0.99064304,
        0.99962364,
        0.99083916,
        0.99083916,
        -0.48102752000000004
      ],
      [
        -0.99945776,
        0.99083916,
        0.99965404,
        0.99965404,
        -0.48464288
      ],
      [
        -0.99945776,
        0.99083916,
        0.99965404,
        0.99965404,
        -0.48464288
      ],
      [
        0.48484671999999995,
        -0.48102752000000004,
        -0.48464288,
        -0.48464288,
        0.99963136
      ]
    ],
    [
      [
        0.999936,
        -0.9995392000000001,
        -0.9997344,
        -0.999936,
        0.9301472
      ],
      [
        -0.9995392000000001,
        0.99994224,
        0.9993376800000001,
        0.9995392000000001,
        -0.9297498399999999
      ],
      [
        -0.9997344,
        0.9993376800000001,
        0.99993276,
        0.9997344,
        -0.9299458799999999
      ],
      [
        -0.999936,
        0.9995392000000001,
        0.9997344,
        0.999936,
        -0.9301472
      ],
      [
        0.9301472,
        -0.9297498399999999,
        -0.9299458799999999,
        -0.9301472,
        0.99995644
      ]
    ],
    [
      [
        0.99968316,
        -0.9992831600000001,
        -0.99968316,
        -0.99907248,
        0.98463688
      ],
      [
        -0.9992831600000001,
        0.99968316,
        0.9992831600000001,
        0.9986724800000001,
        -0.9842368800000001
      ],
      [
        -0.99968316,
        0.9992831600000001,
        0.99968316,
        0.99907248,
        -0.98463688
      ],
      [
        -0.99907248,
        0.9986724800000001,
        0.99907248,
        0.99966144,
        -0.98402464
      ],
      [
        0.98463688,
        -0.9842368800000001,
        -0.98463688,
        -0.98402464,
        0.99958384
      ]
    ],
    [
      [
        0.999991,
        -0.999991,
        -0.999991,
        -0.999991,
        0.9961916
      ],
      [
        -0.999991,
        0.999991,
        0.999991,
        0.999991,
        -0.9961916
      ],
      [
        -0.999991,
        0.999991,
        0.999991,
        0.999991,
        -0.9961916
      ],
      [
        -0.999991,
        0.999991,
        0.999991,
        0.999991,
        -0.9961916
      ],
      [
        0.9961916,
        -0.9961916,
        -0.9961916,
        -0.9961916,
        0.99999216
      ]
    ],
    [
      [
        0.9998559999999999,
        -0.9996535999999999,
        -0.9992536,
        -0.9996535999999999,
        0.9986608
      ],
      [
        -0.9996535999999999,
        0.9998511599999999,
        0.9994511599999999,
        0.9998511599999999,
        -0.99885848
      ],
      [
        -0.9992536,
        0.9994511599999999,
        0.9998511599999999,
        0.9994511599999999,
        -0.99845848
      ],
      [
        -0.9996535999999999,
        0.9998511599999999,
        0.9994511599999999,
        0.9998511599999999,
        -0.99885848
      ],
      [
        0.9986608,
        -0.99885848,
        -0.99845848,
        -0.99885848,
        0.99986544
      ]
    ],
    [
      [
        0.99997084,
        -0.99997084,
        -0.99977192,
        -0.9989697599999999,
        0.9991708400000001
      ],
      [
        -0.99997084,
        0.99997084,
        0.99977192,
        0.9989697599999999,
        -0.9991708400000001
      ],
      [
        -0.99977192,
        0.99977192,
        0.99997296,
        0.9987708799999999,
        -0.99897192
      ],
      [
        -0.9989697599999999,
        0.9989697599999999,
        0.9987708799999999,
        0.9999686399999999,
        -0.99816976
      ],
      [
        0.9991708400000001,
        -0.9991708400000001,
        -0.99897192,
        -0.99816976,
        0.99997084
      ]
    ],
    [
      [
        0.99993916,
        -0.9989376,
        -0.99974072,
        -0.9995391600000001,
        0.99974072
      ],
      [
        -0.9989376,
        0.999936,
        0.9991392000000001,
        0.9989376000000001,
        -0.9991392000000001
      ],
      [
        -0.99974072,
        0.9991392000000001,
        0.99994224,
        0.99974072,
        -0.99994224
      ],
      [
        -0.9995391600000001,
        0.9989376000000001,
        0.99974072,
        0.99993916,
        -0.99974072
      ],
      [
        0.99974072,
        -0.9991392000000001,
        -0.99994224,
        -0.99974072,
        0.99994224
      ]
    ],
    [
      [
        0.999951,
        -0.9993468,
        -0.999951,
        -0.9997524,
        0.9989496
      ],
      [
        -0.9993468,
        0.99994224,
        0.9993468000000001,
        0.9991483200000001,
        -0.99834528
      ],
      [
        -0.999951,
        0.9993468000000001,
        0.999951,
        0.9997524,
        -0.9989496
      ],
      [
        -0.9997524,
        0.9991483200000001,
        0.9997524,
        0.99995376,
        -0.99875104
      ],
      [
        0.9989496,
        -0.99834528,
        -0.9989496,
        -0.99875104,
        0.99994816
      ]
    ],
    [
      [
        0.99975036,
        -0.99955352,
        -0.99975036,
        -0.99955352,
        0.99934404
      ],
      [
        -0.99955352,
        0.99975664,
        0.99955352,
        0.99935664,
        -0.9991472800000001
      ],
      [
        -0.99975036,
        0.99955352,
        0.99975036,
        0.99955352,
        -0.99934404
      ],
      [
        -0.99955352,
        0.99935664,
        0.99955352,
        0.99975664,
        -0.9991472800000001
      ],
      [
        0.99934404,
        -0.9991472800000001,
        -0.99934404,
        -0.9991472800000001,
        0.99973756
      ]
    ],
    [
      [
        0.99973104,
        -0.99913432,
        -0.99953432,
        -0.99913432,
        0.99953432
      ],
      [
        -0.99913432,
        0.99973756,
        0.9993375600000001,
        0.9989375600000001,
        -0.9993375600000001
      ],
      [
        -0.99953432,
        0.9993375600000001,
        0.99973756,
        0.9993375600000001,
        -0.99973756
      ],
      [
        -0.99913432,
        0.9989375600000001,
        0.9993375600000001,
        0.99973756,
        -0.9993375600000001
      ],
      [
        0.99953432,
        -0.9993375600000001,
        -0.99973756,
        -0.9993375600000001,
        0.99973756
      ]
    ],
    [
      [
        0.999996,
        -0.9997956,
        -0.999596,
        -0.9995952,
        0.9997956
      ],
      [
        -0.9997956,
        0.99999516,
        0.9997956,
        0.99979472,
        -0.99999516
      ],
      [
        -0.999596,
        0.9997956,
        0.999996,
        0.9995952,
        -0.9997956
      ],
      [
        -0.9995952,
        0.99979472,
        0.9995952,
        0.99999424,
        -0.99979472
      ],
      [
        0.9997956,
        -0.99999516,
        -0.9997956,
        -0.99979472,
        0.99999516
      ]
    ],
    [
      [
        0.9999729599999999,
        -0.99937192,
        -0.99957296,
        -0.99957296,
        0.99937192
      ],
      [
        -0.99937192,
        0.9999708399999999,
        0.9997719199999999,
        0.9997719199999999,
        -0.99957084
      ],
      [
        -0.99957296,
        0.9997719199999999,
        0.9999729599999999,
        0.9999729599999999,
        -0.9997719199999999
      ],
      [
        -0.99957296,
        0.9997719199999999,
        0.9999729599999999,
        0.9999729599999999,
        -0.9997719199999999
      ],
      [
        0.99937192,
        -0.99957084,
        -0.9997719199999999,
        -0.9997719199999999,
        0.9999708399999999
      ]
    ],
    [
      [
        0.9998833599999999,
        -0.9992812,
        -0.9994833599999999,
        -0.99908768,
        0.99948768
      ],
      [
        -0.9992812,
        0.9998789999999999,
        0.9992812,
        0.9988856,
        -0.9992856
      ],
      [
        -0.9994833599999999,
        0.9992812,
        0.9998833599999999,
        0.9990876799999999,
        -0.99948768
      ],
      [
        -0.99908768,
        0.9988856,
        0.9990876799999999,
        0.99989184,
        -0.9990918400000001
      ],
      [
        0.99948768,
        -0.9992856,
        -0.99948768,
        -0.9990918400000001,
        0.99989184
      ]
    ],
    [
      [
        0.99998236,
        -0.99998236,
        -0.99978152,
        -0.99978152,
        0.99978152
      ],
      [
        -0.99998236,
        0.99998236,
        0.99978152,
        0.99978152,
        -0.99978152
      ],
      [
        -0.99978152,
        0.99978152,
        0.99998064,
        0.99958064,
        -0.99958064
      ],
      [
        -0.99978152,
        0.99978152,
        0.99958064,
        0.99998064,
        -0.99958064
      ],
      [
        0.99978152,
        -0.99978152,
        -0.99958064,
        -0.99958064,
        0.99998064
      ]
    ],
    [
      [
        0.99989596,
        -0.9994959600000001,
        -0.9994959600000001,
        -0.999298,
        0.9992939200000001
      ],
      [
        -0.9994959600000001,
        0.99989596,
        0.99989596,
        0.999698,
        -0.99969392
      ],
      [
        -0.9994959600000001,
        0.99989596,
        0.99989596,
        0.999698,
        -0.99969392
      ],
      [
        -0.999298,
        0.999698,
        0.999698,
        0.9999,
        -0.999496
      ],
      [
        0.9992939200000001,
        -0.99969392,
        -0.99969392,
        -0.999496,
        0.99989184
      ]
    ],
    [
      [
        0.999996,
        -0.999996,
        -0.9993964000000001,
        -0.999996,
        0.999996
      ],
      [
        -0.999996,
        0.999996,
        0.9993964000000001,
        0.999996,
        -0.999996
      ],
      [
        -0.9993964000000001,
        0.9993964000000001,
        0.99999676,
        0.9993964000000001,
        -0.9993964000000001
      ],
      [
        -0.999996,
        0.999996,
        0.9993964000000001,
        0.999996,
        -0.999996
      ],
      [
        0.999996,
        -0.999996,
        -0.9993964000000001,
        -0.999996,
        0.999996
      ]
    ],
    [
      [
        0.99999964,
        -0.99959988,
        -0.99959988,
        -0.99959988,
        0.9986002399999999
      ],
      [
        -0.99959988,
        0.99999996,
        0.99999996,
        0.99999996,
        -0.9990000799999998
      ],
      [
        -0.99959988,
        0.99999996,
        0.99999996,
        0.99999996,
        -0.9990000799999998
      ],
      [
        -0.99959988,
        0.99999996,
        0.99999996,
        0.99999996,
        -0.9990000799999998
      ],
      [
        0.9986002399999999,
        -0.9990000799999998,
        -0.9990000799999998,
        -0.9990000799999998,
        0.99999984
      ]
    ],
    [
      [
        0.9998745599999999,
        -0.9994700799999999,
        -0.9994700799999999,
        -0.9988723199999999,
        0.9986700799999999
      ],
      [
        -0.9994700799999999,
        0.9998654399999999,
        0.9998654399999999,
        0.99926776,
        -0.99906544
      ],
      [
        -0.9994700799999999,
        0.9998654399999999,
        0.9998654399999999,
        0.99926776,
        -0.99906544
      ],
      [
        -0.9988723199999999,
        0.99926776,
        0.99926776,
        0.9998700399999999,
        -0.9984677599999999
      ],
      [
        0.9986700799999999,
        -0.99906544,
        -0.99906544,
        -0.9984677599999999,
        0.9998654399999999
      ]
    ]
  ]
}