{
  "settings_list": [
    [
      4.852280364830869,
      2.6295739737245096,
      4.262684919263855,
      1.3481106833055727,
      6.207905625664609,
      4.282090278180769,
      6.019129074478783,
      3.0154253546375123,
      1.3538189758782564,
      4.79607843086244,
      4.320271301199258,
      3.1796900220415814,
      1.6492891834183154,
      6.237787213317288,
      5.636150771430514
    ],
    [
      4.894978265080632,
      2.6328336413880047,
      4.262065556089508,
      1.2715175607219045,
      6.209102626586792,
      4.282426554848323,
      6.026080952177295,
      3.017759430437655,
      1.3541246895812498,
      4.803040960384967,
      4.319313956414014,
      3.178229449868539,
      1.6798254042130696,
      6.237645338158885,
      5.637191918971357
    ],
    [
      4.948153268629878,
      2.6385283680119613,
      4.264107189810803,
      1.156328681700409,
      6.2121200823382425,
      4.283698809177477,
      6.040006030084506,
      3.024044449719698,
      1.355502435954542,
      4.8080083083166985,
      4.316837776777913,
      3.1771183783730605,
      1.7235111205121278,
      6.237864097306915,
      5.638017124908355
    ],
    [
      5.028293614268268,
      2.6481242336507465,
      4.262777130969663,
      1.012585388932309,
      6.2167406959900315,
      4.28259917239083,
      6.061506312678768,
      3.0312925311651218,
      1.3560522171875102,
      4.815349433898275,
      4.316675100989043,
      3.176940662817436,
      1.7857725313100057,
      6.240095937148253,
      5.639756237588358
    ],
    [
      5.143959812244166,
      2.6686455842800285,
      4.264175945689494,
      0.816403853526524,
      6.2239015508004405,
      4.283907196944871,
      6.098669648377743,
      3.047280832372438,
      1.3549728118004494,
      4.8250861993903555,
      4.314300135552495,
      3.173460143781973,
      1.8990941599220383,
      6.242108733243187,
      5.639596206282905
    ],
    [
      5.328414861055683,
      2.710004169363958,
      4.270234502929529,
      0.5814798364847448,
      6.234122855589186,
      4.284360183105153,
      6.151119779101337,
      3.067162305644264,
      1.3510300841036813,
      4.838539498087846,
      4.312829996122228,
      3.1741611893549933,
      2.0972748749362564,
      6.242291762485281,
      5.637380853789244
    ],
    [
      5.628506117873022,
      2.8110649656313473,
      4.269903133255255,
      0.31228924269383906,
      6.250471631145786,
      4.290112588352109,
      6.223639874117591,
      3.1026167489923413,
      1.3478605266486374,
      4.8671961435957165,
      4.303779406999979,
      3.1705950327516965,
      2.4381041905095064,
      6.246270143092588,
      5.637210733389098
    ],
    [
      6.059917301379028,
      3.00923803046193,
      4.2773537374009125,
      0.05109386031585755,
      6.274329954902166,
      4.282042027069579,
      6.292914180347838,
      3.122962045111651,
      1.3564897458479233,
      4.901800139473621,
      4.292634837739215,
      3.1731326903529276,
      2.9244432903485755,
      6.262138042555503,
      5.644042326459941
    ],
    [
      6.313399336237319,
      3.1469331885437057,
      4.282287026170695,
      -0.004525314660303738,
      6.273877448956249,
      4.280559092913015,
      6.286347383114771,
      3.16367653297207,
      1.3578240051559156,
      4.942414236722975,
      4.273620532105359,
      3.178894490986561,
      3.1657895081453704,
      6.2923572448129494,
      5.639042735852694
    ],
    [
      6.272955146413171,
      3.1502215402136953,
      4.282939150362474,
      0.00889539588638937,
      6.293793850873369,
      4.2792839048116456,
      6.286301882510076,
      3.1370229351847616,
      1.3557432788122667,
      5.013436522992241,
      4.240027598727169,
      3.1800512955523783,
      3.146119895318732,
      6.28113569262987,
      5.638389391796574
    ],
    [
      6.2894273027486705,
      3.132025485062133,
      4.284318084683841,
      0.0042337758052873094,
      6.277118739127255,
      4.279445074657439,
      6.288035444049573,
      3.150323222482825,
      1.3548512331795677,
      5.109915837686035,
      4.180749182150985,
      3.1802875136559194,
      3.121257009238566,
      6.290016708796318,
      5.636662136634806
    ],
    [
      6.283560442297202,
      3.138025441453254,
      4.280692534191518,
      0.008652697465143943,
      6.2842631299961695,
      4.278804042553021,
      6.2678119667280905,
      3.13952874337689,
      1.354602429672074,
      5.266748155812682,
      4.068672832321571,
      3.178711981646443,
      3.14278860571849,
      6.289009695513287,
      5.6359509872263
    ],
    [
      6.28647586553772,
      3.131880156476929,
      4.2802537967117225,
      0.006664972255935877,
      6.2643588242369885,
      4.281215823233446,
      6.286075536217879,
      3.1426200789496725,
      1.3523773184461187,
      5.505544973363152,
      3.8705469695251886,
      3.1760118671973743,
      3.1572823126789236,
      6.284250479211997,
      5.633680542716003
    ],
    [
      6.27111411808096,
      3.167858709241017,
      4.281984828562963,
      0.015327464950055974,
      6.294754863563765,
      4.285227596846134,
      6.291089747383888,
      3.115337534407961,
      1.3490275626061028,
      5.934569203334433,
      3.4765987926043485,
      3.1753294094015905,
      3.1324838369306436,
      6.284433870442661,
      5.630085968170235
    ],
    [
      6.287034634022262,
      3.1338518906708397,
      4.276224817751959,
      0.005119282524872057,
      6.271493036791139,
      4.298272484993255,
      6.284672736699113,
      3.187087150654672,
      1.3442533808236672,
      6.381325913529822,
      3.0587340377532084,
      3.166273170743413,
      3.1379107668898065,
      6.282488906200425,
      5.619232982433547
    ],
    [
      6.298242540413132,
      3.1417360979039146,
      4.275089973321886,
      -0.0011670859135330452,
      6.294840440660851,
      4.295212505049208,
      6.291833818937467,
      3.1255669190073445,
      1.3442727837468667,
      6.214725026308803,
      3.180907278077485,
      3.1659665699882074,
      3.1452526913842935,
      6.301249720546367,
      5.619711677068671
    ],
    [
      6.293278800452192,
      3.1330793470792457,
      4.274490052992584,
      0.02046129530992234,
      6.278735318429108,
      4.294408942843334,
      6.272516662453589,
      3.1490001152465874,
      1.3435677699614792,
      6.326794798041447,
      3.0998818663946976,
      3.1666755465738565,
      3.144952195238647,
      6.272152264160135,
      5.618987158117134
    ],
    [
      6.275924203708023,
      3.130311396678121,
      4.274195755039854,
      -0.007730320416413607,
      6.263902956872117,
      4.294542153301024,
      6.293269095663976,
      3.113310188986773,
      1.3427216470380592,
      6.266774627628755,
      3.1588737993905056,
      3.1682766813548966,
      3.1431076331449646,
      6.298597581862028,
      5.617031766064336
    ],
    [
      6.272134949205825,
      3.1549436979954897,
      4.276449132868738,
      -0.002273332456511245,
      6.297665646370744,
      4.293654673365586,
      6.28535667151427,
      3.1664630596122834,
      1.342306159117508,
      6.283438648192594,
      3.1126292258281287,
      3.1695117005253555,
      3.1382787557176326,
      6.257041857587123,
      5.617665218614511
    ],
    [
      6.285876707250138,
      3.13649550307048,
      4.276527386862082,
      -0.013860315118544842,
      6.260738959601446,
      4.292531972323406,
      6.281296031856624,
      3.140726553670706,
      1.3413780804012967,
      6.262809256666706,
      3.1808386981424666,
      3.1710210095464886,
      3.1407002342378023,
      6.302970576324656,
      5.617348792374189
    ],
    [
      6.275240372619907,
      3.1676845545856622,
      4.2757279999772635,
      -0.01609882700961683,
      6.30183221868106,
      4.293171437480203,
      6.293931616592773,
      3.126091698734596,
      1.341697798412525,
      6.27264134256936,
      3.105139288302154,
      3.170381467680914,
      3.1287880403787356,
      6.26499535996899,
      5.617188942395012
    ]
  ],
  "cost_vals": [],
  "step_size": 0.1,
  "opt_step_times": [
    0.15289807319641113,
    0.24368000030517578,
    0.14986515045166016,
    0.14878392219543457,
    0.14726996421813965,
    0.1548442840576172,
    0.1629621982574463,
    0.1589219570159912,
    0.14576101303100586,
    0.15366601943969727,
    0.1456918716430664,
    0.1417837142944336,
    0.1435840129852295,
    0.13832497596740723,
    0.1492140293121338,
    0.15813994407653809,
    0.2343752384185791,
    0.14072203636169434,
    0.14118480682373047,
    0.14182591438293457
  ],
  "opt_settings": [
    6.275240372619907,
    3.1676845545856622,
    4.2757279999772635,
    -0.01609882700961683,
    6.30183221868106,
    4.293171437480203,
    6.293931616592773,
    3.126091698734596,
    1.341697798412525,
    6.27264134256936,
    3.105139288302154,
    3.170381467680914,
    3.1287880403787356,
    6.26499535996899,
    5.617188942395012
  ],
  "min_cost": null,
  "datetime": "2023-05-30T16-34-36Z",
  "step_only": true,
  "ibm_device": "default.qubit",
  "shots": 10000,
  "prep_node_name": "5-qubit_ghz_state",
  "num_qubits": 5,
  "error": false,
  "cov_mats": [
    [
      [
        0.999984,
        -0.03174639999999994,
        0.11697200000000008,
        -0.007207999999999929,
        0.011443999999999966
      ],
      [
        -0.03174639999999994,
        0.99982044,
        -0.20990619999999996,
        -0.005773200000000026,
        -0.0017473999999999895
      ],
      [
        0.11697200000000008,
        -0.20990619999999996,
        0.999951,
        0.030586000000000016,
        0.06527699999999996
      ],
      [
        -0.007207999999999929,
        -0.005773200000000026,
        0.030586000000000016,
        0.9999959999999999,
        -0.019378
      ],
      [
        0.011443999999999966,
        -0.0017473999999999895,
        0.06527699999999996,
        -0.019378,
        0.999879
      ]
    ],
    [
      [
        0.99991164,
        -0.061343599999999956,
        0.14223384,
        0.0013999999999999846,
        0.02843948000000001
      ],
      [
        -0.061343599999999956,
        0.999964,
        -0.30322160000000004,
        -0.010399999999999965,
        -0.03742520000000005
      ],
      [
        0.14223384,
        -0.30322160000000004,
        0.99998704,
        0.034399999999999986,
        0.10818488
      ],
      [
        0.0013999999999999846,
        -0.010399999999999965,
        0.034399999999999986,
        1.0,
        0.006599999999999995
      ],
      [
        0.02843948000000001,
        -0.03742520000000005,
        0.10818488,
        0.006599999999999995,
        0.99998236
      ]
    ],
    [
      [
        0.999711,
        -0.10967140000000003,
        0.22815979999999997,
        0.0027360000000000466,
        0.04837739999999996
      ],
      [
        -0.10967140000000003,
        0.99998236,
        -0.40356052,
        -0.017366399999999973,
        -0.07430676000000003
      ],
      [
        0.22815979999999997,
        -0.40356052,
        0.99991164,
        0.04812480000000002,
        0.14899131999999998
      ],
      [
        0.0027360000000000466,
        -0.017366399999999973,
        0.04812480000000002,
        0.999936,
        0.010822399999999927
      ],
      [
        0.04837739999999996,
        -0.07430676000000003,
        0.14899131999999998,
        0.010822399999999927,
        0.99950716
      ]
    ],
    [
      [
        0.99999984,
        -0.15840288,
        0.27340056,
        0.010404639999999937,
        0.05320239999999997
      ],
      [
        -0.15840288,
        0.99994816,
        -0.51618992,
        -0.015916480000000042,
        -0.11595679999999998
      ],
      [
        0.27340056,
        -0.51618992,
        0.99999804,
        0.038983760000000034,
        0.2045916
      ],
      [
        0.010404639999999937,
        -0.015916480000000042,
        0.038983760000000034,
        0.99986544,
        0.012330399999999993
      ],
      [
        0.05320239999999997,
        -0.11595679999999998,
        0.2045916,
        0.012330399999999993,
        0.999964
      ]
    ],
    [
      [
        0.99999964,
        -0.25019256,
        0.35539688,
        0.011192200000000017,
        0.10799100000000005
      ],
      [
        -0.25019256,
        0.99984624,
        -0.66553552,
        -0.040838800000000036,
        -0.21441400000000002
      ],
      [
        0.35539688,
        -0.66553552,
        0.99997296,
        0.050532400000000005,
        0.3089219999999999
      ],
      [
        0.011192200000000017,
        -0.040838800000000036,
        0.050532400000000005,
        0.999831,
        -0.00019499999999999867
      ],
      [
        0.10799100000000005,
        -0.21441400000000002,
        0.3089219999999999,
        -0.00019499999999999867,
        0.999775
      ]
    ],
    [
      [
        0.99989184,
        -0.44422703999999996,
        0.52944784,
        0.02287071999999996,
        0.2662104000000001
      ],
      [
        -0.44422703999999996,
        0.99999324,
        -0.8279880399999999,
        -0.04858231999999998,
        -0.42559739999999996
      ],
      [
        0.52944784,
        -0.8279880399999999,
        0.99997884,
        0.05656871999999998,
        0.49839539999999993
      ],
      [
        0.02287071999999996,
        -0.04858231999999998,
        0.05656871999999998,
        0.99995376,
        0.03179320000000008
      ],
      [
        0.2662104000000001,
        -0.42559739999999996,
        0.49839539999999993,
        0.03179320000000008,
        0.999999
      ]
    ],
    [
      [
        0.99998844,
        -0.72204284,
        0.7500374,
        0.02887684000000005,
        0.5800374
      ],
      [
        -0.72204284,
        0.99984124,
        -0.9518614,
        -0.030115239999999956,
        -0.7226614
      ],
      [
        0.7500374,
        -0.9518614,
        0.999879,
        0.038551400000000034,
        0.757479
      ],
      [
        0.02887684000000005,
        -0.030115239999999956,
        0.038551400000000034,
        0.99948924,
        0.03975140000000004
      ],
      [
        0.5800374,
        -0.7226614,
        0.757479,
        0.03975140000000004,
        0.999879
      ]
    ],
    [
      [
        0.99999516,
        -0.9621894400000001,
        0.9629876800000001,
        0.07877580000000003,
        0.94178416
      ],
      [
        -0.9621894400000001,
        0.99997696,
        -0.9991731200000001,
        -0.08494720000000004,
        -0.97716544
      ],
      [
        0.9629876800000001,
        -0.9991731200000001,
        0.9999686400000002,
        0.08493840000000005,
        0.97755968
      ],
      [
        0.07877580000000003,
        -0.08494720000000004,
        0.08493840000000005,
        0.999879,
        0.08452079999999995
      ],
      [
        0.94178416,
        -0.97716544,
        0.97755968,
        0.08452079999999995,
        0.99994816
      ]
    ],
    [
      [
        0.99989184,
        -0.99888976,
        0.99869184,
        0.10196672000000001,
        0.99848976
      ],
      [
        -0.99888976,
        0.99988764,
        -0.99968976,
        -0.10256608000000003,
        -0.99948764
      ],
      [
        0.99869184,
        -0.99968976,
        0.99989184,
        0.10236672000000002,
        0.99928976
      ],
      [
        0.10196672000000001,
        -0.10256608000000003,
        0.10236672000000002,
        0.99998976,
        0.10216608000000005
      ],
      [
        0.99848976,
        -0.99948764,
        0.99928976,
        0.10216608000000005,
        0.99988764
      ]
    ],
    [
      [
        0.99996636,
        -0.99996636,
        0.99996636,
        0.12346496000000004,
        0.99996636
      ],
      [
        -0.99996636,
        0.99996636,
        -0.99996636,
        -0.12346496000000004,
        -0.99996636
      ],
      [
        0.99996636,
        -0.99996636,
        0.99996636,
        0.12346496000000004,
        0.99996636
      ],
      [
        0.12346496000000004,
        -0.12346496000000004,
        0.12346496000000004,
        0.99987456,
        0.12346496000000004
      ],
      [
        0.99996636,
        -0.99996636,
        0.99996636,
        0.12346496000000004,
        0.99996636
      ]
    ],
    [
      [
        0.99992944,
        -0.99973112,
        0.99992944,
        0.20164703999999994,
        0.9997277600000001
      ],
      [
        -0.99973112,
        0.99993276,
        -0.99973112,
        -0.20184591999999993,
        -0.9995294800000001
      ],
      [
        0.99992944,
        -0.99973112,
        0.99992944,
        0.20164703999999994,
        0.9997277600000001
      ],
      [
        0.20164703999999994,
        -0.20184591999999993,
        0.20164703999999994,
        0.9999686399999999,
        0.20144815999999996
      ],
      [
        0.9997277600000001,
        -0.9995294800000001,
        0.9997277600000001,
        0.20144815999999996,
        0.99992604
      ]
    ],
    [
      [
        0.99949824,
        -0.99949824,
        0.99949824,
        0.32002528,
        0.99949824
      ],
      [
        -0.99949824,
        0.99949824,
        -0.99949824,
        -0.32002528,
        -0.99949824
      ],
      [
        0.99949824,
        -0.99949824,
        0.99949824,
        0.32002528,
        0.99949824
      ],
      [
        0.32002528,
        -0.32002528,
        0.32002528,
        0.99993916,
        0.32002528
      ],
      [
        0.99949824,
        -0.99949824,
        0.99949824,
        0.32002528,
        0.99949824
      ]
    ],
    [
      [
        0.9999,
        -0.999698,
        0.9999,
        0.534968,
        0.9999
      ],
      [
        -0.999698,
        0.99989596,
        -0.999698,
        -0.53516336,
        -0.999698
      ],
      [
        0.9999,
        -0.999698,
        0.9999,
        0.534968,
        0.9999
      ],
      [
        0.534968,
        -0.53516336,
        0.534968,
        0.99946176,
        0.534968
      ],
      [
        0.9999,
        -0.999698,
        0.9999,
        0.534968,
        0.9999
      ]
    ],
    [
      [
        0.999804,
        -0.9993984,
        0.9989928,
        0.8883675999999999,
        0.9993984
      ],
      [
        -0.9993984,
        0.99979264,
        -0.9993868800000001,
        -0.88876096,
        -0.99979264
      ],
      [
        0.9989928,
        -0.9993868800000001,
        0.99978096,
        0.88835432,
        0.9993868800000001
      ],
      [
        0.8883675999999999,
        -0.88876096,
        0.88835432,
        0.99972444,
        0.88876096
      ],
      [
        0.9993984,
        -0.99979264,
        0.9993868800000001,
        0.88876096,
        0.99979264
      ]
    ],
    [
      [
        0.99995376,
        -0.99995376,
        0.9989496799999998,
        0.9925578399999999,
        0.99995376
      ],
      [
        -0.99995376,
        0.99995376,
        -0.9989496799999998,
        -0.9925578399999999,
        -0.99995376
      ],
      [
        0.9989496799999998,
        -0.9989496799999998,
        0.9999452399999998,
        0.9915541199999999,
        0.99894968
      ],
      [
        0.9925578399999999,
        -0.9925578399999999,
        0.9915541199999999,
        0.99996156,
        0.9925578399999999
      ],
      [
        0.99995376,
        -0.99995376,
        0.99894968,
        0.9925578399999999,
        0.99995376
      ]
    ],
    [
      [
        0.99990784,
        -0.99970592,
        0.99970592,
        0.99751552,
        0.99970592
      ],
      [
        -0.99970592,
        0.99990396,
        -0.99990396,
        -0.99771376,
        -0.99990396
      ],
      [
        0.99970592,
        -0.99990396,
        0.99990396,
        0.99771376,
        0.99990396
      ],
      [
        0.99751552,
        -0.99771376,
        0.99771376,
        0.99992256,
        0.99771376
      ],
      [
        0.99970592,
        -0.99990396,
        0.99990396,
        0.99771376,
        0.99990396
      ]
    ],
    [
      [
        0.99999324,
        -0.99999324,
        0.99999324,
        0.9985948000000001,
        0.99979272
      ],
      [
        -0.99999324,
        0.99999324,
        -0.99999324,
        -0.9985948000000001,
        -0.99979272
      ],
      [
        0.99999324,
        -0.99999324,
        0.99999324,
        0.9985948000000001,
        0.99979272
      ],
      [
        0.9985948000000001,
        -0.9985948000000001,
        0.9985948000000001,
        0.999996,
        0.9983944
      ],
      [
        0.99979272,
        -0.99979272,
        0.99979272,
        0.9983944,
        0.99999216
      ]
    ],
    [
      [
        0.999996,
        -0.9997956,
        0.9989964000000001,
        0.9993947999999999,
        0.9997956
      ],
      [
        -0.9997956,
        0.99999516,
        -0.9991960400000001,
        -0.9995942800000001,
        -0.99999516
      ],
      [
        0.9989964000000001,
        -0.9991960400000001,
        0.99999676,
        0.99879532,
        0.99919604
      ],
      [
        0.9993947999999999,
        -0.9995942800000001,
        0.99879532,
        0.99999324,
        0.9995942800000001
      ],
      [
        0.9997956,
        -0.99999516,
        0.99919604,
        0.9995942800000001,
        0.99999516
      ]
    ],
    [
      [
        0.999996,
        -0.9997956,
        0.9993956,
        0.9997956,
        0.9995952
      ],
      [
        -0.9997956,
        0.99999516,
        -0.99959516,
        -0.99999516,
        -0.99979472
      ],
      [
        0.9993956,
        -0.99959516,
        0.99999516,
        0.99959516,
        0.9993947200000001
      ],
      [
        0.9997956,
        -0.99999516,
        0.99959516,
        0.99999516,
        0.99979472
      ],
      [
        0.9995952,
        -0.99979472,
        0.9993947200000001,
        0.99979472,
        0.99999424
      ]
    ],
    [
      [
        0.99999996,
        -0.9993998399999999,
        0.99999996,
        0.9990000000000001,
        0.99999996
      ],
      [
        -0.9993998399999999,
        0.99999936,
        -0.9993998399999999,
        -0.9984000000000001,
        -0.9993998399999999
      ],
      [
        0.99999996,
        -0.9993998399999999,
        0.99999996,
        0.9990000000000001,
        0.99999996
      ],
      [
        0.9990000000000001,
        -0.9984000000000001,
        0.9990000000000001,
        1.0,
        0.9990000000000001
      ],
      [
        0.99999996,
        -0.9993998399999999,
        0.99999996,
        0.9990000000000001,
        0.99999996
      ]
    ],
    [
      [
        0.9999980399999999,
        -0.9993977599999998,
        0.9991974799999999,
        0.9987980399999999,
        0.99959804
      ],
      [
        -0.9993977599999998,
        0.9999974399999998,
        -0.9993971199999998,
        -0.99899776,
        -0.9997977599999999
      ],
      [
        0.9991974799999999,
        -0.9993971199999998,
        0.9999967599999998,
        0.9987974799999999,
        0.9995974799999999
      ],
      [
        0.9987980399999999,
        -0.99899776,
        0.9987974799999999,
        0.9999980399999999,
        0.99919804
      ],
      [
        0.99959804,
        -0.9997977599999999,
        0.9995974799999999,
        0.99919804,
        0.9999980399999999
      ]
    ]
  ]
}