{
  "settings_list": [
    [
      1.0406452608830543,
      1.2142451607174825,
      3.8549045495889773,
      0.7038832882596651,
      3.1055138793314425,
      4.490393345874452,
      6.138150978532579,
      5.477916987299903,
      4.9271517806239675,
      4.54508780150519,
      1.1612036588246915,
      5.919751085737696,
      2.969164559623211,
      2.5517214893020705,
      3.003665005250236
    ],
    [
      0.9998976186632572,
      1.1522596020535343,
      3.8544556737671596,
      0.47453132740887266,
      3.1146009010145534,
      4.488643877985203,
      6.173260456798236,
      5.726749973971908,
      4.9285743126383625,
      4.530145506576538,
      1.1581324517236258,
      5.915299009933522,
      3.018137630099686,
      2.7387379843373743,
      3.0088020213367104
    ],
    [
      0.9238689180510523,
      1.0535876510771438,
      3.8488472430407916,
      0.21318733460001493,
      3.135790781439936,
      4.491754638086503,
      6.220697686339855,
      6.034125222098481,
      4.92803873163259,
      4.4984432578444675,
      1.1460890989142434,
      5.9116895813898225,
      3.0851088409408765,
      2.961324857398987,
      3.005464999510643
    ],
    [
      0.7900887909395528,
      0.8787429579622055,
      3.848510118056217,
      0.045116962684296436,
      3.1251894144235255,
      4.4908353697179315,
      6.2642141656868136,
      6.223274046640899,
      4.933965275818275,
      4.451346819039606,
      1.1214564815047874,
      5.909538525857699,
      3.123869121109238,
      3.101319037881111,
      3.0055033475911177
    ],
    [
      0.5477644685291226,
      0.5894732280487323,
      3.848771670361652,
      0.004791266174710478,
      3.131605627444224,
      4.492226279868128,
      6.274606528930199,
      6.280605947315618,
      4.93000850007114,
      4.3935083938168775,
      1.0857716138055693,
      5.911100942638918,
      3.133956495037415,
      3.1358507307000303,
      3.0064458223109094
    ],
    [
      0.17639938536258326,
      0.1774966088095753,
      3.8432701178392374,
      -0.00685890947490712,
      3.1489765887738623,
      4.490058479691714,
      6.275555107110087,
      6.278358808402815,
      4.9264063492818435,
      4.312474083878098,
      1.0329655508877453,
      5.911057406176601,
      3.140809939827503,
      3.1448403431578575,
      3.0098074083363175
    ],
    [
      -0.01797090524861686,
      -0.024317394872984732,
      3.8403142539493174,
      0.0025393438780529284,
      3.141018170035942,
      4.483382951751874,
      6.2776563595350465,
      6.287409018322815,
      4.922768982276404,
      4.150800360096978,
      0.924422057820225,
      5.913395430016601,
      3.1439490307766227,
      3.1459571921677774,
      3.0076033714390373
    ],
    [
      0.005826285080509544,
      0.01108393892321357,
      3.840450076001567,
      0.0009232114009008301,
      3.1528066914737596,
      4.4854835175475225,
      6.287771129904448,
      6.293807113714527,
      4.924896258168487,
      3.8819335853595063,
      0.7054651239421064,
      5.90964384917246,
      3.1509079496262804,
      3.135155693537934,
      3.0055723029471526
    ],
    [
      0.00737283850192408,
      0.003577400801792801,
      3.8434842434581302,
      0.007737355296862469,
      3.1374435327430077,
      4.477662245611728,
      6.297306445161793,
      6.277274205165407,
      4.921300634229006,
      3.4145131678214584,
      0.26493345435004223,
      5.913428710586041,
      3.126175693187394,
      3.141075196775873,
      3.0141208058329383
    ],
    [
      0.015412802260623304,
      -0.0025423160062343865,
      3.8488479659080626,
      -0.0025602299763330437,
      3.1446673028906695,
      4.476943757105152,
      6.263787981047171,
      6.280731712435178,
      4.929137992471594,
      3.0156969910526463,
      -0.0907051324210651,
      5.9106351656711436,
      3.1549264097758063,
      3.128231601355563,
      3.01030682697475
    ],
    [
      -0.0191202605160838,
      -0.02022950686494855,
      3.84480502095169,
      -0.0018134916506786414,
      3.1449415111807584,
      4.477911665832599,
      6.291211028672777,
      6.277791236271214,
      4.929179787908336,
      3.1979668877057073,
      0.052667772488653314,
      5.910157966552583,
      3.1195495044325607,
      3.1658193994699677,
      3.0083929529546194
    ],
    [
      0.006871159823124338,
      0.00903033062041144,
      3.8460031689024103,
      0.005019152254833351,
      3.1507000380383663,
      4.477887249815119,
      6.291111398006417,
      6.281092140500165,
      4.930638317061904,
      3.1083244694311234,
      -0.026270998882634705,
      5.909350210121655,
      3.1602401433444327,
      3.117842879213968,
      3.008422505156555
    ],
    [
      -0.010798482376195743,
      -0.0186807973601125,
      3.8462817690941504,
      -0.0071773343051068535,
      3.111430156837551,
      4.478824076599095,
      6.262697599000611,
      6.272331706383941,
      4.93008710524219,
      3.1665176866950704,
      0.026107295041631506,
      5.909512844718059,
      3.139550959129258,
      3.1456179232474457,
      3.0087706985783944
    ],
    [
      0.01595631776680787,
      0.025278449390217617,
      3.846469108477914,
      0.0043075760227224355,
      3.160541391570619,
      4.480099544693284,
      6.278489353600614,
      6.298414851647644,
      4.931843172101013,
      3.1078412568508975,
      0.0011368520587707112,
      5.9112870814135166,
      3.1384329853696045,
      3.139425373191858,
      3.0082035610804967
    ],
    [
      0.016452612475247732,
      -0.016349534838462465,
      3.846403738710954,
      0.004973718355882463,
      3.118964660368019,
      4.480259662530124,
      6.276898903167014,
      6.277296636301484,
      4.9311028318006525,
      3.1584469016682974,
      -0.007169351419029347,
      5.910436538369996,
      3.1426302376326842,
      3.151527983572338,
      3.0078107154549767
    ],
    [
      -0.016418357766968022,
      0.027371301494990896,
      3.8460269506556184,
      -0.0035146165210391475,
      3.15511566063632,
      4.477926543485539,
      6.298857671850278,
      6.300549615535012,
      4.934255504789566,
      3.1262211580338692,
      0.011459417563967057,
      5.910284546287069,
      3.138351230336146,
      3.120999780106495,
      3.007714458802783
    ],
    [
      0.013838968333360277,
      -0.00841901779189349,
      3.8460819868382115,
      0.013754201906837928,
      3.1232362028966625,
      4.477677072334316,
      6.261004788276278,
      6.270156637101289,
      4.934833246314724,
      3.1629408330359667,
      -0.008211559382966707,
      5.908443710947907,
      3.1510797360622362,
      3.154152494249847,
      3.0066775512642003
    ],
    [
      -0.02813642890817567,
      0.013179926612071718,
      3.8461088114694992,
      -0.006830851658036069,
      3.1607631526908295,
      4.477553941141706,
      6.273223542069314,
      6.299166712252107,
      4.935055395139049,
      3.1252018243525055,
      -0.015302138009188476,
      5.908925099771242,
      3.125318468839607,
      3.132299546705833,
      3.007201429719998
    ],
    [
      0.016342360566850116,
      0.007882967130973521,
      3.844933634710992,
      0.02631771009469861,
      3.135275914315344,
      4.477847901529003,
      6.280620276632744,
      6.277246464661871,
      4.933647077910495,
      3.1794107392819853,
      0.002187097341349857,
      5.908344555339508,
      3.1740693417676327,
      3.151454546370468,
      3.0066831457202743
    ],
    [
      -0.008956113796346008,
      -0.011170350656357943,
      3.84447083816068,
      -0.013319856547380354,
      3.131773866346046,
      4.47916635037932,
      6.303402790476656,
      6.283704366139261,
      4.933741068580271,
      3.1137929044649675,
      -0.01821196372383727,
      5.908913306597442,
      3.1102717194010174,
      3.135941045997646,
      3.00766726945806
    ],
    [
      0.021026192681218796,
      0.019096677082500846,
      3.845691714206279,
      0.012150627628433747,
      3.136280118495366,
      4.478370040124021,
      6.275459225837958,
      6.272341363101319,
      4.933761333125318,
      3.186881842431916,
      0.024235543155247282,
      5.9090828051859186,
      3.1670038876358797,
      3.1429519787144207,
      3.0087277525246248
    ]
  ],
  "cost_vals": [],
  "step_size": 0.1,
  "opt_step_times": [
    0.1901540756225586,
    0.2961561679840088,
    0.20214486122131348,
    0.22376084327697754,
    0.2013869285583496,
    0.19871997833251953,
    0.2086629867553711,
    0.2014460563659668,
    0.2056879997253418,
    0.21559596061706543,
    0.1998460292816162,
    0.21882009506225586,
    0.2631559371948242,
    0.2681601047515869,
    0.2528352737426758,
    0.20932507514953613,
    0.2927398681640625,
    0.22438502311706543,
    0.2538270950317383,
    0.19986414909362793
  ],
  "opt_settings": [
    0.021026192681218796,
    0.019096677082500846,
    3.845691714206279,
    0.012150627628433747,
    3.136280118495366,
    4.478370040124021,
    6.275459225837958,
    6.272341363101319,
    4.933761333125318,
    3.186881842431916,
    0.024235543155247282,
    5.9090828051859186,
    3.1670038876358797,
    3.1429519787144207,
    3.0087277525246248
  ],
  "min_cost": null,
  "datetime": "2023-05-30T16-40-57Z",
  "step_only": true,
  "ibm_device": "default.qubit",
  "shots": 10000,
  "prep_node_name": "5-qubit_ghz_state",
  "num_qubits": 5,
  "error": false,
  "cov_mats": [
    [
      [
        0.99954204,
        -0.13372296,
        0.13192724,
        -0.026132679999999995,
        0.15568872000000009
      ],
      [
        -0.13372296,
        0.99998704,
        -0.5193877600000001,
        0.05502232000000002,
        -0.6203812799999999
      ],
      [
        0.13192724,
        -0.5193877600000001,
        0.99998844,
        -0.06042108000000004,
        0.56178232
      ],
      [
        -0.026132679999999995,
        0.05502232000000002,
        -0.06042108000000004,
        0.99996156,
        -0.05823224000000006
      ],
      [
        0.15568872000000009,
        -0.6203812799999999,
        0.56178232,
        -0.05823224000000006,
        0.99997296
      ]
    ],
    [
      [
        0.99999936,
        -0.19220112,
        0.17099727999999997,
        -0.01219279999999999,
        0.19920511999999996
      ],
      [
        -0.19220112,
        0.99999804,
        -0.75840476,
        0.06521259999999995,
        -0.81699104
      ],
      [
        0.17099727999999997,
        -0.75840476,
        0.99998844,
        -0.059169400000000004,
        0.77382176
      ],
      [
        -0.01219279999999999,
        0.06521259999999995,
        -0.059169400000000004,
        0.999919,
        -0.061057600000000024
      ],
      [
        0.19920511999999996,
        -0.81699104,
        0.77382176,
        -0.061057600000000024,
        0.9999590399999999
      ]
    ],
    [
      [
        0.999996,
        -0.295802,
        0.2936056,
        -0.04019159999999996,
        0.296396
      ],
      [
        -0.295802,
        0.999999,
        -0.9429972000000001,
        0.0788042,
        -0.9598019999999999
      ],
      [
        0.2936056,
        -0.9429972000000001,
        0.99999216,
        -0.07981176000000006,
        0.9508055999999999
      ],
      [
        -0.04019159999999996,
        0.0788042,
        -0.07981176000000006,
        0.99998236,
        -0.07699159999999998
      ],
      [
        0.296396,
        -0.9598019999999999,
        0.9508055999999999,
        -0.07699159999999998,
        0.999996
      ]
    ],
    [
      [
        0.99999804,
        -0.43679243999999995,
        0.43679187999999997,
        -0.05520812,
        0.4371918799999999
      ],
      [
        -0.43679243999999995,
        0.99997084,
        -0.99676868,
        0.10603131999999996,
        -0.99796868
      ],
      [
        0.43679187999999997,
        -0.99676868,
        0.9999663599999999,
        -0.10643364000000005,
        0.99796636
      ],
      [
        -0.05520812,
        0.10603131999999996,
        -0.10643364000000005,
        0.9999663599999999,
        -0.10643363999999997
      ],
      [
        0.4371918799999999,
        -0.99796868,
        0.99796636,
        -0.10643363999999997,
        0.9999663599999998
      ]
    ],
    [
      [
        0.99999676,
        -0.7143845200000001,
        0.7143845200000001,
        -0.09616831999999997,
        0.7143845200000001
      ],
      [
        -0.7143845200000001,
        0.99992604,
        -0.99992604,
        0.14404863999999995,
        -0.99992604
      ],
      [
        0.7143845200000001,
        -0.99992604,
        0.99992604,
        -0.14404863999999995,
        0.99992604
      ],
      [
        -0.09616831999999997,
        0.14404863999999995,
        -0.14404863999999995,
        0.99969024,
        -0.14404863999999995
      ],
      [
        0.7143845200000001,
        -0.99992604,
        0.99992604,
        -0.14404863999999995,
        0.99992604
      ]
    ],
    [
      [
        0.99979836,
        -0.97306084,
        0.97306084,
        -0.18161988,
        0.9728580000000001
      ],
      [
        -0.97306084,
        0.99990396,
        -0.99990396,
        0.18961371999999999,
        -0.999702
      ],
      [
        0.97306084,
        -0.99990396,
        0.99990396,
        -0.18961371999999999,
        0.999702
      ],
      [
        -0.18161988,
        0.18961371999999999,
        -0.18961371999999999,
        0.99999804,
        -0.18941400000000003
      ],
      [
        0.9728580000000001,
        -0.999702,
        0.999702,
        -0.18941400000000003,
        0.9999
      ]
    ],
    [
      [
        0.99995644,
        -0.99975512,
        0.99975512,
        -0.32074852,
        0.99975512
      ],
      [
        -0.99975512,
        0.99995376,
        -0.99995376,
        0.32054696,
        -0.99995376
      ],
      [
        0.99975512,
        -0.99995376,
        0.99995376,
        -0.32054696,
        0.99995376
      ],
      [
        -0.32074852,
        0.32054696,
        -0.32054696,
        0.99993916,
        -0.32054696
      ],
      [
        0.99975512,
        -0.99995376,
        0.99995376,
        -0.32054696,
        0.99995376
      ]
    ],
    [
      [
        0.99998844,
        -0.99998844,
        0.99998844,
        -0.5579775600000001,
        0.99998844
      ],
      [
        -0.99998844,
        0.99998844,
        -0.99998844,
        0.5579775600000001,
        -0.99998844
      ],
      [
        0.99998844,
        -0.99998844,
        0.99998844,
        -0.5579775600000001,
        0.99998844
      ],
      [
        -0.5579775600000001,
        0.5579775600000001,
        -0.5579775600000001,
        0.99995644,
        -0.5579775600000001
      ],
      [
        0.99998844,
        -0.99998844,
        0.99998844,
        -0.5579775600000001,
        0.99998844
      ]
    ],
    [
      [
        0.99983616,
        -0.9996336,
        0.9996336,
        -0.93202336,
        0.99963872
      ],
      [
        -0.9996336,
        0.999831,
        -0.9994310000000001,
        0.9318205999999999,
        -0.9994362
      ],
      [
        0.9996336,
        -0.9994310000000001,
        0.999831,
        -0.9318205999999999,
        0.9994362
      ],
      [
        -0.93202336,
        0.9318205999999999,
        -0.9318205999999999,
        0.99980956,
        -0.93182612
      ],
      [
        0.99963872,
        -0.9994362,
        0.9994362,
        -0.93182612,
        0.99984124
      ]
    ],
    [
      [
        0.99998064,
        -0.99978152,
        0.99958064,
        -0.98778152,
        0.99978152
      ],
      [
        -0.99978152,
        0.99998236,
        -0.99978152,
        0.98798236,
        -0.99998236
      ],
      [
        0.99958064,
        -0.99978152,
        0.99998064,
        -0.98778152,
        0.99978152
      ],
      [
        -0.98778152,
        0.98798236,
        -0.98778152,
        0.99998236,
        -0.98798236
      ],
      [
        0.99978152,
        -0.99998236,
        0.99978152,
        -0.98798236,
        0.99998236
      ]
    ],
    [
      [
        0.9999729599999999,
        -0.9995708799999999,
        0.9995708799999999,
        -0.99797088,
        0.9989698399999999
      ],
      [
        -0.9995708799999999,
        0.9999686399999999,
        -0.9999686399999999,
        0.9983686399999999,
        -0.99936752
      ],
      [
        0.9995708799999999,
        -0.9999686399999999,
        0.9999686399999999,
        -0.9983686399999999,
        0.99936752
      ],
      [
        -0.99797088,
        0.9983686399999999,
        -0.9983686399999999,
        0.9999686399999999,
        -0.99776752
      ],
      [
        0.9989698399999999,
        -0.99936752,
        0.99936752,
        -0.99776752,
        0.9999663599999999
      ]
    ],
    [
      [
        0.99999856,
        -0.9997988,
        0.99999856,
        -0.9991990399999999,
        0.9991980799999999
      ],
      [
        -0.9997988,
        0.999999,
        -0.9997988,
        0.9989992,
        -0.9989983999999998
      ],
      [
        0.99999856,
        -0.9997988,
        0.99999856,
        -0.9991990399999999,
        0.9991980799999999
      ],
      [
        -0.9991990399999999,
        0.9989992,
        -0.9991990399999999,
        0.99999936,
        -0.99839872
      ],
      [
        0.9991980799999999,
        -0.9989983999999998,
        0.9991980799999999,
        -0.99839872,
        0.9999974399999999
      ]
    ],
    [
      [
        0.99999984,
        -0.9992000000000001,
        0.9996,
        -0.99859992,
        0.99959984
      ],
      [
        -0.9992000000000001,
        1.0,
        -0.9992000000000001,
        0.9982,
        -0.9992000000000001
      ],
      [
        0.9996,
        -0.9992000000000001,
        1.0,
        -0.9985999999999999,
        0.9996
      ],
      [
        -0.99859992,
        0.9982,
        -0.9985999999999999,
        0.99999996,
        -0.99859992
      ],
      [
        0.99959984,
        -0.9992000000000001,
        0.9996,
        -0.99859992,
        0.99999984
      ]
    ],
    [
      [
        0.9999729599999999,
        -0.9995708799999999,
        0.99937192,
        -0.9989677599999999,
        0.9997719199999999
      ],
      [
        -0.9995708799999999,
        0.9999686399999999,
        -0.99936976,
        0.9989652799999998,
        -0.99976976
      ],
      [
        0.99937192,
        -0.99936976,
        0.9999708399999999,
        -0.9987665199999999,
        0.99957084
      ],
      [
        -0.9989677599999999,
        0.9989652799999998,
        -0.9987665199999999,
        0.99996156,
        -0.9991665199999998
      ],
      [
        0.9997719199999999,
        -0.99976976,
        0.99957084,
        -0.9991665199999998,
        0.9999708399999999
      ]
    ],
    [
      [
        0.999975,
        -0.999575,
        0.999575,
        -0.999575,
        0.999575
      ],
      [
        -0.999575,
        0.999975,
        -0.999975,
        0.999975,
        -0.999975
      ],
      [
        0.999575,
        -0.999975,
        0.999975,
        -0.999975,
        0.999975
      ],
      [
        -0.999575,
        0.999975,
        -0.999975,
        0.999975,
        -0.999975
      ],
      [
        0.999575,
        -0.999975,
        0.999975,
        -0.999975,
        0.999975
      ]
    ],
    [
      [
        0.999996,
        -0.9991960000000001,
        0.9989964000000001,
        -0.9993964000000001,
        0.9991968000000001
      ],
      [
        -0.9991960000000001,
        0.999996,
        -0.9993964000000001,
        0.9997964,
        -0.9995968000000001
      ],
      [
        0.9989964000000001,
        -0.9993964000000001,
        0.99999676,
        -0.9995967600000001,
        0.99939712
      ],
      [
        -0.9993964000000001,
        0.9997964,
        -0.9995967600000001,
        0.99999676,
        -0.99979712
      ],
      [
        0.9991968000000001,
        -0.9995968000000001,
        0.99939712,
        -0.99979712,
        0.99999744
      ]
    ],
    [
      [
        0.99999216,
        -0.99979272,
        0.9995921600000001,
        -0.9997916,
        0.99999216
      ],
      [
        -0.99979272,
        0.99999324,
        -0.99939272,
        0.9995922,
        -0.99979272
      ],
      [
        0.9995921600000001,
        -0.99939272,
        0.99999216,
        -0.9993916,
        0.9995921600000001
      ],
      [
        -0.9997916,
        0.9995922,
        -0.9993916,
        0.999991,
        -0.9997916
      ],
      [
        0.99999216,
        -0.99979272,
        0.9995921600000001,
        -0.9997916,
        0.99999216
      ]
    ],
    [
      [
        0.9998257599999999,
        -0.9992231199999999,
        0.9992231199999999,
        -0.9988178399999998,
        0.9992231199999999
      ],
      [
        -0.9992231199999999,
        0.9998204399999999,
        -0.9998204399999999,
        0.9994150799999999,
        -0.9998204399999999
      ],
      [
        0.9992231199999999,
        -0.9998204399999999,
        0.9998204399999999,
        -0.9994150799999999,
        0.9998204399999999
      ],
      [
        -0.9988178399999998,
        0.9994150799999999,
        -0.9994150799999999,
        0.9998095599999999,
        -0.9994150799999999
      ],
      [
        0.9992231199999999,
        -0.9998204399999999,
        0.9998204399999999,
        -0.9994150799999999,
        0.9998204399999999
      ]
    ],
    [
      [
        0.9999959999999998,
        -0.9991967999999999,
        0.9997963999999998,
        -0.9987976,
        0.9993956
      ],
      [
        -0.9991967999999999,
        0.9999974399999999,
        -0.9993971199999998,
        0.99839808,
        -0.9989964799999999
      ],
      [
        0.9997963999999998,
        -0.9993971199999998,
        0.9999967599999998,
        -0.9989978399999999,
        0.99959604
      ],
      [
        -0.9987976,
        0.99839808,
        -0.9989978399999999,
        0.9999985599999999,
        -0.9985973599999999
      ],
      [
        0.9993956,
        -0.9989964799999999,
        0.99959604,
        -0.9985973599999999,
        0.99999516
      ]
    ],
    [
      [
        0.9996902399999998,
        -0.9994937599999999,
        0.99889728,
        -0.99929728,
        0.9994937599999999
      ],
      [
        -0.9994937599999999,
        0.9996972399999999,
        -0.9991007199999999,
        0.9995007199999999,
        -0.9996972399999999
      ],
      [
        0.99889728,
        -0.9991007199999999,
        0.9997041599999998,
        -0.9989041599999999,
        0.9991007199999999
      ],
      [
        -0.99929728,
        0.9995007199999999,
        -0.9989041599999999,
        0.9997041599999998,
        -0.9995007199999999
      ],
      [
        0.9994937599999999,
        -0.9996972399999999,
        0.9991007199999999,
        -0.9995007199999999,
        0.9996972399999999
      ]
    ],
    [
      [
        0.999775,
        -0.999775,
        0.999375,
        -0.9987659999999999,
        0.999572
      ],
      [
        -0.999775,
        0.999775,
        -0.999375,
        0.9987659999999999,
        -0.999572
      ],
      [
        0.999375,
        -0.999375,
        0.999775,
        -0.998366,
        0.9991720000000001
      ],
      [
        -0.9987659999999999,
        0.9987659999999999,
        -0.998366,
        0.9997566399999999,
        -0.99856288
      ],
      [
        0.999572,
        -0.999572,
        0.9991720000000001,
        -0.99856288,
        0.99976896
      ]
    ]
  ]
}