{
  "settings_list": [
    [
      2.67467351002205,
      1.9721724833512186,
      5.6539883846362615,
      5.670891525347478,
      0.013178714478459941,
      5.677464595898988,
      0.9975706258636674,
      1.9685712115094114,
      2.8768045053119904,
      4.5147715949609575,
      2.707612338259578,
      3.2200128140024855,
      6.11847685925814,
      5.9826099074143775,
      1.8895798505447232
    ],
    [
      2.714332866661553,
      2.158594989220773,
      5.6571043108040175,
      5.875160895103256,
      0.006300672238036563,
      5.67658986843121,
      0.9555988256565148,
      2.0327440497541693,
      2.8757298402773137,
      4.416840698549156,
      2.714765954320835,
      3.215278374716028,
      6.167759844970365,
      6.077579001887929,
      1.885675437692254
    ],
    [
      2.8036499854783554,
      2.4522080540650317,
      5.658164337869392,
      6.071974504555544,
      0.002099332638912086,
      5.670640439867227,
      0.8821454286713154,
      2.1374269268190766,
      2.865933999457226,
      4.223179620421819,
      2.7456308667809197,
      3.2183201837613207,
      6.22312058302071,
      6.172443113720829,
      1.886541976219854
    ],
    [
      2.9755821089940144,
      2.846519485024323,
      5.655762913991002,
      6.224295200382064,
      0.007524722340145075,
      5.672532038466336,
      0.7240028593971943,
      2.3298702192411285,
      2.8779246165042927,
      3.8668319109399905,
      2.8257016676133033,
      3.217527293827855,
      6.263075263951133,
      6.2540475762610415,
      1.8923525199337325
    ],
    [
      3.1467942632568087,
      3.1446862050105224,
      5.65731598670397,
      6.280715178779873,
      0.003721990622899644,
      5.673714508631121,
      0.40234557136450816,
      2.695787795671096,
      2.8716043932125013,
      3.3087926783172295,
      3.038474043278952,
      3.2125352993596614,
      6.288246931950751,
      6.285999096483093,
      1.8893759637335406
    ],
    [
      3.1337633469793404,
      3.1689228032596515,
      5.6650084667902085,
      6.28321132747018,
      -0.017740743458897437,
      5.674025089741867,
      -0.07823944915407643,
      3.2332558934147326,
      2.871351282921199,
      3.05341416445656,
      3.186944511217074,
      3.2082784584245703,
      6.2631328662942805,
      6.286221203505185,
      1.8955587143150114
    ],
    [
      3.1527859685561292,
      3.1164567936296033,
      5.660839643450451,
      6.272268066150966,
      0.010349943584267204,
      5.674103959750478,
      0.0592031107987748,
      3.105727383345571,
      2.8699206463779463,
      3.1949672607646002,
      3.103360562012586,
      3.207239936799775,
      6.267123581283597,
      6.271038462400901,
      1.8924299799549171
    ],
    [
      3.141980168739662,
      3.147180469220877,
      5.6612661854050375,
      6.287829025488089,
      -0.00434158290359524,
      5.672753616831815,
      -0.029202945253174545,
      3.1669886512272,
      2.8703936245469497,
      3.1106097466273477,
      3.155413734112587,
      3.209066239288435,
      6.298327265987428,
      6.293833938338298,
      1.8924162905625062
    ],
    [
      3.13301140124456,
      3.145767660583349,
      5.661215148364925,
      6.2936462414913965,
      0.026325966474018872,
      5.672447605661719,
      0.019315176928495922,
      3.1370615563358113,
      2.8703540156317082,
      3.160423617171426,
      3.140183259365145,
      3.209855125167866,
      6.25342006641104,
      6.273424163807756,
      1.89256639886645
    ],
    [
      3.1511209390629498,
      3.1376958188617,
      5.661756644026502,
      6.283177322403911,
      0.0010146082319171766,
      5.6721862305916995,
      -0.005659396293384772,
      3.128358173122032,
      2.8698460425982386,
      3.1341812296893665,
      3.1341037973943355,
      3.2110059041370675,
      6.324278202935784,
      6.2995713695096995,
      1.892829637597295
    ],
    [
      3.1457625116313133,
      3.1392735680058563,
      5.66074248876371,
      6.282177909925143,
      -0.013467361354060335,
      5.672217997038169,
      -0.012162469802393362,
      3.1672877381987807,
      2.870289308559233,
      3.157300221118657,
      3.1360700617582933,
      3.2095549463912167,
      6.255705649502385,
      6.266668016767895,
      1.8928627881912163
    ],
    [
      3.134453090481167,
      3.130919008398065,
      5.660465171010781,
      6.285961274824177,
      0.0003695640725936405,
      5.6725859189048435,
      -0.017189584209263115,
      3.1124054835766097,
      2.870359152172552,
      3.107863708388823,
      3.1561781628722696,
      3.2091857051548653,
      6.303883777527347,
      6.310640851213137,
      1.8925244016633014
    ],
    [
      3.1471236950027657,
      3.1318187367437194,
      5.661157650018616,
      6.297211973225555,
      -0.013477012376800126,
      5.671823887242845,
      0.019685830121279287,
      3.172892705677789,
      2.8695241379480003,
      3.1593067141007287,
      3.1315858499651275,
      3.2089638213306433,
      6.284136211799876,
      6.268989702341444,
      1.8925022037600758
    ],
    [
      3.1421027517186073,
      3.134551348200751,
      5.660849070877228,
      6.2639016887457775,
      0.0030671719470446585,
      5.671867474340163,
      -0.0011268848488816818,
      3.1474773749740406,
      2.8694407716658783,
      3.14851022349472,
      3.1278799360963374,
      3.2097517378198437,
      6.273031349359054,
      6.28816662870531,
      1.8923827520649654
    ],
    [
      3.1358224647995696,
      3.1573137268413323,
      5.6577122694200845,
      6.288430923459038,
      0.009745826694431588,
      5.668614411604743,
      -0.00751486876041964,
      3.1217222288363042,
      2.868744892531085,
      3.1480067810120507,
      3.1425999713968538,
      3.2081281821195415,
      6.310020187895343,
      6.288455456384902,
      1.8903655404192183
    ],
    [
      3.1437551880513537,
      3.1434502519221,
      5.657139507784772,
      6.278197636032934,
      -0.014770646645232432,
      5.668686542018263,
      0.0053809321433403515,
      3.1624112196930003,
      2.8684833336106053,
      3.1319154670969547,
      3.1531748920444778,
      3.2081155794003253,
      6.264377921496319,
      6.282071023983014,
      1.8905859797334585
    ],
    [
      3.1429957144777445,
      3.1275113427722196,
      5.656705034789838,
      6.289003900482127,
      0.009716667885163736,
      5.6680385907882265,
      0.008732815151463142,
      3.1384150769498604,
      2.867806145940415,
      3.143574837747246,
      3.137942070853417,
      3.2074108258957543,
      6.299739721081963,
      6.272770293879478,
      1.8910746551029536
    ],
    [
      3.138449649152961,
      3.156082789560398,
      5.6587798786506065,
      6.286359426145355,
      -0.005384165471658781,
      5.666512607931116,
      -0.006912191162682661,
      3.148904400367455,
      2.8679381220605578,
      3.1262715197098014,
      3.1473366138022563,
      3.2084332587720414,
      6.273133142881731,
      6.305086981641119,
      1.8917129309184
    ],
    [
      3.136678007062042,
      3.1170608106290523,
      5.659902708536281,
      6.285745855019614,
      0.0032334045794937556,
      5.664203289395745,
      -0.005584989554030111,
      3.1336408942717733,
      2.8711939733745853,
      3.137867512398756,
      3.136026433581325,
      3.2075487109615217,
      6.283530441996624,
      6.271401337778339,
      1.891934763851088
    ],
    [
      3.1602817312913745,
      3.1591004294354827,
      5.660746627034421,
      6.277952083362488,
      -0.002547389697221884,
      5.664430228789258,
      -0.003261666860346839,
      3.168813187840833,
      2.871885446719187,
      3.1487399109274725,
      3.1613025112911384,
      3.207287930991379,
      6.277390497620913,
      6.27843151179814,
      1.8919129278507323
    ],
    [
      3.1401389153386874,
      3.1262502972272017,
      5.660637313031621,
      6.300825141730233,
      0.003522586034725261,
      5.663268824504798,
      0.005860204487753018,
      3.142714702373021,
      2.871073332646393,
      3.1368660861992557,
      3.141898673053233,
      3.207618791997595,
      6.279054045809964,
      6.2901117386829375,
      1.892172327682337
    ]
  ],
  "cost_vals": [],
  "step_size": 0.1,
  "opt_step_times": [
    0.16807007789611816,
    0.24859881401062012,
    0.16453790664672852,
    0.16436982154846191,
    0.16866087913513184,
    0.20713114738464355,
    0.17373108863830566,
    0.16853880882263184,
    0.16471028327941895,
    0.16756176948547363,
    0.15762996673583984,
    0.16660714149475098,
    0.2000131607055664,
    0.16391611099243164,
    0.16919493675231934,
    0.1716139316558838,
    0.2419910430908203,
    0.17156600952148438,
    0.17115426063537598,
    0.15749073028564453
  ],
  "opt_settings": [
    3.1401389153386874,
    3.1262502972272017,
    5.660637313031621,
    6.300825141730233,
    0.003522586034725261,
    5.663268824504798,
    0.005860204487753018,
    3.142714702373021,
    2.871073332646393,
    3.1368660861992557,
    3.141898673053233,
    3.207618791997595,
    6.279054045809964,
    6.2901117386829375,
    1.892172327682337
  ],
  "min_cost": null,
  "datetime": "2023-05-30T16-35-37Z",
  "step_only": true,
  "ibm_device": "default.qubit",
  "shots": 10000,
  "prep_node_name": "5-qubit_ghz_state",
  "num_qubits": 5,
  "error": false,
  "cov_mats": [
    [
      [
        0.999964,
        0.2992264,
        -0.06359040000000002,
        0.057990400000000025,
        0.33362400000000003
      ],
      [
        0.2992264,
        0.99998064,
        -0.15960703999999998,
        0.14320704000000006,
        0.7719824000000002
      ],
      [
        -0.06359040000000002,
        -0.15960703999999998,
        0.9999974399999999,
        -0.03639744000000002,
        -0.19400640000000005
      ],
      [
        0.057990400000000025,
        0.14320704000000006,
        -0.03639744000000002,
        0.99999744,
        0.16240640000000006
      ],
      [
        0.33362400000000003,
        0.7719824000000002,
        -0.19400640000000005,
        0.16240640000000006,
        0.999984
      ]
    ],
    [
      [
        0.99998976,
        0.46762176,
        -0.10900319999999998,
        0.14021599999999992,
        0.49199359999999986
      ],
      [
        0.46762176,
        0.99995376,
        -0.2149932,
        0.23896599999999998,
        0.8920136
      ],
      [
        -0.10900319999999998,
        -0.2149932,
        0.9999989999999999,
        -0.05719500000000003,
        -0.229802
      ],
      [
        0.14021599999999992,
        0.23896599999999998,
        -0.05719500000000003,
        0.999975,
        0.25181000000000003
      ],
      [
        0.49199359999999986,
        0.8920136,
        -0.229802,
        0.25181000000000003,
        0.999996
      ]
    ],
    [
      [
        0.99986076,
        0.71468908,
        -0.23517876000000004,
        0.3358985200000001,
        0.72971976
      ],
      [
        0.71468908,
        0.99991164,
        -0.3099830800000001,
        0.44031916000000004,
        0.96693608
      ],
      [
        -0.23517876000000004,
        -0.3099830800000001,
        0.99999676,
        -0.14798452,
        -0.31698775999999995
      ],
      [
        0.3358985200000001,
        0.44031916000000004,
        -0.14798452,
        0.99992604,
        0.4481415199999999
      ],
      [
        0.72971976,
        0.96693608,
        -0.31698775999999995,
        0.4481415199999999,
        0.99995376
      ]
    ],
    [
      [
        0.99999996,
        0.94339936,
        -0.4917992,
        0.6837985599999999,
        0.9445993599999999
      ],
      [
        0.94339936,
        0.99998976,
        -0.5167872,
        0.72197696,
        0.9971897599999999
      ],
      [
        -0.4917992,
        -0.5167872,
        0.999984,
        -0.3691712,
        -0.5175871999999999
      ],
      [
        0.6837985599999999,
        0.72197696,
        -0.3691712,
        0.99994816,
        0.7231769600000001
      ],
      [
        0.9445993599999999,
        0.9971897599999999,
        -0.5175871999999999,
        0.7231769600000001,
        0.99998976
      ]
    ],
    [
      [
        0.99998556,
        0.99998556,
        -0.8263962,
        0.9821832800000001,
        0.99998556
      ],
      [
        0.99998556,
        0.99998556,
        -0.8263962,
        0.9821832800000001,
        0.99998556
      ],
      [
        -0.8263962,
        -0.8263962,
        0.999999,
        -0.8129955999999999,
        -0.8263962
      ],
      [
        0.9821832800000001,
        0.9821832800000001,
        -0.8129955999999999,
        0.99998064,
        0.9821832800000001
      ],
      [
        0.99998556,
        0.99998556,
        -0.8263962,
        0.9821832800000001,
        0.99998556
      ]
    ],
    [
      [
        0.99993916,
        0.9993407200000001,
        -0.98994228,
        0.99394228,
        0.99974072
      ],
      [
        0.9993407200000001,
        0.99994224,
        -0.98974376,
        0.99374376,
        0.99954224
      ],
      [
        -0.98994228,
        -0.98974376,
        0.99994524,
        -0.9843452399999999,
        -0.9901437599999999
      ],
      [
        0.99394228,
        0.99374376,
        -0.9843452399999999,
        0.99994524,
        0.9941437599999999
      ],
      [
        0.99974072,
        0.99954224,
        -0.9901437599999999,
        0.9941437599999999,
        0.99994224
      ]
    ],
    [
      [
        0.99998556,
        0.9997848,
        -0.9955825199999999,
        0.9971870799999999,
        0.99958404
      ],
      [
        0.9997848,
        0.999984,
        -0.9957816,
        0.9973863999999999,
        0.9997832
      ],
      [
        -0.9955825199999999,
        -0.9957816,
        0.99997884,
        -0.9931843599999999,
        -0.99558068
      ],
      [
        0.9971870799999999,
        0.9973863999999999,
        -0.9931843599999999,
        0.9999884399999999,
        0.9971857199999999
      ],
      [
        0.99958404,
        0.9997832,
        -0.99558068,
        0.9971857199999999,
        0.99998236
      ]
    ],
    [
      [
        0.99999936,
        0.99999936,
        -0.9993992,
        0.99959936,
        0.99979952
      ],
      [
        0.99999936,
        0.99999936,
        -0.9993992,
        0.99959936,
        0.99979952
      ],
      [
        -0.9993992,
        -0.9993992,
        0.999999,
        -0.9989992,
        -0.9991994
      ],
      [
        0.99959936,
        0.99959936,
        -0.9989992,
        0.99999936,
        0.9993995200000001
      ],
      [
        0.99979952,
        0.99979952,
        -0.9991994,
        0.9993995200000001,
        0.99999964
      ]
    ],
    [
      [
        0.9999897599999998,
        0.9991897599999999,
        -0.99958848,
        0.9993878399999998,
        0.99938912
      ],
      [
        0.9991897599999999,
        0.9999897599999998,
        -0.9991884799999999,
        0.9989878399999998,
        0.9989891199999998
      ],
      [
        -0.99958848,
        -0.9991884799999999,
        0.99998704,
        -0.9993863199999999,
        -0.9993877600000001
      ],
      [
        0.9993878399999998,
        0.9989878399999998,
        -0.9993863199999999,
        0.9999855599999999,
        0.99918708
      ],
      [
        0.99938912,
        0.9989891199999998,
        -0.9993877600000001,
        0.99918708,
        0.99998844
      ]
    ],
    [
      [
        1.0,
        1.0,
        -1.0,
        1.0,
        0.9992000000000001
      ],
      [
        1.0,
        1.0,
        -1.0,
        1.0,
        0.9992000000000001
      ],
      [
        -1.0,
        -1.0,
        1.0,
        -1.0,
        -0.9992000000000001
      ],
      [
        1.0,
        1.0,
        -1.0,
        1.0,
        0.9992000000000001
      ],
      [
        0.9992000000000001,
        0.9992000000000001,
        -0.9992000000000001,
        0.9992000000000001,
        1.0
      ]
    ],
    [
      [
        0.999559,
        0.999559,
        -0.9989548,
        0.9993632,
        0.999159
      ],
      [
        0.999559,
        0.999559,
        -0.9989548,
        0.9993632,
        0.999159
      ],
      [
        -0.9989548,
        -0.9989548,
        0.99955056,
        -0.99875904,
        -0.9985548000000001
      ],
      [
        0.9993632,
        0.9993632,
        -0.99875904,
        0.99956736,
        0.9989632
      ],
      [
        0.999159,
        0.999159,
        -0.9985548000000001,
        0.9989632,
        0.999559
      ]
    ],
    [
      [
        0.9998559999999999,
        0.9996584,
        -0.9984487999999999,
        0.9988632,
        0.9988632
      ],
      [
        0.9996584,
        0.9998607599999999,
        -0.9986513199999999,
        0.99906548,
        0.99906548
      ],
      [
        -0.9984487999999999,
        -0.9986513199999999,
        0.9998412399999997,
        -0.99785636,
        -0.99785636
      ],
      [
        0.9988632,
        0.99906548,
        -0.99785636,
        0.99987004,
        0.99827004
      ],
      [
        0.9988632,
        0.99906548,
        -0.99785636,
        0.99827004,
        0.99987004
      ]
    ],
    [
      [
        0.99998064,
        0.99957888,
        -0.9993779999999999,
        0.9987806399999999,
        0.99958064
      ],
      [
        0.99957888,
        0.9999769599999999,
        -0.9993759999999999,
        0.99877888,
        0.99957888
      ],
      [
        -0.9993779999999999,
        -0.9993759999999999,
        0.9999749999999998,
        -0.9985780000000001,
        -0.9993780000000001
      ],
      [
        0.9987806399999999,
        0.99877888,
        -0.9985780000000001,
        0.99998064,
        0.9987806399999999
      ],
      [
        0.99958064,
        0.99957888,
        -0.9993780000000001,
        0.9987806399999999,
        0.99998064
      ]
    ],
    [
      [
        0.99996864,
        0.99996864,
        -0.99996864,
        0.99976752,
        0.99996864
      ],
      [
        0.99996864,
        0.99996864,
        -0.99996864,
        0.99976752,
        0.99996864
      ],
      [
        -0.99996864,
        -0.99996864,
        0.99996864,
        -0.99976752,
        -0.99996864
      ],
      [
        0.99976752,
        0.99976752,
        -0.99976752,
        0.99996636,
        0.99976752
      ],
      [
        0.99996864,
        0.99996864,
        -0.99996864,
        0.99976752,
        0.99996864
      ]
    ],
    [
      [
        0.99999516,
        0.9993956,
        -0.9997956,
        0.9997956,
        0.9991960400000001
      ],
      [
        0.9993956,
        0.999996,
        -0.999596,
        0.999596,
        0.9989964000000001
      ],
      [
        -0.9997956,
        -0.999596,
        0.999996,
        -0.999996,
        -0.9993964000000001
      ],
      [
        0.9997956,
        0.999596,
        -0.999996,
        0.999996,
        0.9993964000000001
      ],
      [
        0.9991960400000001,
        0.9989964000000001,
        -0.9993964000000001,
        0.9993964000000001,
        0.99999676
      ]
    ],
    [
      [
        0.99995376,
        0.99995376,
        -0.9995564800000001,
        0.99995376,
        0.99995376
      ],
      [
        0.99995376,
        0.99995376,
        -0.9995564800000001,
        0.99995376,
        0.99995376
      ],
      [
        -0.9995564800000001,
        -0.9995564800000001,
        0.99995904,
        -0.9995564800000001,
        -0.9995564800000001
      ],
      [
        0.99995376,
        0.99995376,
        -0.9995564800000001,
        0.99995376,
        0.99995376
      ],
      [
        0.99995376,
        0.99995376,
        -0.9995564800000001,
        0.99995376,
        0.99995376
      ]
    ],
    [
      [
        0.99972444,
        0.9993178,
        -0.9993178,
        0.9993178,
        0.9993178
      ],
      [
        0.9993178,
        0.999711,
        -0.999711,
        0.999711,
        0.999711
      ],
      [
        -0.9993178,
        -0.999711,
        0.999711,
        -0.999711,
        -0.999711
      ],
      [
        0.9993178,
        0.999711,
        -0.999711,
        0.999711,
        0.999711
      ],
      [
        0.9993178,
        0.999711,
        -0.999711,
        0.999711,
        0.999711
      ]
    ],
    [
      [
        0.999711,
        0.999711,
        -0.999711,
        0.999711,
        0.9995144
      ],
      [
        0.999711,
        0.999711,
        -0.999711,
        0.999711,
        0.9995144
      ],
      [
        -0.999711,
        -0.999711,
        0.999711,
        -0.999711,
        -0.9995144
      ],
      [
        0.999711,
        0.999711,
        -0.999711,
        0.999711,
        0.9995144
      ],
      [
        0.9995144,
        0.9995144,
        -0.9995144,
        0.9995144,
        0.99971776
      ]
    ],
    [
      [
        0.9999980399999999,
        0.99939832,
        -0.9991985999999999,
        0.99919804,
        0.99939832
      ],
      [
        0.99939832,
        0.9999985599999999,
        -0.9997987999999999,
        0.9997983199999999,
        0.9999985599999999
      ],
      [
        -0.9991985999999999,
        -0.9997987999999999,
        0.9999989999999999,
        -0.9995985999999999,
        -0.9997987999999999
      ],
      [
        0.99919804,
        0.9997983199999999,
        -0.9995985999999999,
        0.9999980399999999,
        0.9997983199999999
      ],
      [
        0.99939832,
        0.9999985599999999,
        -0.9997987999999999,
        0.9997983199999999,
        0.9999985599999999
      ]
    ],
    [
      [
        0.999856,
        0.9996584000000001,
        -0.9994608,
        0.9996584000000001,
        0.9996584000000001
      ],
      [
        0.9996584000000001,
        0.99986076,
        -0.99966312,
        0.99986076,
        0.99986076
      ],
      [
        -0.9994608,
        -0.99966312,
        0.99986544,
        -0.99966312,
        -0.99966312
      ],
      [
        0.9996584000000001,
        0.99986076,
        -0.99966312,
        0.99986076,
        0.99986076
      ],
      [
        0.9996584000000001,
        0.99986076,
        -0.99966312,
        0.99986076,
        0.99986076
      ]
    ],
    [
      [
        0.99975664,
        0.99955976,
        -0.99975664,
        0.99975664,
        0.99955976
      ],
      [
        0.99955976,
        0.99976284,
        -0.99955976,
        0.99955976,
        0.9993628400000001
      ],
      [
        -0.99975664,
        -0.99955976,
        0.99975664,
        -0.99975664,
        -0.99955976
      ],
      [
        0.99975664,
        0.99955976,
        -0.99975664,
        0.99975664,
        0.99955976
      ],
      [
        0.99955976,
        0.9993628400000001,
        -0.99955976,
        0.99955976,
        0.99976284
      ]
    ]
  ]
}