{
  "settings_list": [
    [
      4.399025176117718,
      4.240485689512106,
      5.414060262714211,
      0.21857127682955285,
      5.14999957194742,
      0.4307427847790343,
      0.13966126600403497,
      5.074033241533175,
      4.414450396856961,
      4.6118358579296,
      5.40428891129226,
      3.2607180391195136,
      1.6145466379975693,
      1.1636968319418226,
      1.2723763240291566
    ],
    [
      4.391906202441372,
      4.2356426612081535,
      5.413955242859293,
      0.21715542406799734,
      5.172219294695133,
      0.431788724198115,
      0.13741203540523947,
      5.100595006235858,
      4.414295317509885,
      4.605090652288604,
      5.405506630632928,
      3.2608513363072515,
      1.612964494427033,
      1.163574734247891,
      1.2727985386652312
    ],
    [
      4.382941640295185,
      4.229739015990404,
      5.414976590566839,
      0.21436308370868534,
      5.197033498420915,
      0.4311539244743582,
      0.13542294098173996,
      5.127863483567699,
      4.414482436441565,
      4.5978025350232805,
      5.406374567100935,
      3.2610609116544738,
      1.6113476433859713,
      1.1637919268897292,
      1.2727314841878936
    ],
    [
      4.37263868387522,
      4.222130621655713,
      5.414553166088586,
      0.21066535796269817,
      5.225605836130532,
      0.4321139204084254,
      0.13399794379086957,
      5.160667731344522,
      4.414459452984358,
      4.585748379545028,
      5.407781418108717,
      3.2622676651280225,
      1.6112921611462496,
      1.1640877362385709,
      1.2731724549786232
    ],
    [
      4.361214527574448,
      4.213488928469221,
      5.415671614390212,
      0.20578605204396794,
      5.2626989922563,
      0.43101165745114156,
      0.13099315775258605,
      5.202030915553632,
      4.415611250286867,
      4.576813379281769,
      5.410083465753159,
      3.260496010324089,
      1.6112768421907764,
      1.1627287512558457,
      1.272207465802478
    ],
    [
      4.347249847671683,
      4.205045786455169,
      5.41521656097224,
      0.19917588953838652,
      5.304408464582245,
      0.43177393162414635,
      0.12773456909259628,
      5.246881041840241,
      4.4158668750169445,
      4.568507987289318,
      5.410448516024023,
      3.260386925957429,
      1.6116515743247801,
      1.1624883326123783,
      1.2734893123494713
    ],
    [
      4.331688988981996,
      4.19335703146366,
      5.41574231448605,
      0.1914237537359033,
      5.355877632623771,
      0.43332684090025003,
      0.12155272220143214,
      5.303310478404716,
      4.41622893628374,
      4.5575453309327,
      5.41252237133416,
      3.260310900903249,
      1.6116512181802194,
      1.1626957529855366,
      1.274720473904684
    ],
    [
      4.309892323974692,
      4.179597789042458,
      5.415727402409192,
      0.1816409183721414,
      5.419474417109481,
      0.4327808985648817,
      0.11775981280048047,
      5.371933410164148,
      4.41774438340681,
      4.543423659500796,
      5.416292573779059,
      3.262066223754315,
      1.6106341878290822,
      1.162048310025312,
      1.275419018743491
    ],
    [
      4.28154145208811,
      4.1603515922177134,
      5.415345808682101,
      0.1698826030464048,
      5.500323157009489,
      0.4343277983324958,
      0.10879166859159246,
      5.463186960930719,
      4.416662070209254,
      4.517857300835188,
      5.42019937319878,
      3.2612053567522996,
      1.6138522682202185,
      1.1628790991425648,
      1.2763545956123366
    ],
    [
      4.240520701174556,
      4.128458714280826,
      5.414474647173632,
      0.1528667912566752,
      5.603787882440202,
      0.432978939615155,
      0.09810506115954766,
      5.577234266605305,
      4.418238551955275,
      4.481503773807128,
      5.42997100054408,
      3.2609147724310388,
      1.618808166695569,
      1.164968776657608,
      1.2766965345908021
    ],
    [
      4.178748317795133,
      4.08491782907878,
      5.41412534195671,
      0.12828518855377344,
      5.728634012093161,
      0.43437078058322476,
      0.08477058063683472,
      5.710582532476129,
      4.416425935843177,
      4.4290666809988934,
      5.443063098903829,
      3.25822544282847,
      1.6233310068915598,
      1.166506899247706,
      1.2768647531224893
    ],
    [
      4.098397038272419,
      4.019223136747493,
      5.4129725475663735,
      0.09859145392981054,
      5.876024558854155,
      0.4403722172720535,
      0.06507576143035534,
      5.861041268228054,
      4.4166725374740246,
      4.356712974575376,
      5.463470559882133,
      3.2579069557822735,
      1.6227226587113108,
      1.1658205674179876,
      1.2768109515997288
    ],
    [
      3.9655353067061045,
      3.9058848541577977,
      5.409318127879313,
      0.06555961090565407,
      6.021418033907393,
      0.43588428897339687,
      0.044235007419468286,
      6.01316450208415,
      4.416757822013478,
      4.247636857855125,
      5.507280918402521,
      3.257434361118907,
      1.6255512375181063,
      1.1640613288135355,
      1.275201456417411
    ],
    [
      3.7629498040397014,
      3.725039014674905,
      5.410581269154827,
      0.035785824655526086,
      6.146627927132087,
      0.43515727750304806,
      0.021591432585285893,
      6.145080673862989,
      4.414137347369612,
      4.078000990236715,
      5.590059559486851,
      3.2626670737523633,
      1.6300642999773318,
      1.1630425349616187,
      1.2696398952682941
    ],
    [
      3.477889366251702,
      3.455133999348785,
      5.406785559422378,
      0.01961996159348512,
      6.233213251547773,
      0.4358038303303095,
      0.008483444030667977,
      6.243388695881208,
      4.411833624486123,
      3.8095105876783535,
      5.757226917437609,
      3.266740907616819,
      1.6439810244082118,
      1.1631557188541066,
      1.2618346890017067
    ],
    [
      3.208063485339581,
      3.198008636539633,
      5.405747581811261,
      0.007913024285088367,
      6.2775343491756175,
      0.4305085445940906,
      0.017954267533018094,
      6.281524747032946,
      4.416826070264688,
      3.4013616138876275,
      6.068970917314295,
      3.2705245000082903,
      1.6582554331510042,
      1.1604670748564363,
      1.262379736455445
    ],
    [
      3.1210385076353635,
      3.1391963889052525,
      5.410163574967281,
      -0.003419722901446048,
      6.295179530730459,
      0.427976712183697,
      -0.005005744887359512,
      6.288863081899301,
      4.415766013249827,
      3.1076558413276016,
      6.296466975360375,
      3.2657307599147223,
      1.6769027506843162,
      1.1505741729586316,
      1.2651501121441746
    ],
    [
      3.1501194812648228,
      3.1423343336088654,
      5.4105310660802886,
      -0.015912166891285988,
      6.2852156559162955,
      0.4270619471657962,
      0.002424773517126908,
      6.305876727952987,
      4.415273103021801,
      3.158239588197429,
      6.283030403877905,
      3.265511101842953,
      1.7083329898247321,
      1.143357691871803,
      1.2639271150782354
    ],
    [
      3.1402601221211452,
      3.149316258649956,
      5.409107228588532,
      0.008941405139197181,
      6.284189724938852,
      0.42737214850443045,
      -0.00013203756480843418,
      6.27635142810329,
      4.4161936040521494,
      3.133942936028373,
      6.270598105232561,
      3.2650705054983242,
      1.7356490112096832,
      1.1350718151856076,
      1.2632400711585388
    ],
    [
      3.1494709293340324,
      3.1382989954488387,
      5.408115034893173,
      -0.009387028855450112,
      6.287351007766558,
      0.42683589721873233,
      -0.011780342247869169,
      6.288201844695841,
      4.415975663874944,
      3.1445352578632786,
      6.273322011236377,
      3.2652803536293287,
      1.7707901889745385,
      1.123357767470639,
      1.2628663303291885
    ],
    [
      3.133563575672666,
      3.143402412290463,
      5.408106311925485,
      -0.010383739878132972,
      6.285611172346205,
      0.4272055117996064,
      0.006458821540251094,
      6.302410138317491,
      4.41673639003711,
      3.1414351853858817,
      6.289598134272297,
      3.2646898039597825,
      1.8209038924628183,
      1.1029387129973123,
      1.2632407942470605
    ]
  ],
  "cost_vals": [],
  "step_size": 0.1,
  "opt_step_times": [
    0.16536402702331543,
    0.23968005180358887,
    0.17157983779907227,
    0.16760611534118652,
    0.17093920707702637,
    0.17268586158752441,
    0.17085504531860352,
    0.18688201904296875,
    0.17252206802368164,
    0.17592811584472656,
    0.1854252815246582,
    0.1761620044708252,
    0.18271899223327637,
    0.17574191093444824,
    0.1863100528717041,
    0.17458605766296387,
    0.23767495155334473,
    0.17892718315124512,
    0.17804598808288574,
    0.21245074272155762
  ],
  "opt_settings": [
    3.133563575672666,
    3.143402412290463,
    5.408106311925485,
    -0.010383739878132972,
    6.285611172346205,
    0.4272055117996064,
    0.006458821540251094,
    6.302410138317491,
    4.41673639003711,
    3.1414351853858817,
    6.289598134272297,
    3.2646898039597825,
    1.8209038924628183,
    1.1029387129973123,
    1.2632407942470605
  ],
  "min_cost": null,
  "datetime": "2023-05-30T16-42-07Z",
  "step_only": true,
  "ibm_device": "default.qubit",
  "shots": 10000,
  "prep_node_name": "5-qubit_ghz_state",
  "num_qubits": 5,
  "error": false,
  "cov_mats": [
    [
      [
        0.999951,
        0.04709219999999994,
        0.04214399999999996,
        -0.007623799999999996,
        -0.007137200000000003
      ],
      [
        0.04709219999999994,
        0.99976284,
        0.13247680000000003,
        -0.018052360000000045,
        -0.0033018399999999747
      ],
      [
        0.04214399999999996,
        0.13247680000000003,
        0.999936,
        -0.006227200000000094,
        -0.00015680000000002596
      ],
      [
        -0.007623799999999996,
        -0.018052360000000045,
        -0.006227200000000094,
        0.99998844,
        -0.0030666400000000857
      ],
      [
        -0.007137200000000003,
        -0.0033018399999999747,
        -0.00015680000000002596,
        -0.0030666400000000857,
        0.99961584
      ]
    ],
    [
      [
        0.99961584,
        0.0854352,
        0.061458800000000015,
        -0.005874480000000002,
        -0.01954511999999998
      ],
      [
        0.0854352,
        0.999856,
        0.150164,
        -0.02135439999999997,
        -0.01643360000000005
      ],
      [
        0.061458800000000015,
        0.150164,
        0.999991,
        -0.007988600000000033,
        -0.008208400000000041
      ],
      [
        -0.005874480000000002,
        -0.02135439999999997,
        -0.007988600000000033,
        0.99998556,
        0.01781064000000001
      ],
      [
        -0.01954511999999998,
        -0.01643360000000005,
        -0.008208400000000041,
        0.01781064000000001,
        0.99999216
      ]
    ],
    [
      [
        0.999991,
        0.070845,
        0.0686108,
        -0.014385000000000052,
        0.005210200000000066
      ],
      [
        0.070845,
        0.999775,
        0.190546,
        -0.032075,
        -0.006451000000000016
      ],
      [
        0.0686108,
        0.190546,
        0.99998704,
        -0.037818000000000025,
        -0.011412240000000132
      ],
      [
        -0.014385000000000052,
        -0.032075,
        -0.037818000000000025,
        0.999975,
        -0.01201700000000001
      ],
      [
        0.005210200000000066,
        -0.006451000000000016,
        -0.011412240000000132,
        -0.01201700000000001,
        0.99998844
      ]
    ],
    [
      [
        0.99998236,
        0.06917732000000001,
        0.06296304000000003,
        -0.004220160000000009,
        -0.010611760000000055
      ],
      [
        0.06917732000000001,
        0.99997084,
        0.21895247999999998,
        -0.03302591999999997,
        -0.008215119999999985
      ],
      [
        0.06296304000000003,
        0.21895247999999998,
        0.99992256,
        -0.018042239999999987,
        -0.010824640000000005
      ],
      [
        -0.004220160000000009,
        -0.03302591999999997,
        -0.018042239999999987,
        0.9999769599999999,
        -0.01521344000000002
      ],
      [
        -0.010611760000000055,
        -0.008215119999999985,
        -0.010824640000000005,
        -0.01521344000000002,
        0.99999216
      ]
    ],
    [
      [
        0.9999993599999999,
        0.07899343999999998,
        0.05459152000000001,
        -0.011393439999999993,
        -0.003005279999999975
      ],
      [
        0.07899343999999998,
        0.99993276,
        0.24191308000000003,
        -0.051532760000000004,
        0.004745880000000027
      ],
      [
        0.05459152000000001,
        0.24191308000000003,
        0.99988764,
        -0.034313080000000044,
        -0.0060699599999999776
      ],
      [
        -0.011393439999999993,
        -0.051532760000000004,
        -0.034313080000000044,
        0.99993276,
        0.002054120000000002
      ],
      [
        -0.003005279999999975,
        0.004745880000000027,
        -0.0060699599999999776,
        0.002054120000000002,
        0.9999564400000002
      ]
    ],
    [
      [
        0.99999216,
        0.08102520000000007,
        0.08962015999999996,
        -0.025582080000000066,
        -0.00879440000000003
      ],
      [
        0.08102520000000007,
        0.999919,
        0.28493520000000006,
        -0.05865759999999998,
        -0.013417999999999968
      ],
      [
        0.08962015999999996,
        0.28493520000000006,
        0.99994816,
        -0.03964607999999994,
        -0.002414399999999986
      ],
      [
        -0.025582080000000066,
        -0.05865759999999998,
        -0.03964607999999994,
        0.99995904,
        -0.006012800000000089
      ],
      [
        -0.00879440000000003,
        -0.013417999999999968,
        -0.002414399999999986,
        -0.006012800000000089,
        0.999996
      ]
    ],
    [
      [
        0.99995376,
        0.10029119999999993,
        0.09116736,
        -0.01299592000000004,
        0.006598640000000023
      ],
      [
        0.10029119999999993,
        0.999744,
        0.33512320000000007,
        -0.0493904,
        -0.001803199999999968
      ],
      [
        0.09116736,
        0.33512320000000007,
        0.99997696,
        -0.05379712000000002,
        0.004999040000000005
      ],
      [
        -0.01299592000000004,
        -0.0493904,
        -0.05379712000000002,
        0.99999964,
        0.008400119999999962
      ],
      [
        0.006598640000000023,
        -0.001803199999999968,
        0.004999040000000005,
        0.008400119999999962,
        0.9999999599999998
      ]
    ],
    [
      [
        0.9999686399999999,
        0.12441791999999999,
        0.13332496,
        -0.022804480000000016,
        0.0012089599999999512
      ],
      [
        0.12441791999999999,
        0.99998976,
        0.4006428800000001,
        -0.06719744000000001,
        -0.012805120000000034
      ],
      [
        0.13332496,
        0.4006428800000001,
        0.9998204399999999,
        -0.04461072,
        0.012221439999999962
      ],
      [
        -0.022804480000000016,
        -0.06719744000000001,
        -0.04461072,
        0.99999936,
        0.02400128000000002
      ],
      [
        0.0012089599999999512,
        -0.012805120000000034,
        0.012221439999999962,
        0.02400128000000002,
        0.99999744
      ]
    ],
    [
      [
        0.99989184,
        0.14924576000000003,
        0.13507936,
        -0.021377120000000003,
        -0.01452303999999992
      ],
      [
        0.14924576000000003,
        0.99998064,
        0.46845103999999993,
        -0.07140968000000002,
        -0.011032559999999953
      ],
      [
        0.13507936,
        0.46845103999999993,
        0.99986544,
        -0.08777448000000004,
        -0.020514160000000035
      ],
      [
        -0.021377120000000003,
        -0.07140968000000002,
        -0.08777448000000004,
        0.9999951599999999,
        -0.008816279999999945
      ],
      [
        -0.01452303999999992,
        -0.011032559999999953,
        -0.020514160000000035,
        -0.008816279999999945,
        0.99994524
      ]
    ],
    [
      [
        0.999775,
        0.17945899999999995,
        0.18033099999999996,
        -0.041238000000000045,
        -0.002874000000000004
      ],
      [
        0.17945899999999995,
        0.99991164,
        0.5763567599999999,
        -0.10209847999999998,
        -0.011321039999999939
      ],
      [
        0.18033099999999996,
        0.5763567599999999,
        0.9999788399999999,
        -0.09255031999999999,
        -0.010961359999999955
      ],
      [
        -0.041238000000000045,
        -0.10209847999999998,
        -0.09255031999999999,
        0.99988336,
        0.018709279999999957
      ],
      [
        -0.002874000000000004,
        -0.011321039999999939,
        -0.010961359999999955,
        0.018709279999999957,
        0.99992944
      ]
    ],
    [
      [
        0.99993276,
        0.24896063999999998,
        0.25083771999999993,
        -0.04697203999999994,
        0.0069212799999999785
      ],
      [
        0.24896063999999998,
        0.99997696,
        0.69582208,
        -0.15886655999999996,
        -0.004846079999999942
      ],
      [
        0.25083771999999993,
        0.69582208,
        0.99997884,
        -0.17492787999999998,
        -0.003355840000000015
      ],
      [
        -0.04697203999999994,
        -0.15886655999999996,
        -0.17492787999999998,
        0.99922716,
        0.012866880000000082
      ],
      [
        0.0069212799999999785,
        -0.004846079999999942,
        -0.003355840000000015,
        0.012866880000000082,
        0.9999078399999999
      ]
    ],
    [
      [
        0.999879,
        0.3313778,
        0.3292942,
        -0.10524620000000001,
        0.0023802000000000133
      ],
      [
        0.3313778,
        0.99959196,
        0.8266384400000001,
        -0.21288484000000002,
        -0.022036359999999963
      ],
      [
        0.3292942,
        0.8266384400000001,
        0.99922716,
        -0.21211676000000007,
        -0.014450040000000051
      ],
      [
        -0.10524620000000001,
        -0.21288484000000002,
        -0.21211676000000007,
        0.99998236,
        0.019592440000000006
      ],
      [
        0.0023802000000000133,
        -0.022036359999999963,
        -0.014450040000000051,
        0.019592440000000006,
        0.99999676
      ]
    ],
    [
      [
        0.999991,
        0.4639993999999999,
        0.46397659999999996,
        -0.1696054,
        0.002627599999999992
      ],
      [
        0.4639993999999999,
        0.99999996,
        0.9267984400000001,
        -0.32200035999999993,
        -0.018198160000000022
      ],
      [
        0.46397659999999996,
        0.9267984400000001,
        0.99993916,
        -0.32121404000000003,
        -0.016528239999999948
      ],
      [
        -0.1696054,
        -0.32200035999999993,
        -0.32121404000000003,
        0.99999676,
        0.0014165599999999554
      ],
      [
        0.002627599999999992,
        -0.018198160000000022,
        -0.016528239999999948,
        0.0014165599999999554,
        0.99991536
      ]
    ],
    [
      [
        0.999975,
        0.6787930000000001,
        0.6783770000000001,
        -0.30599500000000013,
        -0.0018040000000000237
      ],
      [
        0.6787930000000001,
        0.99999804,
        0.97919356,
        -0.4399986000000001,
        -0.011001119999999955
      ],
      [
        0.6783770000000001,
        0.97919356,
        0.99997884,
        -0.43999540000000004,
        -0.013003680000000012
      ],
      [
        -0.30599500000000013,
        -0.4399986000000001,
        -0.43999540000000004,
        0.999999,
        0.007800800000000001
      ],
      [
        -0.0018040000000000237,
        -0.011001119999999955,
        -0.013003680000000012,
        0.007800800000000001,
        0.99999936
      ]
    ],
    [
      [
        0.99999216,
        0.89758208,
        0.89878208,
        -0.6097983199999999,
        -0.018650959999999977
      ],
      [
        0.89758208,
        0.99995904,
        0.99795904,
        -0.67739616,
        -0.026316479999999944
      ],
      [
        0.89878208,
        0.99795904,
        0.99995904,
        -0.6781961599999999,
        -0.027116479999999943
      ],
      [
        -0.6097983199999999,
        -0.67739616,
        -0.6781961599999999,
        0.9999996399999999,
        0.020810919999999983
      ],
      [
        -0.018650959999999977,
        -0.026316479999999944,
        -0.027116479999999943,
        0.020810919999999983,
        0.99966876
      ]
    ],
    [
      [
        0.99982044,
        0.9964177599999999,
        0.9964177599999999,
        -0.93541508,
        -0.03903652000000001
      ],
      [
        0.9964177599999999,
        0.99981504,
        0.99981504,
        -0.93881232,
        -0.038034079999999984
      ],
      [
        0.9964177599999999,
        0.99981504,
        0.99981504,
        -0.93881232,
        -0.038034079999999984
      ],
      [
        -0.93541508,
        -0.93881232,
        -0.93881232,
        0.99980956,
        0.03623163999999999
      ],
      [
        -0.03903652000000001,
        -0.038034079999999984,
        -0.038034079999999984,
        0.03623163999999999,
        0.99985116
      ]
    ],
    [
      [
        0.9998959599999999,
        0.9998959599999999,
        0.9998959599999999,
        -0.99910004,
        -0.049193879999999995
      ],
      [
        0.9998959599999999,
        0.9998959599999999,
        0.9998959599999999,
        -0.99910004,
        -0.049193879999999995
      ],
      [
        0.9998959599999999,
        0.9998959599999999,
        0.9998959599999999,
        -0.99910004,
        -0.049193879999999995
      ],
      [
        -0.99910004,
        -0.99910004,
        -0.99910004,
        0.99990396,
        0.049194119999999966
      ],
      [
        -0.049193879999999995,
        -0.049193879999999995,
        -0.049193879999999995,
        0.049194119999999966,
        0.99999964
      ]
    ],
    [
      [
        0.99999324,
        0.99999324,
        0.9995942800000001,
        -0.99979376,
        -0.053797919999999985
      ],
      [
        0.99999324,
        0.99999324,
        0.9995942800000001,
        -0.99979376,
        -0.053797919999999985
      ],
      [
        0.9995942800000001,
        0.9995942800000001,
        0.99999516,
        -0.9993947200000001,
        -0.05339824000000001
      ],
      [
        -0.99979376,
        -0.99979376,
        -0.9993947200000001,
        0.99999424,
        0.05399807999999996
      ],
      [
        -0.053797919999999985,
        -0.053797919999999985,
        -0.05339824000000001,
        0.05399807999999996,
        0.99999936
      ]
    ],
    [
      [
        0.99993276,
        0.99993276,
        0.99993276,
        -0.99993276,
        -0.07774751999999999
      ],
      [
        0.99993276,
        0.99993276,
        0.99993276,
        -0.99993276,
        -0.07774751999999999
      ],
      [
        0.99993276,
        0.99993276,
        0.99993276,
        -0.99993276,
        -0.07774751999999999
      ],
      [
        -0.99993276,
        -0.99993276,
        -0.99993276,
        0.99993276,
        0.07774751999999999
      ],
      [
        -0.07774751999999999,
        -0.07774751999999999,
        -0.07774751999999999,
        0.07774751999999999,
        0.99995904
      ]
    ],
    [
      [
        0.999999,
        0.9997992,
        0.9997992,
        -0.9997992,
        -0.08777919999999999
      ],
      [
        0.9997992,
        0.99999936,
        0.99999936,
        -0.99999936,
        -0.08758336000000001
      ],
      [
        0.9997992,
        0.99999936,
        0.99999936,
        -0.99999936,
        -0.08758336000000001
      ],
      [
        -0.9997992,
        -0.99999936,
        -0.99999936,
        0.99999936,
        0.08758336000000001
      ],
      [
        -0.08777919999999999,
        -0.08758336000000001,
        -0.08758336000000001,
        0.08758336000000001,
        0.99956736
      ]
    ],
    [
      [
        0.9999980399999999,
        0.9997983199999999,
        0.9991985999999999,
        -0.9997983199999999,
        -0.13299888
      ],
      [
        0.9997983199999999,
        0.9999985599999999,
        0.9993987999999999,
        -0.9999985599999999,
        -0.13279903999999998
      ],
      [
        0.9991985999999999,
        0.9993987999999999,
        0.9999989999999999,
        -0.9993987999999999,
        -0.13259919999999997
      ],
      [
        -0.9997983199999999,
        -0.9999985599999999,
        -0.9993987999999999,
        0.9999985599999999,
        0.13279903999999998
      ],
      [
        -0.13299888,
        -0.13279903999999998,
        -0.13259919999999997,
        0.13279903999999998,
        0.99999936
      ]
    ]
  ]
}