{
  "settings_list": [
    [
      1.560422797206592,
      4.066303868085983,
      3.5814767915473635,
      5.826105145300279,
      5.75766908692347,
      1.6990814106223373,
      3.4774660104336057,
      2.864813258886479,
      4.33430771322173,
      1.102613513373251,
      1.838054914052501,
      4.893969948621117,
      4.976110001943433,
      5.317763282237183,
      4.1237407674651765
    ],
    [
      1.5602270828572935,
      4.066616025477569,
      3.5836295592896,
      5.927608086231276,
      5.877457662903432,
      1.6983342710115739,
      3.404889323499537,
      2.9250604657566526,
      4.330760700717783,
      1.089542805002275,
      1.8639797491309784,
      4.89353059261703,
      5.02607392805678,
      5.3378223820083335,
      4.126372907984278
    ],
    [
      1.5609995388185542,
      4.068592076952046,
      3.582201739112301,
      6.034777079965484,
      5.995285849025288,
      1.701031864399222,
      3.3291982539256493,
      2.98911277435751,
      4.330416159663037,
      1.066152283000419,
      1.9003979914648153,
      4.893167808376659,
      5.098419677596146,
      5.370667328311623,
      4.1267190345399065
    ],
    [
      1.5641894681577568,
      4.0700896059149185,
      3.580103924734523,
      6.126106042530859,
      6.095902184950485,
      1.7048889386189345,
      3.26343484657362,
      3.040024723054911,
      4.329128556932747,
      1.0306529279639371,
      1.9533761369835634,
      4.894682707109641,
      5.1896453045884545,
      5.416951999838099,
      4.123933599214039
    ],
    [
      1.563896280084076,
      4.0677695364566215,
      3.5796024133686557,
      6.193280817521412,
      6.175624786963461,
      1.7037504152868936,
      3.215957078091136,
      3.083346214393692,
      4.330002059822551,
      0.9735892568392002,
      2.0306076706141596,
      4.895462178935927,
      5.321988514570034,
      5.497569841757481,
      4.1222821787406385
    ],
    [
      1.5517652674734834,
      4.062908442631419,
      3.5786141394016235,
      6.2362151419015746,
      6.2258686287640375,
      1.7053043712424623,
      3.1867287180807713,
      3.1040153921659956,
      4.328020671735646,
      0.9045842163935778,
      2.1341177993825826,
      4.892869913449009,
      5.510519586318203,
      5.628383850754054,
      4.126186812300029
    ],
    [
      1.5282849127137037,
      4.057840135866803,
      3.5815851542108383,
      6.265597308565647,
      6.257184194639825,
      1.7060191518803163,
      3.160705062402756,
      3.127402580065995,
      4.331941332529638,
      0.7838342991029832,
      2.2892828488205845,
      4.898369367924302,
      5.7875355201627,
      5.842071377385058,
      4.129943080713671
    ],
    [
      1.5183998738249103,
      4.060850472658086,
      3.577720084395267,
      6.283980746752912,
      6.282366140155902,
      1.7073612740158075,
      3.1521735544514438,
      3.127519621919611,
      4.340187570620521,
      0.5532302596336327,
      2.557933253950306,
      4.894349161671646,
      6.092884018066946,
      6.10791797362862,
      4.124549035671742
    ],
    [
      1.5004042471180612,
      4.067763923515382,
      3.5725650893808756,
      6.297505194734351,
      6.2909053911422035,
      1.710770847576175,
      3.1418094573251847,
      3.143538989423177,
      4.3317095696669785,
      0.18793599239963,
      2.9400686945907593,
      4.889827824724786,
      6.269159076486009,
      6.276354627651443,
      4.1309172197274115
    ],
    [
      1.4609180903828523,
      4.061655965764399,
      3.571006210081546,
      6.2708923365775,
      6.271366373677168,
      1.7129734054069665,
      3.145280438629607,
      3.1455581462419175,
      4.337982463728984,
      -0.019433185463434394,
      3.159666743336683,
      4.887704811156031,
      6.307078186982948,
      6.291026373929568,
      4.130945867592814
    ],
    [
      1.3835940116757905,
      4.05068088600422,
      3.567745088734049,
      6.282854415505561,
      6.274758393045908,
      1.7132909170821178,
      3.1402964470867,
      3.1259035114194202,
      4.338416482688529,
      0.0005196883379352604,
      3.1257906783778093,
      4.888207043398447,
      6.269137463862666,
      6.2795378749353095,
      4.13125751238003
    ],
    [
      1.272590200112341,
      4.022622049704119,
      3.5674963890461,
      6.286774252896607,
      6.288443285529711,
      1.7123274416566985,
      3.1486612705302517,
      3.139587377076145,
      4.337014015433103,
      -0.010271762794370315,
      3.1436667062380943,
      4.886713307358536,
      6.282130812135933,
      6.273267820097464,
      4.133436373181148
    ],
    [
      1.0947092959788582,
      3.9581597446009513,
      3.567434220233764,
      6.265291671610097,
      6.278089529420575,
      1.7158382958114617,
      3.1432117747469763,
      3.132668862629841,
      4.3348975123094755,
      0.0053859009347224564,
      3.1335036515897357,
      4.885422861638538,
      6.281779650822562,
      6.282505700013287,
      4.1338076611848855
    ],
    [
      0.805214478301252,
      3.799432754649858,
      3.571655183407112,
      6.284421436872348,
      6.285298498040474,
      1.7202836305296567,
      3.151558478911508,
      3.12652743656496,
      4.334473794913243,
      -0.03204245712680278,
      3.136424399354959,
      4.889770245633518,
      6.298742180085262,
      6.268590257922296,
      4.134084021754359
    ],
    [
      0.3102447612323112,
      3.440391136555746,
      3.5723057835911196,
      6.306615312061749,
      6.286191685553533,
      1.716026019577398,
      3.1383978310425,
      3.1429737230045496,
      4.338252581945786,
      -0.003660192857081055,
      3.138826017540266,
      4.88257374683445,
      6.271704818529219,
      6.280106434335274,
      4.133018408666359
    ],
    [
      -0.0996101673825277,
      3.030884405766983,
      3.573735603969278,
      6.264481974136109,
      6.279279143609156,
      1.7089531906836308,
      3.1421007487085633,
      3.1245859834449994,
      4.342548565774168,
      0.011693849987863264,
      3.1285637905958334,
      4.87636691129928,
      6.295135406143231,
      6.27557907256916,
      4.126959268412584
    ],
    [
      0.0479495129662435,
      3.1959147175570823,
      3.5729159193588167,
      6.288224735776463,
      6.282791760897083,
      1.7089613505719154,
      3.129898967209933,
      3.1569823931477066,
      4.3409909991492945,
      0.006842070231075968,
      3.142810306543942,
      4.876888887335206,
      6.280393132184486,
      6.2977820533873805,
      4.125791675323003
    ],
    [
      -0.030129858993735284,
      3.1056457594253657,
      3.572058728306296,
      6.277134650387197,
      6.279441338815174,
      1.7077271431830603,
      3.162106538363723,
      3.1391145168960555,
      4.3411868663657724,
      -0.007341176670804247,
      3.130057509434322,
      4.881895049443142,
      6.2873398728801115,
      6.308933122017245,
      4.127058018618707
    ],
    [
      0.032440329976285806,
      3.1621897453362733,
      3.5733579891039726,
      6.275383270274807,
      6.29140262231939,
      1.7079164091602577,
      3.1379822234639643,
      3.1538771868899027,
      4.340191664174037,
      0.0229138985309596,
      3.1472144719349866,
      4.882846989570074,
      6.272790465978908,
      6.2885443175944085,
      4.126530489855109
    ],
    [
      -0.0187322026429909,
      3.1215523063966484,
      3.573701117811152,
      6.299476364998539,
      6.274399048501025,
      1.7069690877631811,
      3.141958458984059,
      3.1389214592803283,
      4.339606854037381,
      0.009526294245153616,
      3.14261308165939,
      4.881375440755935,
      6.287735126426612,
      6.299584621026782,
      4.126833957820731
    ],
    [
      0.018620035285201036,
      3.151763492921845,
      3.5736797403472416,
      6.291237587888318,
      6.265583633604398,
      1.7067374119027523,
      3.144061649717435,
      3.135231742115119,
      4.339508927759301,
      -0.008153057962040187,
      3.136019182300785,
      4.880416601856863,
      6.285705336123521,
      6.27569105812652,
      4.126916465877461
    ]
  ],
  "cost_vals": [],
  "step_size": 0.1,
  "opt_step_times": [
    0.1746349334716797,
    0.23937201499938965,
    0.18089509010314941,
    0.16877102851867676,
    0.17246294021606445,
    0.17186999320983887,
    0.18355298042297363,
    0.16756415367126465,
    0.18438506126403809,
    0.17121291160583496,
    0.16840291023254395,
    0.18622303009033203,
    0.1768798828125,
    0.17514586448669434,
    0.20248103141784668,
    0.1810157299041748,
    0.23901605606079102,
    0.17590713500976562,
    0.1753709316253662,
    0.17634010314941406
  ],
  "opt_settings": [
    0.018620035285201036,
    3.151763492921845,
    3.5736797403472416,
    6.291237587888318,
    6.265583633604398,
    1.7067374119027523,
    3.144061649717435,
    3.135231742115119,
    4.339508927759301,
    -0.008153057962040187,
    3.136019182300785,
    4.880416601856863,
    6.285705336123521,
    6.27569105812652,
    4.126916465877461
  ],
  "min_cost": null,
  "datetime": "2023-05-30T16-43-12Z",
  "step_only": true,
  "ibm_device": "default.qubit",
  "shots": 10000,
  "prep_node_name": "5-qubit_ghz_state",
  "num_qubits": 5,
  "error": false,
  "cov_mats": [
    [
      [
        0.99992256,
        0.003984799999999995,
        0.00947568000000002,
        -0.002682720000000019,
        -0.010588800000000035
      ],
      [
        0.003984799999999995,
        0.999559,
        0.6958194,
        -0.09740259999999999,
        0.09929600000000001
      ],
      [
        0.00947568000000002,
        0.6958194,
        0.99992604,
        -0.11191915999999996,
        0.1275936
      ],
      [
        -0.002682720000000019,
        -0.09740259999999999,
        -0.11191915999999996,
        0.99991164,
        -0.005574399999999943
      ],
      [
        -0.010588800000000035,
        0.09929600000000001,
        0.1275936,
        -0.005574399999999943,
        0.999424
      ]
    ],
    [
      [
        0.99995376,
        -0.014568719999999947,
        -0.027983679999999997,
        0.017009519999999986,
        0.005774160000000027
      ],
      [
        -0.014568719999999947,
        0.99997884,
        0.81058896,
        -0.10400644000000006,
        0.14521747999999995
      ],
      [
        -0.027983679999999997,
        0.81058896,
        0.99999424,
        -0.11020335999999996,
        0.16500912000000004
      ],
      [
        0.017009519999999986,
        -0.10400644000000006,
        -0.11020335999999996,
        0.99999804,
        -0.024794680000000045
      ],
      [
        0.005774160000000027,
        0.14521747999999995,
        0.16500912000000004,
        -0.024794680000000045,
        0.99998556
      ]
    ],
    [
      [
        0.999996,
        0.009173599999999987,
        0.0115672,
        0.004018399999999948,
        0.0009844000000000287
      ],
      [
        0.009173599999999987,
        0.99982576,
        0.89938352,
        -0.15547855999999996,
        0.21009703999999998
      ],
      [
        0.0115672,
        0.89938352,
        0.99973104,
        -0.16584912,
        0.21647207999999998
      ],
      [
        0.004018399999999948,
        -0.15547855999999996,
        -0.16584912,
        0.99991536,
        -0.040128240000000016
      ],
      [
        0.0009844000000000287,
        0.21009703999999998,
        0.21647207999999998,
        -0.040128240000000016,
        0.99993916
      ]
    ],
    [
      [
        0.999775,
        -0.012397999999999987,
        -0.006989000000000055,
        -0.0040570000000000874,
        -0.01485100000000001
      ],
      [
        -0.012397999999999987,
        0.99982576,
        0.9596336799999999,
        -0.1718501600000001,
        0.28935511999999997
      ],
      [
        -0.006989000000000055,
        0.9596336799999999,
        0.99984124,
        -0.17604788000000005,
        0.29355716
      ],
      [
        -0.0040570000000000874,
        -0.1718501600000001,
        -0.17604788000000005,
        0.99998556,
        -0.04721292000000005
      ],
      [
        -0.01485100000000001,
        0.28935511999999997,
        0.29355716,
        -0.04721292000000005,
        0.99998844
      ]
    ],
    [
      [
        0.99997296,
        0.020793759999999956,
        0.021597919999999923,
        -0.03063847999999999,
        0.01899063999999999
      ],
      [
        0.020793759999999956,
        0.9999985599999999,
        0.9831995199999999,
        -0.26660888000000005,
        0.40299783999999994
      ],
      [
        0.021597919999999923,
        0.9831995199999999,
        0.99999984,
        -0.26700296000000007,
        0.40619928
      ],
      [
        -0.03063847999999999,
        -0.26660888000000005,
        -0.26700296000000007,
        0.99994524,
        -0.10601331999999998
      ],
      [
        0.01899063999999999,
        0.40299783999999994,
        0.40619928,
        -0.10601331999999998,
        0.9999967599999998
      ]
    ],
    [
      [
        0.99933436,
        -0.009717440000000029,
        -0.009327759999999961,
        -0.003309599999999974,
        -0.022238800000000006
      ],
      [
        -0.009717440000000029,
        0.99998976,
        0.99439104,
        -0.3135616000000001,
        0.5575552000000001
      ],
      [
        -0.009327759999999961,
        0.99439104,
        0.99999216,
        -0.3135664,
        0.5583608
      ],
      [
        -0.003309599999999974,
        -0.3135616000000001,
        -0.3135664,
        0.999856,
        -0.17783200000000005
      ],
      [
        -0.022238800000000006,
        0.5575552000000001,
        0.5583608,
        -0.17783200000000005,
        0.9998040000000002
      ]
    ],
    [
      [
        0.99949824,
        -0.02748511999999998,
        -0.027894079999999963,
        -0.0001849600000000137,
        -0.016879039999999956
      ],
      [
        -0.02748511999999998,
        0.99998556,
        0.99958404,
        -0.46176352,
        0.8068205199999999
      ],
      [
        -0.027894079999999963,
        0.99958404,
        0.99998236,
        -0.46175968,
        0.80722268
      ],
      [
        -0.0001849600000000137,
        -0.46176352,
        -0.46175968,
        0.99990784,
        -0.36825183999999994
      ],
      [
        -0.016879039999999956,
        0.8068205199999999,
        0.80722268,
        -0.36825183999999994,
        0.99997084
      ]
    ],
    [
      [
        0.9998204399999999,
        -0.03673835999999997,
        -0.03673835999999997,
        0.02271255999999998,
        -0.03754372000000005
      ],
      [
        -0.03673835999999997,
        0.99997884,
        0.99997884,
        -0.71663864,
        0.9667806800000001
      ],
      [
        -0.03673835999999997,
        0.99997884,
        0.99997884,
        -0.71663864,
        0.9667806800000001
      ],
      [
        0.02271255999999998,
        -0.71663864,
        -0.71663864,
        0.99992944,
        -0.69023528
      ],
      [
        -0.03754372000000005,
        0.9667806800000001,
        0.9667806800000001,
        -0.69023528,
        0.99998236
      ]
    ],
    [
      [
        0.9999974399999999,
        -0.043994879999999986,
        -0.043795200000000006,
        0.04279872000000003,
        -0.043795200000000006
      ],
      [
        -0.043994879999999986,
        0.99998976,
        0.9997904,
        -0.95959744,
        0.9997903999999999
      ],
      [
        -0.043795200000000006,
        0.9997904,
        0.999991,
        -0.9597976,
        0.9999909999999999
      ],
      [
        0.04279872000000003,
        -0.95959744,
        -0.9597976,
        0.99999936,
        -0.9597976
      ],
      [
        -0.043795200000000006,
        0.9997903999999999,
        0.9999909999999999,
        -0.9597976,
        0.9999909999999999
      ]
    ],
    [
      [
        0.99993276,
        -0.05426387999999997,
        -0.05406224,
        0.05446223999999995,
        -0.05426059999999998
      ],
      [
        -0.05426387999999997,
        0.9997244399999999,
        0.9995211199999999,
        -0.99912112,
        0.9993177999999999
      ],
      [
        -0.05406224,
        0.9995211199999999,
        0.9997177599999999,
        -0.9993177599999999,
        0.9995143999999999
      ],
      [
        0.05446223999999995,
        -0.99912112,
        -0.9993177599999999,
        0.9997177599999999,
        -0.9991144
      ],
      [
        -0.05426059999999998,
        0.9993177999999999,
        0.9995143999999999,
        -0.9991144,
        0.9997109999999999
      ]
    ],
    [
      [
        0.99998704,
        -0.12718992,
        -0.12758991999999997,
        0.12718992,
        -0.12718992
      ],
      [
        -0.12718992,
        0.99999216,
        0.9995921600000001,
        -0.99999216,
        0.99999216
      ],
      [
        -0.12758991999999997,
        0.9995921600000001,
        0.99999216,
        -0.9995921600000001,
        0.9995921600000001
      ],
      [
        0.12718992,
        -0.99999216,
        -0.9995921600000001,
        0.99999216,
        -0.99999216
      ],
      [
        -0.12718992,
        0.99999216,
        0.9995921600000001,
        -0.99999216,
        0.99999216
      ]
    ],
    [
      [
        0.999879,
        -0.1835362,
        -0.1837384,
        0.1837384,
        -0.1835362
      ],
      [
        -0.1835362,
        0.9999663599999999,
        0.9997675199999999,
        -0.9997675199999999,
        0.99956636
      ],
      [
        -0.1837384,
        0.9997675199999999,
        0.9999686399999999,
        -0.9999686399999999,
        0.9997675199999999
      ],
      [
        0.1837384,
        -0.9997675199999999,
        -0.9999686399999999,
        0.9999686399999999,
        -0.9997675199999999
      ],
      [
        -0.1835362,
        0.99956636,
        0.9997675199999999,
        -0.9997675199999999,
        0.9999663599999999
      ]
    ],
    [
      [
        0.999919,
        -0.32109380000000004,
        -0.32109380000000004,
        0.32109380000000004,
        -0.32109380000000004
      ],
      [
        -0.32109380000000004,
        0.99986076,
        0.99986076,
        -0.99986076,
        0.99986076
      ],
      [
        -0.32109380000000004,
        0.99986076,
        0.99986076,
        -0.99986076,
        0.99986076
      ],
      [
        0.32109380000000004,
        -0.99986076,
        -0.99986076,
        0.99986076,
        -0.99986076
      ],
      [
        -0.32109380000000004,
        0.99986076,
        0.99986076,
        -0.99986076,
        0.99986076
      ]
    ],
    [
      [
        1.0,
        -0.5454,
        -0.5452,
        0.5449999999999999,
        -0.5456
      ],
      [
        -0.5454,
        0.99998844,
        0.99978776,
        -0.9987857200000001,
        0.99978776
      ],
      [
        -0.5452,
        0.99978776,
        0.99998704,
        -0.9985848800000001,
        0.9995870400000001
      ],
      [
        0.5449999999999999,
        -0.9987857200000001,
        -0.9985848800000001,
        0.99998236,
        -0.9985848800000001
      ],
      [
        -0.5456,
        0.99978776,
        0.9995870400000001,
        -0.9985848800000001,
        0.99998704
      ]
    ],
    [
      [
        0.99994524,
        -0.90756004,
        -0.90775856,
        0.90775856,
        -0.90775856
      ],
      [
        -0.90756004,
        0.99997084,
        0.9997697600000001,
        -0.9997697600000001,
        0.9997697600000001
      ],
      [
        -0.90775856,
        0.9997697600000001,
        0.99996864,
        -0.99996864,
        0.99996864
      ],
      [
        0.90775856,
        -0.9997697600000001,
        -0.99996864,
        0.99996864,
        -0.99996864
      ],
      [
        -0.90775856,
        0.9997697600000001,
        0.99996864,
        -0.99996864,
        0.99996864
      ]
    ],
    [
      [
        0.99993916,
        -0.98954228,
        -0.98974072,
        0.9895391600000001,
        -0.98974072
      ],
      [
        -0.98954228,
        0.9999452399999998,
        0.9997437599999999,
        -0.9995422799999999,
        0.9997437599999999
      ],
      [
        -0.98974072,
        0.9997437599999999,
        0.9999422399999999,
        -0.9997407199999999,
        0.9999422399999999
      ],
      [
        0.9895391600000001,
        -0.9995422799999999,
        -0.9997407199999999,
        0.9999391599999999,
        -0.9997407199999999
      ],
      [
        -0.98974072,
        0.9997437599999999,
        0.9999422399999999,
        -0.9997407199999999,
        0.9999422399999999
      ]
    ],
    [
      [
        0.999991,
        -0.9979934,
        -0.9977928,
        0.9979934,
        -0.9977940000000001
      ],
      [
        -0.9979934,
        0.99999516,
        0.99979472,
        -0.99999516,
        0.9997956
      ],
      [
        -0.9977928,
        0.99979472,
        0.99999424,
        -0.99979472,
        0.9995952
      ],
      [
        0.9979934,
        -0.99999516,
        -0.99979472,
        0.99999516,
        -0.9997956
      ],
      [
        -0.9977940000000001,
        0.9997956,
        0.9995952,
        -0.9997956,
        0.999996
      ]
    ],
    [
      [
        0.99999804,
        -0.9993977599999999,
        -0.99839804,
        0.9993977599999999,
        -0.9993977599999999
      ],
      [
        -0.9993977599999999,
        0.9999974399999999,
        0.99899776,
        -0.9999974399999999,
        0.9999974399999999
      ],
      [
        -0.99839804,
        0.99899776,
        0.99999804,
        -0.9989977599999998,
        0.9989977599999998
      ],
      [
        0.9993977599999999,
        -0.9999974399999999,
        -0.9989977599999998,
        0.9999974399999999,
        -0.9999974399999999
      ],
      [
        -0.9993977599999999,
        0.9999974399999999,
        0.9989977599999998,
        -0.9999974399999999,
        0.9999974399999999
      ]
    ],
    [
      [
        0.999856,
        -0.9992488,
        -0.9994512000000001,
        0.999056,
        -0.9992536000000001
      ],
      [
        -0.9992488,
        0.99984124,
        0.99964376,
        -0.9992488,
        0.99944628
      ],
      [
        -0.9994512000000001,
        0.99964376,
        0.99984624,
        -0.9994512000000001,
        0.99964872
      ],
      [
        0.999056,
        -0.9992488,
        -0.9994512000000001,
        0.999856,
        -0.9992536000000001
      ],
      [
        -0.9992536000000001,
        0.99944628,
        0.99964872,
        -0.9992536000000001,
        0.99985116
      ]
    ],
    [
      [
        0.99999984,
        -0.9993997600000001,
        -0.99959968,
        0.99959968,
        -0.99959968
      ],
      [
        -0.9993997600000001,
        0.99999964,
        0.99979952,
        -0.99979952,
        0.99979952
      ],
      [
        -0.99959968,
        0.99979952,
        0.99999936,
        -0.99999936,
        0.99999936
      ],
      [
        0.99959968,
        -0.99979952,
        -0.99999936,
        0.99999936,
        -0.99999936
      ],
      [
        -0.99959968,
        0.99979952,
        0.99999936,
        -0.99999936,
        0.99999936
      ]
    ],
    [
      [
        0.9999749999999998,
        -0.9989739999999999,
        -0.9993759999999999,
        0.9993759999999999,
        -0.9993759999999999
      ],
      [
        -0.9989739999999999,
        0.9999729599999999,
        0.99957504,
        -0.99957504,
        0.99957504
      ],
      [
        -0.9993759999999999,
        0.99957504,
        0.9999769599999999,
        -0.9999769599999999,
        0.9999769599999999
      ],
      [
        0.9993759999999999,
        -0.99957504,
        -0.9999769599999999,
        0.9999769599999999,
        -0.9999769599999999
      ],
      [
        -0.9993759999999999,
        0.99957504,
        0.9999769599999999,
        -0.9999769599999999,
        0.9999769599999999
      ]
    ]
  ]
}