{
  "settings_list": [
    [
      2.592569671470039,
      3.5644284344965174,
      4.620751291735926,
      5.170213645573608,
      0.7390578017791506,
      1.3904686453825963,
      2.9616208128760526,
      6.2032623589053895,
      4.504373698411995,
      2.7515643818869937,
      3.072352262341499,
      4.304080121357538,
      5.7868226358809896,
      5.871514146524768,
      4.213291954303947
    ],
    [
      2.9608926240778355,
      3.277865233298486,
      4.61354470951798,
      5.427053420860301,
      0.618311996373704,
      1.3848888172590135,
      3.119724460861755,
      6.274182244913179,
      4.511445353480132,
      3.068805655554689,
      3.1280712544447606,
      4.320157459540958,
      6.140873151689845,
      6.155883582390607,
      4.20413644509673
    ],
    [
      3.2166444301171757,
      3.1099076001126953,
      4.620988414855583,
      5.940467634309581,
      0.293779733915968,
      1.3829752485156495,
      3.158166216320069,
      6.287651096139498,
      4.521681913145251,
      3.147776095071322,
      3.135823389823874,
      4.316163993531808,
      6.304456557700843,
      6.315116356389574,
      4.213989988671059
    ],
    [
      3.1087601001505054,
      3.165842835985752,
      4.619190465489179,
      6.404539293460896,
      -0.0967918684484711,
      1.3902631991831642,
      3.14298484013792,
      6.281496277408647,
      4.521066716043707,
      3.1601660640978317,
      3.1409782406161093,
      4.310532409703706,
      6.294198135704713,
      6.276014714922452,
      4.2199011957325085
    ],
    [
      3.1414850525055362,
      3.1295564943679675,
      4.620357060744529,
      6.201338650987675,
      0.06397584573847034,
      1.393379237217627,
      3.1428570643564515,
      6.298431216530278,
      4.521313007894879,
      3.1494866688062375,
      3.138073217447421,
      4.309449742286071,
      6.283770051809077,
      6.278062785679237,
      4.217944881245036
    ],
    [
      3.1577330683609923,
      3.1603375747164644,
      4.620214390493586,
      6.338980845838412,
      -0.04880287258760779,
      1.394574765044502,
      3.146640838985238,
      6.258016709777319,
      4.521807931709443,
      3.1404001511017543,
      3.149204475184416,
      4.3072732149458695,
      6.270503061726473,
      6.2836830305585805,
      4.217373112296401
    ],
    [
      3.1362091915468486,
      3.152338428148161,
      4.618816475739523,
      6.261550279397887,
      0.023079258069079955,
      1.394678879762313,
      3.1438312242066084,
      6.31160668310341,
      4.520370033226726,
      3.1301750247435307,
      3.14413331633495,
      4.306326718811857,
      6.292953110977043,
      6.283635603251885,
      4.2164494629418865
    ],
    [
      3.158113737240586,
      3.136499775839303,
      4.619816397610947,
      6.310234364689413,
      -0.02409123370938087,
      1.3944128060836476,
      3.1400228407060675,
      6.272288410177528,
      4.520998884124832,
      3.154123720258737,
      3.120398820372876,
      4.305777797518624,
      6.284688237157363,
      6.292142708245575,
      4.216776304056194
    ],
    [
      3.147259083960143,
      3.1407918205270167,
      4.619946658251405,
      6.264450848040082,
      0.0022529001916511762,
      1.393712122407513,
      3.171340932522138,
      6.283539579882754,
      4.521592045680844,
      3.1200573791267066,
      3.1708977199747626,
      4.307059550230556,
      6.293237568221762,
      6.2816553849473635,
      4.215180556142563
    ],
    [
      3.1420589735967277,
      3.153540856082691,
      4.618625333698543,
      6.283449792785703,
      -0.003135509576251621,
      1.3941115485059874,
      3.1267584268674136,
      6.275990241777511,
      4.521331380108433,
      3.156743045959856,
      3.122743617516369,
      4.307572454775445,
      6.267742074949793,
      6.286913449251768,
      4.214367258524759
    ],
    [
      3.157596024595969,
      3.127395428059312,
      4.618541351839535,
      6.286438554504123,
      0.011344721664716671,
      1.3944149271088135,
      3.1770439839886406,
      6.299781030918716,
      4.520086405061543,
      3.144194242388651,
      3.144638093656958,
      4.307573769885887,
      6.293802568743997,
      6.27589974936667,
      4.2147216401293885
    ],
    [
      3.129542241001478,
      3.150141219918302,
      4.619834823220517,
      6.294457971195717,
      -0.0072891990049384296,
      1.394471430457488,
      3.1179983946105567,
      6.298025688743064,
      4.5195392947788315,
      3.1397233232196373,
      3.152677755203428,
      4.307987594735689,
      6.272946478420966,
      6.296477460549129,
      4.215825202593993
    ],
    [
      3.1414339297301486,
      3.1322084488103714,
      4.619643842441496,
      6.276472092381775,
      -0.009953416899252329,
      1.39448316212515,
      3.149635782241298,
      6.275328701123339,
      4.519209562922281,
      3.156367057016204,
      3.1184773709633467,
      4.307393892884038,
      6.290587597986354,
      6.276747643420148,
      4.21616274909614
    ],
    [
      3.128555255279277,
      3.1427869905803107,
      4.619372665353502,
      6.277585617585872,
      -0.006735826281820305,
      1.3941580808802887,
      3.1480191862191824,
      6.298836556932901,
      4.518289408316358,
      3.1399692483234367,
      3.1555204735369,
      4.307484471571825,
      6.288897918398875,
      6.261412894744834,
      4.2168435719444135
    ],
    [
      3.1610351563337766,
      3.133701846963413,
      4.619357967337039,
      6.288934890920837,
      -0.0015479569498616091,
      1.3957046888341007,
      3.1320883165973954,
      6.26344339344015,
      4.518967359295659,
      3.1305225285723006,
      3.142671966391667,
      4.307599010924351,
      6.2857794664685445,
      6.328008891843902,
      4.2169079497160595
    ],
    [
      3.1232738587605455,
      3.150841547757268,
      4.619479496805773,
      6.26226777538718,
      0.0173410823186933,
      1.3950636914327774,
      3.1374108622546375,
      6.3030467178479075,
      4.518379723980701,
      3.167397260910138,
      3.1374779750544453,
      4.307215707510314,
      6.291888700313716,
      6.237458705283209,
      4.2150632244010495
    ],
    [
      3.182030550032523,
      3.139611810108915,
      4.620546906030268,
      6.323200362313586,
      0.002445547390057789,
      1.393112434452871,
      3.148283179418373,
      6.288775166004942,
      4.51877593200917,
      3.142850592920947,
      3.1634419079853284,
      4.307007323273502,
      6.271683681708341,
      6.286626609643249,
      4.214249843422357
    ],
    [
      3.1293074160339582,
      3.136526920733846,
      4.621201986706636,
      6.262124170191734,
      -0.0012532198112733682,
      1.3941788816375764,
      3.1432370092621893,
      6.287869387855089,
      4.516566638765621,
      3.139307928803006,
      3.123753549426074,
      4.308333515186086,
      6.287978187353987,
      6.283545298523255,
      4.214105851826762
    ],
    [
      3.157588512845479,
      3.154019135050786,
      4.6212547980688905,
      6.306054429111009,
      -0.01744491908763429,
      1.394021340353131,
      3.128836276659105,
      6.288707271195017,
      4.517618785043948,
      3.143073440028302,
      3.1459290867845944,
      4.30792450689754,
      6.28672822365663,
      6.2650004597729945,
      4.213070152119671
    ],
    [
      3.129470579899276,
      3.150213634261984,
      4.6211758210882845,
      6.233672643094116,
      0.0013965496118428546,
      1.392781785070756,
      3.1563367849911903,
      6.311350441191936,
      4.516651550448991,
      3.1197839436559294,
      3.1477173853740528,
      4.306771959343618,
      6.275379505990638,
      6.307016617554624,
      4.212637148310744
    ],
    [
      3.1633300570590004,
      3.1360320584368666,
      4.621496268826997,
      6.29223514987044,
      -0.0035046060016546456,
      1.3927825441719297,
      3.1202521996415884,
      6.257149685335529,
      4.516947320729539,
      3.1604052698990652,
      3.130474211364534,
      4.308294650788264,
      6.278027518806467,
      6.258126442952198,
      4.212296049480411
    ]
  ],
  "cost_vals": [],
  "step_size": 0.1,
  "opt_step_times": [
    0.17430496215820312,
    0.23285698890686035,
    0.16713619232177734,
    0.1504509449005127,
    0.15465283393859863,
    0.15415692329406738,
    0.15859079360961914,
    0.16108393669128418,
    0.1651911735534668,
    0.1758730411529541,
    0.1766507625579834,
    0.17849493026733398,
    0.16702675819396973,
    0.1714317798614502,
    0.1764051914215088,
    0.17006802558898926,
    0.23145604133605957,
    0.17100095748901367,
    0.16597890853881836,
    0.1711430549621582
  ],
  "opt_settings": [
    3.1633300570590004,
    3.1360320584368666,
    4.621496268826997,
    6.29223514987044,
    -0.0035046060016546456,
    1.3927825441719297,
    3.1202521996415884,
    6.257149685335529,
    4.516947320729539,
    3.1604052698990652,
    3.130474211364534,
    4.308294650788264,
    6.278027518806467,
    6.258126442952198,
    4.212296049480411
  ],
  "min_cost": null,
  "datetime": "2023-05-30T16-36-38Z",
  "step_only": true,
  "ibm_device": "default.qubit",
  "shots": 10000,
  "prep_node_name": "5-qubit_ghz_state",
  "num_qubits": 5,
  "error": false,
  "cov_mats": [
    [
      [
        0.999991,
        0.2623526,
        -0.7627778,
        0.7164018,
        0.6290024000000001
      ],
      [
        0.2623526,
        0.99975036,
        -0.32588308000000005,
        0.30720948000000003,
        0.2638126400000001
      ],
      [
        -0.7627778,
        -0.32588308000000005,
        0.99994524,
        -0.90160444,
        -0.78700592
      ],
      [
        0.7164018,
        0.30720948000000003,
        -0.90160444,
        0.99999964,
        0.7425995200000002
      ],
      [
        0.6290024000000001,
        0.2638126400000001,
        -0.78700592,
        0.7425995200000002,
        0.99999936
      ]
    ],
    [
      [
        0.99999424,
        0.5185784,
        -0.97399616,
        0.97139472,
        0.9591923199999999
      ],
      [
        0.5185784,
        0.999919,
        -0.5341856,
        0.5327801999999999,
        0.5249711999999999
      ],
      [
        -0.97399616,
        -0.5341856,
        0.99999744,
        -0.9969964800000001,
        -0.98479488
      ],
      [
        0.97139472,
        0.5327801999999999,
        -0.9969964800000001,
        0.99999516,
        0.9821929600000001
      ],
      [
        0.9591923199999999,
        0.5249711999999999,
        -0.98479488,
        0.9821929600000001,
        0.99998976
      ]
    ],
    [
      [
        0.999951,
        0.8949356,
        -0.9963565999999999,
        0.9965552,
        0.9959594
      ],
      [
        0.8949356,
        0.99991536,
        -0.89814296,
        0.89834112,
        0.8977466399999999
      ],
      [
        -0.9963565999999999,
        -0.89814296,
        0.99996156,
        -0.99976032,
        -0.9991640400000001
      ],
      [
        0.9965552,
        0.89834112,
        -0.99976032,
        0.99995904,
        0.9993628800000001
      ],
      [
        0.9959594,
        0.8977466399999999,
        -0.9991640400000001,
        0.9993628800000001,
        0.99996636
      ]
    ],
    [
      [
        0.99998844,
        0.98698504,
        -0.9989891200000001,
        0.9989891200000001,
        0.9989891200000001
      ],
      [
        0.98698504,
        0.99998064,
        -0.98798592,
        0.98798592,
        0.98798592
      ],
      [
        -0.9989891200000001,
        -0.98798592,
        0.99998976,
        -0.99998976,
        -0.99998976
      ],
      [
        0.9989891200000001,
        0.98798592,
        -0.99998976,
        0.99998976,
        0.99998976
      ],
      [
        0.9989891200000001,
        0.98798592,
        -0.99998976,
        0.99998976,
        0.99998976
      ]
    ],
    [
      [
        0.999856,
        0.9958608,
        -0.999856,
        0.9996536,
        0.999856
      ],
      [
        0.9958608,
        0.99986544,
        -0.9958608,
        0.99565848,
        0.9958608
      ],
      [
        -0.999856,
        -0.9958608,
        0.999856,
        -0.9996536,
        -0.999856
      ],
      [
        0.9996536,
        0.99565848,
        -0.9996536,
        0.99985116,
        0.9996536
      ],
      [
        0.999856,
        0.9958608,
        -0.999856,
        0.9996536,
        0.999856
      ]
    ],
    [
      [
        0.99999676,
        0.9959982,
        -0.99939712,
        0.99999676,
        0.99999676
      ],
      [
        0.9959982,
        0.9999989999999999,
        -0.9953983999999999,
        0.9959982,
        0.9959982
      ],
      [
        -0.99939712,
        -0.9953983999999999,
        0.99999744,
        -0.99939712,
        -0.99939712
      ],
      [
        0.99999676,
        0.9959982,
        -0.99939712,
        0.99999676,
        0.99999676
      ],
      [
        0.99999676,
        0.9959982,
        -0.99939712,
        0.99999676,
        0.99999676
      ]
    ],
    [
      [
        0.99996864,
        0.99996864,
        -0.9991664000000001,
        0.99996864,
        0.99996864
      ],
      [
        0.99996864,
        0.99996864,
        -0.9991664000000001,
        0.99996864,
        0.99996864
      ],
      [
        -0.9991664000000001,
        -0.9991664000000001,
        0.999964,
        -0.9991664000000001,
        -0.9991664000000001
      ],
      [
        0.99996864,
        0.99996864,
        -0.9991664000000001,
        0.99996864,
        0.99996864
      ],
      [
        0.99996864,
        0.99996864,
        -0.9991664000000001,
        0.99996864,
        0.99996864
      ]
    ],
    [
      [
        0.99998236,
        0.9993832,
        -0.99998236,
        0.99958236,
        0.99978152
      ],
      [
        0.9993832,
        0.999984,
        -0.9993832,
        0.9989832,
        0.9991824
      ],
      [
        -0.99998236,
        -0.9993832,
        0.99998236,
        -0.99958236,
        -0.99978152
      ],
      [
        0.99958236,
        0.9989832,
        -0.99958236,
        0.99998236,
        0.99938152
      ],
      [
        0.99978152,
        0.9991824,
        -0.99978152,
        0.99938152,
        0.99998064
      ]
    ],
    [
      [
        0.999775,
        0.999572,
        -0.9989810000000001,
        0.9993810000000001,
        0.999572
      ],
      [
        0.999572,
        0.99976896,
        -0.9987780800000001,
        0.9991780800000001,
        0.9993689600000001
      ],
      [
        -0.9989810000000001,
        -0.9987780800000001,
        0.99978684,
        -0.99858684,
        -0.99877808
      ],
      [
        0.9993810000000001,
        0.9991780800000001,
        -0.99858684,
        0.99978684,
        0.99917808
      ],
      [
        0.999572,
        0.9993689600000001,
        -0.99877808,
        0.99917808,
        0.99976896
      ]
    ],
    [
      [
        0.99984124,
        0.99984124,
        -0.99984124,
        0.99964376,
        0.99963872
      ],
      [
        0.99984124,
        0.99984124,
        -0.99984124,
        0.99964376,
        0.99963872
      ],
      [
        -0.99984124,
        -0.99984124,
        0.99984124,
        -0.99964376,
        -0.99963872
      ],
      [
        0.99964376,
        0.99964376,
        -0.99964376,
        0.99984624,
        0.9994412800000001
      ],
      [
        0.99963872,
        0.99963872,
        -0.99963872,
        0.9994412800000001,
        0.99983616
      ]
    ],
    [
      [
        0.99993916,
        0.99993916,
        -0.9989376000000001,
        0.99993916,
        0.99974072
      ],
      [
        0.99993916,
        0.99993916,
        -0.9989376000000001,
        0.99993916,
        0.99974072
      ],
      [
        -0.9989376000000001,
        -0.9989376000000001,
        0.999936,
        -0.9989376000000001,
        -0.9987392000000002
      ],
      [
        0.99993916,
        0.99993916,
        -0.9989376000000001,
        0.99993916,
        0.99974072
      ],
      [
        0.99974072,
        0.99974072,
        -0.9987392000000002,
        0.99974072,
        0.99994224
      ]
    ],
    [
      [
        0.9996972399999999,
        0.99929028,
        -0.9995007199999999,
        0.9996972399999999,
        0.9995007199999999
      ],
      [
        0.99929028,
        0.9996831599999999,
        -0.99909384,
        0.99929028,
        0.99909384
      ],
      [
        -0.9995007199999999,
        -0.99909384,
        0.9997041599999998,
        -0.9995007199999999,
        -0.9993041599999999
      ],
      [
        0.9996972399999999,
        0.99929028,
        -0.9995007199999999,
        0.9996972399999999,
        0.9995007199999999
      ],
      [
        0.9995007199999999,
        0.99909384,
        -0.9993041599999999,
        0.9995007199999999,
        0.9997041599999998
      ]
    ],
    [
      [
        0.9999909999999999,
        0.9995909999999999,
        -0.9997903999999999,
        0.9993891999999999,
        0.9997903999999999
      ],
      [
        0.9995909999999999,
        0.9999909999999999,
        -0.9997903999999999,
        0.9993891999999999,
        0.9997903999999999
      ],
      [
        -0.9997903999999999,
        -0.9997903999999999,
        0.9999897599999998,
        -0.9995884799999999,
        -0.9999897599999998
      ],
      [
        0.9993891999999999,
        0.9993891999999999,
        -0.9995884799999999,
        0.9999870399999999,
        0.9995884799999999
      ],
      [
        0.9997903999999999,
        0.9997903999999999,
        -0.9999897599999998,
        0.9995884799999999,
        0.9999897599999998
      ]
    ],
    [
      [
        0.99982576,
        0.99962312,
        -0.99962312,
        0.99942048,
        0.99962312
      ],
      [
        0.99962312,
        0.99982044,
        -0.99982044,
        0.99961776,
        0.99982044
      ],
      [
        -0.99962312,
        -0.99982044,
        0.99982044,
        -0.99961776,
        -0.99982044
      ],
      [
        0.99942048,
        0.99961776,
        -0.99961776,
        0.99981504,
        0.99961776
      ],
      [
        0.99962312,
        0.99982044,
        -0.99982044,
        0.99961776,
        0.99982044
      ]
    ],
    [
      [
        0.9999823599999998,
        0.9991823599999999,
        -0.9985798399999999,
        0.9991823599999999,
        0.9975840399999999
      ],
      [
        0.9991823599999999,
        0.9999823599999998,
        -0.9993798399999998,
        0.9999823599999998,
        0.9983840399999999
      ],
      [
        -0.9985798399999999,
        -0.9993798399999998,
        0.9999769599999998,
        -0.9993798399999998,
        -0.9977817599999999
      ],
      [
        0.9991823599999999,
        0.9999823599999998,
        -0.9993798399999998,
        0.9999823599999998,
        0.9983840399999999
      ],
      [
        0.9975840399999999,
        0.9983840399999999,
        -0.9977817599999999,
        0.9983840399999999,
        0.9999855599999999
      ]
    ],
    [
      [
        0.9999078399999999,
        0.9999078399999999,
        -0.99910784,
        0.9991039999999999,
        0.99930592
      ],
      [
        0.9999078399999999,
        0.9999078399999999,
        -0.99910784,
        0.9991039999999999,
        0.99930592
      ],
      [
        -0.99910784,
        -0.99910784,
        0.9999078399999999,
        -0.998304,
        -0.9985059199999999
      ],
      [
        0.9991039999999999,
        0.9991039999999999,
        -0.998304,
        0.9998999999999998,
        0.9985019999999999
      ],
      [
        0.99930592,
        0.99930592,
        -0.9985059199999999,
        0.9985019999999999,
        0.9999039599999999
      ]
    ],
    [
      [
        0.99989184,
        0.99888144,
        -0.9994876800000001,
        0.99928976,
        0.9994876800000001
      ],
      [
        0.99888144,
        0.99987004,
        -0.99927688,
        0.9990791600000001,
        0.99927688
      ],
      [
        -0.9994876800000001,
        -0.99927688,
        0.99988336,
        -0.99968552,
        -0.99988336
      ],
      [
        0.99928976,
        0.9990791600000001,
        -0.99968552,
        0.99988764,
        0.99968552
      ],
      [
        0.9994876800000001,
        0.99927688,
        -0.99988336,
        0.99968552,
        0.99988336
      ]
    ],
    [
      [
        0.99992256,
        0.9997208000000001,
        -0.99992256,
        0.99992256,
        0.99992256
      ],
      [
        0.9997208000000001,
        0.999919,
        -0.9997208000000001,
        0.9997208000000001,
        0.9997208000000001
      ],
      [
        -0.99992256,
        -0.9997208000000001,
        0.99992256,
        -0.99992256,
        -0.99992256
      ],
      [
        0.99992256,
        0.9997208000000001,
        -0.99992256,
        0.99992256,
        0.99992256
      ],
      [
        0.99992256,
        0.9997208000000001,
        -0.99992256,
        0.99992256,
        0.99992256
      ]
    ],
    [
      [
        0.9998150399999999,
        0.9992232,
        -0.9994150399999999,
        0.9996177599999999,
        0.9996177599999999
      ],
      [
        0.9992232,
        0.999831,
        -0.9992231999999999,
        0.9994257999999999,
        0.9994257999999999
      ],
      [
        -0.9994150399999999,
        -0.9992231999999999,
        0.9998150399999999,
        -0.9996177599999999,
        -0.9996177599999999
      ],
      [
        0.9996177599999999,
        0.9994257999999999,
        -0.9996177599999999,
        0.9998204399999999,
        0.9998204399999999
      ],
      [
        0.9996177599999999,
        0.9994257999999999,
        -0.9996177599999999,
        0.9998204399999999,
        0.9998204399999999
      ]
    ],
    [
      [
        0.9999932399999999,
        0.9985948,
        -0.9993927199999999,
        0.9987932399999999,
        0.99959324
      ],
      [
        0.9985948,
        0.999996,
        -0.9987943999999999,
        0.9981947999999999,
        0.9989948
      ],
      [
        -0.9993927199999999,
        -0.9987943999999999,
        0.9999921599999999,
        -0.99899272,
        -0.99979272
      ],
      [
        0.9987932399999999,
        0.9981947999999999,
        -0.99899272,
        0.99999324,
        0.99919324
      ],
      [
        0.99959324,
        0.9989948,
        -0.99979272,
        0.99919324,
        0.99999324
      ]
    ],
    [
      [
        0.99952476,
        0.9993291200000001,
        -0.9991247600000001,
        0.9989204,
        0.9989291200000001
      ],
      [
        0.9993291200000001,
        0.99953344,
        -0.9993291200000001,
        0.9991248,
        0.99913344
      ],
      [
        -0.9991247600000001,
        -0.9993291200000001,
        0.99952476,
        -0.9989204,
        -0.9989291200000001
      ],
      [
        0.9989204,
        0.9991248,
        -0.9989204,
        0.999516,
        0.9987248000000001
      ],
      [
        0.9989291200000001,
        0.99913344,
        -0.9989291200000001,
        0.9987248000000001,
        0.99953344
      ]
    ]
  ]
}