{
  "settings_list": [
    [
      4.083049765949514,
      2.165179121790722,
      6.210751692165235,
      2.8473076547457565,
      6.200503932257131,
      5.080816532387903,
      1.285715897800888,
      2.9758442961589338,
      1.4467174664157318,
      2.179944744518523,
      2.045945560585514,
      1.6239851891251627,
      4.290360005642505,
      2.6461034015973444,
      4.690258225946208
    ],
    [
      4.010461342929079,
      2.2439710169643012,
      6.210382296968864,
      2.8899782660346203,
      6.215198972030615,
      5.078038217211463,
      1.1646501739438762,
      2.9852437331577524,
      1.4441080307019922,
      2.2321298276957613,
      2.113051780512567,
      1.6286007842950523,
      4.149305767229775,
      2.6803310055274103,
      4.690599233661132
    ],
    [
      3.90745827912027,
      2.361645215248241,
      6.211706279777575,
      2.955394396800153,
      6.230592384849965,
      5.079968515876036,
      0.975023011624591,
      2.99858012554852,
      1.4447504703835647,
      2.3085805419489733,
      2.2064259909363804,
      1.6274894176402677,
      3.949799957554203,
      2.7423912662500576,
      4.686335840314937
    ],
    [
      3.726433490295165,
      2.5446022507677344,
      6.217332328553489,
      3.0376070957675116,
      6.255385239041997,
      5.082762112801397,
      0.6508993802134713,
      3.023843795182289,
      1.441518213936658,
      2.444974638108541,
      2.372733270459163,
      1.628290549504574,
      3.666704320779249,
      2.8618176625211427,
      4.694402497727419
    ],
    [
      3.3767138852752545,
      2.899944227893853,
      6.214572155003888,
      3.1278796257035486,
      6.272149351364434,
      5.08800206824705,
      0.18286499143044455,
      3.105253682215047,
      1.436876756653491,
      2.7252892419155175,
      2.696958093900615,
      1.6364085648626008,
      3.2850455520004975,
      3.06440992569779,
      4.692892357049604
    ],
    [
      3.0575026201641333,
      3.2262657937564017,
      6.215778334462827,
      3.1484503148958285,
      6.289318213345299,
      5.086556954927663,
      -0.07897665018204952,
      3.145944379206885,
      1.4328020272750053,
      3.1818576036577944,
      3.18863032168101,
      1.6457137256857235,
      3.07745649786958,
      3.1675406662511456,
      4.702027838487167
    ],
    [
      3.1826344223337366,
      3.07119419537884,
      6.211467200136414,
      3.1178032233367725,
      6.280266970266218,
      5.087234867068473,
      0.06026759173777463,
      3.14266203111093,
      1.436065832578826,
      3.132746265202921,
      3.1034798501140726,
      1.6436030017630514,
      3.178964347232255,
      3.1232228525326464,
      4.700741809643589
    ],
    [
      3.127021576743764,
      3.173609709336079,
      6.211954953864337,
      3.144333882785003,
      6.290767988352158,
      5.085389035270721,
      -0.025543314394291278,
      3.134227181253712,
      1.4343108448292785,
      3.1538515154831126,
      3.147377673576366,
      1.643266675753569,
      3.133315514062235,
      3.143181514599153,
      4.702870183923411
    ],
    [
      3.1495950292791246,
      3.1176343007783567,
      6.211718299429715,
      3.1267893478498503,
      6.285638990845816,
      5.085420313014467,
      0.00011670389820600188,
      3.150007993053367,
      1.4326357949625363,
      3.1532391710344156,
      3.1454995489348336,
      1.643737184645989,
      3.15092079807938,
      3.14579568133843,
      4.702711583254223
    ],
    [
      3.131814242024233,
      3.1779016468318453,
      6.209864081883455,
      3.1452800273776225,
      6.280998349364313,
      5.086124541837942,
      -0.0027739769028796,
      3.127295103777632,
      1.4332035146728312,
      3.1167986065094926,
      3.1302632163453423,
      1.6429291166244082,
      3.129347269430451,
      3.1478161357785805,
      4.702798024974041
    ],
    [
      3.1326996600625963,
      3.0957690831030984,
      6.209826669142618,
      3.1465221943543185,
      6.279632848496174,
      5.086298765631874,
      -0.009419024198353278,
      3.1346828350168927,
      1.4332174365585322,
      3.153311788171072,
      3.146489914764216,
      1.6428697867707538,
      3.1500716475420507,
      3.147117006779598,
      4.703080506332947
    ],
    [
      3.145541063423203,
      3.152196621309723,
      6.210066892472144,
      3.150218970667275,
      6.295077719562497,
      5.085818781794069,
      -0.02563074939670005,
      3.1303920388476656,
      1.4319548107374307,
      3.12064068984822,
      3.146485343395735,
      1.6414471667152388,
      3.1360335309455714,
      3.1247824506210193,
      4.702717421546459
    ],
    [
      3.147487774767195,
      3.1399485178370314,
      6.210303077081444,
      3.1214379124964005,
      6.259158943229567,
      5.085730041004709,
      0.018956603015895135,
      3.151614314361253,
      1.4314095387150048,
      3.159724735330025,
      3.1420923144281474,
      1.6412575936764011,
      3.137499206512834,
      3.1296718593628743,
      4.702405358499142
    ],
    [
      3.15771799242222,
      3.1302938325703074,
      6.209867704822912,
      3.164196632267324,
      6.305301392050013,
      5.085252328492901,
      0.001086439713633449,
      3.1469946003860105,
      1.4318533600600185,
      3.1428374807475787,
      3.133974084099218,
      1.641112378746504,
      3.1477404244049274,
      3.1484715880865606,
      4.70262058716825
    ],
    [
      3.1379268303142216,
      3.160646702844333,
      6.211467003550661,
      3.1441641489886574,
      6.2570098280839055,
      5.08461107226152,
      0.005802640213154683,
      3.160427339879529,
      1.4324518636347399,
      3.132163961962285,
      3.1398614082462135,
      1.6395471203475054,
      3.118153103803045,
      3.1368716646415726,
      4.70375566618262
    ],
    [
      3.1451654693672526,
      3.1299035861747764,
      6.2112489947809175,
      3.1384925567392483,
      6.293946688899543,
      5.084890564214361,
      -0.008084120206519508,
      3.1402934409881884,
      1.4330894246124721,
      3.153573422541669,
      3.1582643571454527,
      1.6395129907734511,
      3.1602206369867516,
      3.142911054031514,
      4.703628549539582
    ],
    [
      3.1154058226434636,
      3.1556499219124747,
      6.211387861687405,
      3.139141048892398,
      6.271227670481014,
      5.084316146531808,
      -0.009558347652697901,
      3.12917774741604,
      1.4338351313237623,
      3.1376241989110163,
      3.1396332398539775,
      1.639358394207792,
      3.1400782990405585,
      3.1256042489101037,
      4.704542617562367
    ],
    [
      3.164446106566715,
      3.1221482117321226,
      6.212731641486445,
      3.1525718080362317,
      6.296055602006135,
      5.082616585033594,
      0.022296912326258817,
      3.122133781688501,
      1.4346989897660023,
      3.1487942085167506,
      3.1440561950782464,
      1.640018765994749,
      3.1532121468383183,
      3.1402053762693867,
      4.706953742458929
    ],
    [
      3.110130554364639,
      3.1464275125075214,
      6.21252640018595,
      3.1302094285414515,
      6.274129702249106,
      5.082744841200932,
      -0.023930065449037096,
      3.1664910381531324,
      1.4344093669302425,
      3.1572290521971755,
      3.1349522813864623,
      1.6400491378918727,
      3.127871185158296,
      3.142751061803542,
      4.70659970477608
    ],
    [
      3.153918482375591,
      3.1585659900260845,
      6.211597821556433,
      3.144812520869835,
      6.300171245845418,
      5.082372800348005,
      0.02185669003991168,
      3.1448419567880284,
      1.4341391915340185,
      3.1242921683884846,
      3.148561816714659,
      1.6397111848214279,
      3.139674855506749,
      3.133097818260323,
      4.707106489627329
    ],
    [
      3.1287318191789013,
      3.110219490198315,
      6.211678703510876,
      3.147427706683765,
      6.279023462900482,
      5.082823664381603,
      -0.0254537850115763,
      3.1457399931711993,
      1.4343614610500297,
      3.14077186894999,
      3.139275205018592,
      1.6413401983277685,
      3.1332446855039984,
      3.1554846202430347,
      4.706413256868001
    ]
  ],
  "cost_vals": [],
  "step_size": 0.1,
  "opt_step_times": [
    0.1993110179901123,
    0.2583169937133789,
    0.1780080795288086,
    0.20923590660095215,
    0.18307995796203613,
    0.24035096168518066,
    0.22977280616760254,
    0.17342090606689453,
    0.16815996170043945,
    0.16185617446899414,
    0.17358016967773438,
    0.15861225128173828,
    0.16204118728637695,
    0.1700601577758789,
    0.16904306411743164,
    0.15248727798461914,
    0.22370409965515137,
    0.16362380981445312,
    0.16350603103637695,
    0.1597299575805664
  ],
  "opt_settings": [
    3.1287318191789013,
    3.110219490198315,
    6.211678703510876,
    3.147427706683765,
    6.279023462900482,
    5.082823664381603,
    -0.0254537850115763,
    3.1457399931711993,
    1.4343614610500297,
    3.14077186894999,
    3.139275205018592,
    1.6413401983277685,
    3.1332446855039984,
    3.1554846202430347,
    4.706413256868001
  ],
  "min_cost": null,
  "datetime": "2023-05-30T16-38-47Z",
  "step_only": true,
  "ibm_device": "default.qubit",
  "shots": 10000,
  "prep_node_name": "5-qubit_ghz_state",
  "num_qubits": 5,
  "error": false,
  "cov_mats": [
    [
      [
        0.99992944,
        -0.32814792000000004,
        -0.09329079999999998,
        0.08119664,
        0.13609752000000008
      ],
      [
        -0.32814792000000004,
        0.99996156,
        0.26151939999999996,
        -0.24019751999999997,
        -0.34992436
      ],
      [
        -0.09329079999999998,
        0.26151939999999996,
        0.999831,
        -0.05579479999999999,
        -0.1034414
      ],
      [
        0.08119664,
        -0.24019751999999997,
        -0.05579479999999999,
        0.99999984,
        0.09019512000000003
      ],
      [
        0.13609752000000008,
        -0.34992436,
        -0.1034414,
        0.09019512000000003,
        0.99985116
      ]
    ],
    [
      [
        0.99988764,
        -0.38435972,
        -0.14996255999999997,
        0.10856607999999997,
        0.19488551999999992
      ],
      [
        -0.38435972,
        0.99998556,
        0.37051488000000005,
        -0.29538784,
        -0.46855896000000014
      ],
      [
        -0.14996255999999997,
        0.37051488000000005,
        0.99949824,
        -0.12872832000000012,
        -0.19215807999999998
      ],
      [
        0.10856607999999997,
        -0.29538784,
        -0.12872832000000012,
        0.99998976,
        0.14236543999999998
      ],
      [
        0.19488551999999992,
        -0.46855896000000014,
        -0.19215807999999998,
        0.14236543999999998,
        0.99988336
      ]
    ],
    [
      [
        0.99959196,
        -0.51182628,
        -0.27056972000000007,
        0.21768688,
        0.32515555999999995
      ],
      [
        -0.51182628,
        0.99992604,
        0.53630196,
        -0.39695184,
        -0.62438108
      ],
      [
        -0.27056972000000007,
        0.53630196,
        0.99987004,
        -0.21773615999999996,
        -0.34957492000000007
      ],
      [
        0.21768688,
        -0.39695184,
        -0.21773615999999996,
        0.99996864,
        0.2597876799999999
      ],
      [
        0.32515555999999995,
        -0.62438108,
        -0.34957492000000007,
        0.2597876799999999,
        0.99999516
      ]
    ],
    [
      [
        0.99990396,
        -0.6838882799999999,
        -0.5375078799999999,
        0.38255295999999994,
        0.57760008
      ],
      [
        -0.6838882799999999,
        0.9998700399999999,
        0.78469284,
        -0.54614528,
        -0.8319674399999999
      ],
      [
        -0.5375078799999999,
        0.78469284,
        0.99991164,
        -0.42815487999999996,
        -0.66120824
      ],
      [
        0.38255295999999994,
        -0.54614528,
        -0.42815487999999996,
        0.99997696,
        0.4611020799999999
      ],
      [
        0.57760008,
        -0.8319674399999999,
        -0.66120824,
        0.4611020799999999,
        0.9995838399999999
      ]
    ],
    [
      [
        0.99929244,
        -0.9420179599999999,
        -0.92662328,
        0.7854733199999999,
        0.9270445599999999
      ],
      [
        -0.9420179599999999,
        0.99913564,
        0.9825415200000001,
        -0.8346178799999999,
        -0.9833650399999999
      ],
      [
        -0.92662328,
        0.9825415200000001,
        0.99914736,
        -0.82002184,
        -0.9675707199999999
      ],
      [
        0.7854733199999999,
        -0.8346178799999999,
        -0.82002184,
        0.99960796,
        0.82083768
      ],
      [
        0.9270445599999999,
        -0.9833650399999999,
        -0.9675707199999999,
        0.82083768,
        0.99919344
      ]
    ],
    [
      [
        0.9999391599999998,
        -0.9935422799999998,
        -0.99153916,
        0.9923453999999999,
        0.9909407199999999
      ],
      [
        -0.9935422799999998,
        0.9999452399999997,
        0.9975422799999999,
        -0.9983481999999998,
        -0.9969437599999996
      ],
      [
        -0.99153916,
        0.9975422799999999,
        0.9999391599999999,
        -0.9963453999999999,
        -0.9949407199999999
      ],
      [
        0.9923453999999999,
        -0.9983481999999998,
        -0.9963453999999999,
        0.9999509999999999,
        0.9957467999999999
      ],
      [
        0.9909407199999999,
        -0.9969437599999996,
        -0.9949407199999999,
        0.9957467999999999,
        0.9999422399999999
      ]
    ],
    [
      [
        0.9999870399999999,
        -0.99678704,
        -0.99538776,
        0.9963856,
        0.99558704
      ],
      [
        -0.99678704,
        0.99998704,
        0.9985877599999999,
        -0.9995856000000001,
        -0.99878704
      ],
      [
        -0.99538776,
        0.9985877599999999,
        0.9999884399999999,
        -0.9981864,
        -0.99738776
      ],
      [
        0.9963856,
        -0.9995856000000001,
        -0.9981864,
        0.999984,
        0.9983856
      ],
      [
        0.99558704,
        -0.99878704,
        -0.99738776,
        0.9983856,
        0.99998704
      ]
    ],
    [
      [
        0.9998150399999999,
        -0.99820416,
        -0.99761232,
        0.99820416,
        0.99820416
      ],
      [
        -0.99820416,
        0.99979264,
        0.9992012800000001,
        -0.99979264,
        -0.99979264
      ],
      [
        -0.99761232,
        0.9992012800000001,
        0.99980956,
        -0.99920128,
        -0.99920128
      ],
      [
        0.99820416,
        -0.99979264,
        -0.99920128,
        0.99979264,
        0.99979264
      ],
      [
        0.99820416,
        -0.99979264,
        -0.99920128,
        0.99979264,
        0.99979264
      ]
    ],
    [
      [
        0.999984,
        -0.9993816,
        -0.9995824000000001,
        0.9995824000000001,
        0.9995824000000001
      ],
      [
        -0.9993816,
        0.99997884,
        0.99977976,
        -0.99977976,
        -0.99977976
      ],
      [
        -0.9995824000000001,
        0.99977976,
        0.99998064,
        -0.99998064,
        -0.99998064
      ],
      [
        0.9995824000000001,
        -0.99977976,
        -0.99998064,
        0.99998064,
        0.99998064
      ],
      [
        0.9995824000000001,
        -0.99977976,
        -0.99998064,
        0.99998064,
        0.99998064
      ]
    ],
    [
      [
        0.99998844,
        -0.9995870800000001,
        -0.9993877600000001,
        0.9995870800000001,
        0.9995870800000001
      ],
      [
        -0.9995870800000001,
        0.99998556,
        0.99978632,
        -0.9995855600000001,
        -0.99998556
      ],
      [
        -0.9993877600000001,
        0.99978632,
        0.99998704,
        -0.99938632,
        -0.99978632
      ],
      [
        0.9995870800000001,
        -0.9995855600000001,
        -0.99938632,
        0.99998556,
        0.9995855600000001
      ],
      [
        0.9995870800000001,
        -0.99998556,
        -0.99978632,
        0.9995855600000001,
        0.99998556
      ]
    ],
    [
      [
        0.999999,
        -0.9989979999999999,
        -0.9991981999999998,
        0.9991981999999998,
        0.9991981999999998
      ],
      [
        -0.9989979999999999,
        0.9999959999999999,
        0.9997963999999999,
        -0.9997963999999999,
        -0.9997963999999999
      ],
      [
        -0.9991981999999998,
        0.9997963999999999,
        0.9999967599999999,
        -0.9999967599999999,
        -0.9999967599999999
      ],
      [
        0.9991981999999998,
        -0.9997963999999999,
        -0.9999967599999999,
        0.9999967599999999,
        0.9999967599999999
      ],
      [
        0.9991981999999998,
        -0.9997963999999999,
        -0.9999967599999999,
        0.9999967599999999,
        0.9999967599999999
      ]
    ],
    [
      [
        0.99995904,
        -0.9993552,
        -0.9993577600000001,
        0.9991590400000001,
        0.9993577600000001
      ],
      [
        -0.9993552,
        0.999951,
        0.9995538,
        -0.9993552000000001,
        -0.9995538
      ],
      [
        -0.9993577600000001,
        0.9995538,
        0.99995644,
        -0.9993577600000001,
        -0.99955644
      ],
      [
        0.9991590400000001,
        -0.9993552000000001,
        -0.9993577600000001,
        0.99995904,
        0.9993577600000001
      ],
      [
        0.9993577600000001,
        -0.9995538,
        -0.99955644,
        0.9993577600000001,
        0.99995644
      ]
    ],
    [
      [
        0.99952476,
        -0.9993291200000001,
        -0.9993291200000001,
        0.9993291200000001,
        0.99913348
      ],
      [
        -0.9993291200000001,
        0.99953344,
        0.99953344,
        -0.99953344,
        -0.99933776
      ],
      [
        -0.9993291200000001,
        0.99953344,
        0.99953344,
        -0.99953344,
        -0.99933776
      ],
      [
        0.9993291200000001,
        -0.99953344,
        -0.99953344,
        0.99953344,
        0.99933776
      ],
      [
        0.99913348,
        -0.99933776,
        -0.99933776,
        0.99933776,
        0.99954204
      ]
    ],
    [
      [
        0.99983616,
        -0.9996336,
        -0.99983616,
        0.99983616,
        0.99983616
      ],
      [
        -0.9996336,
        0.999831,
        0.9996336,
        -0.9996336,
        -0.9996336
      ],
      [
        -0.99983616,
        0.9996336,
        0.99983616,
        -0.99983616,
        -0.99983616
      ],
      [
        0.99983616,
        -0.9996336,
        -0.99983616,
        0.99983616,
        0.99983616
      ],
      [
        0.99983616,
        -0.9996336,
        -0.99983616,
        0.99983616,
        0.99983616
      ]
    ],
    [
      [
        0.99997296,
        -0.9985698399999999,
        -0.9993740000000001,
        0.9995729600000001,
        0.9989740000000001
      ],
      [
        -0.9985698399999999,
        0.9999663599999999,
        0.9987710000000001,
        -0.99896984,
        -0.998371
      ],
      [
        -0.9993740000000001,
        0.9987710000000001,
        0.999975,
        -0.999774,
        -0.999175
      ],
      [
        0.9995729600000001,
        -0.99896984,
        -0.999774,
        0.99997296,
        0.9993740000000001
      ],
      [
        0.9989740000000001,
        -0.998371,
        -0.999175,
        0.9993740000000001,
        0.999975
      ]
    ],
    [
      [
        0.9999985599999999,
        -0.9999985599999999,
        -0.9999985599999999,
        0.99919856,
        0.9999985599999999
      ],
      [
        -0.9999985599999999,
        0.9999985599999999,
        0.9999985599999999,
        -0.99919856,
        -0.9999985599999999
      ],
      [
        -0.9999985599999999,
        0.9999985599999999,
        0.9999985599999999,
        -0.99919856,
        -0.9999985599999999
      ],
      [
        0.99919856,
        -0.99919856,
        -0.99919856,
        0.9999985599999999,
        0.99919856
      ],
      [
        0.9999985599999999,
        -0.9999985599999999,
        -0.9999985599999999,
        0.99919856,
        0.9999985599999999
      ]
    ],
    [
      [
        0.999999,
        -0.9987989999999999,
        -0.9987989999999999,
        0.9987989999999999,
        0.9985987999999999
      ],
      [
        -0.9987989999999999,
        0.999999,
        0.999999,
        -0.999999,
        -0.9997988
      ],
      [
        -0.9987989999999999,
        0.999999,
        0.999999,
        -0.999999,
        -0.9997988
      ],
      [
        0.9987989999999999,
        -0.999999,
        -0.999999,
        0.999999,
        0.9997988
      ],
      [
        0.9985987999999999,
        -0.9997988,
        -0.9997988,
        0.9997988,
        0.99999856
      ]
    ],
    [
      [
        0.99995644,
        -0.99955644,
        -0.9991590800000001,
        0.99955644,
        0.99935512
      ],
      [
        -0.99955644,
        0.99995644,
        0.99955908,
        -0.99995644,
        -0.99975512
      ],
      [
        -0.9991590800000001,
        0.99955908,
        0.99996156,
        -0.99955908,
        -0.9993578399999999
      ],
      [
        0.99955644,
        -0.99995644,
        -0.99955908,
        0.99995644,
        0.99975512
      ],
      [
        0.99935512,
        -0.99975512,
        -0.9993578399999999,
        0.99975512,
        0.99995376
      ]
    ],
    [
      [
        0.99999424,
        -0.9993956800000001,
        -0.99859376,
        0.9993956800000001,
        0.9993956800000001
      ],
      [
        -0.9993956800000001,
        0.99999676,
        0.99879532,
        -0.9995967600000001,
        -0.9995967600000001
      ],
      [
        -0.99859376,
        0.99879532,
        0.99999324,
        -0.9987953200000002,
        -0.9987953200000002
      ],
      [
        0.9993956800000001,
        -0.9995967600000001,
        -0.9987953200000002,
        0.99999676,
        0.9995967600000001
      ],
      [
        0.9993956800000001,
        -0.9995967600000001,
        -0.9987953200000002,
        0.9995967600000001,
        0.99999676
      ]
    ],
    [
      [
        0.99998976,
        -0.99998976,
        -0.9997904,
        0.99998976,
        0.99998976
      ],
      [
        -0.99998976,
        0.99998976,
        0.9997904,
        -0.99998976,
        -0.99998976
      ],
      [
        -0.9997904,
        0.9997904,
        0.999991,
        -0.9997904,
        -0.9997904
      ],
      [
        0.99998976,
        -0.99998976,
        -0.9997904,
        0.99998976,
        0.99998976
      ],
      [
        0.99998976,
        -0.99998976,
        -0.9997904,
        0.99998976,
        0.99998976
      ]
    ],
    [
      [
        0.99989184,
        -0.9990918400000001,
        -0.99849392,
        0.9990918400000001,
        0.9990918400000001
      ],
      [
        -0.9990918400000001,
        0.99989184,
        0.9992939200000001,
        -0.99989184,
        -0.99989184
      ],
      [
        -0.99849392,
        0.9992939200000001,
        0.99989596,
        -0.9992939200000001,
        -0.9992939200000001
      ],
      [
        0.9990918400000001,
        -0.99989184,
        -0.9992939200000001,
        0.99989184,
        0.99989184
      ],
      [
        0.9990918400000001,
        -0.99989184,
        -0.9992939200000001,
        0.99989184,
        0.99989184
      ]
    ]
  ]
}