{
  "settings_list": [
    [
      1.5804321456704202,
      4.985305483430014,
      5.185000685708543,
      5.333505147236866,
      5.85818331363034,
      0.9039527276142442,
      5.178254070268471,
      0.7415500472419793,
      2.062971758818148,
      4.576685260242453,
      2.922738850914959,
      3.493989495108177,
      2.181446969840196,
      4.06070252684852,
      3.6192060309149676
    ],
    [
      1.57984792697836,
      4.983837802681756,
      5.183945287856718,
      5.372011817357266,
      5.872772676333938,
      0.9032631733841606,
      5.214391319755235,
      0.7249083620847501,
      2.0630627839246287,
      4.552595790460471,
      2.9239482887165544,
      3.4925453848261925,
      2.208762112777055,
      4.034914448499274,
      3.6183374506499324
    ],
    [
      1.5779786311782222,
      4.985744964224167,
      5.1840937444485,
      5.422167059361336,
      5.889666331576744,
      0.9045673049542604,
      5.26504367401731,
      0.7002728600622851,
      2.0643269391721666,
      4.517263026109641,
      2.9262112290418054,
      3.491146757691371,
      2.2484511289067126,
      4.000090795091221,
      3.6194130688408497
    ],
    [
      1.5792468752294146,
      4.987508774659159,
      5.183977725733858,
      5.4849223917769265,
      5.912378908296977,
      0.9026099624620492,
      5.327467695877449,
      0.6671977757114012,
      2.064038825778436,
      4.466447566756805,
      2.927629784507779,
      3.4927317213093936,
      2.2966984901346037,
      3.9540249373001166,
      3.62004763504994
    ],
    [
      1.5775954560823826,
      4.986615278033134,
      5.18372139714499,
      5.563789296918745,
      5.945320501146666,
      0.9032360757366795,
      5.399215316315254,
      0.6257586391340635,
      2.066018411831215,
      4.395585900196172,
      2.931009398657902,
      3.490619242425339,
      2.357924142138365,
      3.8959110662616863,
      3.618208534249073
    ],
    [
      1.5742214170817324,
      4.98518798339428,
      5.186338102904258,
      5.680393241280014,
      5.985077126841147,
      0.9034171031783915,
      5.511958167829259,
      0.5572540279773582,
      2.0638864741668725,
      4.27612197080696,
      2.9393321279885782,
      3.4889350293882413,
      2.4505504308846833,
      3.8107565400264183,
      3.6189641252112414
    ],
    [
      1.57502087404436,
      4.979702419017119,
      5.187177082473139,
      5.830926370957078,
      6.055994578212007,
      0.9082340194828469,
      5.683021997721366,
      0.4477125338980785,
      2.0629015980443706,
      4.068302243308816,
      2.9576532629802226,
      3.4919211643054506,
      2.5938901144191373,
      3.678444121701014,
      3.6225125575907366
    ],
    [
      1.5637993678300215,
      4.979041789009716,
      5.18905096230828,
      6.04647064564792,
      6.160940593011603,
      0.9156771029074356,
      5.932972883909414,
      0.2707544310854474,
      2.063648491108788,
      3.7368570246249013,
      3.006024935877907,
      3.497011555674047,
      2.817811465132758,
      3.4695976924103027,
      3.617859202175922
    ],
    [
      1.561062625647212,
      4.977429455387137,
      5.18485336800958,
      6.261744563672215,
      6.272583401226131,
      0.912523918894815,
      6.223161799454911,
      0.03552854934492894,
      2.0622333919601927,
      3.268995219647314,
      3.0995672644691137,
      3.4923021717634164,
      3.069345346557577,
      3.2211008030709873,
      3.6236504448668403
    ],
    [
      1.560609816910307,
      4.97955866357708,
      5.183856777182718,
      6.289699515081258,
      6.286921012605581,
      0.9124329051206118,
      6.28693692803062,
      -0.019937386554768677,
      2.0615538286965784,
      3.1180172670482458,
      3.1771777524623817,
      3.4925763501528997,
      3.1575916832040196,
      3.1211472674943757,
      3.625232667059926
    ],
    [
      1.5641288221578813,
      4.9795050197171395,
      5.184199951251458,
      6.277030824674782,
      6.289470907181078,
      0.9124229227286301,
      6.270964205380678,
      0.0022115318566738214,
      2.0609982672262865,
      3.142524274545058,
      3.1418894425531825,
      3.4924572001431873,
      3.1460439251064756,
      3.1398792129207718,
      3.6254415881588598
    ],
    [
      1.56100716399335,
      4.979953811478342,
      5.183763706807374,
      6.2874105949311145,
      6.293299764405629,
      0.9127906769790236,
      6.287765206048582,
      0.0015240999381586342,
      2.061068148073672,
      3.1405655248483924,
      3.1435890765740977,
      3.4924513765969474,
      3.1362462144798133,
      3.139747786945399,
      3.625681956336447
    ],
    [
      1.55883222302503,
      4.979965446661702,
      5.1840232675593745,
      6.274972450460075,
      6.285871189016189,
      0.9117569768804635,
      6.278793146577862,
      0.00899773283991858,
      2.061205400938312,
      3.143357581112072,
      3.1445749028819376,
      3.4930968664606277,
      3.1286519026929334,
      3.147303846052599,
      3.625637559354047
    ],
    [
      1.5557456651037067,
      4.979968221972197,
      5.184612419811854,
      6.293389548089254,
      6.28472914053775,
      0.9120770289550897,
      6.296226602254483,
      -0.00789842177953965,
      2.0609580827461706,
      3.145450683314521,
      3.1419875819949206,
      3.493370254103252,
      3.1455729107875143,
      3.1410790059061546,
      3.625828050028759
    ],
    [
      1.5616464838041288,
      4.979365258865905,
      5.184189869307816,
      6.276495395032371,
      6.278805023555855,
      0.9118535175929714,
      6.26865862889717,
      0.004231685990706743,
      2.060822660560353,
      3.1545536574659514,
      3.148267659413596,
      3.494019979373268,
      3.148533031494644,
      3.143244740184427,
      3.626043122413764
    ],
    [
      1.5575040671758025,
      4.979798522740283,
      5.184107696098529,
      6.284321696447996,
      6.276780452468175,
      0.9120139211314914,
      6.270238322696082,
      -0.0018380976886276743,
      2.0610188957337434,
      3.149883881181118,
      3.1515854341915897,
      3.494057109295878,
      3.1278481535994294,
      3.139481541596598,
      3.625777209063641
    ],
    [
      1.5555075985620952,
      4.9797617587718,
      5.1840713634915,
      6.292312083588878,
      6.29433645236799,
      0.9119874152137954,
      6.285518952375901,
      -0.0020175927585285363,
      2.0613866772287897,
      3.136222094748625,
      3.1384368156819527,
      3.4940252215925405,
      3.1308651834412453,
      3.1530720733532256,
      3.6258659893822935
    ],
    [
      1.5477133935101446,
      4.9797918285478175,
      5.1812859653126955,
      6.2794667163281614,
      6.287037365991678,
      0.9117602673380428,
      6.2686208729142585,
      0.006791655940012852,
      2.061485993811237,
      3.1386937504519627,
      3.1317991507057052,
      3.4942772886262303,
      3.126801962146772,
      3.128635429768086,
      3.6254075906479106
    ],
    [
      1.544868920602376,
      4.9799224050466755,
      5.1809731005837785,
      6.278639351158661,
      6.285343627447369,
      0.9114938590556012,
      6.276083682223452,
      -0.002467919748025596,
      2.0618247838152,
      3.1406242491095844,
      3.1437897438996703,
      3.494619895666364,
      3.1335440143405524,
      3.1455029563414967,
      3.624954898701343
    ],
    [
      1.54435311222111,
      4.979433089146721,
      5.1808648199335146,
      6.284365375857416,
      6.282031585970597,
      0.9127154490831442,
      6.280567888767773,
      -0.012608475676222121,
      2.061946955289687,
      3.137473737519452,
      3.1275548377578883,
      3.4948713888247562,
      3.1380019363712277,
      3.1488773602674045,
      3.6248995185329878
    ],
    [
      1.53841096685417,
      4.979942300485441,
      5.180801167212662,
      6.286209927996591,
      6.282270979713903,
      0.9129582388355656,
      6.274053032597941,
      -0.007442467032470791,
      2.061558008201789,
      3.1437236724100446,
      3.1592440975943665,
      3.495032776034882,
      3.140735030016948,
      3.1430394862077065,
      3.6245915233441957
    ]
  ],
  "cost_vals": [],
  "step_size": 0.1,
  "opt_step_times": [
    0.2184450626373291,
    0.2735788822174072,
    0.18404293060302734,
    0.18497204780578613,
    0.19438624382019043,
    0.18385791778564453,
    0.18427705764770508,
    0.17685818672180176,
    0.1786487102508545,
    0.1810150146484375,
    0.17156314849853516,
    0.18326687812805176,
    0.17246103286743164,
    0.1676180362701416,
    0.17095279693603516,
    0.1586320400238037,
    0.2367250919342041,
    0.15815997123718262,
    0.15800094604492188,
    0.1775190830230713
  ],
  "opt_settings": [
    1.53841096685417,
    4.979942300485441,
    5.180801167212662,
    6.286209927996591,
    6.282270979713903,
    0.9129582388355656,
    6.274053032597941,
    -0.007442467032470791,
    2.061558008201789,
    3.1437236724100446,
    3.1592440975943665,
    3.495032776034882,
    3.140735030016948,
    3.1430394862077065,
    3.6245915233441957
  ],
  "min_cost": null,
  "datetime": "2023-05-30T16-37-40Z",
  "step_only": true,
  "ibm_device": "default.qubit",
  "shots": 10000,
  "prep_node_name": "5-qubit_ghz_state",
  "num_qubits": 5,
  "error": false,
  "cov_mats": [
    [
      [
        0.99996636,
        -0.010866120000000031,
        -0.014976799999999986,
        -0.006174479999999984,
        0.009399999999999966
      ],
      [
        -0.010866120000000031,
        0.99987004,
        0.1902456,
        0.07345016000000007,
        0.2006
      ],
      [
        -0.014976799999999986,
        0.1902456,
        0.999984,
        0.05478240000000007,
        0.11199999999999999
      ],
      [
        -0.006174479999999984,
        0.07345016000000007,
        0.05478240000000007,
        0.99998064,
        0.04920000000000002
      ],
      [
        0.009399999999999966,
        0.2006,
        0.11199999999999999,
        0.04920000000000002,
        1.0
      ]
    ],
    [
      [
        0.99998556,
        -0.00874603999999992,
        -0.00023192000000003308,
        0.00545015999999996,
        0.002759719999999997
      ],
      [
        -0.00874603999999992,
        0.99979836,
        0.21551928,
        0.07761255999999996,
        0.22575051999999995
      ],
      [
        -0.00023192000000003308,
        0.21551928,
        0.99992944,
        0.050110879999999934,
        0.12771095999999998
      ],
      [
        0.00545015999999996,
        0.07761255999999996,
        0.050110879999999934,
        0.9998257599999999,
        0.08273992000000001
      ],
      [
        0.002759719999999997,
        0.22575051999999995,
        0.12771095999999998,
        0.08273992000000001,
        0.99988764
      ]
    ],
    [
      [
        0.99997084,
        -0.01414383999999999,
        -0.011025920000000008,
        0.0044766799999999595,
        -0.0061762400000000385
      ],
      [
        -0.01414383999999999,
        0.99989184,
        0.23444992000000003,
        0.10685231999999999,
        0.24355424
      ],
      [
        -0.011025920000000008,
        0.23444992000000003,
        0.99997696,
        0.08786815999999999,
        0.15962111999999998
      ],
      [
        0.0044766799999999595,
        0.10685231999999999,
        0.08786815999999999,
        0.99979836,
        0.07173752000000003
      ],
      [
        -0.0061762400000000385,
        0.24355424,
        0.15962111999999998,
        0.07173752000000003,
        0.9999806399999999
      ]
    ],
    [
      [
        0.99984124,
        0.004756239999999992,
        0.03095555999999998,
        -0.001273999999999985,
        0.003329439999999986
      ],
      [
        0.004756239999999992,
        0.99984624,
        0.30364056,
        0.16387599999999994,
        0.30486944000000005
      ],
      [
        0.03095555999999998,
        0.30364056,
        0.9996236399999999,
        0.1131940000000001,
        0.20969136000000002
      ],
      [
        -0.001273999999999985,
        0.16387599999999994,
        0.1131940000000001,
        0.9999,
        0.12445599999999998
      ],
      [
        0.003329439999999986,
        0.30486944000000005,
        0.20969136000000002,
        0.12445599999999998,
        0.99996864
      ]
    ],
    [
      [
        0.99988764,
        -7.199999999205888e-07,
        0.0029547600000000536,
        0.002752640000000103,
        0.00468480000000005
      ],
      [
        -7.199999999205888e-07,
        0.99964656,
        0.36752552,
        0.21972928000000008,
        0.3710496
      ],
      [
        0.0029547600000000536,
        0.36752552,
        0.99978684,
        0.1391897600000001,
        0.27488320000000005
      ],
      [
        0.002752640000000103,
        0.21972928000000008,
        0.1391897600000001,
        0.99979264,
        0.16988479999999992
      ],
      [
        0.00468480000000005,
        0.3710496,
        0.27488320000000005,
        0.16988479999999992,
        0.999936
      ]
    ],
    [
      [
        0.99994524,
        -0.006845879999999917,
        -0.014229600000000073,
        0.017195559999999936,
        -0.0074236800000000176
      ],
      [
        -0.006845879999999917,
        0.99996156,
        0.4797752,
        0.31919628000000005,
        0.47298016
      ],
      [
        -0.014229600000000073,
        0.4797752,
        0.999984,
        0.24259759999999994,
        0.3735872
      ],
      [
        0.017195559999999936,
        0.31919628000000005,
        0.24259759999999994,
        0.99999964,
        0.25019808
      ],
      [
        -0.0074236800000000176,
        0.47298016,
        0.3735872,
        0.25019808,
        0.9999897599999997
      ]
    ],
    [
      [
        0.9996,
        -0.005164000000000016,
        -0.013996000000000034,
        -0.013308000000000025,
        0.0013640000000000963
      ],
      [
        -0.005164000000000016,
        0.99986076,
        0.6537156399999999,
        0.5115457200000001,
        0.64002124
      ],
      [
        -0.013996000000000034,
        0.6537156399999999,
        0.99990396,
        0.44364508,
        0.5575823599999999
      ],
      [
        -0.013308000000000025,
        0.5115457200000001,
        0.44364508,
        0.99997884,
        0.43520827999999995
      ],
      [
        0.0013640000000000963,
        0.64002124,
        0.5575823599999999,
        0.43520827999999995,
        0.99999676
      ]
    ],
    [
      [
        0.99999324,
        -0.004018200000000004,
        -0.00819896000000004,
        0.000589599999999989,
        -0.004021320000000088
      ],
      [
        -0.004018200000000004,
        0.999951,
        0.8698028,
        0.788172,
        0.8651426
      ],
      [
        -0.00819896000000004,
        0.8698028,
        0.99999984,
        0.7468016000000001,
        0.81860328
      ],
      [
        0.000589599999999989,
        0.788172,
        0.7468016000000001,
        0.999984,
        0.7369672
      ],
      [
        -0.004021320000000088,
        0.8651426,
        0.81860328,
        0.7369672,
        0.99993276
      ]
    ],
    [
      [
        0.99995644,
        0.01824752000000005,
        0.01724355999999999,
        0.01923828000000005,
        0.018035639999999988
      ],
      [
        0.01824752000000005,
        0.99994816,
        0.99775248,
        0.98975824,
        0.99336112
      ],
      [
        0.01724355999999999,
        0.99775248,
        0.99995644,
        0.98836172,
        0.99196436
      ],
      [
        0.01923828000000005,
        0.98975824,
        0.98836172,
        0.99996636,
        0.98436868
      ],
      [
        0.018035639999999988,
        0.99336112,
        0.99196436,
        0.98436868,
        0.9999708399999999
      ]
    ],
    [
      [
        0.99998556,
        0.000983279999999973,
        0.0005832800000000171,
        0.001184039999999951,
        0.0007825199999999673
      ],
      [
        0.000983279999999973,
        0.99998064,
        0.99958064,
        0.99938152,
        0.9993797600000001
      ],
      [
        0.0005832800000000171,
        0.99958064,
        0.99998064,
        0.99938152,
        0.9993797600000001
      ],
      [
        0.001184039999999951,
        0.99938152,
        0.99938152,
        0.99998236,
        0.9991806799999999
      ],
      [
        0.0007825199999999673,
        0.9993797600000001,
        0.9993797600000001,
        0.9991806799999999,
        0.99997884
      ]
    ],
    [
      [
        0.99994816,
        0.017274719999999997,
        0.01707616000000002,
        0.017274719999999997,
        0.017274719999999997
      ],
      [
        0.017274719999999997,
        0.99969724,
        0.99950072,
        0.99969724,
        0.99969724
      ],
      [
        0.01707616000000002,
        0.99950072,
        0.99970416,
        0.99950072,
        0.99950072
      ],
      [
        0.017274719999999997,
        0.99969724,
        0.99950072,
        0.99969724,
        0.99969724
      ],
      [
        0.017274719999999997,
        0.99969724,
        0.99950072,
        0.99969724,
        0.99969724
      ]
    ],
    [
      [
        0.999984,
        0.016192799999999993,
        0.015992000000000013,
        0.015992000000000013,
        0.015992000000000013
      ],
      [
        0.016192799999999993,
        0.99999676,
        0.9997964,
        0.9997964,
        0.9997964
      ],
      [
        0.015992000000000013,
        0.9997964,
        0.999996,
        0.999996,
        0.999996
      ],
      [
        0.015992000000000013,
        0.9997964,
        0.999996,
        0.999996,
        0.999996
      ],
      [
        0.015992000000000013,
        0.9997964,
        0.999996,
        0.999996,
        0.999996
      ]
    ],
    [
      [
        0.99979264,
        0.0072057600000000116,
        0.0072057600000000116,
        0.0072057600000000116,
        0.007002880000000033
      ],
      [
        0.0072057600000000116,
        0.99999984,
        0.99999984,
        0.99999984,
        0.9997999200000001
      ],
      [
        0.0072057600000000116,
        0.99999984,
        0.99999984,
        0.99999984,
        0.9997999200000001
      ],
      [
        0.0072057600000000116,
        0.99999984,
        0.99999984,
        0.99999984,
        0.9997999200000001
      ],
      [
        0.007002880000000033,
        0.9997999200000001,
        0.9997999200000001,
        0.9997999200000001,
        0.99999996
      ]
    ],
    [
      [
        0.99999216,
        0.006980399999999979,
        0.0067798400000000005,
        0.006980399999999979,
        0.006980399999999979
      ],
      [
        0.006980399999999979,
        0.999951,
        0.9997496,
        0.999951,
        0.999951
      ],
      [
        0.0067798400000000005,
        0.9997496,
        0.99994816,
        0.9997496,
        0.9997496
      ],
      [
        0.006980399999999979,
        0.999951,
        0.9997496,
        0.999951,
        0.999951
      ],
      [
        0.006980399999999979,
        0.999951,
        0.9997496,
        0.999951,
        0.999951
      ]
    ],
    [
      [
        0.99998844,
        0.014946960000000013,
        0.01514763999999999,
        0.014946960000000013,
        0.014946960000000013
      ],
      [
        0.014946960000000013,
        0.99975664,
        0.99955976,
        0.99975664,
        0.99975664
      ],
      [
        0.01514763999999999,
        0.99955976,
        0.99976284,
        0.99955976,
        0.99955976
      ],
      [
        0.014946960000000013,
        0.99975664,
        0.99955976,
        0.99975664,
        0.99975664
      ],
      [
        0.014946960000000013,
        0.99975664,
        0.99955976,
        0.99975664,
        0.99975664
      ]
    ],
    [
      [
        0.99998236,
        -0.023393280000000006,
        -0.023592439999999982,
        -0.023592439999999982,
        -0.023592439999999982
      ],
      [
        -0.023393280000000006,
        0.9999974399999999,
        0.9997971199999999,
        0.9997971199999999,
        0.9997971199999999
      ],
      [
        -0.023592439999999982,
        0.9997971199999999,
        0.9999967599999999,
        0.9999967599999999,
        0.9999967599999999
      ],
      [
        -0.023592439999999982,
        0.9997971199999999,
        0.9999967599999999,
        0.9999967599999999,
        0.9999967599999999
      ],
      [
        -0.023592439999999982,
        0.9997971199999999,
        0.9999967599999999,
        0.9999967599999999,
        0.9999967599999999
      ]
    ],
    [
      [
        0.999996,
        -0.013002000000000012,
        -0.013401999999999968,
        -0.013401999999999968,
        -0.013401999999999968
      ],
      [
        -0.013002000000000012,
        0.999999,
        0.999599,
        0.999599,
        0.999599
      ],
      [
        -0.013401999999999968,
        0.999599,
        0.999999,
        0.999999,
        0.999999
      ],
      [
        -0.013401999999999968,
        0.999599,
        0.999999,
        0.999999,
        0.999999
      ],
      [
        -0.013401999999999968,
        0.999599,
        0.999999,
        0.999999,
        0.999999
      ]
    ],
    [
      [
        0.99998064,
        0.0037709599999999985,
        0.0039700799999999765,
        0.0039718399999999765,
        0.004169199999999982
      ],
      [
        0.0037709599999999985,
        0.99995644,
        0.99975512,
        0.99975776,
        0.9995538
      ],
      [
        0.0039700799999999765,
        0.99975512,
        0.99995376,
        0.9995564800000001,
        0.9993524
      ],
      [
        0.0039718399999999765,
        0.99975776,
        0.9995564800000001,
        0.99995904,
        0.9993552
      ],
      [
        0.004169199999999982,
        0.9995538,
        0.9993524,
        0.9993552,
        0.999951
      ]
    ],
    [
      [
        0.99999516,
        0.0054044000000000435,
        0.0056048400000000215,
        0.0056048400000000215,
        0.0056048400000000215
      ],
      [
        0.0054044000000000435,
        0.999996,
        0.9997956,
        0.9997956,
        0.9997956
      ],
      [
        0.0056048400000000215,
        0.9997956,
        0.99999516,
        0.99999516,
        0.99999516
      ],
      [
        0.0056048400000000215,
        0.9997956,
        0.99999516,
        0.99999516,
        0.99999516
      ],
      [
        0.0056048400000000215,
        0.9997956,
        0.99999516,
        0.99999516,
        0.99999516
      ]
    ],
    [
      [
        0.99987004,
        0.0012540800000000116,
        0.0012540800000000116,
        0.0014563599999999895,
        0.0012540800000000116
      ],
      [
        0.0012540800000000116,
        0.99983616,
        0.99983616,
        0.99963872,
        0.99983616
      ],
      [
        0.0012540800000000116,
        0.99983616,
        0.99983616,
        0.99963872,
        0.99983616
      ],
      [
        0.0014563599999999895,
        0.99963872,
        0.99963872,
        0.99984124,
        0.99963872
      ],
      [
        0.0012540800000000116,
        0.99983616,
        0.99983616,
        0.99963872,
        0.99983616
      ]
    ],
    [
      [
        0.999984,
        0.011148800000000016,
        0.011148800000000016,
        0.011349599999999993,
        0.011148800000000016
      ],
      [
        0.011148800000000016,
        0.99983616,
        0.99983616,
        0.99963872,
        0.99983616
      ],
      [
        0.011148800000000016,
        0.99983616,
        0.99983616,
        0.99963872,
        0.99983616
      ],
      [
        0.011349599999999993,
        0.99963872,
        0.99963872,
        0.99984124,
        0.99963872
      ],
      [
        0.011148800000000016,
        0.99983616,
        0.99983616,
        0.99963872,
        0.99983616
      ]
    ]
  ]
}