{
  "settings_list": [
    [
      0.04852809031903957,
      6.281585747627608,
      5.600814280363522,
      3.012497256995517,
      4.309794310893715,
      5.676551138548288,
      1.6811582153712146,
      5.0547023983883825,
      1.7421967592887293,
      3.9638807312653177,
      2.9580440929673473,
      1.1766931974111072,
      2.615009414808109,
      4.410172712042352,
      1.7196496361697708
    ],
    [
      0.026380061040004052,
      6.290168194699049,
      5.584382891078818,
      3.045481381920931,
      4.206994338393477,
      5.683390189766177,
      1.6873051050991998,
      5.0817961190532825,
      1.7400864643880989,
      3.797533888337235,
      2.971471470429821,
      1.1899226773158842,
      2.628357632866444,
      4.366522321238266,
      1.7444990376203464
    ],
    [
      0.022598204328325343,
      6.289994018557397,
      5.598224501463014,
      3.051755435536768,
      4.105211704258316,
      5.673547411408501,
      1.6982291260031346,
      5.121407043692635,
      1.7468934104961016,
      3.6728504597558027,
      3.0069938520146695,
      1.1923360722491616,
      2.6778369584400035,
      4.282216871001514,
      1.702687431107769
    ],
    [
      0.008794923341157355,
      6.271451139699056,
      5.583397575422438,
      3.0716365818319833,
      4.072148689013346,
      5.664783571532133,
      1.692466996617998,
      5.0894133653244955,
      1.74573964150302,
      3.5594515018840807,
      3.0316455132315374,
      1.1911364836284717,
      2.707912069278246,
      4.14676851824053,
      1.678821660923741
    ],
    [
      0.0425421420434556,
      6.288383500902276,
      5.589922823034741,
      3.098640242541665,
      3.9172723909095057,
      5.678573731551361,
      1.723791678509895,
      5.097875251747356,
      1.7575964559347659,
      3.4552489276909633,
      3.0980278884209684,
      1.2169740132255897,
      2.8273432579497255,
      3.93930839600353,
      1.6644914569175393
    ],
    [
      0.0754271525499196,
      6.253108675002068,
      5.534839670336582,
      3.111400056224025,
      3.702515775901834,
      5.635945654151409,
      1.722347850788735,
      5.020799810442147,
      1.792917600950758,
      3.3097393895359795,
      3.1836037605527365,
      1.2742027300234218,
      2.9765255343049657,
      3.793976824255234,
      1.7297491646746272
    ],
    [
      -0.023369662985407075,
      6.25790054283023,
      5.591804544432758,
      3.173864644737587,
      3.487503060453573,
      5.590581548906297,
      1.855891094609174,
      4.928469107872456,
      1.6937073833136713,
      3.1935151902018175,
      3.229868717092523,
      1.3498341159887208,
      2.9638227743351506,
      3.563405292951508,
      1.7386171933645114
    ],
    [
      -0.003752382421024998,
      6.271811808342208,
      5.558711295151711,
      3.2173446315087313,
      3.345603257307945,
      5.60684983525836,
      1.7521005859185155,
      4.959067246006898,
      1.7451377506837948,
      3.1937725185587125,
      3.1808537354219437,
      1.4205703561754044,
      3.1275166226541753,
      3.2930004703540736,
      1.6996588197921203
    ],
    [
      0.011976393745536551,
      6.271568546066922,
      5.59331768265381,
      3.116040374897173,
      3.253705649373276,
      5.536687510742321,
      1.874471526520341,
      4.834098365874819,
      1.713500258493435,
      3.1366332188985955,
      3.128607518241171,
      1.3999352261927165,
      3.2097201622967098,
      3.222255578444192,
      1.594051448685186
    ],
    [
      -0.05379360443978441,
      6.203427500249717,
      5.446285646762476,
      3.121763512234687,
      3.2784296544003455,
      5.560881694171492,
      1.7136387602006866,
      4.696360589488391,
      1.614756919843856,
      3.1402002693783966,
      3.04238671798787,
      1.2997985041274966,
      3.113740178549525,
      3.1415055692714096,
      1.4840982968190286
    ],
    [
      -0.04263272426969419,
      6.267424136204141,
      5.473291719355841,
      3.1976349324086026,
      3.248669030860773,
      5.657381276672535,
      1.6191749612567028,
      4.705555664714272,
      1.6060794368276845,
      3.1411518647959724,
      3.064305470439028,
      1.2890086311630384,
      3.085354960240983,
      3.099835819808556,
      1.42036229172226
    ],
    [
      -0.0009298757680160918,
      6.238119558702601,
      5.488410962467831,
      3.084457855016017,
      3.229460378855945,
      5.629978189399685,
      1.6744804504565205,
      4.651754209587553,
      1.5438135034310483,
      3.1439449902874874,
      3.0692273410703854,
      1.2329746291624797,
      3.118419222096494,
      3.1745966611284797,
      1.3987280095182055
    ],
    [
      -0.01805428812855847,
      6.300052945333453,
      5.514840948370234,
      3.1407616999183117,
      3.2316896225011496,
      5.62334385140967,
      1.652964727613722,
      4.681822118002437,
      1.5743470007812004,
      3.0806558824488857,
      3.0708127055368397,
      1.2317892784203421,
      3.1249902392520346,
      3.1870969033867933,
      1.3811972206463239
    ],
    [
      0.06892657680175926,
      6.297368201673055,
      5.595876538090895,
      3.2106416062140872,
      3.2779687467241536,
      5.499286637323096,
      1.5783678396046141,
      4.648134872489759,
      1.5459043610990213,
      3.1020121817640596,
      3.0857619163762244,
      1.30147275954216,
      3.168880731466476,
      3.0612753425284946,
      1.3564511103759576
    ],
    [
      0.09446207806252854,
      6.214368723299024,
      5.640199204366955,
      3.1853830616504673,
      3.187963027902747,
      5.558315867888349,
      1.6426676100636375,
      4.706624029622416,
      1.5259230965997137,
      3.1402491650431177,
      3.186781018615994,
      1.400813556705588,
      3.200311019041992,
      3.1027290386049002,
      1.3486351335204056
    ],
    [
      -0.015128455257871778,
      6.287873666012449,
      5.614066624433423,
      3.1842023513456197,
      3.0907497601650507,
      5.468878938121401,
      1.700571031864588,
      4.6532922278509785,
      1.5114237488096833,
      3.1874526406700823,
      3.1368807349988574,
      1.3250678053611713,
      3.1532841472950945,
      3.137387282837647,
      1.2905878758654228
    ],
    [
      0.003361976793495945,
      6.2607503656635695,
      5.615605490130824,
      3.1412236941879264,
      3.1577311684051517,
      5.454521498703787,
      1.6709457310479716,
      4.615719504740301,
      1.5391945483456944,
      3.163065930542653,
      3.164745842724431,
      1.268381474762135,
      3.0815186576786764,
      3.1486057660574884,
      1.220267700996831
    ],
    [
      -0.06004853491280674,
      6.28195044944778,
      5.616719915518413,
      3.1155442882499003,
      3.261830856614977,
      5.409652870969106,
      1.6735391797465067,
      4.629156938864171,
      1.5848340378654269,
      3.1330305681835,
      3.1123793201838774,
      1.3736521320741772,
      3.177295662311011,
      3.133294173770898,
      1.2209698308525623
    ],
    [
      -0.027634011645888377,
      6.287808485164304,
      5.644346123781485,
      3.0654502221441544,
      3.27075065259745,
      5.334303794378602,
      1.7468759952106718,
      4.589958732815023,
      1.677365906747906,
      3.064865282634997,
      2.9955954535424194,
      1.2075394446927463,
      3.103719539282006,
      3.033607009045308,
      1.151169547627862
    ],
    [
      0.03513302607217241,
      6.351656240692724,
      5.638071172935743,
      3.1777468200025543,
      3.254051709990991,
      5.310060351971055,
      1.788279912518947,
      4.643753219799711,
      1.8186921904283941,
      3.0414184329263536,
      3.123604645852578,
      1.1701771933714566,
      3.190371435501187,
      3.04769375077134,
      1.2185969855899148
    ],
    [
      0.01058327738172088,
      6.320978855652648,
      5.54184629855243,
      3.231727393807344,
      3.1307825103171294,
      5.321260041423595,
      1.7816322652184595,
      4.662829636718126,
      1.9045459521756642,
      3.133498265328146,
      3.1403086090032777,
      1.1454516439271638,
      3.111710042669087,
      3.1214324465481686,
      1.3250432281896511
    ]
  ],
  "cost_vals": [],
  "step_size": 0.1,
  "opt_step_times": [
    131.0762059688568,
    129.98129963874817,
    129.13902974128723,
    129.18027520179749,
    129.21325373649597,
    131.7153992652893,
    119.17129445075989,
    128.53522849082947,
    129.03961634635925,
    120.60935878753662,
    122.1012544631958,
    129.9412064552307,
    153.81702208518982,
    128.94914507865906,
    119.62714767456055,
    128.86217975616455,
    119.34005522727966,
    130.9226315021515,
    120.59514021873474,
    119.14515495300293
  ],
  "opt_settings": [
    0.01058327738172088,
    6.320978855652648,
    5.54184629855243,
    3.231727393807344,
    3.1307825103171294,
    5.321260041423595,
    1.7816322652184595,
    4.662829636718126,
    1.9045459521756642,
    3.133498265328146,
    3.1403086090032777,
    1.1454516439271638,
    3.111710042669087,
    3.1214324465481686,
    1.3250432281896511
  ],
  "min_cost": null,
  "datetime": "2023-04-26T01-34-21Z",
  "step_only": true,
  "ibm_device": "ibmq_belem",
  "shots": 10000,
  "prep_node_name": "5-qubit_ghz_state",
  "num_qubits": 5,
  "cov_mats": [
    [
      [
        0.99959196,
        0.40055772000000006,
        -0.07465427999999998,
        0.6868304,
        0.2047317999999999
      ],
      [
        0.40055772000000006,
        0.99490204,
        -0.02258196000000009,
        0.3215728,
        0.09039259999999995
      ],
      [
        -0.07465427999999998,
        -0.02258196000000009,
        0.98273404,
        -0.0581072,
        -0.02206740000000003
      ],
      [
        0.6868304,
        0.3215728,
        -0.0581072,
        0.997696,
        0.14423200000000003
      ],
      [
        0.2047317999999999,
        0.09039259999999995,
        -0.02206740000000003,
        0.14423200000000003,
        0.941919
      ]
    ],
    [
      [
        0.99851004,
        0.3674415600000001,
        -0.08459752000000004,
        0.6063746000000001,
        0.3030982
      ],
      [
        0.3674415600000001,
        0.9401708400000001,
        -0.014203280000000023,
        0.25885939999999996,
        0.1191798
      ],
      [
        -0.08459752000000004,
        -0.014203280000000023,
        0.99131376,
        -0.05087479999999994,
        -0.028211599999999937
      ],
      [
        0.6063746000000001,
        0.25885939999999996,
        -0.05087479999999994,
        0.942879,
        0.20329300000000006
      ],
      [
        0.3030982,
        0.1191798,
        -0.028211599999999937,
        0.20329300000000006,
        0.9998310000000002
      ]
    ],
    [
      [
        0.99948016,
        0.39244967999999997,
        -0.02128855999999992,
        0.63566416,
        0.46543447999999993
      ],
      [
        0.39244967999999997,
        0.98325564,
        -0.011107879999999902,
        0.2863816800000001,
        0.20633604000000005
      ],
      [
        -0.02128855999999992,
        -0.011107879999999902,
        0.99908796,
        -0.005132559999999937,
        -0.020494680000000036
      ],
      [
        0.63566416,
        0.2863816800000001,
        -0.005132559999999937,
        0.94104816,
        0.32748647999999997
      ],
      [
        0.46543447999999993,
        0.20633604000000005,
        -0.020494680000000036,
        0.32748647999999997,
        0.99866044
      ]
    ],
    [
      [
        0.99458304,
        0.13133632000000003,
        -0.03449279999999997,
        0.74254656,
        0.60945088
      ],
      [
        0.13133632000000003,
        0.89836656,
        0.011217600000000015,
        0.10358047999999995,
        0.08629104000000004
      ],
      [
        -0.03449279999999997,
        0.011217600000000015,
        0.9780960000000001,
        -0.034179199999999924,
        -0.02312159999999997
      ],
      [
        0.74254656,
        0.10358047999999995,
        -0.034179199999999924,
        0.99182784,
        0.51096032
      ],
      [
        0.60945088,
        0.08629104000000004,
        -0.02312159999999997,
        0.51096032,
        0.99914736
      ]
    ],
    [
      [
        0.99867504,
        0.64732784,
        -0.015090399999999976,
        0.7353852799999999,
        0.5308812
      ],
      [
        0.64732784,
        0.99287664,
        -0.022818399999999968,
        0.59955488,
        0.3856652
      ],
      [
        -0.015090399999999976,
        -0.022818399999999968,
        0.999804,
        -0.020132799999999958,
        -0.008862000000000012
      ],
      [
        0.7353852799999999,
        0.59955488,
        -0.020132799999999958,
        0.98901696,
        0.4278183999999999
      ],
      [
        0.5308812,
        0.3856652,
        -0.008862000000000012,
        0.4278183999999999,
        0.9287110000000001
      ]
    ],
    [
      [
        0.99973756,
        0.69795084,
        -0.054423200000000005,
        0.7664156400000001,
        0.80606392
      ],
      [
        0.69795084,
        0.98963676,
        -0.0482248,
        0.62684396,
        0.6153448800000001
      ],
      [
        -0.054423200000000005,
        -0.0482248,
        0.944304,
        -0.056480799999999984,
        -0.03998239999999991
      ],
      [
        0.7664156400000001,
        0.62684396,
        -0.056480799999999984,
        0.9904351599999999,
        0.68057848
      ],
      [
        0.80606392,
        0.6153448800000001,
        -0.03998239999999991,
        0.68057848,
        0.99992944
      ]
    ],
    [
      [
        0.995239,
        0.552794,
        -0.06967839999999997,
        0.6984878000000001,
        0.7803772
      ],
      [
        0.552794,
        0.999324,
        -0.04448640000000001,
        0.44039880000000003,
        0.4939912000000001
      ],
      [
        -0.06967839999999997,
        -0.04448640000000001,
        0.99458304,
        -0.046479679999999975,
        -0.06970431999999993
      ],
      [
        0.6984878000000001,
        0.44039880000000003,
        -0.046479679999999975,
        0.9355855599999999,
        0.61586744
      ],
      [
        0.7803772,
        0.4939912000000001,
        -0.06970431999999993,
        0.61586744,
        0.99625456
      ]
    ],
    [
      [
        0.996636,
        0.5589208000000001,
        -0.054456400000000016,
        0.7080076,
        0.7970824
      ],
      [
        0.5589208000000001,
        0.99895024,
        -0.030483920000000025,
        0.45769528000000004,
        0.5101467199999999
      ],
      [
        -0.054456400000000016,
        -0.030483920000000025,
        0.99790236,
        -0.042891239999999914,
        -0.05201976000000003
      ],
      [
        0.7080076,
        0.45769528000000004,
        -0.042891239999999914,
        0.94345116,
        0.6289978399999999
      ],
      [
        0.7970824,
        0.5101467199999999,
        -0.05201976000000003,
        0.6289978399999999,
        0.99672816
      ]
    ],
    [
      [
        0.99710556,
        0.3778038,
        0.003625439999999947,
        0.77211428,
        0.8096985600000001
      ],
      [
        0.3778038,
        0.937999,
        0.006351200000000041,
        0.34315939999999995,
        0.34026880000000004
      ],
      [
        0.003625439999999947,
        0.006351200000000041,
        0.99761856,
        0.01833872000000005,
        0.005357439999999986
      ],
      [
        0.77211428,
        0.34315939999999995,
        0.01833872000000005,
        0.98803164,
        0.74507328
      ],
      [
        0.8096985600000001,
        0.34026880000000004,
        0.005357439999999986,
        0.74507328,
        0.99526656
      ]
    ],
    [
      [
        0.99507196,
        0.71089232,
        0.02542863999999999,
        0.67138956,
        0.7821977600000001
      ],
      [
        0.71089232,
        0.99031744,
        0.01388288,
        0.5592315200000001,
        0.68662592
      ],
      [
        0.02542863999999999,
        0.01388288,
        0.99946176,
        0.02474704000000008,
        0.02571584000000004
      ],
      [
        0.67138956,
        0.5592315200000001,
        0.02474704000000008,
        0.92036316,
        0.59526336
      ],
      [
        0.7821977600000001,
        0.68662592,
        0.02571584000000004,
        0.59526336,
        0.99168256
      ]
    ],
    [
      [
        0.99507196,
        0.72869948,
        0.023155280000000007,
        0.69295832,
        0.79190692
      ],
      [
        0.72869948,
        0.99142524,
        0.008370640000000004,
        0.5757461599999999,
        0.7022179599999998
      ],
      [
        0.023155280000000007,
        0.008370640000000004,
        0.99867504,
        0.008569759999999933,
        0.018144560000000018
      ],
      [
        0.69295832,
        0.5757461599999999,
        0.008569759999999933,
        0.92796144,
        0.61276264
      ],
      [
        0.79190692,
        0.7022179599999998,
        0.018144560000000018,
        0.61276264,
        0.9943148399999999
      ]
    ],
    [
      [
        0.9943148399999999,
        0.36756568,
        0.03518763999999993,
        0.76985208,
        0.9028513200000001
      ],
      [
        0.36756568,
        0.90340336,
        0.01403128,
        0.30893616,
        0.36683064000000004
      ],
      [
        0.03518763999999993,
        0.01403128,
        0.97943644,
        0.045005679999999965,
        0.03192571999999998
      ],
      [
        0.76985208,
        0.30893616,
        0.045005679999999965,
        0.9910129599999999,
        0.76581784
      ],
      [
        0.9028513200000001,
        0.36683064000000004,
        0.03192571999999998,
        0.76581784,
        0.9929103600000002
      ]
    ],
    [
      [
        0.97665216,
        0.31392879999999995,
        0.006980959999999981,
        0.71462624,
        0.74559632
      ],
      [
        0.31392879999999995,
        0.891759,
        0.006787799999999995,
        0.33183320000000005,
        0.35664260000000003
      ],
      [
        0.006980959999999981,
        0.006787799999999995,
        0.99966876,
        0.004259440000000056,
        -0.0016610800000000706
      ],
      [
        0.71462624,
        0.33183320000000005,
        0.004259440000000056,
        0.99521136,
        0.76499048
      ],
      [
        0.74559632,
        0.35664260000000003,
        -0.0016610800000000706,
        0.76499048,
        0.9983516399999998
      ]
    ],
    [
      [
        0.99665916,
        0.70689756,
        0.022242760000000045,
        0.61697808,
        0.8900349200000002
      ],
      [
        0.70689756,
        0.98315196,
        0.011345160000000002,
        0.4892372800000001,
        0.7034957200000002
      ],
      [
        0.022242760000000045,
        0.011345160000000002,
        0.99998236,
        0.0052548799999999635,
        0.021888120000000007
      ],
      [
        0.61697808,
        0.4892372800000001,
        0.0052548799999999635,
        0.88000704,
        0.6168369600000002
      ],
      [
        0.8900349200000002,
        0.7034957200000002,
        0.021888120000000007,
        0.6168369600000002,
        0.99529404
      ]
    ],
    [
      [
        0.995904,
        0.3617168,
        0.022601600000000006,
        0.8071344,
        0.8146847999999999
      ],
      [
        0.3617168,
        0.90152956,
        0.007794720000000029,
        0.36929148000000006,
        0.35650015999999995
      ],
      [
        0.022601600000000006,
        0.007794720000000029,
        0.99881664,
        0.02301775999999988,
        0.02664191999999994
      ],
      [
        0.8071344,
        0.36929148000000006,
        0.02301775999999988,
        0.99874684,
        0.7854812800000001
      ],
      [
        0.8146847999999999,
        0.35650015999999995,
        0.02664191999999994,
        0.7854812800000001,
        0.99410176
      ]
    ],
    [
      [
        0.992079,
        0.5104390000000001,
        0.020093400000000004,
        0.5210584,
        0.7863490000000001
      ],
      [
        0.5104390000000001,
        0.997599,
        0.0076693999999999955,
        0.3928344000000001,
        0.524309
      ],
      [
        0.020093400000000004,
        0.0076693999999999955,
        0.99844764,
        0.013836639999999945,
        0.006075400000000012
      ],
      [
        0.5210584,
        0.3928344000000001,
        0.013836639999999945,
        0.87440064,
        0.5228903999999999
      ],
      [
        0.7863490000000001,
        0.524309,
        0.006075400000000012,
        0.5228903999999999,
        0.9965189999999999
      ]
    ],
    [
      [
        0.97885884,
        0.51895492,
        0.007355039999999979,
        0.73742496,
        0.7598202399999999
      ],
      [
        0.51895492,
        0.99838396,
        -0.00794447999999998,
        0.5586844799999999,
        0.53320312
      ],
      [
        0.007355039999999979,
        -0.00794447999999998,
        0.94124224,
        0.013237759999999993,
        0.013093440000000088
      ],
      [
        0.73742496,
        0.5586844799999999,
        0.013237759999999993,
        0.9966822399999999,
        0.75958656
      ],
      [
        0.7598202399999999,
        0.53320312,
        0.013093440000000088,
        0.75958656,
        0.9891006399999999
      ]
    ],
    [
      [
        0.99585264,
        0.32663568000000004,
        0.031044800000000004,
        0.85461224,
        0.73346952
      ],
      [
        0.32663568000000004,
        0.86837616,
        0.010817599999999983,
        0.31556088,
        0.26265623999999993
      ],
      [
        0.031044800000000004,
        0.010817599999999983,
        0.988336,
        0.0340168,
        0.03234640000000001
      ],
      [
        0.85461224,
        0.31556088,
        0.0340168,
        0.98889084,
        0.69734732
      ],
      [
        0.73346952,
        0.26265623999999993,
        0.03234640000000001,
        0.69734732,
        0.9762223600000002
      ]
    ],
    [
      [
        0.98215104,
        0.67703984,
        0.004603999999999992,
        0.49909264000000003,
        0.74675488
      ],
      [
        0.67703984,
        0.99743964,
        0.007559000000000001,
        0.51255844,
        0.7066984799999999
      ],
      [
        0.004603999999999992,
        0.007559000000000001,
        0.9997749999999999,
        0.01928899999999999,
        0.009237999999999982
      ],
      [
        0.49909264000000003,
        0.51255844,
        0.01928899999999999,
        0.87567324,
        0.5186000800000001
      ],
      [
        0.74675488,
        0.7066984799999999,
        0.009237999999999982,
        0.5186000800000001,
        0.9952113599999999
      ]
    ],
    [
      [
        0.99637596,
        0.52558132,
        -0.003968559999999947,
        0.57544772,
        0.83584688
      ],
      [
        0.52558132,
        0.99461244,
        -0.001605519999999963,
        0.40774124,
        0.51711696
      ],
      [
        -0.003968559999999947,
        -0.001605519999999963,
        0.99999216,
        0.0072440800000000685,
        0.0013603199999999286
      ],
      [
        0.57544772,
        0.40774124,
        0.0072440800000000685,
        0.88344604,
        0.5609761600000002
      ],
      [
        0.83584688,
        0.51711696,
        0.0013603199999999286,
        0.5609761600000002,
        0.9926726399999999
      ]
    ]
  ]
}