{
  "settings_list": [
    [
      4.633930548655536,
      2.3866560043785707,
      2.6027139329802496,
      0.9351328346417557,
      3.2557316613249636,
      4.217510254598868,
      5.023912443174373,
      4.5561795095478,
      1.3465499801855356,
      0.8204275027843497,
      2.54985377302288,
      4.231404528662306,
      2.0830921268976903,
      4.655775023900197,
      2.3585480555192224
    ],
    [
      4.627670251072017,
      2.387525293255771,
      2.6031105327902497,
      0.8757014327123956,
      3.2504266493204037,
      4.217364547893508,
      5.025919001046213,
      4.5514824101597195,
      1.3456441400765757,
      0.7730244988005097,
      2.5785354961593603,
      4.230461970603346,
      2.0834058742198502,
      4.655036752354596,
      2.3580784097841825
    ],
    [
      4.614787383556973,
      2.389153651665043,
      2.6021793065615086,
      0.8041143720548033,
      3.2441548564876563,
      4.2184951077104325,
      5.027152239106916,
      4.5470679440569866,
      1.3455985307606795,
      0.7119381511659036,
      2.616629484535317,
      4.229866176577756,
      2.0841427182500123,
      4.648015603099669,
      2.357155844613146
    ],
    [
      4.5964592236928805,
      2.3920632929906605,
      2.601645610527363,
      0.7190560067659959,
      3.2350468382100024,
      4.219550025495827,
      5.03180883919688,
      4.542004234304211,
      1.3456605925281377,
      0.638466391496247,
      2.665769640151203,
      4.228188371756715,
      2.0835440774012395,
      4.642339460309761,
      2.3564121076068116
    ],
    [
      4.57246854285988,
      2.395879361551542,
      2.601570074185092,
      0.6149525592360134,
      3.2224023022649244,
      4.219822934225647,
      5.034918260875124,
      4.532990396122659,
      1.3442127353799038,
      0.5499719444172803,
      2.727115368692923,
      4.229879054057885,
      2.084930951226918,
      4.635398204725844,
      2.357054019917835
    ],
    [
      4.532028497955154,
      2.400545256088478,
      2.602616453545712,
      0.49398237389462846,
      3.210838965445726,
      4.220812027682859,
      5.039346983663272,
      4.522515570874699,
      1.3448104178054843,
      0.44555978975844757,
      2.801458631549109,
      4.229471126204103,
      2.08574410828593,
      4.6322323204075895,
      2.357517530727553
    ],
    [
      4.47313915085788,
      2.4109628300453037,
      2.601547851270164,
      0.3693916008111423,
      3.195706359359898,
      4.2211543575140675,
      5.045201960948418,
      4.510983293025593,
      1.3438946166586783,
      0.33571761495302,
      2.8836402411569115,
      4.22992140520316,
      2.0854074231551287,
      4.622947993657674,
      2.3585960099401135
    ],
    [
      4.381890682078608,
      2.4328921849636718,
      2.6026964849373564,
      0.24861089449106227,
      3.182543868003826,
      4.217821903729059,
      5.050345169971938,
      4.494776173816585,
      1.3434060541037662,
      0.22638021804195596,
      2.9625023525054317,
      4.229544132843696,
      2.0865820568770648,
      4.6052982905240984,
      2.3580788461514897
    ],
    [
      4.253014285579995,
      2.4724925302041125,
      2.6009349249778033,
      0.15187537430724687,
      3.171218860111534,
      4.216997189584479,
      5.060983054132663,
      4.4730535251326655,
      1.3423685274119221,
      0.14494910402095404,
      3.031395764046075,
      4.228896179932825,
      2.087399821618086,
      4.589006928294409,
      2.359840799848371
    ],
    [
      4.0598236594721655,
      2.545432119834321,
      2.601149196093988,
      0.0886772117478952,
      3.153376914200058,
      4.21577642756235,
      5.074377574562166,
      4.458216391013692,
      1.3437091503824123,
      0.08002516149360492,
      3.079804132971646,
      4.232458369186765,
      2.0899102747041467,
      4.562747194806041,
      2.359145982499773
    ],
    [
      3.7999011969260814,
      2.678755923710494,
      2.5986237049432273,
      0.04770981076438413,
      3.1473375429187933,
      4.2166193087908175,
      5.096450536349379,
      4.4301816206786055,
      1.3416925267548898,
      0.0470603473645425,
      3.110940373748488,
      4.2338089087476325,
      2.0988544013959225,
      4.525558610410859,
      2.3594567343612924
    ],
    [
      3.4914087960910716,
      2.8814800444636233,
      2.6003794540748943,
      0.022582641445333243,
      3.148862224950291,
      4.219411073476738,
      5.127638080718811,
      4.3880625232665444,
      1.3414722279095075,
      0.015879831172679153,
      3.1378643140150664,
      4.234727455787828,
      2.114035797632579,
      4.481875889547119,
      2.358608743976567
    ],
    [
      3.240596046075209,
      3.0616769310723173,
      2.5988780370500755,
      0.0030264209896119394,
      3.143922435595731,
      4.220312578413679,
      5.16704328570623,
      4.326347884322144,
      1.347156196564343,
      0.003590822553040114,
      3.139496299266689,
      4.232945004469625,
      2.1389872563804673,
      4.425907827994268,
      2.3571439547938633
    ],
    [
      3.1630912063045122,
      3.1303154102409994,
      2.59795904875082,
      0.002121440815082636,
      3.1476437632421654,
      4.218484736708929,
      5.229292671506089,
      4.247901934626253,
      1.3463808322103616,
      -0.007439581706400553,
      3.1602849374962902,
      4.2328057409630695,
      2.1833879014658946,
      4.325959443685903,
      2.356475908709461
    ],
    [
      3.13743385553883,
      3.145004111117497,
      2.596541732195294,
      0.00459915858274566,
      3.1432108434526094,
      4.220354775489499,
      5.336961046231597,
      4.1219715150582035,
      1.3426108514405168,
      -0.0051461566738188035,
      3.1395484530098305,
      4.23956286552502,
      2.262715113131718,
      4.186717225768808,
      2.3550726335294647
    ],
    [
      3.146868614419912,
      3.1523478749122793,
      2.597670679009356,
      -0.008557911331802788,
      3.14520085164761,
      4.221642430025285,
      5.538064057826,
      3.9136128572447566,
      1.3426277535196036,
      -0.004526402422511248,
      3.139188652469812,
      4.239232588731085,
      2.424996432809211,
      3.9591654249678068,
      2.359223058679342
    ],
    [
      3.1608248350942083,
      3.1403006556625694,
      2.602119783365478,
      -0.0219984318672451,
      3.144289043553527,
      4.22790556533,
      5.889033715421934,
      3.552246651959034,
      1.3480359016590338,
      0.013795317403320125,
      3.1383836105072542,
      4.240963374017053,
      2.7266408183241655,
      3.5983783318602236,
      2.3656442212633206
    ],
    [
      3.131677656571116,
      3.135972253018889,
      2.5870833169068903,
      0.01352482420391398,
      3.1409508836710645,
      4.225321743510699,
      6.316113217197146,
      3.1066535246691154,
      1.3586161961010674,
      0.0074641100090389175,
      3.1462667178653385,
      4.239335883609198,
      3.1619840330720006,
      3.0979642968516665,
      2.3622760144830908
    ],
    [
      3.138772362255809,
      3.142984151409651,
      2.587695932385271,
      -0.005500253243306909,
      3.1328873518725877,
      4.224564929421243,
      6.270491152320245,
      3.16727389945612,
      1.359561450664125,
      0.00241619032752692,
      3.156911478543945,
      4.239289171573993,
      3.1272439454142535,
      3.1727912784448455,
      2.3631774446459466
    ],
    [
      3.1460391289213794,
      3.1364003671249088,
      2.5884727949826236,
      0.01218549271255261,
      3.1230630539020874,
      4.224783213863617,
      6.284600189238935,
      3.133364078318965,
      1.3602703624349497,
      0.0013899545439458405,
      3.1271749668533775,
      4.240349763651844,
      3.1484247572048916,
      3.1267199595838946,
      2.363354615984404
    ],
    [
      3.145191901815712,
      3.163215503579189,
      2.5888783238022826,
      -0.008209370942601286,
      3.1410595515536732,
      4.224859852455003,
      6.289923090795341,
      3.149871885819023,
      1.360648669600059,
      0.00041381902044763334,
      3.1566830051819856,
      4.239810143336336,
      3.1395653501199567,
      3.1502007247831765,
      2.3633889817292726
    ]
  ],
  "cost_vals": [],
  "step_size": 0.1,
  "opt_step_times": [
    92.5389130115509,
    87.07155919075012,
    100.48858714103699,
    86.5286648273468,
    156.6332221031189,
    91.38052201271057,
    96.0228841304779,
    85.97279477119446,
    86.51857280731201,
    87.80263710021973,
    88.60437870025635,
    122.06412124633789,
    155.27332305908203,
    108.39351916313171,
    147.0879020690918,
    633.1063430309296,
    116.86949181556702,
    115.9440929889679,
    116.05194902420044,
    105.71485209465027
  ],
  "opt_settings": [
    3.145191901815712,
    3.163215503579189,
    2.5888783238022826,
    -0.008209370942601286,
    3.1410595515536732,
    4.224859852455003,
    6.289923090795341,
    3.149871885819023,
    1.360648669600059,
    0.00041381902044763334,
    3.1566830051819856,
    4.239810143336336,
    3.1395653501199567,
    3.1502007247831765,
    2.3633889817292726
  ],
  "min_cost": null,
  "datetime": "2023-04-19T23-08-11Z",
  "step_only": true,
  "ibm_device": "ibmq_qasm_simulator",
  "shots": 10000,
  "prep_node_name": "5-qubit_ghz_state",
  "num_qubits": 5,
  "cov_mats": [
    [
      [
        0.99999424,
        -0.031188480000000005,
        -0.005381279999999987,
        -0.029615359999999986,
        -0.0022254400000000364
      ],
      [
        -0.031188480000000005,
        0.99997696,
        0.015362559999999997,
        0.3816307199999999,
        -0.012949120000000012
      ],
      [
        -0.005381279999999987,
        0.015362559999999997,
        0.99993916,
        0.03184992000000005,
        -0.0031173200000000063
      ],
      [
        -0.029615359999999986,
        0.3816307199999999,
        0.03184992000000005,
        0.99995904,
        -0.013067839999999957
      ],
      [
        -0.0022254400000000364,
        -0.012949120000000012,
        -0.0031173200000000063,
        -0.013067839999999957,
        0.99988764
      ]
    ],
    [
      [
        0.999516,
        -0.03451439999999993,
        -0.014863599999999987,
        -0.02737800000000001,
        -0.006081199999999931
      ],
      [
        -0.03451439999999993,
        0.99997296,
        0.02583223999999996,
        0.4534052,
        -0.028971919999999943
      ],
      [
        -0.014863599999999987,
        0.02583223999999996,
        0.99996156,
        0.049993800000000074,
        0.00396652000000006
      ],
      [
        -0.02737800000000001,
        0.4534052,
        0.049993800000000074,
        0.999999,
        -0.029605400000000014
      ],
      [
        -0.006081199999999931,
        -0.028971919999999943,
        0.00396652000000006,
        -0.029605400000000014,
        0.99997084
      ]
    ],
    [
      [
        0.99998556,
        -0.06521596,
        -0.003010640000000003,
        -0.05497872000000002,
        0.012399240000000021
      ],
      [
        -0.06521596,
        0.99998236,
        0.05258824000000001,
        0.54582352,
        -0.01640084
      ],
      [
        -0.003010640000000003,
        0.05258824000000001,
        0.99999216,
        0.04761567999999997,
        -0.013000560000000012
      ],
      [
        -0.05497872000000002,
        0.54582352,
        0.04761567999999997,
        0.99996864,
        -0.016598880000000003
      ],
      [
        0.012399240000000021,
        -0.01640084,
        -0.013000560000000012,
        -0.016598880000000003,
        0.9999999599999999
      ]
    ],
    [
      [
        1.0,
        -0.09039999999999995,
        0.006800000000000028,
        -0.08199999999999996,
        -0.0068000000000000005
      ],
      [
        -0.09039999999999995,
        0.99999984,
        0.05079632000000001,
        0.6428008000000001,
        -0.03640384000000007
      ],
      [
        0.006800000000000028,
        0.05079632000000001,
        0.9999153599999999,
        0.034418400000000016,
        0.012711679999999977
      ],
      [
        -0.08199999999999996,
        0.6428008000000001,
        0.034418400000000016,
        0.999996,
        -0.02798079999999997
      ],
      [
        -0.0068000000000000005,
        -0.03640384000000007,
        0.012711679999999977,
        -0.02798079999999997,
        0.99990784
      ]
    ],
    [
      [
        0.99982576,
        -0.11905216000000003,
        0.00465544000000002,
        -0.11047064000000001,
        -0.014192080000000046
      ],
      [
        -0.11905216000000003,
        0.99987456,
        0.05255296000000004,
        0.7528902400000002,
        -0.033806720000000026
      ],
      [
        0.00465544000000002,
        0.05255296000000004,
        0.99998236,
        0.04475884000000001,
        -0.016002519999999985
      ],
      [
        -0.11047064000000001,
        0.7528902400000002,
        0.04475884000000001,
        0.99990396,
        -0.028405879999999925
      ],
      [
        -0.014192080000000046,
        -0.033806720000000026,
        -0.016002519999999985,
        -0.028405879999999925,
        0.99999964
      ]
    ],
    [
      [
        0.99979264,
        -0.16779264000000005,
        -0.020718080000000007,
        -0.17039679999999996,
        0.013270399999999937
      ],
      [
        -0.16779264000000005,
        0.9997926400000002,
        0.057918080000000045,
        0.8423968,
        -0.04887040000000004
      ],
      [
        -0.020718080000000007,
        0.057918080000000045,
        0.99993276,
        0.06522959999999994,
        -0.012473799999999997
      ],
      [
        -0.17039679999999996,
        0.8423968,
        0.06522959999999994,
        0.999216,
        -0.047548000000000055
      ],
      [
        0.013270399999999937,
        -0.04887040000000004,
        -0.012473799999999997,
        -0.047548000000000055,
        0.999919
      ]
    ],
    [
      [
        0.99994816,
        -0.22654672,
        -0.027220159999999976,
        -0.22650064000000003,
        0.005597119999999967
      ],
      [
        -0.22654672,
        0.99994524,
        0.05542072000000006,
        0.93389788,
        -0.028197040000000003
      ],
      [
        -0.027220159999999976,
        0.05542072000000006,
        0.9999921599999999,
        0.05623864000000003,
        -0.007201119999999901
      ],
      [
        -0.22650064000000003,
        0.93389788,
        0.05623864000000003,
        0.99980956,
        -0.03099448000000003
      ],
      [
        0.005597119999999967,
        -0.028197040000000003,
        -0.007201119999999901,
        -0.03099448000000003,
        0.99999984
      ]
    ],
    [
      [
        0.9999942399999999,
        -0.34618031999999993,
        -0.023388960000000004,
        -0.34557984,
        0.00538511999999999
      ],
      [
        -0.34618031999999993,
        0.99993276,
        0.07596228000000001,
        0.97373112,
        -0.05714916000000006
      ],
      [
        -0.023388960000000004,
        0.07596228000000001,
        0.9999788399999999,
        0.07776135999999995,
        -0.001971480000000002
      ],
      [
        -0.34557984,
        0.97373112,
        0.07776135999999995,
        0.99992944,
        -0.05734791999999998
      ],
      [
        0.00538511999999999,
        -0.05714916000000006,
        -0.001971480000000002,
        -0.05734791999999998,
        0.9999615599999999
      ]
    ],
    [
      [
        0.99984124,
        -0.5080488,
        -0.029324399999999983,
        -0.50625636,
        0.04028660000000002
      ],
      [
        -0.5080488,
        0.999856,
        0.08592799999999996,
        0.9900631999999999,
        -0.07289200000000001
      ],
      [
        -0.029324399999999983,
        0.08592799999999996,
        0.999964,
        0.08653159999999999,
        -0.004145999999999982
      ],
      [
        -0.50625636,
        0.9900631999999999,
        0.08653159999999999,
        0.99987004,
        -0.0722974
      ],
      [
        0.04028660000000002,
        -0.07289200000000001,
        -0.004145999999999982,
        -0.0722974,
        0.999919
      ]
    ],
    [
      [
        0.999919,
        -0.6949243999999999,
        -0.08955499999999998,
        -0.6949279999999999,
        0.06791180000000001
      ],
      [
        -0.6949243999999999,
        0.99992944,
        0.11695799999999999,
        0.9975327999999999,
        -0.09331767999999999
      ],
      [
        -0.08955499999999998,
        0.11695799999999999,
        0.999975,
        0.11775999999999999,
        -0.006351000000000016
      ],
      [
        -0.6949279999999999,
        0.9975327999999999,
        0.11775999999999999,
        0.9999359999999999,
        -0.0925216
      ],
      [
        0.06791180000000001,
        -0.09331767999999999,
        -0.006351000000000016,
        -0.0925216,
        0.99990396
      ]
    ],
    [
      [
        0.99958384,
        -0.90435936,
        -0.1166938399999999,
        -0.9041471200000001,
        0.09431024000000002
      ],
      [
        -0.90435936,
        0.99953344,
        0.13589935999999989,
        0.9989204799999999,
        -0.11110495999999999
      ],
      [
        -0.1166938399999999,
        0.13589935999999989,
        0.9999788399999999,
        0.13570211999999993,
        -0.019820239999999958
      ],
      [
        -0.9041471200000001,
        0.9989204799999999,
        0.13570211999999993,
        0.9995071599999998,
        -0.11090231999999998
      ],
      [
        0.09431024000000002,
        -0.11110495999999999,
        -0.019820239999999958,
        -0.11090231999999998,
        0.99998064
      ]
    ],
    [
      [
        0.99997884,
        -0.99217976,
        -0.16328556000000002,
        -0.99217976,
        0.14600459999999998
      ],
      [
        -0.99217976,
        0.99998064,
        0.16228184,
        0.99998064,
        -0.14700439999999995
      ],
      [
        -0.16328556000000002,
        0.16228184,
        0.99965404,
        0.16228184,
        -0.029181399999999975
      ],
      [
        -0.99217976,
        0.99998064,
        0.16228184,
        0.99998064,
        -0.14700439999999995
      ],
      [
        0.14600459999999998,
        -0.14700439999999995,
        -0.029181399999999975,
        -0.14700439999999995,
        0.999999
      ]
    ],
    [
      [
        0.99976284,
        -0.9993628400000001,
        -0.21661212,
        -0.99916592,
        0.20447083999999996
      ],
      [
        -0.9993628400000001,
        0.99976284,
        0.21701211999999995,
        0.99956592,
        -0.20447083999999996
      ],
      [
        -0.21661212,
        0.21701211999999995,
        0.99985116,
        0.21681455999999996,
        -0.04165611999999997
      ],
      [
        -0.99916592,
        0.99956592,
        0.21681455999999996,
        0.99976896,
        -0.20426992
      ],
      [
        0.20447083999999996,
        -0.20447083999999996,
        -0.04165611999999997,
        -0.20426992,
        0.99997884
      ]
    ],
    [
      [
        0.999996,
        -0.999996,
        -0.33118480000000006,
        -0.999996,
        0.3153724
      ],
      [
        -0.999996,
        0.999996,
        0.33118480000000006,
        0.999996,
        -0.3153724
      ],
      [
        -0.33118480000000006,
        0.33118480000000006,
        0.99994224,
        0.33118480000000006,
        -0.10369512
      ],
      [
        -0.999996,
        0.999996,
        0.33118480000000006,
        0.999996,
        -0.3153724
      ],
      [
        0.3153724,
        -0.3153724,
        -0.10369512,
        -0.3153724,
        0.99980956
      ]
    ],
    [
      [
        0.99986076,
        -0.99966312,
        -0.52386548,
        -0.99986076,
        0.5156165199999999
      ],
      [
        -0.99966312,
        0.99986544,
        0.52366776,
        0.99966312,
        -0.51541624
      ],
      [
        -0.52386548,
        0.52366776,
        0.99987004,
        0.52386548,
        -0.2748159599999999
      ],
      [
        -0.99986076,
        0.99966312,
        0.52386548,
        0.99986076,
        -0.5156165199999999
      ],
      [
        0.5156165199999999,
        -0.51541624,
        -0.2748159599999999,
        -0.5156165199999999,
        0.99999804
      ]
    ],
    [
      [
        0.99978684,
        -0.99938684,
        -0.8552423199999999,
        -0.9995839200000001,
        0.8252247999999999
      ],
      [
        -0.99938684,
        0.99978684,
        0.8552423199999999,
        0.9995839200000001,
        -0.8252247999999999
      ],
      [
        -0.8552423199999999,
        0.8552423199999999,
        0.99988336,
        0.8554401599999999,
        -0.7066704
      ],
      [
        -0.9995839200000001,
        0.9995839200000001,
        0.8554401599999999,
        0.99978096,
        -0.8254223999999999
      ],
      [
        0.8252247999999999,
        -0.8252247999999999,
        -0.7066704,
        -0.8254223999999999,
        0.999856
      ]
    ],
    [
      [
        0.99973104,
        -0.99953432,
        -0.99833432,
        -0.99953432,
        0.9973375999999999
      ],
      [
        -0.99953432,
        0.99973756,
        0.99853756,
        0.99973756,
        -0.9975407999999999
      ],
      [
        -0.99833432,
        0.99853756,
        0.99973756,
        0.99853756,
        -0.9963407999999999
      ],
      [
        -0.99953432,
        0.99973756,
        0.99853756,
        0.99973756,
        -0.9975407999999999
      ],
      [
        0.9973375999999999,
        -0.9975407999999999,
        -0.9963407999999999,
        -0.9975407999999999,
        0.9997439999999999
      ]
    ],
    [
      [
        0.99992604,
        -0.99992604,
        -0.99912604,
        -0.99972432,
        0.9993312000000001
      ],
      [
        -0.99992604,
        0.99992604,
        0.99912604,
        0.99972432,
        -0.9993312000000001
      ],
      [
        -0.99912604,
        0.99912604,
        0.99992604,
        0.99892432,
        -0.9985312000000002
      ],
      [
        -0.99972432,
        0.99972432,
        0.99892432,
        0.99992256,
        -0.9991296000000001
      ],
      [
        0.9993312000000001,
        -0.9993312000000001,
        -0.9985312000000002,
        -0.9991296000000001,
        0.999936
      ]
    ],
    [
      [
        0.99987004,
        -0.99966776,
        -0.99987004,
        -0.9996723200000001,
        0.99987004
      ],
      [
        -0.99966776,
        0.99986544,
        0.99966776,
        0.99947008,
        -0.99966776
      ],
      [
        -0.99987004,
        0.99966776,
        0.99987004,
        0.9996723200000001,
        -0.99987004
      ],
      [
        -0.9996723200000001,
        0.99947008,
        0.9996723200000001,
        0.99987456,
        -0.9996723200000001
      ],
      [
        0.99987004,
        -0.99966776,
        -0.99987004,
        -0.9996723200000001,
        0.99987004
      ]
    ],
    [
      [
        0.99981504,
        -0.99961232,
        -0.99961232,
        -0.99961232,
        0.99961232
      ],
      [
        -0.99961232,
        0.99980956,
        0.99980956,
        0.99980956,
        -0.99980956
      ],
      [
        -0.99961232,
        0.99980956,
        0.99980956,
        0.99980956,
        -0.99980956
      ],
      [
        -0.99961232,
        0.99980956,
        0.99980956,
        0.99980956,
        -0.99980956
      ],
      [
        0.99961232,
        -0.99980956,
        -0.99980956,
        -0.99980956,
        0.99980956
      ]
    ]
  ]
}